0 0.530208 0.496528 0.027083 0.018056
0 0.690104 0.380556 0.017708 0.013889
0 0.656250 0.387500 0.012500 0.013889
0 0.293750 0.403472 0.012500 0.009722
0 0.595833 0.468750 0.025000 0.026389
0 0.459375 0.412500 0.022917 0.019444
0 0.343229 0.544444 0.026042 0.047222
0 0.581250 0.420139 0.010417 0.015278
0 0.678125 0.361806 0.012500 0.009722
0 0.604688 0.407639 0.011458 0.012500
0 0.635417 0.434722 0.045833 0.038889
0 0.722396 0.445833 0.015625 0.011111
0 0.658854 0.506250 0.021875 0.020833
0 0.623437 0.395139 0.013542 0.015278
0 0.657292 0.481944 0.022917 0.019444
0 0.782813 0.349306 0.009375 0.009722
3 0.782292 0.778472 0.427083 0.262500
4 0.506771 0.557639 0.309375 0.051389
4 0.515625 0.597917 0.012500 0.215278
4 0.785417 0.659722 0.020833 0.011111
4 0.560937 0.608333 0.028125 0.027778
4 0.432812 0.645833 0.178125 0.133333
4 0.721875 0.631944 0.020833 0.011111
4 0.793229 0.638889 0.021875 0.011111
4 0.596354 0.614583 0.153125 0.193056
5 0.793750 0.610417 0.139583 0.073611
5 0.515625 0.598611 0.010417 0.213889
5 0.584896 0.599306 0.028125 0.018056
5 0.506771 0.565278 0.309375 0.036111
5 0.807813 0.829167 0.328125 0.175000
5 0.477604 0.627778 0.009375 0.008333
5 0.509375 0.606250 0.008333 0.006944
5 0.494271 0.616667 0.009375 0.008333
5 0.785417 0.659722 0.020833 0.011111
5 0.560937 0.609722 0.028125 0.025000
5 0.605729 0.643056 0.021875 0.013889
5 0.345833 0.768750 0.072917 0.048611
5 0.432292 0.608333 0.177083 0.208333
5 0.460417 0.640278 0.010417 0.008333
5 0.721875 0.631944 0.020833 0.011111
5 0.422917 0.540278 0.156250 0.094444
5 0.793229 0.638889 0.021875 0.011111
5 0.596875 0.609722 0.152083 0.202778
5 0.403125 0.677083 0.012500 0.009722
5 0.608333 0.524306 0.127083 0.051389
5 0.624479 0.622222 0.019792 0.013889
5 0.733333 0.613194 0.018750 0.009722
