0 0.532813 0.350000 0.006250 0.011111
0 0.435156 0.518056 0.031250 0.047222
0 0.523047 0.356250 0.008594 0.012500
0 0.560937 0.404861 0.015625 0.023611
0 0.448047 0.366667 0.008594 0.013889
0 0.317188 0.612500 0.057813 0.080556
0 0.466797 0.363889 0.010156 0.013889
0 0.454297 0.385417 0.011719 0.015278
0 0.440234 0.377778 0.010156 0.016667
0 0.399609 0.450694 0.064844 0.106944
0 0.436719 0.392361 0.014063 0.020833
0 0.430859 0.386806 0.010156 0.015278
0 0.548047 0.346528 0.011719 0.026389
0 0.592969 0.477778 0.025000 0.036111
0 0.533594 0.405556 0.015625 0.022222
0 0.475000 0.384028 0.012500 0.015278
0 0.490234 0.356944 0.008594 0.016667
0 0.458203 0.360417 0.010156 0.015278
0 0.465625 0.405556 0.015625 0.022222
0 0.545312 0.384722 0.012500 0.016667
0 0.292187 0.975000 0.103125 0.047222
3 0.760156 0.679861 0.475000 0.629167
3 0.788281 0.697222 0.421875 0.594444
3 0.644141 0.681250 0.250781 0.629167
3 0.235937 0.697917 0.471875 0.595833
3 0.725391 0.708333 0.399219 0.575000
4 0.779687 0.623611 0.439063 0.516667
4 0.638672 0.643056 0.011719 0.022222
4 0.591797 0.533333 0.007031 0.011111
4 0.358984 0.630556 0.010156 0.019444
4 0.627344 0.505556 0.006250 0.008333
4 0.276562 0.636806 0.014063 0.020833
4 0.385547 0.569444 0.007031 0.013889
4 0.209766 0.736806 0.024219 0.034722
4 0.437109 0.697222 0.110156 0.602778
4 0.316406 0.729861 0.015625 0.031944
4 0.685156 0.750694 0.018750 0.037500
4 0.405078 0.523611 0.005469 0.011111
4 0.350391 0.526389 0.008594 0.011111
4 0.778906 0.967361 0.031250 0.062500
4 0.677344 0.581250 0.010937 0.015278
4 0.184766 0.652778 0.369531 0.408333
4 0.078125 0.938889 0.048438 0.069444
4 0.932031 0.966667 0.045312 0.063889
4 0.647656 0.537500 0.007812 0.011111
4 0.610938 0.578472 0.009375 0.015278
4 0.789453 0.751389 0.024219 0.036111
4 0.510156 0.688194 0.253125 0.620833
4 0.236328 0.920833 0.032031 0.063889
4 0.721484 0.648611 0.014844 0.022222
5 0.779297 0.623611 0.439844 0.516667
5 0.600391 0.463194 0.024219 0.040278
5 0.611719 0.480556 0.004687 0.008333
5 0.638672 0.643056 0.011719 0.022222
5 0.591406 0.533333 0.006250 0.011111
5 0.358984 0.630556 0.010156 0.019444
5 0.627344 0.505556 0.006250 0.008333
5 0.276562 0.636806 0.014063 0.020833
5 0.209766 0.736806 0.024219 0.034722
5 0.436719 0.697222 0.109375 0.602778
5 0.569531 0.477778 0.004687 0.008333
5 0.321484 0.568750 0.005469 0.009722
5 0.078125 0.938889 0.048438 0.069444
5 0.316406 0.729861 0.015625 0.031944
5 0.685156 0.750694 0.018750 0.037500
5 0.435937 0.453472 0.004687 0.006944
5 0.405469 0.523611 0.004687 0.011111
5 0.385547 0.569444 0.007031 0.013889
5 0.350391 0.526389 0.007031 0.011111
5 0.778906 0.967361 0.031250 0.062500
5 0.677344 0.581250 0.010937 0.015278
5 0.417578 0.493056 0.005469 0.008333
5 0.184766 0.651389 0.369531 0.408333
5 0.932031 0.966667 0.045312 0.063889
5 0.647656 0.537500 0.007812 0.011111
5 0.610938 0.578472 0.009375 0.015278
5 0.578906 0.502083 0.004687 0.009722
5 0.789453 0.751389 0.024219 0.036111
5 0.562109 0.459028 0.003906 0.006944
5 0.569531 0.688889 0.110937 0.619444
5 0.236328 0.920139 0.032031 0.062500
5 0.721484 0.648611 0.014844 0.022222
