0 0.453125 0.446528 0.020313 0.029167
0 0.439453 0.493750 0.028906 0.048611
0 0.521875 0.371528 0.010937 0.015278
0 0.487109 0.363194 0.008594 0.015278
0 0.542969 0.376389 0.010937 0.016667
0 0.567187 0.381944 0.012500 0.019444
0 0.296094 0.534028 0.040625 0.051389
0 0.445312 0.370139 0.009375 0.012500
0 0.466016 0.406250 0.014844 0.029167
0 0.793750 0.832639 0.118750 0.193056
0 0.482031 0.368750 0.010937 0.015278
0 0.542188 0.459722 0.023438 0.033333
0 0.223047 0.634028 0.067969 0.073611
0 0.464062 0.368056 0.010937 0.013889
0 0.364063 0.532639 0.039062 0.054167
0 0.493359 0.344444 0.010156 0.019444
0 0.408594 0.446528 0.020313 0.029167
0 0.373047 0.441667 0.024219 0.030556
0 0.611719 0.502083 0.035937 0.059722
0 0.475000 0.383333 0.012500 0.016667
0 0.462109 0.356944 0.008594 0.011111
0 0.577734 0.549306 0.039844 0.065278
0 0.544531 0.359028 0.009375 0.018056
0 0.444141 0.395833 0.014844 0.019444
0 0.580469 0.406250 0.014063 0.020833
3 0.760938 0.679167 0.476562 0.633333
3 0.218750 0.615278 0.437500 0.480556
3 0.238281 0.701389 0.476562 0.588889
3 0.643359 0.680556 0.250781 0.630556
4 0.434766 0.706944 0.105469 0.583333
4 0.579688 0.503472 0.004687 0.009722
4 0.647656 0.537500 0.007812 0.011111
4 0.209766 0.736806 0.024219 0.034722
4 0.405078 0.523611 0.005469 0.011111
4 0.953906 0.967361 0.090625 0.062500
4 0.316406 0.730556 0.015625 0.030556
4 0.685156 0.751389 0.018750 0.038889
4 0.371094 0.496528 0.006250 0.009722
4 0.385937 0.569444 0.007812 0.013889
4 0.217188 0.619444 0.434375 0.475000
4 0.778906 0.967361 0.031250 0.062500
4 0.795312 0.645833 0.407813 0.472222
4 0.677344 0.581944 0.010937 0.013889
4 0.320312 0.572222 0.009375 0.013889
4 0.276953 0.636806 0.014844 0.020833
4 0.077734 0.938889 0.049219 0.069444
4 0.610938 0.578472 0.009375 0.015278
4 0.639062 0.643750 0.012500 0.023611
4 0.504297 0.690278 0.241406 0.616667
4 0.358594 0.631250 0.010937 0.020833
4 0.236328 0.920833 0.032031 0.063889
4 0.721094 0.648611 0.015625 0.022222
5 0.795703 0.646528 0.407031 0.470833
5 0.589844 0.445833 0.003125 0.005556
5 0.434766 0.706944 0.105469 0.583333
5 0.579688 0.503472 0.004687 0.009722
5 0.647656 0.537500 0.007812 0.011111
5 0.599219 0.460417 0.004687 0.006944
5 0.209766 0.736806 0.024219 0.034722
5 0.358594 0.631250 0.010937 0.020833
5 0.078125 0.938889 0.048438 0.069444
5 0.405078 0.523611 0.005469 0.011111
5 0.931641 0.967361 0.046094 0.062500
5 0.316406 0.730556 0.015625 0.030556
5 0.781641 0.739583 0.010156 0.012500
5 0.371094 0.496528 0.006250 0.009722
5 0.569922 0.477778 0.005469 0.008333
5 0.385937 0.569444 0.007812 0.013889
5 0.217188 0.619444 0.434375 0.475000
5 0.778906 0.967361 0.031250 0.062500
5 0.677344 0.581944 0.010937 0.013889
5 0.319922 0.572917 0.008594 0.012500
5 0.417969 0.493750 0.004687 0.009722
5 0.276953 0.636806 0.014844 0.020833
5 0.610938 0.578472 0.009375 0.015278
5 0.685156 0.750694 0.018750 0.037500
5 0.639062 0.643750 0.012500 0.023611
5 0.385937 0.473611 0.004687 0.008333
5 0.569922 0.690278 0.110156 0.616667
5 0.236328 0.920833 0.032031 0.063889
5 0.721094 0.649306 0.015625 0.020833
