0 0.581250 0.420139 0.010417 0.015278
0 0.656771 0.383333 0.015625 0.016667
0 0.442188 0.475000 0.030208 0.025000
0 0.773438 0.688194 0.146875 0.118056
0 0.724479 0.762500 0.069792 0.052778
0 0.636458 0.718056 0.027083 0.025000
0 0.261979 0.467361 0.023958 0.029167
0 0.390104 0.497917 0.028125 0.023611
0 0.429688 0.485417 0.030208 0.020833
0 0.333854 0.444444 0.019792 0.013889
0 0.604167 0.408333 0.012500 0.013889
0 0.459896 0.413194 0.021875 0.018056
0 0.759896 0.738194 0.061458 0.045833
0 0.623437 0.395139 0.015625 0.015278
0 0.400521 0.468750 0.028125 0.023611
4 0.515625 0.597222 0.010417 0.213889
5 0.515625 0.597222 0.010417 0.213889
5 0.506771 0.563889 0.311458 0.036111
5 0.800521 0.825000 0.321875 0.172222
5 0.477604 0.628472 0.009375 0.006944
5 0.433333 0.645833 0.179167 0.133333
5 0.451562 0.535417 0.017708 0.020833
5 0.430208 0.573611 0.160417 0.019444
5 0.494271 0.616667 0.009375 0.008333
5 0.460417 0.640278 0.010417 0.008333
5 0.561458 0.609722 0.027083 0.025000
5 0.792708 0.638194 0.022917 0.009722
5 0.350521 0.763889 0.061458 0.038889
5 0.422396 0.538194 0.157292 0.090278
5 0.597396 0.629167 0.151042 0.163889
5 0.402604 0.677778 0.013542 0.011111
5 0.589063 0.518750 0.155208 0.062500
5 0.584375 0.598611 0.027083 0.016667
5 0.733854 0.613194 0.019792 0.009722
