0 0.407422 0.559722 0.041406 0.061111
0 0.555469 0.366667 0.009375 0.013889
0 0.570703 0.506944 0.028906 0.047222
0 0.397266 0.474306 0.027344 0.037500
0 0.435937 0.411111 0.017188 0.025000
0 0.349609 0.603472 0.014844 0.051389
0 0.547266 0.443056 0.021094 0.030556
0 0.101172 0.850694 0.202344 0.295833
0 0.472656 0.360417 0.010937 0.015278
0 0.461328 0.427778 0.017969 0.025000
0 0.339453 0.554167 0.046094 0.063889
0 0.529687 0.402778 0.014063 0.019444
0 0.298438 0.979167 0.100000 0.038889
0 0.059766 0.643750 0.119531 0.173611
0 0.585156 0.388889 0.029687 0.061111
0 0.451953 0.375000 0.022656 0.044444
0 0.473438 0.390972 0.014063 0.018056
0 0.487891 0.359722 0.013281 0.016667
0 0.564844 0.420833 0.017188 0.030556
0 0.537500 0.362500 0.009375 0.011111
1 0.350000 0.590278 0.015625 0.038889
3 0.759375 0.679861 0.475000 0.629167
3 0.335156 0.699306 0.287500 0.593056
3 0.274219 0.565278 0.317188 0.358333
4 0.647656 0.536806 0.007812 0.012500
4 0.800000 0.650000 0.398438 0.461111
4 0.277344 0.636806 0.014063 0.020833
4 0.437109 0.697917 0.110156 0.601389
4 0.209766 0.737500 0.022656 0.033333
4 0.316406 0.729861 0.015625 0.031944
4 0.638672 0.643056 0.011719 0.022222
4 0.235937 0.920833 0.031250 0.063889
4 0.358984 0.630556 0.010156 0.019444
4 0.285938 0.540278 0.304688 0.322222
4 0.778516 0.967361 0.032031 0.062500
4 0.677344 0.581944 0.010937 0.013889
4 0.721875 0.648611 0.015625 0.022222
4 0.932031 0.967361 0.045312 0.062500
4 0.789453 0.751389 0.024219 0.036111
4 0.569141 0.681250 0.111719 0.634722
4 0.685156 0.750694 0.018750 0.037500
4 0.610938 0.578472 0.009375 0.015278
5 0.385547 0.568750 0.007031 0.015278
5 0.611328 0.480556 0.005469 0.008333
5 0.562109 0.459028 0.003906 0.006944
5 0.647656 0.536806 0.007812 0.012500
5 0.800000 0.650000 0.398438 0.461111
5 0.277344 0.636806 0.014063 0.020833
5 0.405078 0.522917 0.005469 0.009722
5 0.408594 0.440972 0.004687 0.006944
5 0.437109 0.699306 0.110156 0.598611
5 0.569922 0.478472 0.003906 0.006944
5 0.677344 0.581944 0.010937 0.013889
5 0.209766 0.737500 0.022656 0.033333
5 0.417969 0.494444 0.004687 0.008333
5 0.371094 0.495139 0.006250 0.009722
5 0.931641 0.967361 0.046094 0.062500
5 0.316406 0.729861 0.015625 0.031944
5 0.586328 0.440278 0.010156 0.016667
5 0.638672 0.643056 0.011719 0.022222
5 0.235937 0.920833 0.031250 0.063889
5 0.435937 0.453472 0.004687 0.006944
5 0.358984 0.630556 0.010156 0.019444
5 0.286328 0.540278 0.303906 0.322222
5 0.778516 0.967361 0.032031 0.062500
5 0.721484 0.648611 0.014844 0.022222
5 0.427734 0.470833 0.005469 0.008333
5 0.591797 0.534028 0.007031 0.009722
5 0.789453 0.751389 0.024219 0.036111
5 0.569141 0.682639 0.111719 0.631944
5 0.685156 0.750694 0.018750 0.037500
5 0.610938 0.578472 0.009375 0.015278
5 0.599609 0.460417 0.003906 0.006944
5 0.621484 0.495139 0.017969 0.029167
