0 0.293359 0.993056 0.077344 0.011111
0 0.538281 0.364583 0.009375 0.015278
0 0.544531 0.346528 0.007812 0.009722
0 0.528125 0.388889 0.014063 0.019444
0 0.967187 0.911111 0.064062 0.147222
0 0.579297 0.390278 0.017969 0.038889
0 0.446484 0.466667 0.024219 0.033333
0 0.522266 0.375000 0.010156 0.013889
0 0.493359 0.350000 0.008594 0.011111
0 0.697266 0.653472 0.061719 0.093056
0 0.533984 0.417361 0.017969 0.023611
0 0.757422 0.606944 0.058594 0.075000
0 0.553516 0.483333 0.025781 0.041667
0 0.159375 0.692361 0.093750 0.098611
0 0.401953 0.417361 0.016406 0.020833
0 0.545312 0.382639 0.012500 0.015278
0 0.521484 0.362500 0.008594 0.011111
0 0.420703 0.429861 0.019531 0.023611
0 0.570703 0.420139 0.017969 0.026389
0 0.480469 0.365278 0.014063 0.025000
0 0.456250 0.428472 0.018750 0.026389
0 0.428125 0.390278 0.012500 0.016667
0 0.467969 0.400000 0.014063 0.019444
0 0.446484 0.357639 0.017969 0.034722
0 0.532813 0.348611 0.006250 0.011111
0 0.352344 0.545833 0.042188 0.058333
0 0.413281 0.571528 0.040625 0.084722
0 0.467969 0.363194 0.009375 0.015278
0 0.633984 0.525694 0.038281 0.059722
0 0.478125 0.343056 0.012500 0.019444
3 0.775781 0.593750 0.446875 0.479167
3 0.757031 0.687500 0.460938 0.616667
3 0.648047 0.696528 0.250781 0.601389
3 0.230078 0.618056 0.460156 0.477778
3 0.235937 0.687500 0.471875 0.616667
4 0.207422 0.627778 0.414844 0.458333
4 0.209375 0.736806 0.023438 0.034722
4 0.450391 0.701389 0.136719 0.594444
4 0.277344 0.636806 0.014063 0.020833
4 0.077734 0.939583 0.049219 0.070833
4 0.371094 0.495139 0.006250 0.009722
4 0.385937 0.569444 0.007812 0.013889
4 0.316406 0.730556 0.015625 0.030556
4 0.638672 0.644444 0.011719 0.022222
4 0.358984 0.631250 0.010156 0.020833
4 0.778516 0.967361 0.032031 0.062500
4 0.405078 0.524306 0.005469 0.012500
4 0.760938 0.600000 0.409375 0.472222
4 0.319531 0.572222 0.009375 0.013889
4 0.932031 0.966667 0.046875 0.063889
4 0.591797 0.534722 0.007031 0.011111
4 0.610938 0.578472 0.009375 0.015278
4 0.789453 0.751389 0.024219 0.036111
4 0.504687 0.710417 0.242188 0.576389
4 0.684766 0.750694 0.019531 0.037500
4 0.677344 0.581944 0.010937 0.013889
4 0.235937 0.920833 0.031250 0.063889
5 0.760547 0.600000 0.408594 0.472222
5 0.611719 0.480556 0.004687 0.008333
5 0.450391 0.699306 0.136719 0.598611
5 0.195703 0.639583 0.391406 0.431944
5 0.562500 0.459028 0.004687 0.006944
5 0.778516 0.967361 0.032031 0.062500
5 0.209375 0.736806 0.023438 0.034722
5 0.277344 0.636806 0.014063 0.020833
5 0.578906 0.502083 0.004687 0.009722
5 0.725391 0.654861 0.007031 0.012500
5 0.077734 0.939583 0.049219 0.070833
5 0.385937 0.569444 0.007812 0.013889
5 0.316406 0.730556 0.015625 0.030556
5 0.589844 0.445833 0.003125 0.005556
5 0.638672 0.644444 0.011719 0.022222
5 0.386328 0.472917 0.005469 0.006944
5 0.417969 0.493750 0.004687 0.009722
5 0.358984 0.631250 0.010156 0.020833
5 0.371094 0.495833 0.006250 0.008333
5 0.405078 0.523611 0.005469 0.011111
5 0.319531 0.572222 0.009375 0.013889
5 0.569141 0.479167 0.005469 0.008333
5 0.610938 0.578472 0.009375 0.015278
5 0.931641 0.966667 0.046094 0.063889
5 0.591797 0.534028 0.007031 0.009722
5 0.677344 0.581944 0.010937 0.013889
5 0.789453 0.751389 0.024219 0.036111
5 0.504297 0.710417 0.241406 0.576389
5 0.684766 0.751389 0.019531 0.036111
5 0.398828 0.455556 0.005469 0.008333
5 0.557031 0.444444 0.004687 0.005556
5 0.599609 0.461111 0.003906 0.005556
5 0.235937 0.920833 0.031250 0.063889
