0 0.537240 0.440278 0.028646 0.036111
0 0.460938 0.387500 0.023958 0.034259
0 0.413281 0.297222 0.017188 0.018519
0 0.408333 0.268056 0.014583 0.017593
0 0.388021 0.313889 0.018750 0.035185
0 0.971094 0.707407 0.056771 0.072222
0 0.508333 0.673148 0.051042 0.061111
0 0.438281 0.285185 0.013021 0.018519
0 0.447396 0.270833 0.015625 0.019444
0 0.388281 0.307407 0.018229 0.022222
0 0.413021 0.506944 0.084375 0.152778
0 0.778125 0.975000 0.078125 0.048148
0 0.788802 0.576389 0.134896 0.169444
0 0.640365 0.480093 0.035937 0.047222
0 0.985677 0.824537 0.027604 0.076852
0 0.678385 0.767130 0.076563 0.095370
0 0.496875 0.387037 0.041667 0.079630
0 0.392448 0.281019 0.015104 0.019444
0 0.501823 0.419444 0.025521 0.018519
0 0.644792 0.514815 0.038542 0.037037
0 0.709115 0.502315 0.034896 0.058333
3 0.684635 0.559722 0.625521 0.586111
3 0.300260 0.778704 0.195312 0.437037
3 0.585677 0.645833 0.630729 0.700926
4 0.397917 0.842130 0.013542 0.313889
4 0.478906 0.840741 0.167187 0.312963
5 0.180208 0.035185 0.013542 0.031481
5 0.229948 0.758333 0.113021 0.481481
5 0.234375 0.040278 0.014583 0.013889
5 0.127083 0.039815 0.014583 0.009259
5 0.397917 0.842593 0.013542 0.312963
5 0.479167 0.840741 0.166667 0.312963
5 0.777865 0.039352 0.014063 0.010185
