0 0.552344 0.363889 0.009375 0.013889
0 0.416797 0.561111 0.038281 0.061111
0 0.544531 0.379167 0.010937 0.013889
0 0.565625 0.378472 0.010937 0.015278
0 0.465234 0.353472 0.007031 0.009722
0 0.528125 0.393750 0.014063 0.023611
0 0.750000 0.605556 0.054688 0.075000
0 0.437109 0.377083 0.010156 0.012500
0 0.285938 0.659028 0.067187 0.087500
0 0.464453 0.368056 0.010156 0.016667
0 0.469141 0.402083 0.013281 0.018056
0 0.405078 0.426389 0.047656 0.100000
0 0.480078 0.373611 0.010156 0.013889
0 0.602344 0.419444 0.023438 0.047222
0 0.575781 0.391667 0.014063 0.025000
0 0.455078 0.429861 0.019531 0.026389
0 0.435156 0.412500 0.014063 0.022222
0 0.317969 0.490972 0.214062 0.223611
0 0.978516 0.886111 0.041406 0.222222
0 0.537500 0.429861 0.018750 0.026389
0 0.524219 0.374306 0.010937 0.012500
0 0.541797 0.334722 0.008594 0.013889
0 0.585547 0.584028 0.039844 0.068056
0 0.538672 0.365278 0.010156 0.013889
0 0.569922 0.427083 0.019531 0.026389
0 0.555078 0.395833 0.011719 0.019444
0 0.458594 0.380556 0.012500 0.016667
0 0.633984 0.463889 0.024219 0.033333
3 0.771875 0.590972 0.431250 0.484722
3 0.757422 0.700694 0.436719 0.587500
3 0.649609 0.701389 0.255469 0.588889
3 0.241016 0.691667 0.482031 0.608333
3 0.745313 0.720139 0.432812 0.551389
3 0.230078 0.607639 0.460156 0.498611
4 0.434766 0.711806 0.105469 0.573611
4 0.721094 0.648611 0.015625 0.022222
4 0.591797 0.533333 0.007031 0.011111
4 0.647656 0.537500 0.007812 0.011111
4 0.385937 0.569444 0.007812 0.013889
4 0.405078 0.523611 0.005469 0.011111
4 0.209766 0.736806 0.024219 0.034722
4 0.773047 0.618750 0.378906 0.437500
4 0.578906 0.502778 0.004687 0.011111
4 0.371094 0.495139 0.006250 0.009722
4 0.077734 0.939583 0.049219 0.070833
4 0.931641 0.967361 0.046094 0.062500
4 0.316406 0.730556 0.015625 0.030556
4 0.638672 0.643750 0.011719 0.023611
4 0.350781 0.527083 0.007812 0.009722
4 0.358984 0.631250 0.010156 0.020833
4 0.778516 0.967361 0.032031 0.062500
4 0.677344 0.581944 0.010937 0.013889
4 0.319922 0.572222 0.010156 0.013889
4 0.627734 0.505556 0.007031 0.008333
4 0.114062 0.729861 0.228125 0.251389
4 0.610938 0.578472 0.009375 0.015278
4 0.789453 0.751389 0.024219 0.036111
4 0.504687 0.711806 0.242188 0.573611
4 0.684766 0.750694 0.019531 0.037500
4 0.236328 0.920833 0.032031 0.063889
5 0.775000 0.620833 0.375000 0.433333
5 0.599219 0.460417 0.004687 0.006944
5 0.435156 0.706944 0.106250 0.583333
5 0.627734 0.505556 0.007031 0.008333
5 0.721094 0.648611 0.015625 0.022222
5 0.591797 0.533333 0.007031 0.011111
5 0.647656 0.537500 0.007812 0.011111
5 0.385937 0.569444 0.007812 0.013889
5 0.435937 0.452778 0.006250 0.011111
5 0.611328 0.480556 0.005469 0.008333
5 0.405078 0.523611 0.005469 0.011111
5 0.209766 0.736806 0.024219 0.034722
5 0.578906 0.502083 0.004687 0.009722
5 0.077734 0.939583 0.049219 0.070833
5 0.371094 0.495139 0.006250 0.009722
5 0.931641 0.967361 0.046094 0.062500
5 0.316406 0.730556 0.015625 0.030556
5 0.417969 0.494444 0.004687 0.008333
5 0.569922 0.477778 0.003906 0.008333
5 0.358984 0.631250 0.010156 0.020833
5 0.778516 0.967361 0.032031 0.062500
5 0.677344 0.581944 0.010937 0.013889
5 0.589844 0.445139 0.003125 0.006944
5 0.320312 0.572222 0.009375 0.013889
5 0.428125 0.470833 0.006250 0.011111
5 0.562109 0.459028 0.003906 0.006944
5 0.113672 0.729861 0.227344 0.251389
5 0.610938 0.578472 0.009375 0.015278
5 0.789453 0.751389 0.024219 0.036111
5 0.684766 0.750694 0.019531 0.037500
5 0.638672 0.643750 0.011719 0.023611
5 0.571875 0.714583 0.106250 0.568056
5 0.350781 0.527083 0.007812 0.009722
5 0.236328 0.920833 0.032031 0.063889
