0 0.581250 0.420139 0.010417 0.018056
0 0.396354 0.501389 0.030208 0.025000
0 0.655729 0.387500 0.013542 0.016667
0 0.433854 0.527778 0.032292 0.038889
0 0.665104 0.726389 0.063542 0.050000
0 0.863542 0.825694 0.045833 0.051389
0 0.493750 0.690972 0.062500 0.031944
0 0.358854 0.531944 0.071875 0.063889
0 0.615104 0.486806 0.028125 0.029167
0 0.459896 0.413889 0.021875 0.016667
0 0.623437 0.395139 0.015625 0.015278
0 0.355729 0.481250 0.028125 0.026389
1 0.304167 0.625694 0.008333 0.015278
1 0.457813 0.547222 0.007292 0.022222
3 0.770833 0.633333 0.175000 0.125000
3 0.717708 0.753472 0.295833 0.215278
3 0.708854 0.488889 0.067708 0.072222
4 0.515104 0.583333 0.011458 0.183333
4 0.592708 0.631250 0.158333 0.165278
5 0.515104 0.583333 0.011458 0.183333
5 0.584896 0.600000 0.028125 0.019444
5 0.785417 0.660417 0.020833 0.012500
5 0.561458 0.610417 0.029167 0.026389
5 0.408854 0.629861 0.130208 0.098611
5 0.721875 0.632639 0.020833 0.012500
5 0.426563 0.537500 0.163542 0.094444
5 0.793229 0.638889 0.021875 0.011111
5 0.592708 0.631250 0.158333 0.165278
5 0.505208 0.566667 0.310417 0.036111
5 0.590625 0.519444 0.160417 0.061111
5 0.733333 0.614583 0.018750 0.009722
5 0.349479 0.765278 0.067708 0.044444
