0 0.026562 0.416667 0.013542 0.011111
0 0.581250 0.420139 0.010417 0.015278
0 0.655729 0.386806 0.011458 0.012500
0 0.673958 0.480556 0.035417 0.050000
0 0.293750 0.445833 0.018750 0.016667
0 0.625521 0.424306 0.026042 0.023611
0 0.459896 0.413194 0.021875 0.018056
0 0.093229 0.413194 0.065625 0.009722
0 0.605208 0.407639 0.010417 0.012500
0 0.623958 0.395139 0.014583 0.015278
0 0.611979 0.572222 0.067708 0.069444
0 0.645833 0.489583 0.020833 0.018056
4 0.515625 0.597917 0.012500 0.215278
4 0.784896 0.659722 0.021875 0.011111
4 0.721875 0.631944 0.020833 0.011111
4 0.792708 0.638889 0.022917 0.011111
5 0.795312 0.609722 0.138542 0.075000
5 0.515625 0.597222 0.012500 0.216667
5 0.525000 0.595139 0.008333 0.006944
5 0.807292 0.828472 0.327083 0.173611
5 0.478125 0.628472 0.008333 0.006944
5 0.430729 0.574306 0.155208 0.018056
5 0.451042 0.536111 0.018750 0.019444
5 0.509375 0.606250 0.008333 0.006944
5 0.494271 0.616667 0.009375 0.008333
5 0.784375 0.659722 0.020833 0.011111
5 0.459896 0.640278 0.009375 0.008333
5 0.560937 0.609722 0.026042 0.025000
5 0.605729 0.642361 0.021875 0.015278
5 0.352604 0.763194 0.057292 0.037500
5 0.538542 0.585417 0.008333 0.006944
5 0.432812 0.608333 0.178125 0.208333
5 0.721875 0.631944 0.020833 0.011111
5 0.507812 0.565972 0.307292 0.031944
5 0.422396 0.595139 0.157292 0.201389
5 0.792708 0.638889 0.022917 0.011111
5 0.596875 0.628472 0.152083 0.165278
5 0.402604 0.677083 0.013542 0.009722
5 0.591667 0.519444 0.160417 0.063889
5 0.732812 0.613194 0.019792 0.009722
5 0.584375 0.598611 0.027083 0.016667
