0 0.358594 0.050000 0.015625 0.027778
0 0.475000 0.327083 0.051562 0.106944
0 0.383594 0.106944 0.021875 0.041667
0 0.339062 0.143056 0.025000 0.041667
0 0.239844 0.156944 0.029687 0.055556
0 0.390625 0.133333 0.031250 0.055556
0 0.292187 0.050694 0.015625 0.026389
0 0.255859 0.827778 0.122656 0.280556
0 0.325781 0.065972 0.023438 0.043056
0 0.293359 0.012500 0.013281 0.025000
0 0.347266 0.202083 0.032031 0.065278
0 0.287500 0.082639 0.021875 0.031944
0 0.281641 0.250694 0.036719 0.062500
0 0.317578 0.010417 0.013281 0.020833
0 0.342187 0.327778 0.042188 0.086111
0 0.374219 0.081944 0.020313 0.033333
0 0.498828 0.618056 0.075781 0.191667
0 0.366797 0.063889 0.019531 0.030556
0 0.437500 0.240278 0.039062 0.066667
0 0.416406 0.184028 0.032813 0.059722
3 0.801172 0.727778 0.392969 0.541667
3 0.193750 0.513889 0.387500 0.969444
3 0.654297 0.506250 0.583594 0.981944
3 0.450391 0.501389 0.242969 0.986111
4 0.870313 0.415972 0.059375 0.076389
4 0.688281 0.576389 0.070312 0.136111
4 0.854297 0.429167 0.063281 0.072222
4 0.774609 0.488889 0.074219 0.088889
4 0.917188 0.351389 0.023438 0.025000
4 0.312891 0.161111 0.002344 0.011111
4 0.905078 0.389583 0.058594 0.076389
4 0.544531 0.406250 0.034375 0.043056
4 0.768359 0.712500 0.355469 0.572222
4 0.812891 0.457639 0.071094 0.081944
4 0.595313 0.893056 0.029687 0.063889
4 0.312891 0.294444 0.008594 0.072222
4 0.314844 0.189583 0.003125 0.012500
4 0.606250 0.797222 0.065625 0.058333
4 0.667188 0.702083 0.039062 0.162500
4 0.133594 0.918750 0.046875 0.134722
4 0.315625 0.224306 0.003125 0.015278
4 0.526563 0.337500 0.029687 0.041667
4 0.222656 0.648611 0.023438 0.069444
4 0.796094 0.470833 0.068750 0.086111
4 0.754687 0.506250 0.076563 0.093056
4 0.316406 0.263889 0.004687 0.019444
4 0.268750 0.495833 0.014063 0.044444
4 0.542188 0.376389 0.026562 0.027778
4 0.712500 0.549306 0.073438 0.115278
4 0.603906 0.559722 0.096875 0.088889
4 0.601172 0.842361 0.049219 0.051389
4 0.594141 0.529167 0.080469 0.077778
4 0.564063 0.472222 0.037500 0.066667
4 0.887109 0.404167 0.058594 0.072222
4 0.297266 0.392361 0.010156 0.031944
4 0.551172 0.425694 0.036719 0.045833
4 0.612500 0.750694 0.084375 0.068056
4 0.605078 0.633333 0.082031 0.072222
4 0.582422 0.509028 0.061719 0.068056
4 0.831250 0.442361 0.068750 0.076389
4 0.734375 0.525694 0.076563 0.101389
4 0.675391 0.627778 0.060156 0.161111
5 0.743359 0.650000 0.407031 0.616667
7 0.743750 0.645833 0.407813 0.611111
7 0.663672 0.509028 0.567969 0.912500
