0 0.319922 0.020139 0.030469 0.034722
0 0.410938 0.186111 0.034375 0.058333
0 0.800000 0.847222 0.107813 0.255556
0 0.360938 0.061111 0.017188 0.030556
0 0.291016 0.034722 0.014844 0.025000
0 0.494141 0.650000 0.071094 0.194444
0 0.400391 0.153472 0.028906 0.048611
0 0.369141 0.082639 0.024219 0.040278
0 0.428516 0.220139 0.036719 0.062500
0 0.239453 0.156944 0.028906 0.055556
0 0.485547 0.392361 0.058594 0.140278
0 0.382031 0.115972 0.025000 0.043056
0 0.459766 0.299306 0.042969 0.098611
0 0.327734 0.063889 0.041406 0.119444
1 0.255859 0.152778 0.008594 0.044444
1 0.210938 0.085417 0.007812 0.029167
1 0.201953 0.111806 0.008594 0.037500
1 0.187109 0.105556 0.010156 0.036111
1 0.227734 0.048611 0.005469 0.019444
3 0.800391 0.727083 0.394531 0.543056
3 0.194922 0.522222 0.389844 0.950000
3 0.656250 0.505556 0.578125 0.966667
3 0.456250 0.504167 0.232813 0.983333
4 0.869531 0.415278 0.060937 0.077778
4 0.582422 0.508333 0.061719 0.066667
4 0.617578 0.706250 0.102344 0.087500
4 0.687891 0.575694 0.069531 0.134722
4 0.854297 0.429167 0.061719 0.072222
4 0.774219 0.487500 0.073438 0.088889
4 0.904687 0.389583 0.057813 0.076389
4 0.812500 0.456250 0.070312 0.081944
4 0.297266 0.391667 0.010156 0.030556
4 0.556250 0.467361 0.037500 0.073611
4 0.605078 0.781944 0.067969 0.088889
4 0.666797 0.702083 0.039844 0.162500
4 0.133203 0.917361 0.046094 0.134722
4 0.222656 0.648611 0.023438 0.069444
4 0.795703 0.470139 0.067969 0.084722
4 0.754297 0.504861 0.075781 0.093056
4 0.311719 0.320139 0.006250 0.023611
4 0.278906 0.455556 0.035937 0.125000
4 0.711328 0.549306 0.074219 0.115278
4 0.601172 0.842361 0.049219 0.051389
4 0.561328 0.472222 0.042969 0.066667
4 0.886719 0.404167 0.059375 0.072222
4 0.551562 0.425694 0.035937 0.045833
4 0.612500 0.750694 0.084375 0.068056
4 0.602734 0.632639 0.086719 0.070833
4 0.593750 0.530556 0.081250 0.083333
4 0.734375 0.525694 0.076563 0.101389
4 0.831641 0.441667 0.067969 0.077778
4 0.674609 0.627083 0.060156 0.159722
5 0.869531 0.415972 0.059375 0.076389
5 0.617578 0.706250 0.102344 0.087500
5 0.687891 0.575694 0.069531 0.134722
5 0.854297 0.429167 0.061719 0.072222
5 0.207422 0.252778 0.024219 0.069444
5 0.525000 0.323611 0.021875 0.022222
5 0.916406 0.352083 0.023438 0.023611
5 0.312500 0.161806 0.003125 0.009722
5 0.904687 0.389583 0.057813 0.076389
5 0.760938 0.716667 0.339062 0.563889
5 0.812500 0.456250 0.070312 0.081944
5 0.594922 0.893056 0.030469 0.063889
5 0.297266 0.391667 0.010156 0.030556
5 0.311719 0.137500 0.003125 0.011111
5 0.774609 0.487500 0.072656 0.088889
5 0.314453 0.189583 0.003906 0.012500
5 0.556250 0.465278 0.037500 0.066667
5 0.604688 0.558333 0.096875 0.086111
5 0.666797 0.702083 0.039844 0.162500
5 0.133203 0.917361 0.046094 0.134722
5 0.315625 0.222917 0.003125 0.015278
5 0.526953 0.344444 0.028906 0.030556
5 0.222656 0.648611 0.023438 0.069444
5 0.544922 0.404167 0.033594 0.044444
5 0.795703 0.470139 0.067969 0.084722
5 0.754297 0.504861 0.075781 0.093056
5 0.500781 0.286111 0.034375 0.027778
5 0.311719 0.320139 0.006250 0.023611
5 0.280859 0.449306 0.038281 0.137500
5 0.721875 0.549306 0.093750 0.115278
5 0.601172 0.842361 0.049219 0.051389
5 0.597266 0.529861 0.088281 0.081944
5 0.561328 0.472222 0.042969 0.066667
5 0.886719 0.404167 0.059375 0.072222
5 0.544141 0.374306 0.022656 0.026389
5 0.551953 0.426389 0.035156 0.044444
5 0.612500 0.750694 0.084375 0.068056
5 0.604688 0.632639 0.081250 0.070833
5 0.582422 0.508333 0.061719 0.066667
5 0.605859 0.797222 0.064844 0.058333
5 0.529687 0.358333 0.035937 0.027778
5 0.675000 0.627778 0.059375 0.161111
5 0.517969 0.309028 0.023438 0.023611
5 0.734766 0.525694 0.075781 0.101389
5 0.316016 0.264583 0.003906 0.018056
5 0.831641 0.441667 0.067969 0.077778
7 0.742969 0.652083 0.406250 0.620833
7 0.659766 0.506944 0.574219 0.925000
