0 0.557813 0.368056 0.010937 0.013889
0 0.416406 0.563194 0.039062 0.056944
0 0.480078 0.372917 0.010156 0.015278
0 0.539844 0.365278 0.007812 0.011111
0 0.526172 0.386806 0.013281 0.023611
0 0.942187 0.843750 0.114062 0.162500
0 0.563672 0.386111 0.011719 0.016667
0 0.653906 0.487500 0.032813 0.041667
0 0.449219 0.390972 0.014063 0.023611
0 0.487891 0.359722 0.011719 0.016667
0 0.013672 0.936111 0.027344 0.091667
0 0.263281 0.686806 0.082812 0.118056
0 0.450391 0.383333 0.011719 0.011111
0 0.460938 0.375694 0.010937 0.015278
0 0.524219 0.368750 0.010937 0.015278
0 0.444141 0.371528 0.010156 0.015278
0 0.594531 0.415972 0.015625 0.023611
0 0.582422 0.402083 0.013281 0.018056
0 0.409375 0.409722 0.017188 0.022222
0 0.405859 0.463194 0.024219 0.034722
0 0.551953 0.390972 0.011719 0.015278
0 0.470313 0.361806 0.009375 0.015278
0 0.456641 0.426389 0.019531 0.025000
0 0.360547 0.464583 0.025781 0.031944
0 0.302734 0.530556 0.039844 0.055556
0 0.467187 0.350694 0.007812 0.012500
0 0.554297 0.405556 0.014844 0.019444
0 0.641797 0.547222 0.039844 0.058333
0 0.576172 0.552083 0.038281 0.059722
0 0.474219 0.385417 0.014063 0.015278
0 0.454688 0.365972 0.009375 0.015278
0 0.450000 0.453472 0.021875 0.029167
0 0.590234 0.457639 0.021094 0.031944
0 0.492578 0.354167 0.008594 0.013889
0 0.548438 0.350694 0.009375 0.015278
0 0.428906 0.420833 0.018750 0.027778
0 0.340234 0.857639 0.100781 0.154167
0 0.483984 0.336806 0.011719 0.020833
3 0.763672 0.708333 0.471094 0.575000
3 0.646094 0.698611 0.251563 0.594444
3 0.219531 0.625000 0.439063 0.488889
3 0.246094 0.693056 0.471875 0.605556
3 0.728125 0.701389 0.407813 0.588889
4 0.385547 0.569444 0.007031 0.013889
4 0.208984 0.737500 0.022656 0.033333
4 0.433984 0.697222 0.103906 0.602778
4 0.371094 0.496528 0.006250 0.009722
4 0.931641 0.966667 0.046094 0.063889
4 0.316406 0.730556 0.015625 0.030556
4 0.610938 0.578472 0.009375 0.015278
4 0.684766 0.751389 0.019531 0.036111
4 0.077734 0.939583 0.049219 0.070833
4 0.350781 0.527083 0.007812 0.012500
4 0.358984 0.631250 0.010156 0.020833
4 0.216797 0.619444 0.433594 0.475000
4 0.778516 0.967361 0.032031 0.062500
4 0.753516 0.594444 0.297656 0.338889
4 0.319922 0.572222 0.010156 0.013889
4 0.280859 0.631944 0.008594 0.011111
4 0.591797 0.534722 0.007031 0.011111
4 0.677344 0.581944 0.010937 0.013889
4 0.789453 0.751389 0.024219 0.036111
4 0.638672 0.643750 0.011719 0.023611
4 0.571484 0.703472 0.108594 0.590278
4 0.405078 0.523611 0.005469 0.011111
4 0.236328 0.920833 0.032031 0.063889
4 0.721094 0.649306 0.015625 0.020833
5 0.753906 0.594444 0.296875 0.338889
5 0.569531 0.477778 0.004687 0.008333
5 0.611328 0.480556 0.005469 0.008333
5 0.386328 0.472917 0.005469 0.006944
5 0.578906 0.502778 0.004687 0.008333
5 0.385547 0.569444 0.007031 0.013889
5 0.208984 0.737500 0.022656 0.033333
5 0.450391 0.697222 0.136719 0.602778
5 0.556641 0.444444 0.003906 0.005556
5 0.405078 0.524306 0.005469 0.009722
5 0.371094 0.496528 0.006250 0.009722
5 0.931641 0.966667 0.046094 0.063889
5 0.316406 0.730556 0.015625 0.030556
5 0.610938 0.578472 0.009375 0.015278
5 0.077734 0.938889 0.049219 0.069444
5 0.350391 0.527778 0.007031 0.011111
5 0.358594 0.631250 0.009375 0.020833
5 0.216797 0.619444 0.433594 0.475000
5 0.778516 0.967361 0.032031 0.062500
5 0.417969 0.494444 0.004687 0.008333
5 0.319531 0.572222 0.009375 0.013889
5 0.280859 0.631944 0.008594 0.011111
5 0.591797 0.534722 0.007031 0.011111
5 0.677344 0.581944 0.010937 0.013889
5 0.627344 0.504861 0.006250 0.009722
5 0.789453 0.751389 0.024219 0.036111
5 0.638672 0.643750 0.011719 0.023611
5 0.684766 0.750694 0.019531 0.037500
5 0.562109 0.459028 0.003906 0.006944
5 0.571094 0.703472 0.107813 0.590278
5 0.236328 0.920833 0.032031 0.063889
5 0.721094 0.649306 0.015625 0.020833
