0 0.383594 0.491667 0.017188 0.022222
0 0.500000 0.515278 0.015625 0.019444
0 0.843750 0.443056 0.009375 0.008333
0 0.259375 0.565278 0.015625 0.025000
0 0.642969 0.434722 0.014063 0.013889
3 0.684375 0.713889 0.550000 0.566667
3 0.270313 0.727778 0.490625 0.538889
4 0.109375 0.831944 0.046875 0.330556
4 0.174219 0.677778 0.004687 0.011111
4 0.160156 0.776389 0.004687 0.013889
4 0.162500 0.737500 0.003125 0.013889
4 0.160156 0.826389 0.004687 0.019444
4 0.166406 0.884722 0.004687 0.019444
4 0.167969 0.705556 0.004687 0.011111
4 0.178906 0.958333 0.007812 0.022222
5 0.109375 0.831944 0.046875 0.330556
5 0.174219 0.677778 0.004687 0.011111
5 0.160156 0.776389 0.004687 0.013889
5 0.162500 0.737500 0.003125 0.013889
5 0.160156 0.826389 0.004687 0.019444
5 0.166406 0.884722 0.004687 0.019444
5 0.167969 0.705556 0.004687 0.011111
5 0.178906 0.958333 0.007812 0.022222
