0 0.784375 0.472917 0.035937 0.037500
0 0.514844 0.404167 0.017188 0.033333
0 0.462891 0.355556 0.021094 0.027778
0 0.656641 0.691667 0.092969 0.188889
0 0.727344 0.894444 0.123438 0.188889
0 0.795312 0.510417 0.040625 0.051389
0 0.460547 0.547222 0.033594 0.061111
0 0.486719 0.352083 0.025000 0.056944
0 0.561719 0.516667 0.045312 0.069444
0 0.644922 0.581944 0.049219 0.030556
0 0.507812 0.538194 0.035937 0.070833
0 0.225781 0.902083 0.095312 0.176389
0 0.447656 0.662500 0.021875 0.116667
0 0.526172 0.704861 0.064844 0.123611
0 0.451562 0.438194 0.046875 0.087500
0 0.484766 0.420833 0.022656 0.038889
0 0.457031 0.609722 0.045312 0.094444
0 0.354687 0.791667 0.176563 0.413889
0 0.525000 0.465972 0.025000 0.045833
0 0.559766 0.397917 0.027344 0.034722
0 0.562109 0.432639 0.021094 0.040278
0 0.535156 0.435417 0.028125 0.026389
0 0.619141 0.547222 0.049219 0.063889
0 0.498437 0.441667 0.028125 0.044444
0 0.889844 0.593056 0.037500 0.077778
0 0.450391 0.508333 0.041406 0.102778
0 0.382422 0.538194 0.102344 0.145833
0 0.565234 0.527778 0.035156 0.055556
0 0.832422 0.502083 0.050781 0.059722
0 0.583594 0.585417 0.054688 0.095833
0 0.548047 0.478472 0.028906 0.062500
0 0.515234 0.622222 0.041406 0.097222
0 0.896484 0.529861 0.063281 0.056944
0 0.594922 0.743056 0.058594 0.147222
0 0.460938 0.383333 0.023438 0.025000
0 0.498047 0.828472 0.083594 0.165278
0 0.522266 0.570139 0.050781 0.112500
0 0.530469 0.410417 0.020313 0.026389
0 0.589453 0.483333 0.038281 0.052778
0 0.535156 0.924306 0.109375 0.148611
0 0.579297 0.443750 0.038281 0.043056
0 0.502734 0.488889 0.039844 0.066667
0 0.506641 0.379167 0.014844 0.027778
1 0.192188 0.665278 0.017188 0.086111
1 0.013672 0.854167 0.027344 0.127778
1 0.078906 0.813194 0.023438 0.123611
1 0.005469 0.936806 0.010937 0.118056
1 0.775391 0.409722 0.007031 0.052778
3 0.908203 0.673611 0.182031 0.283333
3 0.491016 0.742361 0.672656 0.512500
3 0.614453 0.742361 0.424219 0.512500
4 0.729688 0.754861 0.200000 0.487500
4 0.573828 0.645139 0.007031 0.020833
4 0.765625 0.856944 0.126562 0.283333
4 0.469141 0.741667 0.007031 0.030556
4 0.615234 0.928472 0.025781 0.140278
4 0.453125 0.891667 0.007812 0.050000
5 0.573828 0.645139 0.007031 0.020833
5 0.469141 0.741667 0.007031 0.030556
5 0.765625 0.856944 0.126562 0.283333
5 0.615234 0.928472 0.025781 0.140278
5 0.453125 0.891667 0.007812 0.050000
