0 0.499479 0.568981 0.045833 0.060185
0 0.736458 0.581481 0.043750 0.057407
0 0.437760 0.360648 0.021354 0.026852
0 0.888542 0.683333 0.060417 0.059259
0 0.623698 0.467130 0.023438 0.041667
0 0.363802 0.424074 0.032813 0.044444
0 0.398698 0.280556 0.014063 0.022222
0 0.432292 0.385185 0.022917 0.035185
0 0.396875 0.343981 0.019792 0.032407
0 0.461719 0.408333 0.027604 0.037037
0 0.593490 0.450463 0.031771 0.034259
0 0.383854 0.287500 0.012500 0.017593
0 0.879948 0.623611 0.052604 0.047222
0 0.825521 0.591204 0.055208 0.052778
0 0.431771 0.267130 0.015625 0.019444
0 0.423438 0.618519 0.093750 0.159259
0 0.448437 0.334722 0.015625 0.021296
0 0.456510 0.259259 0.013021 0.022222
0 0.662240 0.493981 0.067187 0.113889
0 0.383594 0.321759 0.013021 0.025000
0 0.320833 0.325000 0.063542 0.118519
0 0.725781 0.506019 0.059896 0.060185
0 0.413802 0.292593 0.013021 0.022222
0 0.427083 0.251389 0.011458 0.017593
0 0.595313 0.481019 0.033333 0.043519
0 0.661979 0.857407 0.092708 0.124074
0 0.544531 0.697222 0.059896 0.083333
0 0.412240 0.313889 0.015104 0.027778
3 0.704688 0.583333 0.589583 0.587037
3 0.300521 0.703241 0.192708 0.586111
3 0.639844 0.654167 0.500521 0.682407
3 0.550781 0.689815 0.679688 0.611111
3 0.640104 0.728704 0.498958 0.533333
4 0.397656 0.851389 0.013021 0.295370
4 0.482552 0.851389 0.160938 0.291667
5 0.777865 0.039352 0.014063 0.010185
5 0.179948 0.035185 0.013021 0.033333
5 0.397656 0.850926 0.013021 0.296296
5 0.234115 0.040278 0.014063 0.013889
5 0.127083 0.040278 0.014583 0.010185
5 0.482812 0.851852 0.159375 0.290741
5 0.827604 0.039815 0.014583 0.009259
