0 0.412109 0.180556 0.033594 0.055556
0 0.243750 0.155556 0.037500 0.055556
0 0.390625 0.139583 0.028125 0.048611
0 0.237500 0.364583 0.045312 0.095833
0 0.366406 0.072222 0.020313 0.030556
0 0.289062 0.467361 0.143750 0.412500
0 0.324609 0.288194 0.080469 0.237500
0 0.328516 0.093056 0.036719 0.086111
0 0.469141 0.365278 0.047656 0.102778
0 0.483984 0.756250 0.097656 0.290278
0 0.371484 0.094444 0.024219 0.044444
0 0.439453 0.250000 0.044531 0.077778
1 0.196484 0.088194 0.007031 0.026389
1 0.217578 0.064583 0.007031 0.026389
1 0.208984 0.090278 0.008594 0.033333
1 0.233984 0.038194 0.005469 0.023611
3 0.800391 0.727083 0.392969 0.543056
3 0.194141 0.506250 0.388281 0.984722
3 0.655078 0.504861 0.580469 0.968056
3 0.438672 0.497917 0.266406 0.995833
4 0.869141 0.413194 0.061719 0.076389
4 0.688281 0.575000 0.068750 0.133333
4 0.208203 0.249306 0.021094 0.070833
4 0.545312 0.375000 0.020313 0.027778
4 0.535547 0.356944 0.025781 0.027778
4 0.917578 0.350694 0.022656 0.023611
4 0.904687 0.388889 0.057813 0.075000
4 0.767188 0.711111 0.353125 0.575000
4 0.854297 0.427083 0.061719 0.073611
4 0.594922 0.893056 0.030469 0.063889
4 0.554688 0.456250 0.034375 0.040278
4 0.551172 0.425694 0.036719 0.045833
4 0.563672 0.481250 0.038281 0.043056
4 0.603906 0.554861 0.095312 0.079167
4 0.606641 0.797222 0.064844 0.058333
4 0.667188 0.702083 0.039062 0.159722
4 0.133594 0.917361 0.046875 0.134722
4 0.528516 0.341667 0.027344 0.027778
4 0.505469 0.274306 0.028125 0.043056
4 0.544531 0.404167 0.034375 0.044444
4 0.795703 0.468750 0.067969 0.084722
4 0.754297 0.504861 0.075781 0.093056
4 0.221875 0.650694 0.023438 0.068056
4 0.774609 0.486806 0.074219 0.087500
4 0.712109 0.548611 0.072656 0.113889
4 0.524219 0.321528 0.025000 0.026389
4 0.601562 0.842361 0.048438 0.051389
4 0.831250 0.440972 0.068750 0.079167
4 0.472266 0.513889 0.227344 0.969444
4 0.504297 0.276389 0.028906 0.041667
4 0.887500 0.402778 0.059375 0.072222
4 0.613281 0.750694 0.081250 0.068056
4 0.601953 0.631944 0.086719 0.069444
4 0.617578 0.704861 0.102344 0.087500
4 0.592969 0.523611 0.079687 0.091667
4 0.734766 0.523611 0.075781 0.100000
4 0.812891 0.455556 0.071094 0.083333
4 0.675000 0.625000 0.060937 0.158333
5 0.742188 0.652083 0.407813 0.623611
7 0.661328 0.506944 0.572656 0.916667
