0 0.236458 0.254630 0.006250 0.007407
0 0.222656 0.296759 0.011979 0.017593
0 0.499740 0.385648 0.019271 0.023148
0 0.176823 0.283796 0.018229 0.045370
0 0.392448 0.353241 0.016146 0.019444
0 0.359896 0.306019 0.012500 0.019444
0 0.210677 0.282870 0.010937 0.015741
0 0.411458 0.366667 0.016667 0.022222
0 0.974479 0.955556 0.050000 0.081481
0 0.337240 0.396759 0.018229 0.023148
0 0.208594 0.346759 0.015104 0.021296
0 0.261198 0.260648 0.008854 0.013889
0 0.359115 0.430556 0.021354 0.031481
0 0.783073 0.648148 0.034896 0.040741
0 0.196094 0.288889 0.010937 0.018519
0 0.178125 0.375463 0.017708 0.026852
0 0.375521 0.363889 0.015625 0.018519
0 0.976562 0.808796 0.045833 0.075000
0 0.350000 0.463426 0.023958 0.037963
0 0.517708 0.689815 0.043750 0.075926
0 0.313281 0.305556 0.014063 0.018519
0 0.248698 0.297685 0.014063 0.023148
0 0.248958 0.368056 0.016667 0.025000
0 0.672396 0.932870 0.052083 0.084259
0 0.697135 0.495833 0.069271 0.073148
0 0.217188 0.321759 0.013542 0.023148
0 0.454948 0.375926 0.018229 0.020370
0 0.291406 0.364815 0.029687 0.062963
0 0.352865 0.327778 0.017188 0.040741
0 0.985156 0.868056 0.028646 0.102778
0 0.619792 0.496759 0.035417 0.054630
0 0.523438 0.466667 0.019792 0.027778
0 0.347135 0.299537 0.011979 0.017593
0 0.875781 0.585648 0.041146 0.043519
0 0.439583 0.390278 0.017708 0.021296
0 0.638802 0.531481 0.071354 0.122222
0 0.395052 0.375463 0.018229 0.025000
0 0.300260 0.281019 0.009896 0.015741
0 0.388021 0.460185 0.020833 0.029630
0 0.470573 0.416667 0.021354 0.025926
0 0.656510 0.564815 0.035937 0.053704
0 0.409115 0.338426 0.018229 0.025000
0 0.811458 0.562500 0.036458 0.039815
0 0.265885 0.328241 0.024479 0.039815
0 0.296354 0.437500 0.020833 0.041667
3 0.609375 0.625463 0.714583 0.730556
3 0.110677 0.435185 0.221354 0.368519
3 0.545052 0.661574 0.640104 0.667593
4 0.911198 0.867130 0.016146 0.019444
4 0.416667 0.708333 0.316667 0.581481
4 0.863542 0.821759 0.016667 0.015741
4 0.892448 0.783796 0.015104 0.015741
4 0.579948 0.867130 0.011979 0.021296
4 0.727604 0.979167 0.015625 0.021296
4 0.610677 0.917593 0.014063 0.024074
4 0.935937 0.822685 0.020833 0.019444
5 0.911198 0.867130 0.016146 0.017593
5 0.437500 0.641204 0.008333 0.012037
5 0.644271 0.973611 0.013542 0.023148
5 0.416667 0.708333 0.316667 0.581481
5 0.863802 0.821759 0.016146 0.015741
5 0.489583 0.722222 0.011458 0.016667
5 0.892448 0.783796 0.015104 0.015741
5 0.579948 0.867593 0.011979 0.020370
5 0.727604 0.979167 0.015625 0.021296
5 0.422656 0.617593 0.007812 0.011111
5 0.852344 0.750000 0.009896 0.011111
5 0.823698 0.781481 0.009896 0.011111
5 0.757292 0.718519 0.010417 0.012963
5 0.552344 0.823148 0.011979 0.020370
5 0.179948 0.036574 0.013021 0.036111
5 0.789323 0.748611 0.010937 0.013889
5 0.610417 0.917593 0.013542 0.024074
5 0.936198 0.822685 0.020313 0.019444
