0 0.641146 0.303241 0.040625 0.050926
0 0.861719 0.388426 0.050521 0.073148
0 0.438281 0.386574 0.081771 0.093519
0 0.784115 0.873148 0.258854 0.246296
0 0.190365 0.133796 0.019271 0.019444
0 0.753125 0.360185 0.057292 0.061111
0 0.711198 0.328241 0.068229 0.060185
0 0.460417 0.210185 0.061458 0.048148
0 0.364323 0.964352 0.102604 0.069444
0 0.808073 0.371759 0.041146 0.065741
3 0.263542 0.594444 0.352083 0.800000
3 0.499479 0.600000 0.823958 0.788889
3 0.505729 0.325926 0.494792 0.301852
4 0.499219 0.434259 0.040104 0.033333
4 0.288802 0.398611 0.017188 0.036111
4 0.557813 0.406019 0.025000 0.023148
4 0.215104 0.423611 0.011458 0.032407
4 0.626302 0.401389 0.034896 0.030556
4 0.323437 0.341204 0.181250 0.243519
5 0.499219 0.433796 0.039062 0.032407
5 0.288542 0.398148 0.016667 0.035185
5 0.557552 0.406019 0.023438 0.021296
5 0.215104 0.423148 0.011458 0.031481
5 0.509635 0.445370 0.020313 0.014815
5 0.626823 0.401389 0.032813 0.028704
5 0.322917 0.340741 0.178125 0.242593
