0 0.519531 0.590278 0.042188 0.100000
0 0.583984 0.411111 0.038281 0.038889
0 0.598437 0.452083 0.031250 0.051389
0 0.544141 0.402778 0.024219 0.025000
0 0.569922 0.509722 0.035156 0.080556
0 0.659375 0.663194 0.093750 0.190278
0 0.526172 0.538889 0.047656 0.113889
0 0.729297 0.867361 0.121094 0.190278
0 0.226953 0.864583 0.091406 0.170833
0 0.490625 0.324306 0.029687 0.051389
0 0.567578 0.477083 0.038281 0.054167
0 0.504297 0.409028 0.027344 0.048611
0 0.456250 0.477083 0.037500 0.068056
0 0.968750 0.623611 0.060937 0.219444
0 0.598047 0.713889 0.058594 0.147222
0 0.192578 0.979167 0.125781 0.038889
0 0.455469 0.418056 0.050000 0.125000
0 0.512891 0.505556 0.036719 0.077778
0 0.357031 0.763889 0.176563 0.427778
0 0.531250 0.434722 0.023438 0.044444
0 0.809375 0.495833 0.048438 0.050000
0 0.572266 0.374306 0.022656 0.029167
0 0.554297 0.365972 0.019531 0.031944
0 0.464062 0.509722 0.034375 0.050000
0 0.461328 0.577083 0.046094 0.095833
0 0.588281 0.555556 0.053125 0.097222
0 0.750391 0.625000 0.019531 0.077778
0 0.553516 0.340278 0.017969 0.022222
0 0.388281 0.504861 0.103125 0.148611
0 0.598828 0.490972 0.028906 0.029167
0 0.521875 0.370833 0.018750 0.033333
0 0.900391 0.518056 0.074219 0.075000
0 0.452734 0.638889 0.021094 0.097222
0 0.550391 0.452083 0.027344 0.056944
0 0.508594 0.456944 0.040625 0.066667
0 0.466406 0.352083 0.023438 0.026389
0 0.498047 0.834722 0.088281 0.180556
0 0.530469 0.671528 0.064062 0.120833
0 0.644922 0.568750 0.060156 0.062500
0 0.626953 0.513889 0.042969 0.058333
0 0.537500 0.933333 0.115625 0.130556
0 0.842578 0.477083 0.042969 0.056944
3 0.497266 0.729167 0.699219 0.538889
4 0.773828 0.840972 0.135156 0.315278
4 0.578125 0.614583 0.006250 0.018056
4 0.725391 0.732639 0.233594 0.531944
4 0.472266 0.709722 0.007031 0.030556
4 0.344922 0.988194 0.017969 0.020833
4 0.619141 0.913889 0.027344 0.169444
5 0.472266 0.709722 0.007031 0.030556
5 0.773047 0.840972 0.133594 0.315278
5 0.578125 0.614583 0.006250 0.018056
5 0.344922 0.988194 0.017969 0.020833
5 0.619141 0.913889 0.027344 0.169444
