0 0.446094 0.453472 0.025000 0.037500
0 0.430469 0.522222 0.031250 0.047222
0 0.616016 0.663889 0.058594 0.111111
0 0.550000 0.372917 0.014063 0.031944
0 0.458203 0.424306 0.016406 0.023611
0 0.448828 0.368750 0.008594 0.015278
0 0.658203 0.576389 0.042969 0.063889
0 0.398438 0.615278 0.050000 0.069444
0 0.440625 0.376389 0.010937 0.013889
0 0.319922 0.595833 0.058594 0.077778
0 0.410156 0.411111 0.015625 0.022222
0 0.411719 0.443056 0.023438 0.027778
0 0.476172 0.356250 0.010156 0.012500
0 0.377734 0.445139 0.021094 0.029167
0 0.283203 0.954861 0.111719 0.087500
0 0.475391 0.386111 0.011719 0.016667
0 0.461328 0.355556 0.007031 0.011111
0 0.489063 0.355556 0.009375 0.013889
0 0.540234 0.438194 0.019531 0.029167
0 0.529687 0.387500 0.014063 0.019444
0 0.422656 0.396528 0.014063 0.018056
3 0.762500 0.690972 0.470313 0.606944
3 0.783203 0.694444 0.432031 0.600000
3 0.230078 0.619444 0.460156 0.472222
3 0.239453 0.680556 0.478906 0.630556
3 0.650000 0.694444 0.257812 0.602778
4 0.627344 0.504861 0.006250 0.009722
4 0.782422 0.629861 0.433594 0.504167
4 0.276953 0.636806 0.014844 0.020833
4 0.385547 0.569444 0.007031 0.013889
4 0.209375 0.736806 0.023438 0.034722
4 0.450391 0.693750 0.136719 0.609722
4 0.578906 0.502083 0.004687 0.009722
4 0.316406 0.730556 0.015625 0.030556
4 0.684766 0.751389 0.019531 0.036111
4 0.371094 0.495139 0.006250 0.009722
4 0.350391 0.527083 0.008594 0.012500
4 0.778516 0.967361 0.032031 0.062500
4 0.358984 0.631250 0.010156 0.020833
4 0.200391 0.636111 0.400781 0.441667
4 0.077734 0.938889 0.049219 0.069444
4 0.931641 0.966667 0.046094 0.063889
4 0.591797 0.534028 0.007031 0.009722
4 0.789453 0.751389 0.024219 0.036111
4 0.610938 0.578472 0.009375 0.015278
4 0.570312 0.691667 0.109375 0.613889
4 0.647656 0.537500 0.007812 0.011111
4 0.236328 0.920833 0.032031 0.063889
4 0.721484 0.648611 0.016406 0.022222
5 0.782422 0.629167 0.433594 0.502778
5 0.589453 0.445833 0.003906 0.005556
5 0.200000 0.636111 0.400000 0.438889
5 0.562109 0.459028 0.003906 0.006944
5 0.627344 0.504861 0.006250 0.009722
5 0.569922 0.477778 0.003906 0.008333
5 0.611719 0.480556 0.004687 0.008333
5 0.276953 0.636806 0.014844 0.020833
5 0.385547 0.569444 0.007031 0.013889
5 0.209766 0.736806 0.022656 0.034722
5 0.450391 0.697222 0.136719 0.602778
5 0.578906 0.502083 0.004687 0.009722
5 0.680078 0.585417 0.005469 0.009722
5 0.077734 0.938889 0.049219 0.069444
5 0.386719 0.472917 0.006250 0.009722
5 0.316406 0.730556 0.015625 0.030556
5 0.684766 0.751389 0.019531 0.036111
5 0.371094 0.495833 0.006250 0.008333
5 0.350391 0.527083 0.008594 0.012500
5 0.778516 0.967361 0.032031 0.062500
5 0.556641 0.444444 0.003906 0.005556
5 0.358984 0.630556 0.010156 0.019444
5 0.418359 0.493056 0.005469 0.008333
5 0.599219 0.460417 0.004687 0.006944
5 0.405078 0.523611 0.005469 0.011111
5 0.931641 0.966667 0.046094 0.063889
5 0.591406 0.534028 0.006250 0.009722
5 0.789453 0.751389 0.024219 0.036111
5 0.610938 0.578472 0.009375 0.015278
5 0.582031 0.432639 0.003125 0.004167
5 0.570703 0.703472 0.108594 0.590278
5 0.647656 0.537500 0.007812 0.011111
5 0.235937 0.920139 0.031250 0.062500
5 0.721484 0.648611 0.016406 0.022222
