0 0.383984 0.660417 0.057031 0.081944
0 0.491797 0.351389 0.007031 0.011111
0 0.446094 0.370139 0.009375 0.015278
0 0.526953 0.385417 0.013281 0.015278
0 0.572266 0.389583 0.011719 0.018056
0 0.543359 0.376389 0.010156 0.016667
0 0.426953 0.422222 0.019531 0.025000
0 0.463672 0.418750 0.016406 0.023611
0 0.669922 0.465278 0.082031 0.158333
0 0.477734 0.355556 0.007031 0.011111
0 0.600000 0.425694 0.017188 0.020833
0 0.026562 0.913194 0.053125 0.118056
0 0.444531 0.395833 0.012500 0.019444
0 0.593359 0.565278 0.041406 0.063889
0 0.422656 0.397222 0.014063 0.019444
0 0.535937 0.434722 0.020313 0.033333
0 0.555078 0.479167 0.024219 0.038889
0 0.482031 0.372222 0.010937 0.016667
0 0.406641 0.411111 0.017969 0.022222
0 0.559375 0.374306 0.010937 0.015278
0 0.567969 0.425694 0.017188 0.023611
0 0.283203 0.556944 0.047656 0.061111
0 0.466016 0.369444 0.010156 0.013889
0 0.473438 0.390278 0.014063 0.022222
0 0.441797 0.465278 0.025781 0.033333
0 0.520703 0.360417 0.008594 0.012500
0 0.297656 0.636111 0.067187 0.088889
0 0.397266 0.450000 0.025781 0.030556
0 0.307422 0.936806 0.111719 0.123611
0 0.584375 0.404861 0.015625 0.020833
0 0.391797 0.479167 0.025781 0.036111
0 0.469531 0.340278 0.014063 0.030556
3 0.794922 0.647222 0.408594 0.475000
3 0.762500 0.693056 0.473438 0.602778
3 0.219922 0.613194 0.439844 0.470833
3 0.240625 0.701389 0.473438 0.588889
4 0.805469 0.658333 0.387500 0.447222
4 0.350781 0.526389 0.007812 0.011111
4 0.433203 0.709722 0.102344 0.577778
4 0.611328 0.480556 0.005469 0.008333
4 0.209766 0.736806 0.024219 0.034722
4 0.316406 0.730556 0.015625 0.030556
4 0.077734 0.938889 0.049219 0.069444
4 0.405078 0.523611 0.005469 0.011111
4 0.385547 0.569444 0.007031 0.013889
4 0.371094 0.495139 0.006250 0.009722
4 0.218359 0.616667 0.436719 0.475000
4 0.359375 0.630556 0.010937 0.019444
4 0.778516 0.967361 0.032031 0.062500
4 0.677344 0.581944 0.010937 0.013889
4 0.627344 0.504861 0.006250 0.006944
4 0.647656 0.537500 0.007812 0.011111
4 0.320312 0.572222 0.009375 0.013889
4 0.931641 0.966667 0.046094 0.063889
4 0.638672 0.643750 0.011719 0.023611
4 0.789453 0.751389 0.024219 0.036111
4 0.569922 0.696528 0.110156 0.604167
4 0.684766 0.751389 0.019531 0.036111
4 0.578906 0.502083 0.004687 0.009722
4 0.235937 0.920833 0.031250 0.063889
4 0.721094 0.648611 0.015625 0.022222
5 0.350391 0.526389 0.007031 0.011111
5 0.599219 0.461111 0.004687 0.005556
5 0.433594 0.709722 0.103125 0.577778
5 0.805469 0.657639 0.387500 0.445833
5 0.627734 0.504861 0.005469 0.006944
5 0.853125 0.711806 0.292187 0.337500
5 0.405078 0.523611 0.005469 0.011111
5 0.611328 0.480556 0.005469 0.008333
5 0.209766 0.737500 0.024219 0.033333
5 0.077734 0.938889 0.049219 0.069444
5 0.778516 0.967361 0.032031 0.062500
5 0.316406 0.730556 0.015625 0.030556
5 0.569531 0.478472 0.004687 0.006944
5 0.385547 0.569444 0.007031 0.013889
5 0.371094 0.495833 0.006250 0.008333
5 0.218750 0.615972 0.437500 0.476389
5 0.358984 0.630556 0.010156 0.019444
5 0.677344 0.581944 0.010937 0.013889
5 0.589844 0.445833 0.003125 0.005556
5 0.319922 0.572222 0.008594 0.013889
5 0.647656 0.537500 0.007812 0.011111
5 0.418359 0.493056 0.005469 0.008333
5 0.931641 0.966667 0.046094 0.063889
5 0.590234 0.529861 0.005469 0.006944
5 0.789453 0.751389 0.024219 0.036111
5 0.638672 0.643750 0.011719 0.023611
5 0.684766 0.751389 0.019531 0.036111
5 0.578906 0.502083 0.004687 0.009722
5 0.569922 0.697222 0.110156 0.602778
5 0.235937 0.920833 0.031250 0.063889
5 0.721094 0.648611 0.015625 0.022222
