0 0.426953 0.407639 0.011719 0.009722
0 0.321875 0.598611 0.059375 0.077778
0 0.549609 0.354167 0.010156 0.016667
0 0.414844 0.543750 0.037500 0.065278
0 0.489453 0.356944 0.010156 0.011111
0 0.467578 0.352778 0.008594 0.011111
0 0.640234 0.560417 0.042969 0.062500
0 0.528516 0.388194 0.014844 0.020833
0 0.792578 0.797917 0.097656 0.151389
0 0.470313 0.363194 0.009375 0.012500
0 0.562109 0.372917 0.010156 0.015278
0 0.450391 0.384028 0.011719 0.018056
0 0.464453 0.411806 0.016406 0.020833
0 0.041797 0.902083 0.083594 0.179167
0 0.414453 0.403472 0.013281 0.020833
0 0.644531 0.473611 0.026562 0.036111
0 0.458984 0.375000 0.010156 0.016667
0 0.522266 0.371528 0.010156 0.015278
0 0.431250 0.384028 0.012500 0.015278
0 0.598828 0.425694 0.016406 0.023611
0 0.542188 0.341667 0.007812 0.013889
0 0.575781 0.388194 0.015625 0.031944
0 0.365234 0.728472 0.063281 0.095833
0 0.389062 0.435417 0.057813 0.065278
0 0.551172 0.395139 0.013281 0.018056
0 0.475391 0.383333 0.011719 0.016667
0 0.478516 0.354167 0.008594 0.011111
0 0.541406 0.429861 0.018750 0.026389
0 0.479687 0.372222 0.009375 0.013889
0 0.448437 0.369444 0.009375 0.013889
0 0.458984 0.438889 0.019531 0.025000
0 0.539062 0.363194 0.009375 0.012500
0 0.603906 0.477778 0.023438 0.036111
0 0.426953 0.425000 0.019531 0.025000
0 0.137109 0.927778 0.142969 0.141667
3 0.764062 0.701389 0.470313 0.588889
3 0.205469 0.604167 0.410938 0.408333
3 0.238672 0.695833 0.477344 0.600000
3 0.647266 0.692361 0.252344 0.606944
3 0.332031 0.713194 0.284375 0.570833
4 0.591797 0.534028 0.007031 0.009722
4 0.627344 0.504861 0.006250 0.009722
4 0.276953 0.636111 0.014844 0.022222
4 0.434766 0.706944 0.105469 0.583333
4 0.570312 0.477778 0.004687 0.008333
4 0.067578 0.952083 0.027344 0.045833
4 0.385937 0.569444 0.007812 0.013889
4 0.931641 0.967361 0.046094 0.062500
4 0.316406 0.730556 0.015625 0.030556
4 0.610938 0.578472 0.009375 0.015278
4 0.386719 0.472917 0.006250 0.006944
4 0.371094 0.495833 0.006250 0.008333
4 0.418359 0.494444 0.005469 0.008333
4 0.358984 0.630556 0.010156 0.019444
4 0.219531 0.610417 0.371875 0.401389
4 0.778516 0.967361 0.032031 0.062500
4 0.792969 0.643056 0.412500 0.477778
4 0.350000 0.527778 0.007812 0.011111
4 0.209766 0.737500 0.024219 0.033333
4 0.677344 0.581944 0.010937 0.013889
4 0.578906 0.502083 0.004687 0.009722
4 0.684766 0.750694 0.019531 0.037500
4 0.638672 0.643056 0.011719 0.022222
4 0.398828 0.454861 0.003906 0.006944
4 0.571094 0.704167 0.107813 0.588889
4 0.236328 0.920833 0.032031 0.063889
4 0.721094 0.649306 0.015625 0.020833
5 0.217969 0.612500 0.368750 0.397222
5 0.556641 0.444444 0.003906 0.005556
5 0.591797 0.534028 0.007031 0.009722
5 0.778516 0.967361 0.032031 0.062500
5 0.408594 0.440278 0.004687 0.005556
5 0.627344 0.504167 0.006250 0.008333
5 0.276953 0.636111 0.014844 0.022222
5 0.433984 0.709028 0.103906 0.579167
5 0.569922 0.477778 0.003906 0.008333
5 0.067578 0.952778 0.027344 0.044444
5 0.385937 0.569444 0.007812 0.013889
5 0.931641 0.967361 0.046094 0.062500
5 0.316406 0.730556 0.015625 0.030556
5 0.610938 0.578472 0.009375 0.015278
5 0.386719 0.472917 0.006250 0.006944
5 0.371094 0.495833 0.006250 0.008333
5 0.358984 0.630556 0.010156 0.019444
5 0.417969 0.494444 0.004687 0.008333
5 0.793359 0.643056 0.411719 0.477778
5 0.427344 0.472222 0.004687 0.008333
5 0.350391 0.527778 0.007031 0.011111
5 0.209766 0.737500 0.024219 0.033333
5 0.677344 0.581944 0.010937 0.013889
5 0.578906 0.501389 0.004687 0.008333
5 0.684766 0.750694 0.019531 0.037500
5 0.638672 0.643056 0.011719 0.022222
5 0.398828 0.454861 0.003906 0.006944
5 0.570703 0.703472 0.108594 0.590278
5 0.562109 0.459028 0.003906 0.006944
5 0.236328 0.920833 0.032031 0.063889
5 0.721484 0.649306 0.014844 0.020833
