0 0.344922 0.306944 0.046094 0.105556
0 0.235156 0.400694 0.064062 0.104167
0 0.303516 0.525694 0.072656 0.159722
0 0.394531 0.134722 0.029687 0.047222
0 0.373828 0.099306 0.027344 0.045833
0 0.369922 0.067361 0.019531 0.029167
0 0.335938 0.130556 0.025000 0.041667
0 0.239453 0.156944 0.028906 0.055556
0 0.325781 0.069444 0.017188 0.030556
0 0.893750 0.559722 0.101562 0.147222
0 0.292187 0.019444 0.014063 0.016667
0 0.488281 0.484722 0.054688 0.127778
0 0.098047 0.737500 0.125781 0.219444
0 0.322656 0.038194 0.015625 0.029167
0 0.341406 0.193056 0.031250 0.058333
0 0.352344 0.027083 0.015625 0.026389
0 0.291016 0.066667 0.022656 0.047222
0 0.451172 0.243750 0.039844 0.081944
0 0.410156 0.169444 0.031250 0.050000
0 0.467187 0.361111 0.050000 0.102778
0 0.317578 0.021528 0.013281 0.023611
0 0.499609 0.713889 0.082031 0.225000
0 0.358984 0.045833 0.017969 0.027778
0 0.346094 0.016667 0.014063 0.022222
3 0.800391 0.727083 0.392969 0.543056
3 0.491797 0.642361 0.160156 0.704167
3 0.194531 0.501389 0.389062 0.994444
3 0.661328 0.519444 0.571094 0.936111
3 0.455469 0.515278 0.235937 0.961111
4 0.222656 0.648611 0.023438 0.069444
4 0.688672 0.576389 0.069531 0.136111
4 0.774219 0.486806 0.073438 0.087500
4 0.535156 0.358333 0.025000 0.027778
4 0.917188 0.351389 0.023438 0.022222
4 0.905078 0.389583 0.058594 0.079167
4 0.759766 0.716667 0.339844 0.563889
4 0.854297 0.427778 0.061719 0.072222
4 0.594922 0.893056 0.030469 0.063889
4 0.268359 0.494444 0.014844 0.044444
4 0.297656 0.391667 0.009375 0.030556
4 0.544922 0.404167 0.033594 0.044444
4 0.555859 0.465972 0.035156 0.062500
4 0.593359 0.529861 0.080469 0.081944
4 0.887109 0.404167 0.058594 0.072222
4 0.667188 0.701389 0.040625 0.161111
4 0.526953 0.338194 0.028906 0.043056
4 0.316016 0.264583 0.003906 0.018056
4 0.795703 0.470139 0.067969 0.084722
4 0.754297 0.506250 0.077344 0.093056
4 0.312109 0.320139 0.005469 0.023611
4 0.541797 0.377778 0.027344 0.033333
4 0.711328 0.548611 0.074219 0.116667
4 0.315625 0.223611 0.003125 0.016667
4 0.133594 0.917361 0.046875 0.134722
4 0.604297 0.555556 0.097656 0.083333
4 0.601562 0.841667 0.048438 0.050000
4 0.831641 0.441667 0.067969 0.077778
4 0.560937 0.470139 0.043750 0.068056
4 0.551172 0.425694 0.036719 0.045833
4 0.602734 0.632639 0.085156 0.070833
4 0.581641 0.508333 0.063281 0.066667
4 0.606250 0.796528 0.064062 0.056944
4 0.734766 0.525694 0.075781 0.101389
4 0.612891 0.750000 0.083594 0.066667
4 0.868750 0.414583 0.060937 0.076389
4 0.812891 0.456250 0.069531 0.081944
4 0.674609 0.626389 0.061719 0.158333
5 0.222656 0.648611 0.023438 0.069444
5 0.688672 0.576389 0.069531 0.136111
5 0.774219 0.486806 0.073438 0.087500
5 0.535937 0.358333 0.023438 0.027778
5 0.207813 0.251389 0.021875 0.069444
5 0.526172 0.332639 0.030469 0.037500
5 0.917188 0.351389 0.023438 0.022222
5 0.905078 0.389583 0.058594 0.079167
5 0.759375 0.716667 0.337500 0.563889
5 0.853906 0.427778 0.060937 0.072222
5 0.312891 0.161111 0.002344 0.011111
5 0.594922 0.893056 0.030469 0.063889
5 0.268359 0.494444 0.014844 0.044444
5 0.314844 0.189583 0.003125 0.012500
5 0.556250 0.465972 0.035937 0.062500
5 0.593359 0.529167 0.080469 0.080556
5 0.887109 0.404167 0.058594 0.072222
5 0.297656 0.391667 0.009375 0.030556
5 0.667188 0.666667 0.040625 0.091667
5 0.133594 0.917361 0.046875 0.134722
5 0.526563 0.338194 0.028125 0.043056
5 0.311719 0.138194 0.003125 0.009722
5 0.316016 0.264583 0.003906 0.018056
5 0.544922 0.404861 0.033594 0.043056
5 0.795703 0.470139 0.067969 0.084722
5 0.754297 0.506250 0.077344 0.093056
5 0.312109 0.319444 0.005469 0.022222
5 0.542188 0.377778 0.026562 0.033333
5 0.711328 0.548611 0.074219 0.116667
5 0.504687 0.285417 0.028125 0.026389
5 0.315625 0.222917 0.003125 0.015278
5 0.604688 0.554861 0.096875 0.081944
5 0.601562 0.841667 0.048438 0.050000
5 0.831641 0.441667 0.067969 0.077778
5 0.423438 0.540972 0.325000 0.915278
5 0.560937 0.470833 0.043750 0.066667
5 0.551562 0.425694 0.035937 0.045833
5 0.604688 0.631944 0.081250 0.069444
5 0.582422 0.508333 0.061719 0.066667
5 0.606250 0.796528 0.064062 0.056944
5 0.517969 0.309028 0.021875 0.020833
5 0.494531 0.252778 0.029687 0.033333
5 0.734766 0.525694 0.075781 0.101389
5 0.612891 0.750694 0.083594 0.068056
5 0.868750 0.414583 0.060937 0.076389
5 0.812500 0.456250 0.070312 0.081944
5 0.675000 0.626389 0.060937 0.158333
7 0.664453 0.511111 0.569531 0.913889
