0 0.657292 0.384028 0.014583 0.015278
0 0.473958 0.504861 0.033333 0.023611
0 0.026562 0.416667 0.013542 0.011111
0 0.604167 0.406250 0.012500 0.015278
0 0.581250 0.420833 0.010417 0.016667
0 0.308333 0.422917 0.018750 0.015278
0 0.726042 0.685417 0.052083 0.043056
0 0.232813 0.400694 0.011458 0.009722
0 0.828125 0.725694 0.056250 0.034722
0 0.459375 0.413194 0.022917 0.018056
0 0.231771 0.411111 0.011458 0.011111
0 0.623437 0.395139 0.015625 0.015278
0 0.619271 0.613194 0.128125 0.101389
0 0.304688 0.712500 0.021875 0.033333
4 0.515625 0.597917 0.012500 0.215278
4 0.508333 0.559722 0.310417 0.041667
4 0.721875 0.631250 0.018750 0.009722
4 0.784896 0.659722 0.021875 0.011111
4 0.559375 0.671528 0.077083 0.081944
4 0.432812 0.645833 0.178125 0.133333
5 0.515104 0.597917 0.011458 0.215278
5 0.511458 0.561806 0.318750 0.037500
5 0.721875 0.631250 0.018750 0.009722
5 0.525000 0.595139 0.008333 0.006944
5 0.801042 0.827083 0.318750 0.168056
5 0.477604 0.627778 0.009375 0.008333
5 0.494271 0.616667 0.009375 0.008333
5 0.784375 0.659722 0.020833 0.011111
5 0.559896 0.670833 0.076042 0.080556
5 0.354167 0.761806 0.056250 0.034722
5 0.432812 0.645833 0.178125 0.133333
5 0.460417 0.640278 0.010417 0.008333
5 0.653125 0.568056 0.039583 0.041667
5 0.402604 0.551389 0.117708 0.075000
5 0.792708 0.638889 0.022917 0.011111
5 0.403125 0.677083 0.012500 0.009722
5 0.509375 0.606250 0.008333 0.006944
5 0.589583 0.517361 0.156250 0.059722
5 0.732812 0.613194 0.019792 0.009722
