0 0.819922 0.350000 0.057031 0.086111
0 0.528906 0.708333 0.059375 0.063889
0 0.446484 0.484028 0.033594 0.059722
0 0.549609 0.503472 0.049219 0.070833
0 0.549219 0.445833 0.043750 0.055556
0 0.591406 0.389583 0.026562 0.065278
0 0.614062 0.417361 0.034375 0.037500
0 0.505859 0.358333 0.028906 0.052778
0 0.642969 0.712500 0.096875 0.194444
0 0.888281 0.856250 0.073438 0.195833
0 0.610547 0.464583 0.038281 0.059722
0 0.484375 0.539583 0.053125 0.095833
0 0.555469 0.551389 0.059375 0.100000
0 0.941797 0.563889 0.114844 0.388889
0 0.575000 0.364583 0.021875 0.048611
0 0.075000 0.869444 0.150000 0.258333
0 0.517969 0.824306 0.101562 0.201389
0 0.546875 0.699306 0.082812 0.126389
0 0.239453 0.853472 0.157031 0.218056
0 0.486719 0.459722 0.045312 0.058333
0 0.504687 0.425000 0.031250 0.052778
0 0.406250 0.777778 0.107813 0.191667
0 0.439844 0.701389 0.079687 0.113889
0 0.982812 0.362500 0.032813 0.061111
0 0.593359 0.341667 0.016406 0.036111
0 0.863672 0.550000 0.047656 0.072222
0 0.370703 0.570139 0.041406 0.079167
0 0.646875 0.510417 0.043750 0.068056
0 0.474219 0.907639 0.087500 0.181944
0 0.428125 0.524306 0.054688 0.054167
0 0.279687 0.666667 0.175000 0.244444
0 0.989453 0.794444 0.019531 0.136111
0 0.809375 0.505556 0.029687 0.063889
0 0.559766 0.547917 0.053906 0.106944
0 0.542969 0.354861 0.039062 0.081944
0 0.873437 0.470833 0.035937 0.083333
0 0.834766 0.619444 0.050781 0.080556
0 0.636328 0.901389 0.116406 0.188889
0 0.502344 0.496528 0.037500 0.059722
0 0.623828 0.338889 0.021094 0.027778
0 0.540234 0.613194 0.080469 0.104167
0 0.609375 0.375000 0.018750 0.041667
0 0.545312 0.967361 0.156250 0.062500
0 0.639062 0.593750 0.062500 0.045833
0 0.573047 0.422222 0.032031 0.050000
0 0.330078 0.884722 0.105469 0.194444
0 0.773438 0.431250 0.051562 0.104167
0 0.656641 0.463889 0.052344 0.052778
0 0.654687 0.413889 0.046875 0.058333
0 0.441406 0.595833 0.067187 0.108333
0 0.346875 0.935417 0.096875 0.126389
0 0.873047 0.586806 0.027344 0.095833
1 0.400391 0.552778 0.021094 0.050000
1 0.358203 0.947222 0.016406 0.061111
1 0.155078 0.725000 0.027344 0.058333
1 0.179297 0.749306 0.024219 0.062500
1 0.153906 0.777778 0.031250 0.077778
1 0.153125 0.830556 0.032813 0.183333
3 0.407813 0.725694 0.512500 0.545833
3 0.897656 0.694444 0.203125 0.608333
