0 0.628125 0.384259 0.066667 0.087037
0 0.547917 0.877778 0.342708 0.242593
1 0.742969 0.407870 0.011979 0.062037
1 0.246875 0.302778 0.005208 0.025926
3 0.728646 0.711574 0.357292 0.521296
3 0.184635 0.772685 0.196354 0.445370
3 0.500260 0.616667 0.824479 0.759259
4 0.424479 0.469444 0.016667 0.037037
4 0.434115 0.307407 0.009896 0.016667
4 0.465365 0.364815 0.014063 0.024074
4 0.391667 0.371296 0.009375 0.024074
4 0.189062 0.681944 0.126042 0.036111
4 0.682031 0.425000 0.029687 0.029630
5 0.861979 0.518056 0.103125 0.087963
5 0.170833 0.795370 0.169792 0.403704
5 0.418750 0.530556 0.404167 0.220370
7 0.861979 0.518056 0.103125 0.087963
7 0.383333 0.537500 0.475000 0.234259
7 0.171094 0.796759 0.169271 0.404630
