0 0.503125 0.368981 0.020833 0.025000
0 0.533333 0.321296 0.015625 0.024074
0 0.177083 0.403704 0.063542 0.037037
0 0.502604 0.349074 0.018750 0.018519
0 0.913021 0.959259 0.060417 0.079630
0 0.891667 0.429167 0.069792 0.043519
0 0.466146 0.370833 0.019792 0.021296
0 0.737500 0.671296 0.082292 0.101852
0 0.525000 0.268519 0.009375 0.012963
0 0.301823 0.428241 0.060937 0.041667
0 0.361719 0.415278 0.073438 0.043519
0 0.184115 0.412963 0.052604 0.038889
0 0.575260 0.303704 0.029687 0.022222
0 0.540625 0.351389 0.018750 0.026852
0 0.580208 0.509259 0.042708 0.077778
0 0.503385 0.509259 0.035937 0.055556
0 0.539583 0.282407 0.008333 0.022222
0 0.734115 0.315278 0.020313 0.013889
3 0.749479 0.663889 0.386458 0.664815
3 0.543490 0.701852 0.173437 0.594444
3 0.244792 0.664352 0.376042 0.669444
3 0.673438 0.665278 0.268750 0.667593
4 0.257031 0.680093 0.022396 0.047222
4 0.610677 0.506944 0.008854 0.015741
4 0.253906 0.500926 0.011979 0.012963
4 0.675521 0.525000 0.022917 0.009259
4 0.822917 0.429630 0.036458 0.027778
4 0.471875 0.499074 0.011458 0.014815
4 0.439063 0.498148 0.012500 0.016667
4 0.311458 0.559259 0.012500 0.025926
4 0.800000 0.940741 0.056250 0.116667
4 0.919792 0.887500 0.046875 0.067593
4 0.622656 0.567130 0.013021 0.025000
4 0.679688 0.691204 0.026042 0.052778
4 0.147917 0.931019 0.046875 0.104630
4 0.696094 0.566204 0.018229 0.025000
4 0.784375 0.692130 0.012500 0.021296
4 0.600000 0.772222 0.123958 0.453704
4 0.543229 0.503704 0.011458 0.016667
4 0.581510 0.357870 0.014063 0.025000
4 0.762760 0.515278 0.017188 0.017593
4 0.387760 0.497685 0.010937 0.015741
4 0.753125 0.529167 0.034375 0.010185
5 0.822396 0.429630 0.035417 0.027778
5 0.610677 0.506944 0.008854 0.015741
5 0.253906 0.500926 0.011979 0.012963
5 0.675521 0.525000 0.022917 0.009259
5 0.830469 0.470833 0.022396 0.010185
5 0.472135 0.499074 0.010937 0.014815
5 0.439063 0.498148 0.012500 0.016667
5 0.402344 0.392130 0.006771 0.008333
5 0.800000 0.940741 0.056250 0.116667
5 0.421094 0.392593 0.007812 0.009259
5 0.919792 0.887963 0.046875 0.066667
5 0.455990 0.756944 0.021354 0.484259
5 0.622396 0.567130 0.012500 0.025000
5 0.679688 0.691204 0.025000 0.050926
5 0.147917 0.931019 0.046875 0.104630
5 0.257031 0.679630 0.022396 0.046296
5 0.311458 0.559259 0.012500 0.025926
5 0.695833 0.565741 0.017708 0.024074
5 0.601562 0.396296 0.008333 0.011111
5 0.784375 0.692593 0.012500 0.020370
5 0.599740 0.772222 0.124479 0.453704
5 0.543490 0.503241 0.010937 0.015741
5 0.505729 0.544907 0.006250 0.010185
5 0.581510 0.357870 0.014063 0.025000
5 0.762760 0.515278 0.017188 0.017593
5 0.387760 0.497685 0.010937 0.015741
5 0.753125 0.529167 0.033333 0.010185
