0 0.643229 0.302778 0.037500 0.048148
0 0.622656 0.293056 0.050521 0.041667
0 0.862500 0.389815 0.050000 0.068519
0 0.437240 0.386111 0.080729 0.092593
0 0.779427 0.914815 0.166146 0.168519
0 0.439323 0.205093 0.024479 0.037963
0 0.753906 0.358796 0.060937 0.065741
0 0.707031 0.324537 0.064062 0.050926
0 0.470573 0.211111 0.045312 0.042593
0 0.514062 0.900463 0.305208 0.197222
0 0.723958 0.339352 0.063542 0.060185
0 0.809635 0.373148 0.039062 0.061111
3 0.584635 0.612963 0.655729 0.761111
3 0.350521 0.597685 0.528125 0.795370
4 0.498958 0.432870 0.039583 0.036111
4 0.288802 0.400926 0.015104 0.029630
4 0.214583 0.422685 0.009375 0.032407
4 0.561719 0.410185 0.032813 0.029630
4 0.325000 0.341204 0.178125 0.236111
4 0.622917 0.398148 0.039583 0.029630
5 0.499479 0.432870 0.036458 0.034259
5 0.288802 0.400926 0.015104 0.029630
5 0.214583 0.422685 0.009375 0.032407
5 0.090104 0.285648 0.007292 0.034259
5 0.561719 0.410185 0.031771 0.027778
5 0.509375 0.444907 0.018750 0.013889
5 0.497917 0.433333 0.041667 0.035185
5 0.324740 0.340741 0.176563 0.235185
5 0.623177 0.397685 0.039062 0.028704
