0 0.026562 0.416667 0.015625 0.011111
0 0.655729 0.386111 0.013542 0.013889
0 0.673958 0.480556 0.035417 0.050000
0 0.683854 0.740278 0.065625 0.047222
0 0.410938 0.477083 0.030208 0.020833
0 0.343229 0.398611 0.017708 0.019444
0 0.329688 0.432639 0.017708 0.012500
0 0.056250 0.415278 0.016667 0.011111
0 0.408333 0.503472 0.027083 0.020833
0 0.539583 0.616667 0.045833 0.033333
0 0.701562 0.465278 0.017708 0.019444
0 0.523958 0.687500 0.058333 0.036111
0 0.431250 0.472917 0.025000 0.020833
0 0.270833 0.413194 0.018750 0.020833
0 0.335938 0.457639 0.021875 0.015278
0 0.667708 0.467361 0.014583 0.015278
0 0.115104 0.413889 0.021875 0.011111
0 0.604167 0.406944 0.012500 0.013889
0 0.460417 0.412500 0.020833 0.019444
0 0.523958 0.477083 0.031250 0.015278
0 0.498437 0.518750 0.032292 0.023611
0 0.623958 0.395139 0.014583 0.015278
0 0.645312 0.490972 0.019792 0.018056
0 0.581250 0.420139 0.010417 0.015278
4 0.514583 0.580556 0.010417 0.180556
4 0.561458 0.609722 0.025000 0.025000
4 0.584375 0.599306 0.027083 0.018056
4 0.507812 0.560417 0.309375 0.043056
4 0.814583 0.835417 0.314583 0.162500
4 0.477604 0.627778 0.009375 0.008333
4 0.451042 0.536111 0.018750 0.019444
4 0.494271 0.616667 0.009375 0.008333
4 0.784896 0.659722 0.021875 0.011111
4 0.460417 0.640278 0.010417 0.008333
4 0.605729 0.643056 0.021875 0.013889
4 0.419792 0.638194 0.152083 0.118056
4 0.722396 0.631944 0.019792 0.011111
4 0.426042 0.589583 0.164583 0.198611
4 0.622917 0.621528 0.016667 0.012500
4 0.792708 0.638889 0.022917 0.011111
4 0.606250 0.588194 0.133333 0.181944
4 0.591146 0.519444 0.159375 0.061111
4 0.733333 0.613194 0.018750 0.009722
4 0.354687 0.761806 0.057292 0.034722
5 0.514583 0.580556 0.010417 0.180556
5 0.561458 0.609722 0.025000 0.025000
5 0.584375 0.599306 0.027083 0.018056
5 0.507812 0.560417 0.309375 0.043056
5 0.814583 0.835417 0.314583 0.162500
5 0.477604 0.627778 0.009375 0.008333
5 0.451042 0.536111 0.018750 0.019444
5 0.494271 0.616667 0.009375 0.008333
5 0.784896 0.659722 0.021875 0.011111
5 0.460417 0.640278 0.010417 0.008333
5 0.605729 0.643056 0.021875 0.013889
5 0.419792 0.638194 0.152083 0.118056
5 0.722396 0.631944 0.019792 0.011111
5 0.426042 0.589583 0.164583 0.198611
5 0.622917 0.621528 0.016667 0.012500
5 0.792708 0.638889 0.022917 0.011111
5 0.606250 0.588194 0.133333 0.181944
5 0.591146 0.519444 0.159375 0.061111
5 0.733333 0.613194 0.018750 0.009722
5 0.354687 0.761806 0.057292 0.034722
