0 0.558594 0.590972 0.056250 0.073611
0 0.613672 0.427778 0.039844 0.038889
0 0.487500 0.757639 0.095312 0.170833
0 0.573438 0.602083 0.075000 0.065278
0 0.530859 0.476389 0.027344 0.038889
0 0.562891 0.370833 0.025781 0.050000
0 0.576172 0.478472 0.049219 0.079167
0 0.783203 0.369444 0.052344 0.077778
0 0.582422 0.371528 0.039844 0.037500
0 0.555859 0.542361 0.055469 0.068056
0 0.799609 0.865278 0.144531 0.266667
0 0.419141 0.323611 0.038281 0.041667
0 0.702344 0.678472 0.082812 0.101389
0 0.502344 0.495139 0.037500 0.098611
0 0.414453 0.361111 0.041406 0.069444
0 0.673828 0.633333 0.069531 0.083333
0 0.507812 0.458333 0.040625 0.030556
0 0.652734 0.839583 0.117969 0.193056
0 0.380859 0.434722 0.052344 0.061111
0 0.444531 0.606250 0.059375 0.093056
0 0.527734 0.895139 0.128906 0.206944
0 0.613672 0.720833 0.080469 0.141667
0 0.175000 0.859028 0.273438 0.276389
0 0.437891 0.500694 0.057031 0.073611
0 0.553516 0.437500 0.042969 0.047222
0 0.480859 0.655556 0.083594 0.108333
0 0.655469 0.915972 0.093750 0.165278
0 0.504687 0.434028 0.039062 0.056944
0 0.435547 0.556944 0.050781 0.052778
0 0.625391 0.495833 0.057031 0.066667
0 0.635156 0.536111 0.067187 0.097222
0 0.736328 0.747222 0.088281 0.125000
0 0.446484 0.450000 0.066406 0.136111
0 0.523828 0.362500 0.028906 0.038889
0 0.511719 0.395139 0.034375 0.037500
0 0.381250 0.513889 0.054688 0.063889
0 0.350781 0.670139 0.139063 0.245833
0 0.564063 0.502083 0.048438 0.054167
0 0.470703 0.368750 0.049219 0.065278
0 0.907422 0.450000 0.113281 0.086111
0 0.544531 0.325694 0.026562 0.029167
0 0.629297 0.731944 0.074219 0.111111
0 0.519531 0.536806 0.045312 0.081944
0 0.506641 0.844444 0.088281 0.161111
0 0.576953 0.657639 0.072656 0.151389
0 0.541797 0.409028 0.032031 0.040278
0 0.357031 0.872222 0.114062 0.241667
0 0.594922 0.418056 0.036719 0.044444
0 0.365234 0.938194 0.103906 0.120833
0 0.504687 0.405556 0.035937 0.030556
0 0.653516 0.595139 0.077344 0.093056
0 0.447266 0.658333 0.046094 0.116667
1 0.057031 0.685417 0.023438 0.140278
1 0.145703 0.671528 0.024219 0.126389
3 0.165625 0.741667 0.331250 0.513889
3 0.580859 0.768056 0.347656 0.461111
4 0.455859 0.938194 0.008594 0.031944
5 0.455859 0.937500 0.008594 0.030556
