0 0.630729 0.494444 0.010417 0.011111
0 0.179427 0.663889 0.038021 0.051852
0 0.586458 0.475000 0.006250 0.009259
0 0.411198 0.718981 0.092188 0.062037
0 0.447396 0.617130 0.032292 0.045370
0 0.429688 0.573148 0.021875 0.027778
0 0.571354 0.777315 0.050000 0.067593
0 0.429948 0.634722 0.026562 0.028704
0 0.586458 0.493056 0.017708 0.013889
0 0.063542 0.616204 0.030208 0.045370
0 0.311198 0.650463 0.042188 0.052778
0 0.160938 0.670833 0.056250 0.050926
0 0.419271 0.542593 0.023958 0.029630
0 0.064583 0.578241 0.027083 0.030556
0 0.191667 0.613426 0.030208 0.039815
0 0.669531 0.780093 0.055729 0.099074
0 0.327083 0.692130 0.040625 0.050926
0 0.445052 0.678704 0.046354 0.061111
0 0.504167 0.772222 0.046875 0.068519
0 0.110677 0.730093 0.118229 0.075000
0 0.179427 0.582407 0.023438 0.037037
0 0.385677 0.683796 0.046354 0.049074
0 0.288542 0.677315 0.040625 0.054630
0 0.015104 0.693056 0.030208 0.045370
0 0.510417 0.555093 0.017708 0.021296
0 0.401562 0.668056 0.041667 0.036111
0 0.033594 0.744444 0.067187 0.062963
0 0.024219 0.582870 0.013021 0.034259
0 0.445312 0.629167 0.023958 0.032407
0 0.609896 0.484722 0.007292 0.013889
0 0.571354 0.496296 0.011458 0.016667
0 0.448958 0.627315 0.029167 0.034259
0 0.414583 0.649537 0.031250 0.037963
0 0.415365 0.771296 0.051562 0.066667
0 0.542969 0.493519 0.009896 0.012963
0 0.540104 0.524074 0.009375 0.018519
0 0.251563 0.696759 0.041667 0.049074
1 0.258854 0.745833 0.016667 0.071296
3 0.415104 0.765278 0.313542 0.460185
3 0.565885 0.761111 0.406771 0.468519
3 0.266927 0.763426 0.527604 0.463889
3 0.689583 0.764352 0.163542 0.462037
4 0.531250 0.869444 0.006250 0.022222
4 0.420833 0.893981 0.086458 0.210185
4 0.209375 0.737500 0.013542 0.008333
4 0.333594 0.776852 0.016146 0.011111
4 0.126042 0.870833 0.021875 0.021296
4 0.241146 0.736574 0.014583 0.010185
4 0.340625 0.731944 0.014583 0.010185
4 0.308333 0.733796 0.013542 0.008333
4 0.147396 0.950463 0.026042 0.030556
4 0.276042 0.734722 0.015625 0.010185
4 0.278385 0.798611 0.013021 0.015741
4 0.632031 0.962037 0.005729 0.029630
4 0.296354 0.780093 0.017708 0.012037
4 0.220573 0.783333 0.016146 0.011111
4 0.191146 0.808796 0.016667 0.015741
4 0.032031 0.959259 0.031771 0.031481
4 0.627865 0.874074 0.004687 0.024074
4 0.223958 0.861574 0.015625 0.019444
4 0.517708 0.952778 0.008333 0.029630
4 0.623437 0.810185 0.005208 0.018519
5 0.126042 0.870833 0.021875 0.021296
5 0.241146 0.736574 0.014583 0.010185
5 0.032292 0.959259 0.031250 0.031481
5 0.531250 0.868981 0.006250 0.021296
5 0.147396 0.950463 0.026042 0.030556
5 0.209375 0.737500 0.013542 0.008333
5 0.278385 0.798611 0.013021 0.015741
5 0.632031 0.962037 0.005729 0.029630
5 0.190885 0.808333 0.016146 0.014815
5 0.627865 0.874537 0.004687 0.023148
5 0.224219 0.861111 0.015104 0.018519
5 0.420573 0.893981 0.085938 0.210185
5 0.525781 0.587500 0.090104 0.104630
5 0.517708 0.952778 0.008333 0.029630
5 0.623437 0.810185 0.005208 0.018519
7 0.760938 0.757407 0.080208 0.051852
