0 0.586198 0.485185 0.006771 0.009259
0 0.570573 0.807407 0.056771 0.085185
0 0.446354 0.631481 0.028125 0.031481
0 0.585677 0.928704 0.071354 0.101852
0 0.309375 0.647222 0.040625 0.048148
0 0.160417 0.670370 0.055208 0.050000
0 0.384115 0.688889 0.041146 0.059259
0 0.400781 0.674537 0.032813 0.049074
0 0.672396 0.775000 0.064583 0.092593
0 0.014844 0.692130 0.029687 0.063889
0 0.415104 0.659259 0.031250 0.053704
0 0.064062 0.615741 0.029167 0.048148
0 0.444271 0.927315 0.069792 0.099074
0 0.251823 0.695833 0.042188 0.050926
0 0.330990 0.642130 0.027604 0.047222
0 0.278646 0.616204 0.028125 0.036111
0 0.178906 0.582407 0.023438 0.037037
0 0.419010 0.761574 0.048438 0.067593
0 0.191667 0.613426 0.032292 0.041667
0 0.288802 0.676852 0.040104 0.053704
0 0.077083 0.622222 0.041667 0.050000
0 0.537760 0.493056 0.025521 0.015741
0 0.325521 0.694444 0.040625 0.053704
0 0.570573 0.759259 0.051562 0.033333
0 0.427083 0.634259 0.026042 0.027778
0 0.407031 0.969444 0.091146 0.059259
0 0.719010 0.994444 0.049479 0.009259
0 0.433073 0.538426 0.021354 0.030556
0 0.077604 0.665278 0.053125 0.047222
0 0.024219 0.582870 0.013021 0.036111
0 0.565625 0.559722 0.020833 0.032407
0 0.602344 0.467593 0.007812 0.011111
0 0.507031 0.772685 0.041146 0.069444
0 0.464844 0.614815 0.017188 0.037037
0 0.573438 0.864352 0.057292 0.080556
0 0.474740 0.794444 0.058854 0.087037
0 0.063802 0.578704 0.027604 0.029630
0 0.444531 0.682870 0.047396 0.069444
0 0.568229 0.975000 0.082292 0.048148
0 0.444531 0.618056 0.032813 0.043519
0 0.621354 0.530556 0.012500 0.012963
0 0.469792 0.856944 0.058333 0.087963
0 0.571094 0.495370 0.011979 0.018519
0 0.650000 0.634259 0.034375 0.020370
0 0.419010 0.541204 0.023438 0.030556
0 0.535156 0.490741 0.023438 0.014815
0 0.327344 0.913889 0.083854 0.125926
0 0.650781 0.665278 0.033854 0.045370
1 0.860938 0.752315 0.014583 0.075000
3 0.686979 0.767130 0.165625 0.456481
3 0.546094 0.760648 0.126562 0.467593
3 0.275000 0.763889 0.550000 0.462963
3 0.422917 0.762037 0.333333 0.470370
4 0.257812 0.781944 0.017708 0.012037
4 0.421615 0.886574 0.046354 0.106481
4 0.126562 0.789815 0.014583 0.011111
4 0.125521 0.870833 0.023958 0.023148
4 0.631510 0.960185 0.005729 0.027778
4 0.147396 0.950463 0.027083 0.030556
4 0.278646 0.798611 0.013542 0.015741
4 0.296615 0.779167 0.018229 0.012037
4 0.275260 0.734722 0.017188 0.010185
4 0.241406 0.736111 0.015104 0.009259
4 0.220312 0.783333 0.017708 0.011111
4 0.190625 0.809722 0.015625 0.015741
4 0.032031 0.958796 0.032813 0.030556
4 0.514583 0.583796 0.070833 0.089815
4 0.222917 0.861111 0.017708 0.020370
4 0.517188 0.953241 0.008333 0.030556
5 0.623437 0.810648 0.005208 0.017593
5 0.559375 0.694444 0.004167 0.009259
5 0.126823 0.789815 0.014063 0.011111
5 0.125521 0.870833 0.023958 0.023148
5 0.278646 0.798611 0.013542 0.015741
5 0.032031 0.958796 0.032813 0.030556
5 0.631510 0.960185 0.005729 0.025926
5 0.222917 0.861111 0.017708 0.020370
5 0.147135 0.950463 0.026562 0.030556
5 0.190885 0.809722 0.015104 0.015741
5 0.514583 0.584259 0.070833 0.088889
5 0.626563 0.844444 0.007292 0.081481
5 0.421615 0.886574 0.046354 0.106481
5 0.517448 0.953241 0.008854 0.030556
7 0.755469 0.758333 0.073438 0.051852
7 0.108073 0.768981 0.111979 0.052778
7 0.410938 0.731944 0.434375 0.028704
