0 0.324219 0.454861 0.059375 0.143056
0 0.239844 0.156944 0.029687 0.055556
0 0.366797 0.070139 0.017969 0.031944
0 0.393750 0.149306 0.020313 0.045833
0 0.291797 0.018750 0.013281 0.026389
0 0.339844 0.150694 0.026562 0.056944
0 0.843750 0.631250 0.118750 0.195833
0 0.340234 0.007639 0.014844 0.015278
0 0.289062 0.048611 0.015625 0.025000
0 0.351172 0.318056 0.036719 0.191667
0 0.266797 0.763194 0.105469 0.229167
0 0.329688 0.079167 0.018750 0.022222
0 0.268359 0.307639 0.046094 0.087500
0 0.416016 0.177778 0.041406 0.086111
0 0.332422 0.118750 0.024219 0.040278
0 0.321094 0.034028 0.023438 0.062500
0 0.327734 0.062500 0.016406 0.016667
0 0.291797 0.080556 0.022656 0.041667
0 0.464062 0.359028 0.051562 0.112500
0 0.330859 0.095833 0.021094 0.019444
0 0.348047 0.200694 0.033594 0.054167
0 0.349219 0.361806 0.046875 0.106944
0 0.379688 0.104167 0.023438 0.036111
0 0.446484 0.263889 0.044531 0.077778
1 0.003125 0.397917 0.006250 0.043056
1 0.033203 0.413194 0.021094 0.081944
1 0.078906 0.332639 0.018750 0.068056
1 0.238672 0.063889 0.007031 0.027778
1 0.172266 0.186806 0.011719 0.043056
3 0.801953 0.727778 0.394531 0.541667
3 0.195312 0.545833 0.390625 0.905556
3 0.657031 0.509028 0.576562 0.940278
3 0.453516 0.506944 0.236719 0.977778
4 0.887109 0.404861 0.058594 0.073611
4 0.688281 0.577083 0.070312 0.134722
4 0.869141 0.415278 0.061719 0.077778
4 0.504297 0.286111 0.027344 0.025000
4 0.774219 0.488194 0.073438 0.087500
4 0.917188 0.352083 0.021875 0.023611
4 0.538672 0.382639 0.033594 0.040278
4 0.767188 0.712500 0.354687 0.572222
4 0.820312 0.457639 0.084375 0.081944
4 0.555078 0.456250 0.033594 0.040278
4 0.314844 0.179167 0.003125 0.036111
4 0.665234 0.701389 0.042969 0.166667
4 0.133594 0.918056 0.046875 0.133333
4 0.315625 0.224306 0.003125 0.015278
4 0.316406 0.264583 0.004687 0.018056
4 0.222266 0.648611 0.024219 0.069444
4 0.795703 0.478472 0.067969 0.101389
4 0.753906 0.506250 0.076563 0.093056
4 0.311719 0.320139 0.006250 0.023611
4 0.278906 0.454167 0.035937 0.127778
4 0.617578 0.705556 0.102344 0.086111
4 0.722266 0.550000 0.092969 0.113889
4 0.603516 0.556944 0.096094 0.077778
4 0.601562 0.842361 0.048438 0.051389
4 0.853125 0.429167 0.060937 0.072222
4 0.473828 0.517361 0.222656 0.962500
4 0.593750 0.530556 0.081250 0.080556
4 0.526563 0.349306 0.029687 0.040278
4 0.603125 0.894444 0.046875 0.063889
4 0.563672 0.472222 0.038281 0.066667
4 0.904687 0.389583 0.057813 0.076389
4 0.297266 0.392361 0.010156 0.031944
4 0.544922 0.405556 0.035156 0.047222
4 0.612500 0.751389 0.084375 0.066667
4 0.604297 0.632639 0.082031 0.070833
4 0.581641 0.509722 0.063281 0.066667
4 0.605078 0.782639 0.067969 0.090278
4 0.733984 0.525694 0.075781 0.101389
4 0.831250 0.442361 0.068750 0.076389
4 0.674219 0.616667 0.060937 0.183333
5 0.887109 0.404861 0.058594 0.073611
5 0.589453 0.604861 0.063281 0.059722
5 0.688281 0.577083 0.070312 0.134722
5 0.868750 0.418056 0.060937 0.083333
5 0.534766 0.345139 0.027344 0.056944
5 0.544531 0.405556 0.034375 0.044444
5 0.504297 0.284722 0.028906 0.025000
5 0.774219 0.488194 0.073438 0.087500
5 0.917188 0.352083 0.021875 0.023611
5 0.313281 0.176389 0.003125 0.038889
5 0.912891 0.388889 0.044531 0.077778
5 0.767188 0.712500 0.354687 0.572222
5 0.812891 0.457639 0.069531 0.081944
5 0.311719 0.138889 0.003125 0.008333
5 0.603516 0.893750 0.046094 0.062500
5 0.310547 0.125000 0.002344 0.022222
5 0.555078 0.456250 0.033594 0.040278
5 0.314844 0.178472 0.003125 0.034722
5 0.206250 0.252778 0.023438 0.072222
5 0.795703 0.479167 0.067969 0.102778
5 0.666797 0.700694 0.039844 0.165278
5 0.133594 0.918056 0.046875 0.133333
5 0.315625 0.224306 0.003125 0.015278
5 0.538672 0.381944 0.033594 0.038889
5 0.316406 0.264583 0.004687 0.018056
5 0.222656 0.648611 0.023438 0.069444
5 0.754297 0.506250 0.075781 0.093056
5 0.521484 0.314583 0.025781 0.031944
5 0.312891 0.295139 0.008594 0.073611
5 0.280469 0.448611 0.039062 0.138889
5 0.617578 0.706250 0.102344 0.087500
5 0.722266 0.550000 0.092969 0.113889
5 0.603516 0.555556 0.096094 0.080556
5 0.601562 0.841667 0.048438 0.050000
5 0.853125 0.429167 0.060937 0.072222
5 0.423828 0.525000 0.324219 0.947222
5 0.593359 0.530556 0.080469 0.080556
5 0.564063 0.471528 0.037500 0.068056
5 0.904687 0.398611 0.057813 0.080556
5 0.297266 0.392361 0.010156 0.031944
5 0.550781 0.427083 0.035937 0.045833
5 0.604688 0.633333 0.081250 0.069444
5 0.582422 0.509722 0.061719 0.066667
5 0.533984 0.359722 0.025781 0.027778
5 0.606250 0.797917 0.065625 0.059722
5 0.526563 0.345833 0.029687 0.033333
5 0.675000 0.613194 0.059375 0.190278
5 0.734375 0.525694 0.075000 0.101389
5 0.612500 0.751389 0.084375 0.066667
5 0.830859 0.442361 0.067969 0.076389
7 0.742969 0.652778 0.407813 0.622222
7 0.658203 0.505556 0.577344 0.927778
