0 0.417187 0.610417 0.030208 0.045833
0 0.027083 0.416667 0.014583 0.011111
0 0.623437 0.395139 0.013542 0.015278
0 0.343750 0.398611 0.016667 0.019444
0 0.581250 0.420139 0.010417 0.015278
0 0.460417 0.413194 0.020833 0.018056
0 0.605208 0.407639 0.010417 0.015278
0 0.657292 0.384028 0.014583 0.015278
0 0.678646 0.361111 0.013542 0.011111
0 0.783854 0.341667 0.007292 0.008333
1 0.694792 0.818056 0.012500 0.030556
1 0.684896 0.513194 0.005208 0.015278
4 0.516146 0.597222 0.011458 0.213889
4 0.470313 0.675000 0.105208 0.077778
4 0.584896 0.598611 0.026042 0.016667
4 0.506250 0.563889 0.312500 0.036111
4 0.808854 0.829861 0.330208 0.176389
4 0.477604 0.627778 0.009375 0.008333
4 0.493750 0.616667 0.008333 0.008333
4 0.784896 0.659722 0.021875 0.011111
4 0.560937 0.608333 0.028125 0.027778
4 0.460417 0.640278 0.010417 0.008333
4 0.721875 0.631944 0.020833 0.011111
4 0.422917 0.540278 0.158333 0.094444
4 0.348438 0.766667 0.067708 0.047222
4 0.624479 0.622222 0.019792 0.013889
4 0.792188 0.638889 0.021875 0.011111
4 0.596354 0.615278 0.153125 0.194444
4 0.591667 0.519444 0.160417 0.061111
4 0.733333 0.613194 0.018750 0.009722
5 0.516146 0.597222 0.011458 0.213889
5 0.470313 0.675000 0.105208 0.077778
5 0.584896 0.598611 0.026042 0.016667
5 0.506250 0.563889 0.312500 0.036111
5 0.808854 0.829861 0.330208 0.176389
5 0.477604 0.627778 0.009375 0.008333
5 0.493750 0.616667 0.008333 0.008333
5 0.784896 0.659722 0.021875 0.011111
5 0.560937 0.608333 0.028125 0.027778
5 0.460417 0.640278 0.010417 0.008333
5 0.721875 0.631944 0.020833 0.011111
5 0.422917 0.540278 0.158333 0.094444
5 0.348438 0.766667 0.067708 0.047222
5 0.624479 0.622222 0.019792 0.013889
5 0.792188 0.638889 0.021875 0.011111
5 0.596354 0.615278 0.153125 0.194444
5 0.591667 0.519444 0.160417 0.061111
5 0.733333 0.613194 0.018750 0.009722
