0 0.655729 0.385417 0.013542 0.015278
0 0.435937 0.545139 0.023958 0.031944
0 0.581250 0.420833 0.010417 0.016667
0 0.771354 0.634028 0.046875 0.034722
0 0.343229 0.400000 0.017708 0.019444
0 0.623437 0.395139 0.013542 0.015278
0 0.482812 0.483333 0.028125 0.019444
0 0.391667 0.487500 0.039583 0.044444
0 0.676562 0.479167 0.034375 0.050000
0 0.277604 0.436111 0.017708 0.013889
0 0.604688 0.407639 0.011458 0.015278
0 0.459896 0.412500 0.021875 0.019444
0 0.785937 0.347917 0.007292 0.006944
4 0.515104 0.599306 0.011458 0.218056
4 0.507292 0.563889 0.310417 0.036111
4 0.807813 0.829861 0.328125 0.173611
4 0.477604 0.627778 0.009375 0.008333
4 0.430729 0.573611 0.159375 0.019444
4 0.494271 0.616667 0.009375 0.008333
4 0.784375 0.659722 0.018750 0.011111
4 0.460417 0.640278 0.010417 0.008333
4 0.560937 0.608333 0.028125 0.027778
4 0.605729 0.643056 0.021875 0.013889
4 0.351562 0.763194 0.061458 0.037500
4 0.432292 0.646528 0.177083 0.131944
4 0.420833 0.538889 0.154167 0.088889
4 0.596875 0.628472 0.150000 0.162500
4 0.589583 0.518750 0.156250 0.062500
4 0.732292 0.613194 0.020833 0.009722
4 0.584375 0.598611 0.027083 0.016667
4 0.721354 0.631944 0.019792 0.011111
5 0.515104 0.599306 0.011458 0.218056
5 0.507292 0.563889 0.310417 0.036111
5 0.807813 0.829861 0.328125 0.173611
5 0.477604 0.627778 0.009375 0.008333
5 0.430729 0.573611 0.159375 0.019444
5 0.494271 0.616667 0.009375 0.008333
5 0.784375 0.659722 0.018750 0.011111
5 0.460417 0.640278 0.010417 0.008333
5 0.560937 0.608333 0.028125 0.027778
5 0.605729 0.643056 0.021875 0.013889
5 0.351562 0.763194 0.061458 0.037500
5 0.432292 0.646528 0.177083 0.131944
5 0.420833 0.538889 0.154167 0.088889
5 0.596875 0.628472 0.150000 0.162500
5 0.589583 0.518750 0.156250 0.062500
5 0.732292 0.613194 0.020833 0.009722
5 0.584375 0.598611 0.027083 0.016667
5 0.721354 0.631944 0.019792 0.011111
