0 0.410938 0.185417 0.029687 0.051389
0 0.341797 0.037500 0.016406 0.025000
0 0.296094 0.132639 0.023438 0.040278
0 0.240234 0.156944 0.028906 0.055556
0 0.145703 0.658333 0.113281 0.197222
0 0.473828 0.336111 0.050781 0.088889
0 0.488672 0.866667 0.108594 0.263889
0 0.371484 0.087500 0.022656 0.036111
1 0.211328 0.056944 0.007031 0.022222
1 0.222266 0.058333 0.007031 0.030556
3 0.800781 0.727083 0.392188 0.543056
3 0.194531 0.502778 0.389062 0.991667
3 0.654297 0.505556 0.585156 0.983333
3 0.445703 0.499306 0.253906 0.990278
4 0.869141 0.414583 0.061719 0.079167
4 0.581641 0.509028 0.063281 0.068056
4 0.688672 0.575694 0.069531 0.134722
4 0.551172 0.426389 0.036719 0.047222
4 0.617969 0.705556 0.103125 0.086111
4 0.551562 0.455556 0.046875 0.044444
4 0.544922 0.404861 0.033594 0.045833
4 0.604688 0.781944 0.068750 0.088889
4 0.666797 0.666667 0.041406 0.094444
4 0.133594 0.916667 0.046875 0.133333
4 0.269141 0.495139 0.014844 0.045833
4 0.795703 0.470139 0.067969 0.084722
4 0.754297 0.505556 0.077344 0.094444
4 0.311719 0.319444 0.006250 0.025000
4 0.297656 0.391667 0.009375 0.030556
4 0.774219 0.486806 0.073438 0.087500
4 0.712109 0.549306 0.074219 0.115278
4 0.601562 0.840972 0.048438 0.048611
4 0.854688 0.427778 0.062500 0.072222
4 0.564063 0.482639 0.037500 0.045833
4 0.905078 0.389583 0.058594 0.076389
4 0.612500 0.750694 0.084375 0.068056
4 0.734766 0.525694 0.075781 0.101389
4 0.222656 0.648611 0.023438 0.069444
4 0.831641 0.441667 0.067969 0.077778
4 0.887109 0.404167 0.060156 0.072222
4 0.819922 0.456250 0.085156 0.081944
4 0.675391 0.611111 0.060156 0.127778
5 0.742188 0.659028 0.407813 0.637500
7 0.662500 0.513889 0.568750 0.930556
