0 0.402734 0.488194 0.008594 0.018056
0 0.541016 0.363889 0.010156 0.016667
0 0.484375 0.374306 0.009375 0.018056
0 0.322656 0.507639 0.035937 0.048611
0 0.439844 0.376389 0.009375 0.013889
0 0.371875 0.450000 0.026562 0.036111
0 0.780078 0.629167 0.064844 0.080556
0 0.522266 0.367361 0.008594 0.015278
0 0.467578 0.351389 0.016406 0.030556
0 0.173828 0.703472 0.080469 0.090278
0 0.387500 0.430556 0.018750 0.025000
0 0.402734 0.482639 0.010156 0.029167
0 0.454297 0.433333 0.021094 0.025000
0 0.453516 0.461111 0.021094 0.030556
0 0.450000 0.386806 0.014063 0.020833
0 0.448047 0.409028 0.010156 0.020833
0 0.578516 0.400000 0.014844 0.019444
0 0.488281 0.356250 0.009375 0.012500
0 0.551172 0.398611 0.014844 0.019444
0 0.527734 0.380556 0.011719 0.016667
0 0.477344 0.377778 0.010937 0.016667
0 0.461328 0.406944 0.013281 0.019444
0 0.435547 0.410417 0.014844 0.020833
0 0.223438 0.784028 0.115625 0.154167
0 0.611328 0.443750 0.022656 0.031944
0 0.422656 0.431250 0.020313 0.026389
1 0.403125 0.471528 0.009375 0.026389
3 0.775391 0.618750 0.447656 0.540278
3 0.762500 0.700000 0.473438 0.588889
3 0.646484 0.687500 0.252344 0.616667
3 0.217188 0.620139 0.434375 0.473611
3 0.239063 0.699306 0.478125 0.590278
3 0.214453 0.690972 0.428906 0.579167
3 0.760156 0.706944 0.468750 0.577778
4 0.611328 0.480556 0.005469 0.008333
4 0.451953 0.697222 0.139844 0.602778
4 0.677344 0.581250 0.010937 0.015278
4 0.627734 0.504861 0.007031 0.009722
4 0.405078 0.523611 0.005469 0.011111
4 0.647656 0.537500 0.007812 0.011111
4 0.277344 0.636806 0.014063 0.020833
4 0.777734 0.651389 0.442969 0.575000
4 0.578906 0.502083 0.004687 0.009722
4 0.078125 0.938889 0.048438 0.069444
4 0.316406 0.729861 0.015625 0.031944
4 0.638672 0.643056 0.011719 0.022222
4 0.371094 0.495833 0.006250 0.008333
4 0.385547 0.568750 0.007031 0.015278
4 0.350781 0.527083 0.007812 0.012500
4 0.358984 0.631250 0.010156 0.020833
4 0.778906 0.967361 0.031250 0.062500
4 0.569531 0.477778 0.004687 0.008333
4 0.721484 0.648611 0.016406 0.022222
4 0.319922 0.571528 0.010156 0.015278
4 0.418359 0.494444 0.005469 0.008333
4 0.931641 0.966667 0.046094 0.063889
4 0.591797 0.533333 0.007031 0.011111
4 0.610938 0.578472 0.009375 0.015278
4 0.789453 0.751389 0.024219 0.036111
4 0.504687 0.696528 0.242188 0.604167
4 0.684766 0.750694 0.019531 0.037500
4 0.236328 0.920833 0.032031 0.063889
5 0.611328 0.480556 0.005469 0.008333
5 0.452734 0.697917 0.139844 0.601389
5 0.551562 0.431250 0.003125 0.006944
5 0.778516 0.967361 0.032031 0.062500
5 0.627734 0.504861 0.007031 0.009722
5 0.906250 0.770833 0.185938 0.219444
5 0.405078 0.523611 0.005469 0.011111
5 0.647656 0.537500 0.007812 0.011111
5 0.319531 0.572222 0.009375 0.013889
5 0.277344 0.636806 0.014063 0.020833
5 0.436328 0.453472 0.005469 0.006944
5 0.578906 0.502083 0.004687 0.009722
5 0.385937 0.472917 0.004687 0.006944
5 0.677344 0.581250 0.010937 0.015278
5 0.078125 0.938889 0.048438 0.069444
5 0.316406 0.729861 0.015625 0.031944
5 0.638672 0.643750 0.011719 0.020833
5 0.371094 0.495833 0.006250 0.008333
5 0.557031 0.443750 0.004687 0.006944
5 0.385547 0.569444 0.007031 0.013889
5 0.350781 0.526389 0.007812 0.011111
5 0.358984 0.631250 0.010156 0.020833
5 0.569922 0.477778 0.003906 0.008333
5 0.721094 0.648611 0.015625 0.022222
5 0.417969 0.494444 0.006250 0.008333
5 0.562109 0.459028 0.003906 0.006944
5 0.653906 0.479861 0.195312 0.229167
5 0.931641 0.966667 0.046094 0.063889
5 0.591797 0.533333 0.007031 0.011111
5 0.610938 0.578472 0.009375 0.015278
5 0.789453 0.751389 0.024219 0.036111
5 0.504297 0.696528 0.241406 0.604167
5 0.595313 0.455556 0.014063 0.019444
5 0.684766 0.750694 0.019531 0.037500
5 0.589844 0.446528 0.004687 0.006944
5 0.236328 0.920833 0.032031 0.063889
