0 0.536328 0.359722 0.008594 0.011111
0 0.429297 0.548611 0.035156 0.050000
0 0.522656 0.368056 0.010937 0.013889
0 0.490234 0.355556 0.008594 0.013889
0 0.453125 0.365278 0.010937 0.013889
0 0.480469 0.375694 0.012500 0.018056
0 0.545703 0.350694 0.008594 0.015278
0 0.618359 0.495833 0.030469 0.041667
0 0.437500 0.378472 0.010937 0.015278
0 0.464453 0.402778 0.014844 0.025000
0 0.651563 0.483333 0.028125 0.038889
0 0.557031 0.488889 0.025000 0.038889
0 0.119531 0.799306 0.239063 0.398611
0 0.453906 0.434722 0.017188 0.025000
0 0.412891 0.453472 0.024219 0.029167
0 0.551953 0.392361 0.010156 0.018056
0 0.531641 0.340278 0.007031 0.013889
0 0.337500 0.568750 0.046875 0.056944
0 0.568359 0.389583 0.005469 0.015278
0 0.461719 0.370833 0.010937 0.016667
0 0.366406 0.455556 0.023438 0.027778
0 0.306250 0.525000 0.040625 0.050000
0 0.558203 0.372917 0.014844 0.015278
0 0.536719 0.425694 0.018750 0.026389
0 0.471484 0.357639 0.011719 0.015278
0 0.524219 0.382639 0.012500 0.015278
0 0.592578 0.595833 0.046094 0.069444
0 0.554297 0.358333 0.010156 0.016667
0 0.435547 0.413889 0.019531 0.025000
0 0.348438 0.754861 0.078125 0.118056
0 0.578906 0.395139 0.018750 0.034722
3 0.782813 0.640972 0.432812 0.481944
3 0.760938 0.690972 0.476562 0.609722
3 0.304297 0.513194 0.266406 0.268056
3 0.332422 0.688194 0.303906 0.620833
3 0.647656 0.688194 0.254688 0.615278
4 0.794922 0.645139 0.408594 0.473611
4 0.410156 0.510417 0.015625 0.037500
4 0.677344 0.581944 0.010937 0.013889
4 0.385547 0.569444 0.007031 0.013889
4 0.647656 0.537500 0.007812 0.011111
4 0.276953 0.636806 0.014844 0.020833
4 0.434766 0.701389 0.105469 0.594444
4 0.638672 0.643056 0.011719 0.022222
4 0.235937 0.920833 0.031250 0.063889
4 0.371094 0.495833 0.006250 0.008333
4 0.316797 0.506250 0.222656 0.240278
4 0.778516 0.967361 0.032031 0.062500
4 0.358984 0.631250 0.010156 0.020833
4 0.359766 0.513194 0.025781 0.037500
4 0.931641 0.966667 0.046094 0.063889
4 0.789453 0.751389 0.024219 0.036111
4 0.504297 0.702778 0.241406 0.591667
4 0.684766 0.751389 0.019531 0.036111
4 0.591797 0.534028 0.007031 0.009722
4 0.721484 0.648611 0.014844 0.022222
5 0.795312 0.645139 0.407813 0.473611
5 0.410156 0.510417 0.015625 0.037500
5 0.599609 0.460417 0.003906 0.006944
5 0.434766 0.702778 0.105469 0.591667
5 0.562109 0.458333 0.005469 0.008333
5 0.385547 0.569444 0.007031 0.013889
5 0.647656 0.537500 0.007812 0.011111
5 0.276953 0.636806 0.014844 0.020833
5 0.677344 0.581944 0.010937 0.013889
5 0.778516 0.967361 0.032031 0.062500
5 0.386328 0.473611 0.005469 0.008333
5 0.931641 0.966667 0.046094 0.063889
5 0.358984 0.631250 0.010156 0.020833
5 0.638672 0.643056 0.011719 0.022222
5 0.235937 0.920833 0.031250 0.063889
5 0.433203 0.461111 0.010156 0.022222
5 0.371484 0.495833 0.005469 0.008333
5 0.315234 0.731250 0.013281 0.029167
5 0.418359 0.493750 0.005469 0.009722
5 0.316797 0.506250 0.222656 0.240278
5 0.430469 0.465278 0.009375 0.019444
5 0.721484 0.648611 0.014844 0.022222
5 0.569531 0.478472 0.004687 0.009722
5 0.359766 0.513194 0.025781 0.037500
5 0.578906 0.502083 0.004687 0.009722
5 0.789453 0.751389 0.024219 0.036111
5 0.504297 0.703472 0.241406 0.590278
5 0.684766 0.751389 0.019531 0.036111
5 0.591406 0.534028 0.006250 0.009722
5 0.589453 0.445833 0.003906 0.005556
5 0.556250 0.444444 0.004687 0.005556
