0 0.236328 0.958333 0.089844 0.080556
0 0.774609 0.610417 0.092969 0.156944
0 0.326953 0.813194 0.086719 0.112500
0 0.214062 0.775694 0.082812 0.131944
0 0.287891 0.913194 0.105469 0.162500
0 0.388672 0.611806 0.044531 0.076389
0 0.428906 0.638889 0.026562 0.077778
0 0.786719 0.870833 0.214062 0.255556
0 0.380859 0.541667 0.039844 0.050000
0 0.019922 0.939583 0.039844 0.118056
0 0.241797 0.661806 0.067969 0.048611
0 0.174219 0.668750 0.056250 0.065278
0 0.900391 0.826389 0.197656 0.344444
0 0.383984 0.879861 0.069531 0.198611
0 0.408203 0.752778 0.030469 0.052778
0 0.105469 0.948611 0.153125 0.100000
0 0.343750 0.587500 0.035937 0.038889
0 0.318750 0.734028 0.075000 0.093056
0 0.173437 0.845139 0.118750 0.129167
0 0.613672 0.764583 0.077344 0.104167
0 0.342578 0.620139 0.050781 0.043056
0 0.294922 0.566667 0.067969 0.130556
0 0.308594 0.822917 0.059375 0.081944
0 0.157031 0.729861 0.067187 0.109722
0 0.066016 0.800694 0.132031 0.279167
0 0.349219 0.724306 0.050000 0.090278
0 0.376563 0.479167 0.045312 0.066667
0 0.858594 0.629167 0.081250 0.061111
0 0.614453 0.886806 0.083594 0.145833
0 0.325391 0.465278 0.050781 0.050000
0 0.364844 0.670139 0.057813 0.073611
0 0.442969 0.474306 0.039062 0.065278
0 0.157422 0.936806 0.111719 0.123611
0 0.234375 0.700694 0.064062 0.068056
0 0.739062 0.697222 0.095312 0.094444
3 0.620313 0.830556 0.131250 0.336111
