0 0.459375 0.415278 0.017188 0.022222
0 0.284375 0.677083 0.065625 0.084722
0 0.535547 0.354861 0.007031 0.009722
0 0.389453 0.674306 0.057031 0.087500
0 0.603125 0.488889 0.028125 0.041667
0 0.477344 0.356944 0.007812 0.013889
0 0.421094 0.439583 0.021875 0.026389
0 0.551172 0.361806 0.008594 0.012500
0 0.543750 0.338194 0.012500 0.026389
0 0.072656 0.805556 0.125000 0.122222
0 0.601953 0.670833 0.060156 0.100000
0 0.441406 0.375000 0.009375 0.013889
0 0.706641 0.553472 0.042969 0.059722
0 0.544141 0.434028 0.019531 0.026389
0 0.408203 0.388889 0.033594 0.061111
0 0.385156 0.493750 0.031250 0.040278
0 0.458984 0.380556 0.010156 0.013889
0 0.488672 0.359722 0.010156 0.016667
0 0.528906 0.401389 0.014063 0.019444
0 0.451172 0.366667 0.010156 0.013889
0 0.380078 0.445139 0.021094 0.026389
0 0.315625 0.512500 0.039062 0.050000
0 0.471094 0.395139 0.012500 0.018056
0 0.480078 0.375694 0.011719 0.018056
0 0.429297 0.516667 0.028906 0.044444
0 0.521094 0.361111 0.009375 0.013889
0 0.463281 0.370833 0.009375 0.013889
0 0.554688 0.395139 0.012500 0.018056
0 0.445703 0.396528 0.014844 0.020833
0 0.492578 0.331250 0.010156 0.018056
0 0.316016 0.918750 0.110156 0.159722
0 0.460938 0.354861 0.009375 0.015278
3 0.772656 0.627083 0.453125 0.520833
3 0.203516 0.634028 0.407031 0.429167
3 0.758984 0.680556 0.480469 0.630556
3 0.781641 0.686806 0.435156 0.615278
3 0.217578 0.612500 0.435156 0.483333
3 0.238672 0.702083 0.477344 0.584722
4 0.779297 0.624306 0.439844 0.515278
4 0.358594 0.631250 0.010937 0.020833
4 0.350391 0.527083 0.008594 0.012500
4 0.569531 0.477778 0.004687 0.008333
4 0.647656 0.537500 0.007812 0.011111
4 0.405078 0.523611 0.005469 0.011111
4 0.209375 0.736806 0.023438 0.034722
4 0.450391 0.706250 0.136719 0.584722
4 0.677344 0.581944 0.010937 0.013889
4 0.316406 0.731250 0.015625 0.031944
4 0.638672 0.643750 0.011719 0.023611
4 0.077734 0.939583 0.049219 0.070833
4 0.385547 0.569444 0.007031 0.013889
4 0.197656 0.638194 0.395313 0.434722
4 0.778516 0.967361 0.032031 0.062500
4 0.319531 0.572222 0.009375 0.013889
4 0.280078 0.630556 0.008594 0.008333
4 0.931641 0.967361 0.046094 0.062500
4 0.591406 0.534028 0.006250 0.009722
4 0.627344 0.505556 0.006250 0.008333
4 0.789453 0.751389 0.024219 0.036111
4 0.569531 0.684722 0.110937 0.627778
4 0.578906 0.502083 0.004687 0.009722
4 0.610938 0.578472 0.009375 0.015278
4 0.684766 0.751389 0.019531 0.036111
4 0.236328 0.920833 0.032031 0.063889
4 0.721094 0.649306 0.015625 0.020833
5 0.779297 0.624306 0.439844 0.515278
5 0.350391 0.527083 0.008594 0.012500
5 0.599219 0.461111 0.004687 0.008333
5 0.450391 0.708333 0.136719 0.580556
5 0.569531 0.477778 0.004687 0.008333
5 0.778516 0.967361 0.032031 0.062500
5 0.405078 0.523611 0.005469 0.011111
5 0.209375 0.736806 0.023438 0.034722
5 0.677344 0.581944 0.010937 0.013889
5 0.316406 0.730556 0.015625 0.030556
5 0.638672 0.643056 0.011719 0.022222
5 0.077734 0.939583 0.049219 0.070833
5 0.427344 0.472222 0.004687 0.008333
5 0.435547 0.454167 0.003906 0.008333
5 0.562109 0.459028 0.003906 0.006944
5 0.385547 0.569444 0.007031 0.013889
5 0.358594 0.631250 0.010937 0.020833
5 0.721094 0.649306 0.015625 0.020833
5 0.005859 0.845139 0.011719 0.020833
5 0.319531 0.572222 0.009375 0.013889
5 0.418359 0.494444 0.005469 0.008333
5 0.280078 0.630556 0.008594 0.008333
5 0.931641 0.967361 0.046094 0.062500
5 0.591406 0.534028 0.006250 0.009722
5 0.627344 0.505556 0.006250 0.008333
5 0.789453 0.751389 0.024219 0.036111
5 0.569531 0.684722 0.110937 0.627778
5 0.578906 0.502083 0.004687 0.009722
5 0.244922 0.581944 0.299219 0.322222
5 0.610938 0.578472 0.009375 0.015278
5 0.582031 0.433333 0.003125 0.005556
5 0.684766 0.751389 0.019531 0.036111
5 0.589844 0.446528 0.003125 0.006944
5 0.647656 0.537500 0.007812 0.011111
5 0.235937 0.920833 0.031250 0.063889
