0 0.390234 0.134028 0.024219 0.043056
0 0.239844 0.156944 0.029687 0.055556
0 0.360156 0.048611 0.018750 0.036111
0 0.314063 0.011111 0.014063 0.022222
0 0.346094 0.207639 0.032813 0.070833
0 0.845703 0.609722 0.158594 0.316667
0 0.339453 0.007639 0.014844 0.015278
0 0.292578 0.027083 0.014844 0.020833
0 0.152344 0.580556 0.150000 0.327778
0 0.331641 0.085417 0.021094 0.034722
0 0.290625 0.055556 0.018750 0.030556
0 0.349609 0.025000 0.014844 0.027778
0 0.271484 0.289583 0.042969 0.073611
0 0.289453 0.090278 0.021094 0.033333
0 0.287109 0.166667 0.028906 0.058333
0 0.454688 0.276389 0.054688 0.125000
0 0.323437 0.045139 0.023438 0.068056
0 0.421484 0.231250 0.027344 0.059722
0 0.334766 0.117361 0.024219 0.034722
0 0.339062 0.154861 0.028125 0.056944
0 0.341406 0.376389 0.050000 0.105556
0 0.350391 0.277083 0.039844 0.076389
0 0.489063 0.598611 0.075000 0.205556
0 0.371094 0.070139 0.023438 0.043056
0 0.487500 0.403472 0.056250 0.118056
0 0.406641 0.175694 0.030469 0.051389
0 0.236328 0.889583 0.138281 0.218056
1 0.185156 0.150000 0.009375 0.038889
1 0.147656 0.252778 0.012500 0.052778
1 0.098047 0.298611 0.019531 0.061111
1 0.235547 0.078472 0.007031 0.031944
1 0.117969 0.315278 0.020313 0.069444
3 0.801953 0.751389 0.394531 0.494444
3 0.195312 0.515278 0.390625 0.966667
3 0.653906 0.502778 0.582812 0.969444
3 0.456250 0.519444 0.232813 0.952778
4 0.222656 0.648611 0.023438 0.069444
4 0.687891 0.575694 0.069531 0.134722
4 0.772656 0.485417 0.070312 0.084722
4 0.904687 0.389583 0.057813 0.076389
4 0.544922 0.406250 0.033594 0.043056
4 0.806250 0.450000 0.057813 0.066667
4 0.850391 0.422917 0.053906 0.059722
4 0.268359 0.495139 0.014844 0.045833
4 0.555469 0.456944 0.034375 0.041667
4 0.768359 0.710417 0.355469 0.576389
4 0.887500 0.403472 0.059375 0.070833
4 0.666797 0.702778 0.039844 0.163889
4 0.133984 0.917361 0.046094 0.131944
4 0.791797 0.465972 0.060156 0.076389
4 0.754687 0.505556 0.075000 0.091667
4 0.312109 0.320139 0.005469 0.023611
4 0.297266 0.391667 0.010156 0.030556
4 0.711328 0.549306 0.074219 0.115278
4 0.601562 0.840972 0.048438 0.048611
4 0.822656 0.431944 0.050000 0.058333
4 0.563672 0.471528 0.038281 0.068056
4 0.876172 0.414583 0.075781 0.076389
4 0.602734 0.632639 0.085156 0.070833
4 0.551953 0.425694 0.035156 0.045833
4 0.581641 0.509028 0.063281 0.068056
4 0.606250 0.797222 0.065625 0.058333
4 0.675000 0.627778 0.060937 0.161111
4 0.734375 0.524306 0.075000 0.098611
4 0.612891 0.750694 0.083594 0.068056
5 0.316406 0.264583 0.004687 0.018056
5 0.222656 0.648611 0.023438 0.069444
5 0.687891 0.575000 0.069531 0.133333
5 0.772656 0.485417 0.070312 0.084722
5 0.544531 0.405556 0.032813 0.041667
5 0.519922 0.308333 0.019531 0.019444
5 0.916797 0.351389 0.022656 0.025000
5 0.312891 0.172222 0.003906 0.033333
5 0.905078 0.389583 0.058594 0.076389
5 0.806250 0.449306 0.057813 0.065278
5 0.847266 0.445139 0.060156 0.104167
5 0.595313 0.893056 0.029687 0.063889
5 0.310547 0.118056 0.002344 0.011111
5 0.503125 0.543056 0.232813 0.911111
5 0.268359 0.495139 0.014844 0.045833
5 0.559766 0.456944 0.042969 0.041667
5 0.525391 0.321528 0.022656 0.023611
5 0.767578 0.711111 0.355469 0.575000
5 0.314844 0.189583 0.003125 0.012500
5 0.209375 0.252083 0.028125 0.073611
5 0.593750 0.529861 0.079687 0.079167
5 0.887500 0.403472 0.059375 0.070833
5 0.666797 0.702083 0.039844 0.162500
5 0.133984 0.917361 0.046094 0.131944
5 0.315625 0.223611 0.003125 0.016667
5 0.791797 0.465972 0.060156 0.076389
5 0.754687 0.505556 0.075000 0.091667
5 0.504687 0.287500 0.028125 0.030556
5 0.307422 0.343750 0.014844 0.070833
5 0.296875 0.391667 0.009375 0.030556
5 0.545703 0.374306 0.019531 0.026389
5 0.617969 0.706250 0.103125 0.087500
5 0.711328 0.549306 0.074219 0.115278
5 0.603125 0.557639 0.095312 0.079167
5 0.601562 0.840972 0.048438 0.048611
5 0.822266 0.431250 0.049219 0.056944
5 0.563672 0.471528 0.038281 0.068056
5 0.868750 0.413889 0.060937 0.075000
5 0.604688 0.631944 0.081250 0.069444
5 0.551562 0.425694 0.034375 0.045833
5 0.582422 0.508333 0.061719 0.066667
5 0.536328 0.357639 0.024219 0.026389
5 0.606250 0.797222 0.065625 0.058333
5 0.675000 0.627778 0.059375 0.161111
5 0.526563 0.343750 0.029687 0.029167
5 0.733984 0.524306 0.074219 0.098611
5 0.612891 0.751389 0.083594 0.069444
7 0.665625 0.512500 0.564063 0.908333
