0 0.239844 0.156944 0.029687 0.055556
0 0.448047 0.293056 0.044531 0.086111
0 0.387891 0.120833 0.025781 0.038889
0 0.191797 0.722917 0.255469 0.531944
0 0.479297 0.396528 0.052344 0.115278
0 0.361328 0.064583 0.017969 0.029167
0 0.504297 0.615972 0.078906 0.209722
0 0.333203 0.003472 0.014844 0.006944
0 0.482812 0.964583 0.093750 0.068056
0 0.330078 0.272917 0.046094 0.090278
1 0.223828 0.050694 0.005469 0.023611
1 0.203516 0.067361 0.007031 0.029167
1 0.217969 0.073611 0.007812 0.030556
3 0.800000 0.727778 0.395313 0.541667
3 0.194922 0.501389 0.389844 0.994444
3 0.656250 0.503472 0.581250 0.965278
3 0.450391 0.502778 0.244531 0.983333
4 0.869141 0.414583 0.061719 0.079167
4 0.603906 0.561111 0.095312 0.086111
4 0.688281 0.575694 0.070312 0.134722
4 0.521875 0.325000 0.026562 0.025000
4 0.516797 0.309028 0.024219 0.023611
4 0.502734 0.286111 0.030469 0.027778
4 0.916797 0.350694 0.022656 0.023611
4 0.621875 0.501389 0.025000 0.025000
4 0.764062 0.714583 0.346875 0.568056
4 0.594922 0.893056 0.030469 0.063889
4 0.209375 0.252083 0.028125 0.073611
4 0.316016 0.222917 0.003906 0.015278
4 0.544922 0.404167 0.033594 0.044444
4 0.536328 0.356944 0.022656 0.025000
4 0.310156 0.117361 0.003125 0.009722
4 0.594141 0.529167 0.078906 0.077778
4 0.831641 0.441667 0.067969 0.077778
4 0.605859 0.797222 0.064844 0.058333
4 0.666797 0.666667 0.039844 0.091667
4 0.311719 0.137500 0.003125 0.008333
4 0.556641 0.454167 0.036719 0.044444
4 0.526563 0.344444 0.029687 0.030556
4 0.795703 0.470139 0.067969 0.084722
4 0.754687 0.504861 0.076563 0.093056
4 0.312500 0.161111 0.003125 0.011111
4 0.774219 0.486806 0.073438 0.087500
4 0.721094 0.549306 0.095312 0.115278
4 0.560937 0.470139 0.043750 0.062500
4 0.314453 0.189583 0.003906 0.012500
4 0.601562 0.841667 0.050000 0.050000
4 0.854297 0.427778 0.061719 0.072222
4 0.617578 0.704861 0.103906 0.084722
4 0.905469 0.390278 0.059375 0.077778
4 0.545703 0.375000 0.019531 0.027778
4 0.551953 0.427083 0.035156 0.045833
4 0.612500 0.750694 0.084375 0.068056
4 0.604688 0.632639 0.081250 0.070833
4 0.582422 0.508333 0.061719 0.066667
4 0.734766 0.525694 0.075781 0.101389
4 0.297266 0.391667 0.010156 0.030556
4 0.887109 0.404167 0.060156 0.072222
4 0.921094 0.388194 0.059375 0.079167
4 0.812500 0.456250 0.070312 0.081944
4 0.675781 0.626389 0.059375 0.158333
5 0.743750 0.656944 0.406250 0.630556
