0 0.769792 0.869907 0.295833 0.189815
0 0.872135 0.269907 0.008854 0.008333
0 0.861719 0.375463 0.017188 0.019444
0 0.853125 0.318981 0.010417 0.012037
0 0.501302 0.586111 0.040104 0.051852
0 0.471615 0.650926 0.065104 0.079630
0 0.587500 0.560648 0.040625 0.049074
0 0.529687 0.608796 0.046875 0.049074
0 0.361979 0.638889 0.071875 0.081481
0 0.882812 0.321296 0.009375 0.011111
0 0.730208 0.960185 0.142708 0.077778
0 0.808594 0.344444 0.018229 0.022222
3 0.856250 0.597222 0.286458 0.614815
3 0.379948 0.542130 0.755729 0.341667
3 0.354687 0.721296 0.684375 0.546296
3 0.569792 0.697685 0.536458 0.593519
4 0.211719 0.733333 0.031771 0.018519
4 0.297656 0.750926 0.040104 0.029630
4 0.791667 0.766667 0.039583 0.029630
4 0.724740 0.519444 0.010937 0.012963
4 0.072917 0.768981 0.036458 0.013889
4 0.363021 0.760648 0.038542 0.028704
4 0.573438 0.673148 0.106250 0.107407
4 0.812500 0.759722 0.040625 0.030556
4 0.010417 0.808333 0.020833 0.012963
4 0.280208 0.710648 0.059375 0.021296
4 0.872135 0.740741 0.040104 0.027778
4 0.833073 0.753704 0.040104 0.029630
4 0.599740 0.872222 0.043229 0.020370
4 0.347135 0.716204 0.046354 0.019444
4 0.397917 0.766204 0.037500 0.030556
4 0.852865 0.747685 0.041146 0.028704
4 0.038542 0.787500 0.037500 0.015741
4 0.621094 0.625926 0.019271 0.022222
4 0.546875 0.787963 0.035417 0.033333
4 0.587500 0.795370 0.029167 0.033333
4 0.470833 0.775926 0.034375 0.031481
4 0.508594 0.781019 0.034896 0.032407
4 0.586198 0.901389 0.058854 0.023148
4 0.616667 0.506481 0.014583 0.012963
4 0.682031 0.563426 0.014063 0.015741
4 0.777344 0.769444 0.028646 0.022222
4 0.329427 0.757407 0.034896 0.025926
5 0.537500 0.757870 0.706250 0.110185
7 0.827344 0.754167 0.128646 0.054630
7 0.045833 0.787963 0.091667 0.055556
7 0.153906 0.687037 0.043229 0.046296
7 0.538802 0.762963 0.705729 0.100000
7 0.445833 0.766204 0.891667 0.097222
