0 0.864844 0.248611 0.059375 0.080556
0 0.391406 0.843056 0.139063 0.252778
0 0.540625 0.404861 0.040625 0.062500
0 0.616016 0.293750 0.030469 0.048611
0 0.596484 0.454167 0.050781 0.072222
0 0.806641 0.240972 0.039844 0.045833
0 0.677734 0.551389 0.075781 0.066667
0 0.950000 0.379861 0.098437 0.284722
0 0.512109 0.370833 0.027344 0.063889
0 0.651953 0.379861 0.036719 0.073611
0 0.462891 0.599306 0.092969 0.140278
0 0.678906 0.697917 0.109375 0.226389
0 0.627344 0.407639 0.046875 0.068056
0 0.571875 0.359722 0.042188 0.069444
0 0.499219 0.517361 0.073438 0.112500
0 0.088281 0.829861 0.176563 0.331944
0 0.443750 0.468750 0.060937 0.087500
0 0.349219 0.922222 0.114062 0.152778
0 0.566406 0.614583 0.064062 0.054167
0 0.894141 0.390972 0.036719 0.040278
0 0.584375 0.625694 0.082812 0.120833
0 0.488281 0.400000 0.046875 0.072222
0 0.504297 0.435417 0.075781 0.104167
0 0.444531 0.409722 0.032813 0.041667
0 0.430859 0.750694 0.105469 0.154167
0 0.892578 0.359028 0.039844 0.040278
0 0.575391 0.283333 0.047656 0.083333
0 0.293359 0.629167 0.182031 0.316667
0 0.662500 0.888194 0.117188 0.212500
0 0.842187 0.356250 0.034375 0.054167
0 0.418359 0.545833 0.075781 0.105556
0 0.248047 0.788194 0.141406 0.190278
0 0.581250 0.411111 0.043750 0.036111
0 0.864453 0.472917 0.038281 0.079167
0 0.664844 0.299306 0.028125 0.048611
0 0.527734 0.327083 0.039844 0.056944
0 0.606641 0.338889 0.021094 0.047222
0 0.139453 0.965972 0.227344 0.065278
0 0.802734 0.295833 0.035156 0.069444
0 0.589453 0.511806 0.063281 0.095833
0 0.807813 0.348611 0.034375 0.066667
0 0.694141 0.384028 0.050781 0.070833
0 0.558594 0.730556 0.104688 0.183333
0 0.578125 0.429167 0.048438 0.069444
0 0.682813 0.613889 0.095312 0.075000
0 0.516016 0.831944 0.086719 0.211111
0 0.570703 0.542361 0.077344 0.115278
0 0.631641 0.325694 0.027344 0.054167
0 0.567969 0.947222 0.164062 0.102778
0 0.678516 0.504167 0.057031 0.069444
0 0.232813 0.897222 0.109375 0.197222
0 0.675781 0.448611 0.051562 0.058333
0 0.700781 0.311111 0.034375 0.058333
0 0.893359 0.434722 0.038281 0.069444
0 0.677344 0.979167 0.082812 0.038889
0 0.572656 0.224306 0.032813 0.054167
1 0.101172 0.625000 0.027344 0.077778
1 0.152344 0.567361 0.026562 0.134722
1 0.171484 0.695833 0.035156 0.108333
1 0.190234 0.686111 0.024219 0.072222
1 0.455078 0.459722 0.019531 0.047222
3 0.908203 0.569444 0.182031 0.644444
3 0.504297 0.724306 0.464844 0.548611
