0 0.507031 0.663194 0.040625 0.095833
0 0.582031 0.508333 0.032813 0.041667
0 0.658594 0.409722 0.028125 0.027778
0 0.453125 0.400000 0.021875 0.033333
0 0.636719 0.681250 0.075000 0.165278
0 0.513672 0.609722 0.049219 0.111111
0 0.907813 0.667361 0.073438 0.087500
0 0.452344 0.591667 0.034375 0.061111
0 0.473828 0.428472 0.022656 0.034722
0 0.478125 0.401389 0.026562 0.050000
0 0.890625 0.718750 0.165625 0.198611
0 0.550391 0.540972 0.036719 0.062500
0 0.521094 0.454167 0.020313 0.030556
0 0.705078 0.431250 0.039844 0.037500
0 0.561328 0.569444 0.047656 0.075000
0 0.985547 0.809028 0.027344 0.129167
0 0.449609 0.646528 0.046094 0.081944
0 0.589063 0.782639 0.057813 0.148611
0 0.347266 0.813194 0.177344 0.370833
0 0.441406 0.479167 0.048438 0.088889
0 0.498828 0.579861 0.036719 0.070833
0 0.711328 0.898611 0.116406 0.177778
0 0.532813 0.478472 0.026562 0.029167
0 0.573828 0.617361 0.055469 0.095833
0 0.492188 0.477083 0.028125 0.037500
0 0.548047 0.427778 0.024219 0.030556
0 0.436328 0.549306 0.053906 0.106944
0 0.376172 0.581944 0.097656 0.152778
0 0.960156 0.925000 0.078125 0.147222
0 0.557813 0.490278 0.026562 0.044444
0 0.508984 0.433333 0.033594 0.041667
0 0.919141 0.602778 0.074219 0.091667
0 0.530859 0.511111 0.027344 0.047222
0 0.494531 0.523611 0.039062 0.066667
0 0.451562 0.424306 0.023438 0.023611
0 0.492578 0.871528 0.082031 0.165278
0 0.519922 0.745139 0.063281 0.123611
0 0.555469 0.459722 0.031250 0.030556
0 0.529297 0.943750 0.105469 0.109722
0 0.216016 0.932639 0.089844 0.131944
0 0.602344 0.544444 0.035937 0.058333
0 0.822656 0.535417 0.054688 0.059722
0 0.992969 0.649306 0.012500 0.087500
0 0.475781 0.461111 0.018750 0.036111
1 0.139063 0.955556 0.037500 0.086111
1 0.315625 0.664583 0.018750 0.051389
1 0.237891 0.805556 0.032031 0.097222
3 0.875000 0.609722 0.248438 0.294444
3 0.603516 0.772222 0.396094 0.452778
4 0.720313 0.786111 0.196875 0.425000
4 0.566797 0.684028 0.007031 0.023611
4 0.462500 0.784722 0.007812 0.030556
4 0.607812 0.949306 0.020313 0.098611
4 0.448047 0.938194 0.010156 0.045833
5 0.720313 0.786111 0.195312 0.425000
5 0.566797 0.684028 0.007031 0.023611
5 0.462500 0.784722 0.007812 0.030556
5 0.608203 0.949306 0.019531 0.098611
5 0.448047 0.937500 0.010156 0.047222
