0 0.240234 0.156944 0.028906 0.055556
0 0.883203 0.533333 0.113281 0.155556
0 0.292187 0.011806 0.010937 0.015278
0 0.494922 0.730556 0.078906 0.216667
0 0.175391 0.885417 0.135156 0.226389
0 0.291406 0.103472 0.023438 0.043056
0 0.320703 0.048611 0.016406 0.027778
0 0.337500 0.095139 0.021875 0.037500
0 0.257422 0.349306 0.060156 0.112500
0 0.709375 0.947917 0.178125 0.101389
0 0.314844 0.016667 0.014063 0.025000
0 0.485156 0.500000 0.060937 0.152778
0 0.449609 0.241667 0.044531 0.066667
1 0.234375 0.038889 0.004687 0.022222
3 0.804297 0.751389 0.389844 0.494444
3 0.193359 0.511111 0.386719 0.975000
3 0.657813 0.512500 0.573438 0.944444
3 0.450000 0.499306 0.243750 0.990278
4 0.868750 0.413889 0.060937 0.075000
4 0.688672 0.576389 0.069531 0.136111
4 0.853516 0.427778 0.060156 0.069444
4 0.526953 0.338889 0.030469 0.044444
4 0.904687 0.388889 0.057813 0.077778
4 0.556250 0.454861 0.037500 0.043056
4 0.314844 0.189583 0.003125 0.012500
4 0.602734 0.632639 0.085156 0.070833
4 0.222656 0.648611 0.023438 0.069444
4 0.316016 0.223611 0.003906 0.016667
4 0.269141 0.495139 0.014844 0.045833
4 0.795312 0.469444 0.067187 0.083333
4 0.754687 0.505556 0.076563 0.094444
4 0.312109 0.319444 0.005469 0.022222
4 0.297656 0.391667 0.009375 0.030556
4 0.774219 0.486806 0.073438 0.087500
4 0.551953 0.426389 0.035156 0.044444
4 0.830859 0.440278 0.066406 0.075000
4 0.563672 0.471528 0.038281 0.068056
4 0.887500 0.404167 0.059375 0.072222
4 0.666797 0.702083 0.038281 0.162500
4 0.721094 0.549306 0.095312 0.115278
4 0.581641 0.509028 0.063281 0.068056
4 0.734375 0.525694 0.075000 0.101389
4 0.316016 0.264583 0.003906 0.018056
4 0.812500 0.455556 0.068750 0.080556
4 0.674219 0.616667 0.062500 0.183333
5 0.743750 0.654861 0.404687 0.626389
7 0.659375 0.509028 0.576562 0.926389
