0 0.337891 0.136806 0.024219 0.048611
0 0.292969 0.102778 0.020313 0.036111
0 0.289844 0.472917 0.064062 0.126389
0 0.328516 0.072222 0.019531 0.033333
0 0.285156 0.223611 0.031250 0.061111
0 0.485938 0.367361 0.053125 0.098611
0 0.291406 0.049306 0.015625 0.026389
0 0.240234 0.156944 0.028906 0.055556
0 0.333203 0.199306 0.032031 0.065278
0 0.490625 0.549306 0.065625 0.170833
3 0.800391 0.727778 0.392969 0.541667
3 0.194141 0.508333 0.388281 0.980556
3 0.654687 0.505556 0.584375 0.977778
3 0.449609 0.499306 0.246094 0.993056
4 0.869141 0.414583 0.061719 0.079167
4 0.688281 0.575694 0.068750 0.134722
4 0.774219 0.486806 0.073438 0.087500
4 0.820312 0.456250 0.085938 0.081944
4 0.617188 0.705556 0.103125 0.086111
4 0.255469 0.531250 0.089063 0.304167
4 0.297266 0.392361 0.010156 0.031944
4 0.604297 0.781944 0.067969 0.088889
4 0.665625 0.702083 0.043750 0.162500
4 0.133594 0.916667 0.046875 0.133333
4 0.556641 0.454167 0.038281 0.044444
4 0.795703 0.470139 0.067969 0.084722
4 0.753906 0.504861 0.076563 0.093056
4 0.311719 0.318750 0.006250 0.023611
4 0.712109 0.549306 0.072656 0.115278
4 0.601562 0.840972 0.048438 0.048611
4 0.854297 0.427778 0.061719 0.072222
4 0.564063 0.482639 0.037500 0.045833
4 0.905078 0.389583 0.058594 0.076389
4 0.550781 0.427083 0.035937 0.045833
4 0.612500 0.750694 0.084375 0.068056
4 0.605469 0.632639 0.081250 0.070833
4 0.582422 0.508333 0.061719 0.066667
4 0.831641 0.441667 0.067969 0.077778
4 0.734766 0.525694 0.075781 0.101389
4 0.887109 0.404167 0.060156 0.072222
4 0.674609 0.626389 0.061719 0.158333
5 0.869141 0.414583 0.061719 0.079167
5 0.316016 0.224306 0.003906 0.015278
5 0.687891 0.575694 0.069531 0.134722
5 0.206641 0.251389 0.022656 0.072222
5 0.536719 0.358333 0.023438 0.027778
5 0.916406 0.350694 0.023438 0.023611
5 0.760547 0.715972 0.341406 0.565278
5 0.820312 0.456250 0.085938 0.081944
5 0.617188 0.705556 0.103125 0.086111
5 0.594922 0.893056 0.030469 0.063889
5 0.255469 0.531250 0.089063 0.304167
5 0.504687 0.284722 0.026562 0.025000
5 0.312891 0.161111 0.002344 0.011111
5 0.593750 0.529167 0.079687 0.077778
5 0.604688 0.781944 0.067187 0.088889
5 0.667188 0.701389 0.040625 0.161111
5 0.133594 0.916667 0.046875 0.133333
5 0.316406 0.263889 0.004687 0.019444
5 0.545312 0.389583 0.029687 0.056944
5 0.556641 0.454167 0.038281 0.044444
5 0.314844 0.188889 0.003125 0.013889
5 0.795703 0.470139 0.067969 0.084722
5 0.753906 0.504861 0.076563 0.093056
5 0.311719 0.318750 0.006250 0.023611
5 0.297266 0.392361 0.010156 0.031944
5 0.523828 0.323611 0.021094 0.019444
5 0.774219 0.486806 0.073438 0.087500
5 0.712109 0.549306 0.072656 0.115278
5 0.603906 0.555556 0.096875 0.080556
5 0.601562 0.840972 0.048438 0.048611
5 0.853906 0.427778 0.060937 0.072222
5 0.473047 0.515972 0.224219 0.965278
5 0.560937 0.481944 0.043750 0.044444
5 0.905078 0.389583 0.058594 0.076389
5 0.550781 0.427083 0.035937 0.045833
5 0.544922 0.404861 0.033594 0.043056
5 0.612500 0.750694 0.084375 0.068056
5 0.605078 0.631944 0.080469 0.069444
5 0.576562 0.506944 0.073438 0.066667
5 0.674609 0.626389 0.060156 0.158333
5 0.518359 0.312500 0.024219 0.030556
5 0.529297 0.346528 0.024219 0.037500
5 0.831641 0.441667 0.067969 0.077778
5 0.734766 0.525000 0.075781 0.100000
5 0.887109 0.404167 0.058594 0.072222
5 0.920703 0.388889 0.060156 0.077778
7 0.660547 0.509028 0.575781 0.926389
