0 0.289062 0.544444 0.015625 0.022222
0 0.446094 0.475000 0.017188 0.016667
0 0.951562 0.405556 0.006250 0.005556
0 0.477344 0.550000 0.017188 0.022222
0 0.555469 0.443056 0.010937 0.013889
0 0.682031 0.431944 0.010937 0.008333
0 0.837500 0.443056 0.009375 0.008333
3 0.681250 0.716667 0.540625 0.561111
3 0.230469 0.733333 0.404687 0.527778
3 0.455469 0.475000 0.910937 0.122222
4 0.164844 0.773611 0.004687 0.013889
4 0.167969 0.733333 0.004687 0.016667
4 0.113281 0.834722 0.042188 0.325000
4 0.172656 0.704167 0.004687 0.013889
4 0.180469 0.675000 0.004687 0.011111
4 0.166406 0.819444 0.004687 0.016667
4 0.171875 0.877778 0.006250 0.022222
4 0.184375 0.951389 0.009375 0.025000
5 0.164844 0.773611 0.004687 0.013889
5 0.167969 0.733333 0.004687 0.016667
5 0.113281 0.834722 0.042188 0.325000
5 0.172656 0.704167 0.004687 0.013889
5 0.180469 0.675000 0.004687 0.011111
5 0.166406 0.819444 0.004687 0.016667
5 0.171875 0.877778 0.006250 0.022222
5 0.184375 0.951389 0.009375 0.025000
