0 0.848437 0.301389 0.060417 0.054630
0 0.656250 0.236574 0.025000 0.060185
0 0.609375 0.288426 0.056250 0.039815
0 0.539583 0.248611 0.043750 0.050926
0 0.873437 0.687963 0.080208 0.140741
0 0.758333 0.281944 0.062500 0.049074
0 0.815625 0.383796 0.068750 0.069444
0 0.096875 0.292593 0.020833 0.042593
0 0.278646 0.144444 0.025000 0.022222
0 0.626042 0.297685 0.050000 0.043519
0 0.427344 0.190741 0.041146 0.027778
0 0.670312 0.321759 0.056250 0.041667
0 0.175781 0.146759 0.011979 0.015741
0 0.763021 0.368519 0.055208 0.057407
0 0.811198 0.500000 0.200521 0.138889
0 0.244531 0.160648 0.021354 0.034259
0 0.149479 0.191667 0.016667 0.027778
0 0.871615 0.394907 0.052604 0.058333
0 0.711979 0.265278 0.034375 0.058333
0 0.419531 0.191667 0.026562 0.027778
0 0.272396 0.400463 0.058333 0.084259
0 0.366406 0.320833 0.048438 0.067593
0 0.318229 0.358333 0.054167 0.062963
0 0.614323 0.245370 0.041146 0.040741
0 0.713281 0.333333 0.082812 0.053704
0 0.339583 0.158796 0.038542 0.026852
0 0.159635 0.229167 0.021354 0.034259
0 0.170052 0.320833 0.038021 0.067593
0 0.095573 0.970833 0.019271 0.056481
0 0.646094 0.307407 0.055729 0.046296
0 0.476562 0.218981 0.048958 0.043519
0 0.891667 0.313426 0.043750 0.058333
0 0.420833 0.382870 0.063542 0.076852
0 0.144010 0.153704 0.011979 0.018519
0 0.728646 0.352315 0.062500 0.049074
0 0.577083 0.245370 0.043750 0.050000
0 0.185938 0.406481 0.055208 0.100000
0 0.265365 0.268056 0.032813 0.049074
0 0.907552 0.392130 0.011979 0.091667
3 0.588021 0.431944 0.646875 0.391667
3 0.508854 0.670370 0.550000 0.646296
3 0.592448 0.432407 0.638021 0.392593
3 0.534115 0.613889 0.754687 0.761111
3 0.590365 0.563889 0.628646 0.651852
3 0.591927 0.431944 0.639062 0.391667
4 0.460677 0.330556 0.022396 0.020370
4 0.259375 0.332870 0.011458 0.025000
4 0.206250 0.360185 0.009375 0.027778
4 0.322656 0.330556 0.179688 0.237037
4 0.362500 0.256944 0.010417 0.013889
4 0.219010 0.255093 0.007812 0.015741
4 0.182292 0.266204 0.007292 0.017593
4 0.235677 0.285648 0.007812 0.015741
4 0.192708 0.306944 0.007292 0.023148
4 0.564844 0.412037 0.038021 0.037037
4 0.410417 0.291204 0.015625 0.017593
4 0.455990 0.288426 0.016146 0.015741
4 0.222396 0.425926 0.011458 0.037037
4 0.530469 0.337500 0.026562 0.021296
4 0.632292 0.405556 0.039583 0.031481
5 0.460677 0.330556 0.022396 0.020370
5 0.259375 0.332870 0.011458 0.025000
5 0.205990 0.359722 0.008854 0.026852
5 0.322396 0.330093 0.179167 0.236111
5 0.362500 0.256944 0.009375 0.013889
5 0.219271 0.255093 0.007292 0.015741
5 0.182292 0.265741 0.007292 0.016667
5 0.235417 0.285648 0.007292 0.015741
5 0.192708 0.306944 0.007292 0.021296
5 0.564844 0.412037 0.038021 0.035185
5 0.410417 0.290741 0.015625 0.016667
5 0.455729 0.288889 0.015625 0.014815
5 0.222135 0.426389 0.010937 0.036111
5 0.530208 0.337500 0.026042 0.021296
5 0.632292 0.405556 0.038542 0.031481
