0 0.310156 0.605556 0.023438 0.033333
0 0.528906 0.448611 0.932813 0.086111
0 0.591406 0.569444 0.014063 0.022222
3 0.460938 0.775000 0.118750 0.438889
3 0.492969 0.775000 0.182812 0.438889
3 0.535937 0.775000 0.096875 0.438889
3 0.179688 0.745833 0.356250 0.363889
3 0.600000 0.772222 0.103125 0.444444
3 0.582031 0.615278 0.070312 0.130556
4 0.121875 0.775000 0.009375 0.011111
4 0.084375 0.805556 0.012500 0.011111
4 0.623437 0.829167 0.059375 0.330556
4 0.036719 0.840278 0.014063 0.013889
4 0.153906 0.748611 0.007812 0.008333
4 0.213281 0.034722 0.010937 0.030556
5 0.121875 0.775000 0.009375 0.011111
5 0.084375 0.805556 0.012500 0.011111
5 0.623437 0.829167 0.059375 0.330556
5 0.036719 0.840278 0.014063 0.013889
5 0.153906 0.748611 0.007812 0.008333
5 0.213281 0.034722 0.010937 0.030556
