0 0.927344 0.119444 0.142187 0.055556
0 0.612500 0.118056 0.153125 0.058333
0 0.434375 0.113889 0.187500 0.055556
0 0.771094 0.120833 0.154688 0.047222
0 0.007031 0.787500 0.014063 0.086111
0 0.237500 0.118056 0.193750 0.063889
0 0.570312 0.119444 0.856250 0.066667
3 0.176563 0.713889 0.346875 0.238889
3 0.203906 0.677778 0.404687 0.311111
3 0.497656 0.715278 0.639062 0.558333
3 0.397656 0.525000 0.167187 0.194444
3 0.425781 0.837500 0.417187 0.313889
3 0.497656 0.779167 0.632812 0.430556
4 0.210938 0.036111 0.012500 0.033333
4 0.621094 0.387500 0.070312 0.008333
4 0.521094 0.384722 0.057813 0.008333
5 0.210938 0.036111 0.012500 0.033333
5 0.621094 0.387500 0.070312 0.008333
5 0.521094 0.384722 0.057813 0.008333
