0 0.508984 0.650000 0.044531 0.097222
0 0.476953 0.418750 0.021094 0.023611
0 0.562891 0.495833 0.021094 0.052778
0 0.541016 0.504167 0.021094 0.058333
0 0.531250 0.460417 0.025000 0.026389
0 0.456250 0.385417 0.021875 0.034722
0 0.642969 0.703472 0.087500 0.179167
0 0.513672 0.597222 0.049219 0.111111
0 0.453906 0.572222 0.032813 0.055556
0 0.480078 0.386111 0.025781 0.044444
0 0.555078 0.530556 0.038281 0.041667
0 0.760156 0.483333 0.031250 0.055556
0 0.585547 0.546528 0.027344 0.031944
0 0.454688 0.409722 0.023438 0.025000
0 0.216016 0.919444 0.096094 0.158333
0 0.907813 0.634722 0.076563 0.088889
0 0.586719 0.772917 0.059375 0.148611
0 0.350391 0.804167 0.186719 0.388889
0 0.444531 0.463194 0.046875 0.084722
0 0.500781 0.558333 0.037500 0.086111
0 0.716797 0.911806 0.121094 0.173611
0 0.519141 0.490278 0.022656 0.044444
0 0.614844 0.567361 0.043750 0.048611
0 0.557813 0.433333 0.023438 0.027778
0 0.449219 0.629861 0.045312 0.081944
0 0.492969 0.465972 0.026562 0.040278
0 0.443750 0.534722 0.040625 0.097222
0 0.378125 0.563889 0.103125 0.152778
0 0.825781 0.530556 0.045312 0.055556
0 0.958203 0.870833 0.082031 0.250000
0 0.510547 0.429861 0.019531 0.034722
0 0.887891 0.562500 0.063281 0.058333
0 0.576562 0.610417 0.053125 0.093056
0 0.496484 0.515972 0.039844 0.065278
0 0.489844 0.856944 0.082812 0.163889
0 0.518750 0.732639 0.064062 0.123611
0 0.557422 0.569444 0.033594 0.077778
0 0.637109 0.602083 0.039844 0.023611
0 0.524219 0.439583 0.018750 0.029167
0 0.585156 0.509722 0.028125 0.047222
0 0.526563 0.936806 0.106250 0.123611
0 0.564063 0.452083 0.028125 0.031944
0 0.498828 0.406944 0.014844 0.030556
0 0.477734 0.445833 0.019531 0.036111
1 0.989453 0.665972 0.014844 0.045833
1 0.960547 0.576389 0.013281 0.066667
1 0.109766 0.727083 0.021094 0.095833
1 0.254297 0.607639 0.016406 0.059722
3 0.848047 0.559028 0.272656 0.265278
3 0.473828 0.729167 0.647656 0.538889
3 0.599609 0.729167 0.399219 0.538889
3 0.691406 0.728472 0.220312 0.540278
3 0.551562 0.755556 0.304688 0.486111
3 0.204687 0.875694 0.118750 0.245833
4 0.695312 0.731944 0.215625 0.527778
4 0.461328 0.769444 0.007031 0.030556
4 0.444922 0.920139 0.008594 0.051389
4 0.745703 0.860417 0.116406 0.268056
4 0.604688 0.943750 0.020313 0.109722
5 0.700000 0.756250 0.203125 0.476389
5 0.566016 0.672917 0.005469 0.029167
5 0.744922 0.860417 0.114844 0.268056
5 0.461328 0.769444 0.007031 0.030556
5 0.605078 0.943750 0.019531 0.109722
5 0.445312 0.918750 0.009375 0.051389
