0 0.252344 0.697222 0.042188 0.051852
0 0.480208 0.590741 0.023958 0.029630
0 0.429427 0.634722 0.026562 0.030556
0 0.446615 0.629167 0.025521 0.034259
0 0.571354 0.495833 0.012500 0.017593
0 0.415885 0.770370 0.051562 0.066667
0 0.063542 0.615278 0.030208 0.043519
0 0.310156 0.650463 0.040104 0.052778
0 0.161198 0.670370 0.055729 0.050000
0 0.384375 0.689352 0.041667 0.058333
0 0.289062 0.675926 0.040625 0.051852
0 0.400000 0.674074 0.035417 0.048148
0 0.682031 0.788426 0.066146 0.099074
0 0.419010 0.541667 0.023438 0.031481
0 0.575260 0.477778 0.007812 0.011111
0 0.661979 0.743981 0.054167 0.056481
0 0.015104 0.693981 0.030208 0.060185
0 0.327083 0.692593 0.040625 0.051852
0 0.504167 0.772685 0.046875 0.069444
0 0.388281 0.603241 0.027604 0.037963
0 0.278646 0.615741 0.028125 0.038889
0 0.447917 0.618056 0.032292 0.045370
0 0.413802 0.656481 0.031771 0.051852
0 0.179427 0.581944 0.023438 0.036111
0 0.081771 0.622222 0.034375 0.050000
0 0.533073 0.679630 0.050521 0.068519
0 0.190625 0.613426 0.030208 0.039815
0 0.024219 0.582407 0.013021 0.035185
0 0.449740 0.627315 0.027604 0.034259
0 0.570312 0.777778 0.051042 0.068519
0 0.444792 0.682407 0.046875 0.070370
0 0.064583 0.578704 0.027083 0.029630
0 0.535677 0.549537 0.017188 0.025000
0 0.569792 0.880556 0.067708 0.109259
0 0.587760 0.492130 0.020313 0.013889
0 0.248438 0.780093 0.059375 0.087963
0 0.644271 0.650000 0.028125 0.046296
1 0.450521 0.741667 0.012500 0.064815
3 0.513802 0.762037 0.508854 0.468519
3 0.494792 0.761574 0.236458 0.469444
3 0.261198 0.763426 0.522396 0.463889
3 0.689063 0.762963 0.160417 0.466667
3 0.419271 0.761111 0.323958 0.470370
4 0.531250 0.868981 0.006250 0.023148
4 0.420833 0.893056 0.089583 0.212037
4 0.333594 0.777315 0.017188 0.012037
4 0.340885 0.731481 0.015104 0.011111
4 0.308333 0.733333 0.014583 0.009259
4 0.297396 0.779167 0.017708 0.012037
4 0.147396 0.950463 0.027083 0.030556
4 0.276562 0.734722 0.016667 0.010185
4 0.632292 0.956019 0.006250 0.039815
4 0.190625 0.809722 0.015625 0.017593
4 0.127083 0.789815 0.015625 0.012963
4 0.032031 0.959259 0.032813 0.031481
4 0.627604 0.873611 0.005208 0.023148
4 0.126562 0.870833 0.023958 0.023148
4 0.517448 0.953241 0.008854 0.030556
4 0.223177 0.861574 0.017188 0.019444
5 0.623177 0.810648 0.006771 0.019444
5 0.126562 0.870833 0.023958 0.023148
5 0.032031 0.959259 0.032813 0.031481
5 0.531510 0.868981 0.006771 0.023148
5 0.147135 0.950463 0.026562 0.030556
5 0.632292 0.956019 0.006250 0.039815
5 0.190885 0.809722 0.015104 0.015741
5 0.127344 0.789815 0.015104 0.012963
5 0.627604 0.873611 0.005208 0.023148
5 0.420833 0.892593 0.089583 0.212963
5 0.548438 0.581944 0.039583 0.095370
5 0.517448 0.953241 0.008854 0.030556
5 0.223177 0.861574 0.017188 0.019444
7 0.753646 0.758796 0.093750 0.052778
7 0.107813 0.769907 0.111458 0.052778
7 0.414583 0.731019 0.438542 0.028704
