0 0.235547 0.958333 0.088281 0.080556
0 0.404297 0.741667 0.030469 0.050000
0 0.383984 0.867361 0.063281 0.201389
0 0.428125 0.524306 0.046875 0.059722
0 0.432812 0.464583 0.037500 0.054167
0 0.221094 0.607639 0.060937 0.081944
0 0.578125 0.524306 0.062500 0.156944
0 0.851562 0.738194 0.075000 0.118056
0 0.341406 0.525694 0.029687 0.068056
0 0.642969 0.459028 0.070312 0.084722
0 0.153906 0.738194 0.065625 0.115278
0 0.383203 0.602083 0.050781 0.084722
0 0.906250 0.859028 0.089063 0.170833
0 0.643359 0.570833 0.064844 0.152778
0 0.455859 0.407639 0.024219 0.043056
0 0.319141 0.459028 0.039844 0.054167
0 0.019922 0.946528 0.039844 0.104167
0 0.334766 0.618750 0.055469 0.101389
0 0.869141 0.942361 0.133594 0.112500
0 0.273438 0.628472 0.065625 0.109722
0 0.306641 0.805556 0.058594 0.061111
0 0.561328 0.429861 0.036719 0.068056
0 0.745703 0.465278 0.063281 0.077778
0 0.888281 0.779167 0.075000 0.125000
0 0.311328 0.742361 0.069531 0.118056
0 0.172656 0.841667 0.117188 0.141667
0 0.434375 0.447222 0.034375 0.058333
0 0.294531 0.536806 0.081250 0.106944
0 0.228125 0.704167 0.067187 0.072222
0 0.757422 0.955556 0.088281 0.086111
0 0.376172 0.529167 0.041406 0.058333
0 0.174609 0.668750 0.071094 0.062500
0 0.335156 0.577083 0.035937 0.045833
0 0.470703 0.480556 0.022656 0.058333
0 0.631250 0.973611 0.110937 0.050000
0 0.713672 0.610417 0.105469 0.204167
0 0.238281 0.663194 0.067187 0.045833
0 0.062500 0.809028 0.125000 0.281944
0 0.107031 0.952083 0.164062 0.093056
0 0.415625 0.681250 0.028125 0.068056
0 0.363281 0.984028 0.075000 0.029167
0 0.349609 0.427778 0.035156 0.052778
0 0.598047 0.726389 0.069531 0.130556
0 0.426563 0.619444 0.034375 0.072222
0 0.368750 0.467361 0.046875 0.059722
0 0.952344 0.749306 0.059375 0.123611
0 0.808594 0.854167 0.062500 0.122222
0 0.211719 0.778472 0.087500 0.131944
0 0.717187 0.777083 0.087500 0.140278
0 0.355078 0.668750 0.064844 0.095833
0 0.323047 0.808333 0.083594 0.113889
0 0.221875 0.581944 0.064062 0.130556
0 0.617969 0.886111 0.096875 0.183333
0 0.596094 0.421528 0.056250 0.079167
0 0.155859 0.929167 0.108594 0.102778
0 0.426953 0.547917 0.046094 0.073611
0 0.648047 0.384028 0.052344 0.081944
0 0.826172 0.604861 0.074219 0.118056
0 0.411719 0.430556 0.031250 0.038889
0 0.292187 0.913889 0.115625 0.169444
0 0.373828 0.400000 0.039844 0.050000
1 0.935156 0.533333 0.015625 0.072222
1 0.992969 0.620833 0.012500 0.091667
3 0.774609 0.747222 0.442969 0.502778
3 0.675000 0.752083 0.242188 0.493056
