0 0.658594 0.436111 0.010937 0.011111
0 0.567969 0.451389 0.014063 0.008333
0 0.348438 0.512500 0.012500 0.019444
0 0.574219 0.702778 0.029687 0.044444
0 0.828125 0.445833 0.009375 0.008333
3 0.677344 0.715278 0.523438 0.558333
3 0.253906 0.729167 0.423438 0.530556
3 0.225781 0.500000 0.451562 0.077778
4 0.175781 0.809722 0.004687 0.019444
4 0.181250 0.868056 0.006250 0.019444
4 0.192969 0.938889 0.007812 0.022222
5 0.175781 0.809722 0.004687 0.019444
5 0.181250 0.868056 0.006250 0.019444
5 0.192969 0.938889 0.007812 0.022222
