0 0.428516 0.219444 0.038281 0.061111
0 0.239844 0.156944 0.029687 0.055556
0 0.450391 0.269444 0.039844 0.091667
0 0.343359 0.215278 0.033594 0.058333
0 0.331250 0.380556 0.051562 0.125000
0 0.403906 0.169444 0.034375 0.055556
0 0.357031 0.048611 0.018750 0.033333
0 0.316016 0.016667 0.022656 0.033333
0 0.337500 0.129167 0.025000 0.041667
0 0.133594 0.678472 0.114062 0.187500
0 0.253516 0.331944 0.060156 0.119444
0 0.471875 0.327083 0.053125 0.112500
0 0.479687 0.434028 0.050000 0.118056
0 0.346484 0.026389 0.016406 0.030556
0 0.491797 0.571528 0.064844 0.159722
0 0.490234 0.908333 0.110156 0.180556
0 0.390625 0.128472 0.026562 0.045833
0 0.339844 0.009028 0.014063 0.018056
0 0.223438 0.868056 0.129688 0.261111
1 0.203906 0.104861 0.007812 0.031944
1 0.195703 0.136111 0.010156 0.041667
1 0.179297 0.129861 0.010156 0.034722
1 0.223047 0.062500 0.007031 0.025000
1 0.257031 0.147917 0.009375 0.043056
3 0.800391 0.727083 0.392969 0.543056
3 0.195312 0.509028 0.390625 0.979167
3 0.658203 0.507639 0.577344 0.965278
3 0.456641 0.524306 0.232031 0.940278
4 0.617188 0.705556 0.103125 0.086111
4 0.688281 0.575000 0.070312 0.136111
4 0.905078 0.389583 0.058594 0.079167
4 0.854688 0.429167 0.062500 0.072222
4 0.555859 0.455556 0.036719 0.041667
4 0.774219 0.486806 0.073438 0.087500
4 0.665234 0.702083 0.042969 0.162500
4 0.133984 0.916667 0.046094 0.133333
4 0.222656 0.648611 0.023438 0.069444
4 0.795703 0.477778 0.067969 0.100000
4 0.754687 0.504861 0.076563 0.093056
4 0.311719 0.320139 0.006250 0.026389
4 0.280469 0.450694 0.039062 0.134722
4 0.711719 0.549306 0.075000 0.115278
4 0.601172 0.840972 0.049219 0.048611
4 0.831641 0.441667 0.067969 0.077778
4 0.564063 0.471528 0.037500 0.068056
4 0.887500 0.404167 0.059375 0.072222
4 0.296875 0.394444 0.009375 0.027778
4 0.551562 0.425694 0.035937 0.045833
4 0.612500 0.750694 0.084375 0.068056
4 0.582422 0.508333 0.061719 0.066667
4 0.734375 0.525694 0.076563 0.101389
4 0.869141 0.415278 0.061719 0.077778
4 0.316016 0.264583 0.003906 0.018056
4 0.812891 0.456250 0.071094 0.081944
4 0.674609 0.616667 0.061719 0.183333
5 0.617578 0.705556 0.102344 0.086111
5 0.603906 0.556944 0.095312 0.080556
5 0.688281 0.575694 0.070312 0.134722
5 0.535937 0.358333 0.023438 0.025000
5 0.524219 0.322917 0.023438 0.023611
5 0.916016 0.350694 0.024219 0.023611
5 0.312500 0.161111 0.003125 0.011111
5 0.905078 0.390278 0.058594 0.077778
5 0.544531 0.405556 0.034375 0.044444
5 0.760547 0.716667 0.339844 0.563889
5 0.854297 0.428472 0.061719 0.073611
5 0.311719 0.138194 0.003125 0.009722
5 0.595313 0.893056 0.029687 0.063889
5 0.308984 0.086806 0.003906 0.034722
5 0.209375 0.252083 0.028125 0.073611
5 0.593359 0.529167 0.080469 0.080556
5 0.606250 0.797222 0.064062 0.058333
5 0.667188 0.702778 0.039062 0.161111
5 0.133984 0.916667 0.046094 0.133333
5 0.314844 0.189583 0.003125 0.012500
5 0.543359 0.384028 0.027344 0.045833
5 0.222656 0.648611 0.023438 0.069444
5 0.795703 0.470139 0.067969 0.084722
5 0.754297 0.504861 0.075781 0.093056
5 0.505078 0.284028 0.025781 0.023611
5 0.280859 0.450694 0.038281 0.134722
5 0.774219 0.486806 0.073438 0.087500
5 0.721875 0.549306 0.093750 0.115278
5 0.311719 0.320139 0.006250 0.026389
5 0.310547 0.118056 0.002344 0.008333
5 0.315625 0.224306 0.003125 0.015278
5 0.621875 0.500694 0.025000 0.023611
5 0.601562 0.840972 0.050000 0.048611
5 0.831641 0.441667 0.067969 0.077778
5 0.564063 0.470833 0.037500 0.066667
5 0.887109 0.404167 0.058594 0.072222
5 0.296875 0.394444 0.009375 0.027778
5 0.556250 0.468056 0.035937 0.066667
5 0.551953 0.425694 0.035156 0.045833
5 0.612891 0.750694 0.083594 0.068056
5 0.602734 0.632639 0.085156 0.070833
5 0.582422 0.508333 0.061719 0.066667
5 0.510547 0.299306 0.030469 0.026389
5 0.519141 0.309028 0.021094 0.020833
5 0.734766 0.525694 0.075781 0.101389
5 0.869141 0.414583 0.061719 0.076389
5 0.316016 0.264583 0.003906 0.018056
5 0.812891 0.456250 0.071094 0.081944
5 0.675391 0.627083 0.060156 0.159722
7 0.745703 0.650694 0.405469 0.620833
7 0.663281 0.509722 0.571875 0.922222
