0 0.804297 0.393056 0.050781 0.083333
0 0.545703 0.665278 0.074219 0.113889
0 0.300391 0.765972 0.124219 0.176389
0 0.453516 0.840278 0.072656 0.183333
0 0.555078 0.539583 0.061719 0.054167
0 0.612500 0.468056 0.039062 0.055556
0 0.754687 0.386806 0.043750 0.043056
0 0.455078 0.451389 0.028906 0.041667
0 0.633594 0.627083 0.071875 0.154167
0 0.837500 0.745833 0.048438 0.108333
0 0.423047 0.693056 0.055469 0.111111
0 0.562500 0.314583 0.029687 0.037500
0 0.453906 0.627778 0.078125 0.127778
0 0.084766 0.932639 0.169531 0.131944
0 0.457031 0.555556 0.051562 0.027778
0 0.938672 0.688889 0.121094 0.472222
0 0.410547 0.761806 0.069531 0.145833
0 0.798828 0.565278 0.099219 0.141667
0 0.510938 0.661806 0.054688 0.056944
0 0.506641 0.773611 0.086719 0.169444
0 0.111328 0.806250 0.222656 0.306944
0 0.571484 0.480556 0.038281 0.047222
0 0.566016 0.360417 0.025781 0.045833
0 0.316797 0.610417 0.150781 0.198611
0 0.508594 0.467361 0.039062 0.070833
0 0.776172 0.477083 0.071094 0.051389
0 0.633594 0.531250 0.051562 0.048611
0 0.408984 0.536806 0.039844 0.079167
0 0.568750 0.513889 0.045312 0.083333
0 0.866797 0.452778 0.072656 0.080556
0 0.578125 0.975000 0.154688 0.047222
0 0.554297 0.459028 0.038281 0.068056
0 0.550391 0.579861 0.066406 0.093056
0 0.575391 0.404167 0.025781 0.044444
0 0.610547 0.863194 0.121094 0.184722
0 0.628125 0.744444 0.079687 0.111111
0 0.604688 0.427778 0.034375 0.044444
0 0.312109 0.868750 0.142969 0.143056
0 0.553125 0.425694 0.034375 0.048611
0 0.753906 0.423611 0.032813 0.050000
0 0.647656 0.447917 0.039062 0.054167
0 0.642188 0.402083 0.040625 0.037500
0 0.470703 0.508333 0.053906 0.077778
0 0.536328 0.372222 0.028906 0.036111
0 0.371875 0.931250 0.142187 0.134722
0 0.878516 0.589583 0.024219 0.073611
0 0.829297 0.536806 0.039844 0.079167
0 0.515625 0.346528 0.040625 0.056944
3 0.421094 0.740972 0.500000 0.515278
3 0.903125 0.720833 0.192188 0.555556
4 0.482422 0.951389 0.013281 0.033333
5 0.482422 0.951389 0.013281 0.033333
