0 0.316146 0.914815 0.029167 0.051852
0 0.437760 0.282870 0.014063 0.025000
0 0.430990 0.353704 0.018229 0.033333
0 0.392448 0.274074 0.017188 0.025926
0 0.405208 0.619444 0.048958 0.072222
0 0.396094 0.352315 0.021354 0.032407
0 0.480729 0.425000 0.029167 0.033333
0 0.806771 0.668056 0.065625 0.071296
0 0.384896 0.294907 0.016667 0.019444
0 0.828906 0.631944 0.061979 0.069444
0 0.560677 0.712500 0.071354 0.104630
0 0.331510 0.855556 0.063021 0.112963
0 0.407813 0.313889 0.017708 0.025926
0 0.317448 0.320833 0.072396 0.112037
0 0.771615 0.862037 0.075521 0.088889
0 0.431771 0.304167 0.015625 0.023148
0 0.389062 0.329630 0.017708 0.014815
0 0.343229 0.444907 0.034375 0.049074
0 0.742708 0.553704 0.042708 0.038889
0 0.269010 0.389352 0.036979 0.076852
0 0.725260 0.506944 0.060937 0.060185
0 0.806250 0.581481 0.054167 0.051852
0 0.477604 0.393981 0.021875 0.030556
0 0.563802 0.489815 0.038021 0.048148
0 0.564063 0.434259 0.027083 0.029630
0 0.677865 0.582407 0.044271 0.051852
0 0.620573 0.497685 0.032813 0.034259
0 0.424740 0.269444 0.013021 0.018519
3 0.654167 0.774074 0.497917 0.442593
3 0.303125 0.665278 0.193750 0.662037
3 0.344010 0.660648 0.276562 0.671296
3 0.686198 0.594907 0.626563 0.565741
3 0.636198 0.689352 0.533854 0.612037
4 0.482552 0.852778 0.157812 0.285185
5 0.127344 0.039815 0.015104 0.009259
5 0.778125 0.039352 0.013542 0.010185
5 0.180208 0.035185 0.013542 0.033333
5 0.233854 0.040278 0.014583 0.013889
5 0.397396 0.852315 0.013542 0.293519
5 0.482552 0.854167 0.157812 0.284259
5 0.827344 0.039352 0.014063 0.010185
