0 0.348047 0.233333 0.033594 0.061111
0 0.239453 0.155556 0.028906 0.055556
0 0.348047 0.033333 0.016406 0.027778
0 0.317969 0.013889 0.014063 0.019444
0 0.337500 0.148611 0.026562 0.047222
0 0.342578 0.011111 0.014844 0.022222
0 0.293750 0.041667 0.015625 0.025000
0 0.260156 0.684028 0.132812 0.287500
0 0.282422 0.213194 0.044531 0.095833
0 0.336719 0.096528 0.021875 0.043056
0 0.471875 0.366667 0.060937 0.122222
0 0.329688 0.067361 0.020313 0.034722
0 0.289062 0.119444 0.023438 0.038889
0 0.326953 0.484028 0.060156 0.123611
0 0.392188 0.120139 0.025000 0.040278
0 0.503906 0.844444 0.101562 0.308333
0 0.375781 0.090972 0.021875 0.034722
0 0.435937 0.231944 0.035937 0.061111
0 0.412109 0.168750 0.032031 0.045833
1 0.013281 0.400000 0.021875 0.075000
3 0.800391 0.728472 0.392969 0.540278
3 0.194922 0.505556 0.389844 0.980556
3 0.654297 0.501389 0.585156 0.969444
3 0.455078 0.518750 0.233594 0.951389
4 0.767578 0.712500 0.355469 0.572222
4 0.766016 0.488889 0.091406 0.088889
4 0.133594 0.916667 0.046875 0.136111
4 0.268359 0.496528 0.014844 0.045833
4 0.311719 0.318056 0.006250 0.025000
4 0.297266 0.391667 0.010156 0.033333
4 0.887109 0.404167 0.060156 0.075000
5 0.742969 0.649306 0.407813 0.618056
7 0.744141 0.647222 0.408594 0.613889
7 0.664453 0.514583 0.569531 0.893056
7 0.475781 0.264583 0.206250 0.409722
