0 0.656250 0.386806 0.012500 0.012500
0 0.673958 0.481250 0.035417 0.048611
0 0.581250 0.420139 0.010417 0.015278
0 0.820312 0.759722 0.046875 0.036111
0 0.604688 0.406944 0.011458 0.013889
0 0.459896 0.412500 0.021875 0.019444
0 0.531250 0.611806 0.045833 0.034722
0 0.623958 0.395139 0.014583 0.015278
0 0.691146 0.450694 0.011458 0.012500
4 0.794792 0.609722 0.139583 0.075000
4 0.515104 0.599306 0.011458 0.218056
4 0.584375 0.598611 0.027083 0.016667
4 0.507292 0.563889 0.310417 0.036111
4 0.808333 0.829167 0.327083 0.175000
4 0.477604 0.627778 0.009375 0.008333
4 0.451562 0.536111 0.017708 0.019444
4 0.493750 0.616667 0.008333 0.008333
4 0.784896 0.659722 0.021875 0.011111
4 0.561979 0.610417 0.026042 0.023611
4 0.606250 0.643056 0.022917 0.013889
4 0.351042 0.763889 0.062500 0.038889
4 0.432292 0.608333 0.177083 0.208333
4 0.460417 0.640278 0.010417 0.008333
4 0.721875 0.631944 0.020833 0.011111
4 0.422396 0.538194 0.157292 0.090278
4 0.792708 0.638889 0.022917 0.011111
4 0.597396 0.606944 0.151042 0.205556
4 0.591667 0.518750 0.160417 0.062500
4 0.623958 0.622222 0.018750 0.013889
4 0.733333 0.613194 0.018750 0.009722
5 0.794792 0.609722 0.139583 0.075000
5 0.515104 0.599306 0.011458 0.218056
5 0.584375 0.598611 0.027083 0.016667
5 0.507292 0.563889 0.310417 0.036111
5 0.808333 0.829167 0.327083 0.175000
5 0.477604 0.627778 0.009375 0.008333
5 0.451562 0.536111 0.017708 0.019444
5 0.493750 0.616667 0.008333 0.008333
5 0.784896 0.659722 0.021875 0.011111
5 0.561979 0.610417 0.026042 0.023611
5 0.606250 0.643056 0.022917 0.013889
5 0.351042 0.763889 0.062500 0.038889
5 0.432292 0.608333 0.177083 0.208333
5 0.460417 0.640278 0.010417 0.008333
5 0.721875 0.631944 0.020833 0.011111
5 0.422396 0.538194 0.157292 0.090278
5 0.792708 0.638889 0.022917 0.011111
5 0.597396 0.606944 0.151042 0.205556
5 0.591667 0.518750 0.160417 0.062500
5 0.623958 0.622222 0.018750 0.013889
5 0.733333 0.613194 0.018750 0.009722
