0 0.417578 0.397917 0.013281 0.020833
0 0.535547 0.357639 0.010156 0.018056
0 0.491406 0.352778 0.007812 0.011111
0 0.477344 0.377083 0.010937 0.012500
0 0.696484 0.890972 0.110156 0.215278
0 0.611328 0.438889 0.019531 0.027778
0 0.458984 0.377083 0.011719 0.015278
0 0.321875 0.518056 0.039062 0.047222
0 0.475781 0.388194 0.012500 0.015278
0 0.527344 0.386806 0.014063 0.020833
0 0.545703 0.445139 0.021094 0.029167
0 0.023828 0.910417 0.047656 0.109722
0 0.462891 0.368750 0.008594 0.012500
0 0.436328 0.407639 0.017969 0.026389
0 0.390625 0.488194 0.029687 0.037500
0 0.433203 0.382639 0.016406 0.020833
0 0.391016 0.429167 0.017969 0.025000
0 0.360938 0.461111 0.026562 0.030556
0 0.574609 0.393750 0.014844 0.020833
0 0.470703 0.355556 0.010156 0.013889
0 0.626172 0.515972 0.033594 0.048611
0 0.439453 0.502083 0.028906 0.040278
0 0.576562 0.437500 0.018750 0.027778
0 0.482422 0.366667 0.010156 0.013889
0 0.555469 0.402083 0.012500 0.020833
0 0.486328 0.337500 0.013281 0.022222
0 0.363281 0.731944 0.070312 0.113889
3 0.773047 0.613194 0.452344 0.537500
3 0.761719 0.679861 0.475000 0.629167
3 0.230469 0.603472 0.460938 0.495833
3 0.232031 0.704167 0.460938 0.583333
4 0.774609 0.616667 0.449219 0.530556
4 0.437891 0.686806 0.111719 0.623611
4 0.677344 0.581944 0.010937 0.013889
4 0.385547 0.569444 0.007031 0.013889
4 0.209375 0.736806 0.023438 0.034722
4 0.077734 0.939583 0.049219 0.070833
4 0.316406 0.729861 0.015625 0.031944
4 0.358984 0.631250 0.010156 0.020833
4 0.638672 0.643750 0.011719 0.023611
4 0.778906 0.967361 0.032813 0.062500
4 0.721484 0.648611 0.014844 0.022222
4 0.319922 0.572222 0.010156 0.013889
4 0.276953 0.636806 0.014844 0.020833
4 0.931641 0.966667 0.046094 0.063889
4 0.591797 0.533333 0.007031 0.011111
4 0.789453 0.751389 0.024219 0.036111
4 0.684766 0.750694 0.019531 0.037500
4 0.610938 0.578472 0.009375 0.015278
4 0.236328 0.920833 0.032031 0.063889
5 0.499609 0.616667 0.999219 0.530556
5 0.611719 0.480556 0.004687 0.008333
5 0.436328 0.700694 0.108594 0.595833
5 0.677344 0.581944 0.010937 0.013889
5 0.427344 0.471528 0.004687 0.006944
5 0.778516 0.967361 0.032031 0.062500
5 0.405078 0.524306 0.005469 0.009722
5 0.408203 0.439583 0.005469 0.006944
5 0.209766 0.736806 0.022656 0.034722
5 0.578906 0.502083 0.004687 0.009722
5 0.371094 0.495139 0.006250 0.009722
5 0.931641 0.966667 0.046094 0.063889
5 0.316406 0.729861 0.015625 0.031944
5 0.638672 0.643056 0.011719 0.022222
5 0.077734 0.939583 0.049219 0.070833
5 0.435547 0.453472 0.003906 0.006944
5 0.570312 0.478472 0.004687 0.006944
5 0.205469 0.629167 0.410938 0.450000
5 0.385547 0.569444 0.007031 0.013889
5 0.350781 0.526389 0.007812 0.011111
5 0.358984 0.631250 0.010156 0.020833
5 0.721484 0.648611 0.014844 0.022222
5 0.319531 0.572222 0.009375 0.013889
5 0.277344 0.636806 0.014063 0.020833
5 0.591797 0.533333 0.007031 0.011111
5 0.789453 0.751389 0.024219 0.036111
5 0.569922 0.702778 0.108594 0.591667
5 0.684766 0.750694 0.019531 0.037500
5 0.418359 0.494444 0.005469 0.008333
5 0.610938 0.578472 0.009375 0.015278
5 0.648047 0.537500 0.007031 0.011111
5 0.599609 0.460417 0.003906 0.006944
5 0.236328 0.920833 0.032031 0.063889
