0 0.549219 0.359722 0.007812 0.011111
0 0.375391 0.622222 0.061719 0.188889
0 0.455469 0.438889 0.020313 0.030556
0 0.669531 0.611806 0.054688 0.076389
0 0.525781 0.383333 0.010937 0.016667
0 0.478516 0.352083 0.008594 0.012500
0 0.168359 0.688194 0.083594 0.090278
0 0.457422 0.380556 0.011719 0.016667
0 0.386328 0.435417 0.021094 0.026389
0 0.731641 0.580556 0.050781 0.063889
0 0.408594 0.547917 0.035937 0.051389
0 0.550000 0.464583 0.025000 0.034722
0 0.267188 0.690278 0.076563 0.088889
0 0.426563 0.399306 0.065625 0.093056
0 0.474219 0.386111 0.012500 0.016667
0 0.394531 0.520833 0.012500 0.030556
0 0.488281 0.361806 0.009375 0.015278
0 0.538672 0.426389 0.017969 0.027778
0 0.341016 0.564583 0.042969 0.056944
0 0.583984 0.391667 0.030469 0.052778
0 0.565234 0.381944 0.008594 0.019444
0 0.470313 0.360417 0.010937 0.015278
0 0.463281 0.422222 0.017188 0.025000
0 0.457813 0.360417 0.010937 0.012500
0 0.480859 0.370139 0.010156 0.015278
0 0.286328 0.770833 0.021094 0.055556
0 0.557422 0.398611 0.017969 0.033333
0 0.397656 0.470139 0.028125 0.043056
0 0.333594 0.896528 0.096875 0.154167
1 0.289062 0.728472 0.023438 0.076389
1 0.394141 0.509028 0.013281 0.029167
3 0.780859 0.620139 0.436719 0.520833
3 0.211719 0.631944 0.423438 0.477778
3 0.760938 0.675000 0.476562 0.641667
3 0.239453 0.696528 0.478906 0.595833
4 0.648047 0.537500 0.008594 0.011111
4 0.591797 0.533333 0.007031 0.011111
4 0.627734 0.505556 0.007031 0.008333
4 0.358594 0.631944 0.010937 0.022222
4 0.209375 0.736806 0.023438 0.034722
4 0.450391 0.702778 0.136719 0.591667
4 0.578906 0.502083 0.004687 0.009722
4 0.350781 0.527083 0.007812 0.012500
4 0.316406 0.730556 0.015625 0.030556
4 0.638281 0.643056 0.012500 0.022222
4 0.077734 0.938889 0.049219 0.069444
4 0.385156 0.568750 0.007812 0.015278
4 0.371094 0.495833 0.006250 0.008333
4 0.211719 0.624306 0.423438 0.465278
4 0.779297 0.967361 0.032031 0.062500
4 0.798828 0.650000 0.400781 0.463889
4 0.278125 0.634722 0.014063 0.019444
4 0.932031 0.966667 0.045312 0.063889
4 0.789062 0.751389 0.025000 0.036111
4 0.570703 0.702778 0.108594 0.591667
4 0.684766 0.750694 0.019531 0.037500
4 0.610938 0.578472 0.009375 0.015278
4 0.611719 0.480556 0.004687 0.008333
4 0.236328 0.920833 0.032031 0.063889
4 0.721875 0.648611 0.015625 0.022222
5 0.798828 0.650000 0.400781 0.463889
5 0.450391 0.702778 0.136719 0.591667
5 0.211719 0.624306 0.423438 0.465278
5 0.591797 0.533333 0.007031 0.011111
5 0.778906 0.967361 0.031250 0.062500
5 0.358594 0.631944 0.010937 0.022222
5 0.317578 0.575000 0.005469 0.008333
5 0.209766 0.736806 0.022656 0.034722
5 0.578906 0.502083 0.004687 0.009722
5 0.350781 0.527083 0.007812 0.012500
5 0.932031 0.966667 0.045312 0.063889
5 0.316406 0.730556 0.015625 0.030556
5 0.638672 0.643056 0.011719 0.022222
5 0.078125 0.938889 0.048438 0.069444
5 0.435547 0.454167 0.003906 0.005556
5 0.385547 0.568750 0.007031 0.015278
5 0.371094 0.495833 0.006250 0.008333
5 0.418359 0.493750 0.005469 0.009722
5 0.648047 0.537500 0.008594 0.011111
5 0.569922 0.477778 0.003906 0.008333
5 0.627734 0.505556 0.007031 0.008333
5 0.427734 0.472222 0.005469 0.008333
5 0.278125 0.634722 0.014063 0.019444
5 0.789062 0.751389 0.025000 0.036111
5 0.684766 0.750694 0.019531 0.037500
5 0.570703 0.702778 0.108594 0.591667
5 0.610938 0.578472 0.009375 0.015278
5 0.589844 0.445833 0.003125 0.005556
5 0.599609 0.461111 0.003906 0.008333
5 0.611719 0.480556 0.004687 0.008333
5 0.236328 0.920833 0.032031 0.063889
5 0.721484 0.648611 0.014844 0.022222
