0 0.420703 0.421528 0.046094 0.068056
0 0.599609 0.352778 0.042969 0.050000
0 0.542188 0.425000 0.042188 0.050000
0 0.560156 0.531250 0.082812 0.073611
0 0.922266 0.377778 0.074219 0.072222
0 0.610938 0.644444 0.073438 0.102778
0 0.542188 0.461111 0.054688 0.072222
0 0.766797 0.946528 0.164844 0.104167
0 0.405469 0.252083 0.031250 0.045833
0 0.565234 0.399306 0.038281 0.070833
0 0.428125 0.530556 0.057813 0.094444
0 0.462500 0.240972 0.031250 0.043056
0 0.472656 0.675000 0.095312 0.161111
0 0.765234 0.708333 0.132031 0.241667
0 0.595313 0.639583 0.076563 0.140278
0 0.394922 0.296528 0.035156 0.048611
0 0.366016 0.372222 0.057031 0.094444
0 0.362109 0.866667 0.085156 0.127778
0 0.685547 0.629861 0.078906 0.170833
0 0.514453 0.843750 0.132031 0.259722
0 0.160938 0.824306 0.273438 0.348611
0 0.489063 0.361806 0.039062 0.048611
0 0.484375 0.426389 0.032813 0.086111
0 0.513281 0.395833 0.026562 0.041667
0 0.464062 0.581250 0.087500 0.112500
0 0.610156 0.399306 0.057813 0.043056
0 0.337109 0.597917 0.139844 0.251389
0 0.580078 0.333333 0.030469 0.036111
0 0.419531 0.474306 0.050000 0.043056
0 0.346875 0.801389 0.106250 0.238889
0 0.796875 0.874306 0.134375 0.179167
0 0.436328 0.354861 0.080469 0.145833
0 0.361719 0.436806 0.060937 0.068056
0 0.618750 0.456944 0.067187 0.100000
0 0.560937 0.576389 0.070312 0.150000
0 0.506641 0.286111 0.028906 0.038889
0 0.641797 0.831944 0.089844 0.211111
0 0.631250 0.742361 0.114062 0.204167
0 0.503125 0.456250 0.045312 0.076389
0 0.491406 0.769444 0.089063 0.166667
0 0.542188 0.369444 0.035937 0.052778
0 0.637891 0.511111 0.072656 0.094444
0 0.518750 0.919444 0.104688 0.158333
0 0.354297 0.961111 0.142969 0.075000
0 0.658203 0.550694 0.067969 0.093056
1 0.175000 0.604861 0.026562 0.093056
1 0.022656 0.734028 0.034375 0.190278
1 0.146094 0.613889 0.026562 0.113889
3 0.644531 0.726389 0.501563 0.544444
4 0.443359 0.861111 0.008594 0.030556
4 0.881641 0.963889 0.035156 0.069444
4 0.771875 0.720139 0.256250 0.556944
4 0.648828 0.970139 0.013281 0.040278
4 0.431641 0.982639 0.010156 0.031944
5 0.443359 0.860417 0.008594 0.031944
5 0.881641 0.963889 0.035156 0.069444
5 0.648828 0.970139 0.013281 0.040278
5 0.431641 0.982639 0.010156 0.031944
