0 0.446875 0.481250 0.023438 0.037500
0 0.533594 0.341667 0.009375 0.016667
0 0.542188 0.340278 0.006250 0.011111
0 0.473047 0.386111 0.013281 0.019444
0 0.539844 0.371528 0.009375 0.012500
0 0.339453 0.485417 0.032031 0.037500
0 0.523047 0.372917 0.010156 0.015278
0 0.055469 0.844444 0.110937 0.133333
0 0.687891 0.934722 0.103906 0.127778
0 0.433203 0.379861 0.011719 0.015278
0 0.448047 0.391667 0.014844 0.019444
0 0.864844 0.747222 0.114062 0.163889
0 0.299219 0.574306 0.050000 0.062500
0 0.570703 0.390278 0.013281 0.016667
0 0.392578 0.430556 0.019531 0.025000
0 0.080859 0.964583 0.153906 0.068056
0 0.460156 0.373611 0.009375 0.013889
0 0.485156 0.369444 0.010937 0.022222
0 0.396875 0.631250 0.050000 0.070833
0 0.521484 0.352083 0.008594 0.018056
0 0.589453 0.450694 0.024219 0.031944
0 0.586328 0.429167 0.016406 0.013889
0 0.410938 0.406944 0.015625 0.022222
0 0.282813 0.940278 0.134375 0.116667
0 0.471875 0.351389 0.007812 0.011111
3 0.772656 0.615278 0.453125 0.533333
3 0.762109 0.688889 0.474219 0.611111
3 0.238281 0.700000 0.476562 0.588889
3 0.231250 0.576389 0.462500 0.438889
3 0.687500 0.690278 0.337500 0.611111
4 0.776172 0.619444 0.446094 0.525000
4 0.502344 0.702778 0.240625 0.591667
4 0.258594 0.570139 0.389062 0.415278
4 0.627734 0.504861 0.007031 0.009722
4 0.405078 0.523611 0.005469 0.011111
4 0.647656 0.537500 0.007812 0.011111
4 0.277344 0.636111 0.015625 0.022222
4 0.578906 0.502083 0.004687 0.009722
4 0.090234 0.919444 0.024219 0.030556
4 0.931641 0.966667 0.046094 0.063889
4 0.316406 0.731250 0.015625 0.031944
4 0.385547 0.569444 0.007031 0.013889
4 0.638672 0.643750 0.011719 0.020833
4 0.209766 0.736806 0.024219 0.034722
4 0.371094 0.495833 0.006250 0.008333
4 0.778516 0.967361 0.032031 0.062500
4 0.677344 0.581944 0.010937 0.013889
4 0.350781 0.526389 0.007812 0.011111
4 0.358594 0.631250 0.009375 0.020833
4 0.591797 0.533333 0.007031 0.011111
4 0.789453 0.751389 0.024219 0.036111
4 0.569922 0.690278 0.111719 0.616667
4 0.610938 0.578472 0.009375 0.015278
4 0.685156 0.750694 0.018750 0.037500
4 0.235547 0.920833 0.030469 0.063889
4 0.721875 0.648611 0.015625 0.022222
5 0.776172 0.619444 0.446094 0.525000
5 0.502344 0.702778 0.240625 0.591667
5 0.677344 0.581944 0.010937 0.013889
5 0.258984 0.570139 0.389844 0.415278
5 0.557422 0.444444 0.003906 0.005556
5 0.611328 0.480556 0.005469 0.008333
5 0.569531 0.477778 0.004687 0.008333
5 0.627344 0.504861 0.006250 0.009722
5 0.405078 0.523611 0.005469 0.011111
5 0.647656 0.537500 0.007812 0.011111
5 0.276953 0.636806 0.014844 0.020833
5 0.578906 0.502083 0.004687 0.009722
5 0.090234 0.919444 0.024219 0.030556
5 0.427344 0.472222 0.004687 0.008333
5 0.386328 0.473611 0.005469 0.008333
5 0.931641 0.966667 0.046094 0.063889
5 0.316406 0.731250 0.015625 0.031944
5 0.638672 0.643750 0.011719 0.020833
5 0.210156 0.736806 0.023438 0.034722
5 0.435547 0.453472 0.005469 0.006944
5 0.371484 0.495833 0.005469 0.008333
5 0.778516 0.967361 0.032031 0.062500
5 0.721484 0.648611 0.014844 0.022222
5 0.350781 0.526389 0.007812 0.011111
5 0.358984 0.630556 0.010156 0.019444
5 0.417969 0.494444 0.004687 0.008333
5 0.591797 0.533333 0.007031 0.011111
5 0.441797 0.439583 0.003906 0.006944
5 0.789453 0.751389 0.024219 0.036111
5 0.569922 0.690972 0.110156 0.615278
5 0.562109 0.459028 0.003906 0.006944
5 0.401562 0.450694 0.012500 0.018056
5 0.610938 0.578472 0.009375 0.015278
5 0.685156 0.750694 0.018750 0.037500
5 0.235547 0.920833 0.030469 0.063889
