0 0.581250 0.420833 0.010417 0.016667
0 0.404687 0.504167 0.017708 0.022222
0 0.740625 0.689583 0.056250 0.040278
0 0.431771 0.520833 0.044792 0.052778
0 0.365625 0.485417 0.031250 0.020833
0 0.604167 0.406944 0.012500 0.013889
0 0.623958 0.395139 0.014583 0.015278
0 0.459375 0.412500 0.022917 0.019444
0 0.644792 0.636111 0.043750 0.038889
0 0.534896 0.517361 0.028125 0.076389
0 0.657292 0.384028 0.014583 0.015278
0 0.390104 0.695833 0.057292 0.038889
3 0.770312 0.631944 0.171875 0.125000
4 0.584896 0.599306 0.028125 0.018056
4 0.803125 0.827083 0.318750 0.170833
4 0.477604 0.627778 0.009375 0.008333
4 0.432292 0.572917 0.152083 0.018056
4 0.515104 0.599306 0.011458 0.218056
4 0.493750 0.616667 0.008333 0.008333
4 0.785417 0.659722 0.020833 0.011111
4 0.561458 0.609722 0.027083 0.025000
4 0.353646 0.762500 0.057292 0.036111
4 0.431771 0.645833 0.176042 0.133333
4 0.460417 0.640278 0.010417 0.008333
4 0.722396 0.631944 0.019792 0.011111
4 0.507292 0.560417 0.310417 0.045833
4 0.426563 0.538889 0.165625 0.100000
4 0.792188 0.638194 0.021875 0.009722
4 0.596875 0.629167 0.152083 0.166667
4 0.609896 0.525000 0.123958 0.050000
4 0.594271 0.555556 0.138542 0.022222
4 0.733333 0.613194 0.018750 0.009722
5 0.584896 0.599306 0.028125 0.018056
5 0.803125 0.827083 0.318750 0.170833
5 0.477604 0.627778 0.009375 0.008333
5 0.432292 0.572917 0.152083 0.018056
5 0.515104 0.599306 0.011458 0.218056
5 0.493750 0.616667 0.008333 0.008333
5 0.785417 0.659722 0.020833 0.011111
5 0.561458 0.609722 0.027083 0.025000
5 0.353646 0.762500 0.057292 0.036111
5 0.431771 0.645833 0.176042 0.133333
5 0.460417 0.640278 0.010417 0.008333
5 0.722396 0.631944 0.019792 0.011111
5 0.507292 0.560417 0.310417 0.045833
5 0.426563 0.538889 0.165625 0.100000
5 0.792188 0.638194 0.021875 0.009722
5 0.596875 0.629167 0.152083 0.166667
5 0.609896 0.525000 0.123958 0.050000
5 0.594271 0.555556 0.138542 0.022222
5 0.733333 0.613194 0.018750 0.009722
