0 0.448828 0.448611 0.022656 0.027778
0 0.389062 0.626389 0.050000 0.072222
0 0.468750 0.363889 0.009375 0.013889
0 0.478516 0.371528 0.010156 0.015278
0 0.561719 0.359722 0.017188 0.047222
0 0.436719 0.408333 0.017188 0.019444
0 0.444922 0.361111 0.016406 0.033333
0 0.628516 0.462500 0.025781 0.038889
0 0.593750 0.606944 0.046875 0.072222
0 0.057031 0.825694 0.114062 0.134722
0 0.485547 0.363889 0.011719 0.019444
0 0.475000 0.345139 0.007812 0.012500
0 0.350000 0.479167 0.029687 0.036111
0 0.398828 0.468056 0.024219 0.033333
0 0.531250 0.402778 0.017188 0.025000
0 0.407031 0.410417 0.015625 0.023611
0 0.306250 0.527083 0.040625 0.045833
0 0.466406 0.414583 0.015625 0.023611
0 0.524219 0.359028 0.010937 0.018056
0 0.063281 0.991667 0.095312 0.013889
0 0.457422 0.380556 0.011719 0.016667
0 0.441016 0.486806 0.028906 0.037500
0 0.571875 0.424306 0.018750 0.023611
0 0.331250 0.587500 0.051562 0.061111
0 0.276172 0.955556 0.113281 0.086111
0 0.435547 0.382639 0.011719 0.015278
3 0.779687 0.633333 0.439063 0.494444
3 0.757812 0.681944 0.478125 0.627778
3 0.786328 0.693056 0.425781 0.602778
3 0.214453 0.579861 0.428906 0.384722
3 0.241016 0.689583 0.482031 0.609722
4 0.785547 0.634028 0.427344 0.495833
4 0.358984 0.630556 0.010156 0.019444
4 0.578906 0.502083 0.004687 0.009722
4 0.647656 0.537500 0.007812 0.011111
4 0.405078 0.524306 0.005469 0.009722
4 0.385547 0.569444 0.007031 0.013889
4 0.208984 0.737500 0.022656 0.033333
4 0.436328 0.701389 0.108594 0.594444
4 0.078125 0.938889 0.048438 0.069444
4 0.350000 0.527778 0.007812 0.011111
4 0.316406 0.730556 0.015625 0.030556
4 0.638672 0.643750 0.011719 0.023611
4 0.370703 0.496528 0.007031 0.009722
4 0.253906 0.574306 0.345313 0.370833
4 0.778516 0.967361 0.032031 0.062500
4 0.677344 0.581944 0.010937 0.013889
4 0.627344 0.504861 0.006250 0.009722
4 0.277344 0.636806 0.014063 0.020833
4 0.931641 0.967361 0.046094 0.062500
4 0.611328 0.579167 0.008594 0.016667
4 0.789453 0.751389 0.024219 0.036111
4 0.569531 0.684722 0.110937 0.627778
4 0.684766 0.750694 0.019531 0.037500
4 0.569922 0.477778 0.005469 0.008333
4 0.591797 0.534028 0.007031 0.009722
4 0.235937 0.920833 0.031250 0.063889
4 0.721094 0.649306 0.015625 0.020833
5 0.785547 0.634028 0.427344 0.495833
5 0.599219 0.460417 0.004687 0.006944
5 0.436328 0.701389 0.108594 0.594444
5 0.627344 0.504861 0.006250 0.009722
5 0.578906 0.502083 0.004687 0.009722
5 0.778516 0.967361 0.032031 0.062500
5 0.647656 0.537500 0.007812 0.011111
5 0.721094 0.649306 0.015625 0.020833
5 0.405078 0.524306 0.005469 0.009722
5 0.385547 0.569444 0.007031 0.013889
5 0.208984 0.737500 0.022656 0.033333
5 0.556641 0.444444 0.003906 0.008333
5 0.078125 0.938889 0.048438 0.069444
5 0.350391 0.527778 0.007031 0.011111
5 0.316406 0.730556 0.015625 0.030556
5 0.638672 0.644444 0.011719 0.022222
5 0.371094 0.496528 0.006250 0.009722
5 0.254297 0.574306 0.344531 0.370833
5 0.677344 0.581944 0.010937 0.013889
5 0.589453 0.445833 0.003906 0.005556
5 0.417969 0.493056 0.004687 0.008333
5 0.562109 0.459028 0.003906 0.006944
5 0.277344 0.636806 0.014063 0.020833
5 0.931641 0.967361 0.046094 0.062500
5 0.611328 0.579167 0.008594 0.016667
5 0.789453 0.751389 0.024219 0.036111
5 0.569531 0.684722 0.110937 0.627778
5 0.684766 0.750694 0.019531 0.037500
5 0.569531 0.477778 0.004687 0.008333
5 0.591797 0.534028 0.007031 0.009722
5 0.610938 0.479167 0.006250 0.008333
5 0.235937 0.920833 0.031250 0.063889
5 0.358984 0.631250 0.010156 0.018056
