0 0.322266 0.952083 0.086719 0.093056
0 0.845313 0.520139 0.043750 0.056944
0 0.490234 0.736111 0.030469 0.044444
0 0.744141 0.532639 0.041406 0.068056
0 0.377344 0.905556 0.110937 0.180556
0 0.673828 0.577083 0.066406 0.079167
0 0.516797 0.547222 0.035156 0.050000
0 0.559375 0.468750 0.020313 0.076389
0 0.717187 0.550000 0.039062 0.061111
0 0.741797 0.375694 0.036719 0.109722
0 0.753906 0.688889 0.064062 0.113889
0 0.908203 0.865278 0.122656 0.258333
0 0.891016 0.653472 0.107031 0.201389
0 0.426563 0.510417 0.025000 0.070833
0 0.687500 0.579167 0.042188 0.080556
0 0.426953 0.414583 0.033594 0.037500
0 0.405469 0.728472 0.084375 0.115278
0 0.243359 0.720833 0.064844 0.108333
0 0.445312 0.656250 0.056250 0.079167
0 0.455859 0.458333 0.047656 0.061111
0 0.513281 0.609028 0.031250 0.070833
0 0.817578 0.667361 0.044531 0.112500
0 0.064062 0.936111 0.128125 0.125000
0 0.433203 0.679167 0.064844 0.075000
0 0.298047 0.607639 0.039844 0.056944
0 0.392188 0.795139 0.060937 0.101389
0 0.469922 0.856944 0.064844 0.200000
0 0.692969 0.770833 0.073438 0.138889
0 0.378906 0.594444 0.084375 0.105556
0 0.425000 0.566667 0.035937 0.044444
0 0.420703 0.621528 0.053906 0.070833
0 0.260937 0.659028 0.053125 0.059722
0 0.532422 0.376389 0.041406 0.038889
0 0.259766 0.827778 0.116406 0.138889
0 0.464844 0.522917 0.046875 0.070833
0 0.330859 0.650000 0.071094 0.058333
0 0.306250 0.764583 0.078125 0.129167
0 0.801562 0.574306 0.051562 0.068056
0 0.742188 0.600000 0.040625 0.069444
0 0.953906 0.777778 0.054688 0.127778
0 0.381250 0.534028 0.084375 0.115278
0 0.316016 0.686806 0.066406 0.062500
0 0.114062 0.788889 0.195312 0.266667
0 0.981250 0.924306 0.035937 0.143056
0 0.503516 0.663194 0.028906 0.048611
0 0.445312 0.978472 0.079687 0.040278
0 0.674219 0.661111 0.060937 0.091667
0 0.780859 0.740278 0.075781 0.127778
0 0.471484 0.598611 0.044531 0.069444
0 0.398828 0.454861 0.041406 0.040278
0 0.409375 0.798611 0.082812 0.113889
0 0.717969 0.478472 0.059375 0.115278
0 0.751953 0.878472 0.097656 0.231944
0 0.520703 0.454861 0.039844 0.065278
0 0.666406 0.423611 0.042188 0.088889
0 0.242969 0.930556 0.107813 0.136111
0 0.516406 0.512500 0.045312 0.052778
0 0.852344 0.543056 0.048438 0.041667
0 0.484766 0.453472 0.027344 0.062500
0 0.194922 0.943750 0.153906 0.109722
0 0.973828 0.706250 0.050781 0.112500
0 0.811328 0.605556 0.052344 0.075000
3 0.747266 0.724306 0.221094 0.548611
3 0.401953 0.769444 0.186719 0.263889
3 0.817187 0.723611 0.364063 0.550000
