0 0.581250 0.421528 0.010417 0.015278
0 0.727604 0.748611 0.178125 0.144444
0 0.909375 0.854167 0.141667 0.105556
0 0.656250 0.388194 0.012500 0.012500
0 0.115104 0.414583 0.021875 0.009722
0 0.392708 0.499306 0.033333 0.029167
0 0.404167 0.490278 0.025000 0.022222
0 0.459896 0.413194 0.021875 0.018056
0 0.293750 0.449306 0.018750 0.018056
0 0.315104 0.461111 0.019792 0.016667
0 0.623958 0.395833 0.014583 0.013889
0 0.427604 0.484028 0.028125 0.018056
0 0.422396 0.460417 0.063542 0.043056
0 0.343229 0.399306 0.017708 0.020833
0 0.492188 0.537500 0.032292 0.025000
0 0.372917 0.459028 0.027083 0.020833
4 0.515625 0.600000 0.010417 0.219444
4 0.506250 0.565278 0.310417 0.036111
4 0.722396 0.631944 0.019792 0.011111
4 0.478125 0.628472 0.008333 0.006944
4 0.451042 0.537500 0.018750 0.019444
4 0.493750 0.616667 0.008333 0.008333
4 0.331250 0.514583 0.016667 0.009722
4 0.784896 0.659722 0.019792 0.011111
4 0.460417 0.640278 0.010417 0.008333
4 0.560937 0.608333 0.028125 0.027778
4 0.792708 0.638889 0.022917 0.011111
4 0.432292 0.646528 0.177083 0.131944
4 0.426563 0.536806 0.163542 0.093056
4 0.596354 0.629861 0.153125 0.165278
4 0.591146 0.519444 0.159375 0.061111
4 0.584375 0.599306 0.027083 0.018056
4 0.430208 0.566667 0.158333 0.033333
4 0.732292 0.613889 0.018750 0.011111
5 0.515625 0.600000 0.010417 0.219444
5 0.506250 0.565278 0.310417 0.036111
5 0.722396 0.631944 0.019792 0.011111
5 0.478125 0.628472 0.008333 0.006944
5 0.451042 0.537500 0.018750 0.019444
5 0.493750 0.616667 0.008333 0.008333
5 0.331250 0.514583 0.016667 0.009722
5 0.784896 0.659722 0.019792 0.011111
5 0.460417 0.640278 0.010417 0.008333
5 0.560937 0.608333 0.028125 0.027778
5 0.792708 0.638889 0.022917 0.011111
5 0.432292 0.646528 0.177083 0.131944
5 0.426563 0.536806 0.163542 0.093056
5 0.596354 0.629861 0.153125 0.165278
5 0.591146 0.519444 0.159375 0.061111
5 0.584375 0.599306 0.027083 0.018056
5 0.430208 0.566667 0.158333 0.033333
5 0.732292 0.613889 0.018750 0.011111
