0 0.318750 0.598611 0.078125 0.175000
0 0.239844 0.156944 0.029687 0.055556
0 0.314844 0.004861 0.015625 0.009722
0 0.335547 0.315972 0.042969 0.101389
0 0.348438 0.198611 0.031250 0.055556
0 0.397656 0.143750 0.029687 0.048611
0 0.328516 0.088194 0.021094 0.040278
0 0.495312 0.526389 0.062500 0.152778
0 0.339062 0.150000 0.028125 0.044444
0 0.293750 0.034722 0.015625 0.027778
0 0.191797 0.506250 0.083594 0.137500
0 0.324609 0.043750 0.016406 0.023611
0 0.341016 0.009722 0.013281 0.019444
0 0.334375 0.109722 0.023438 0.036111
0 0.290234 0.165278 0.027344 0.047222
0 0.365234 0.066667 0.016406 0.030556
0 0.294141 0.080556 0.019531 0.030556
0 0.213281 0.908333 0.126562 0.180556
0 0.326172 0.062500 0.017969 0.019444
0 0.461719 0.344444 0.045312 0.086111
0 0.349609 0.258333 0.035156 0.075000
0 0.333984 0.438194 0.053906 0.115278
0 0.382031 0.090972 0.028125 0.059722
0 0.351172 0.031944 0.016406 0.025000
0 0.416797 0.209722 0.036719 0.066667
1 0.154688 0.232639 0.012500 0.048611
1 0.235156 0.047917 0.004687 0.029167
3 0.800000 0.727778 0.393750 0.541667
3 0.194531 0.517361 0.389062 0.962500
3 0.654297 0.500000 0.583594 0.963889
3 0.450781 0.505556 0.243750 0.980556
4 0.688281 0.576389 0.070312 0.136111
4 0.905078 0.389583 0.058594 0.076389
4 0.767578 0.712500 0.353906 0.572222
4 0.617188 0.705556 0.103125 0.086111
4 0.855078 0.429167 0.063281 0.072222
4 0.550781 0.427083 0.035937 0.045833
4 0.505078 0.281250 0.027344 0.048611
4 0.605859 0.797222 0.064844 0.058333
4 0.664844 0.702778 0.043750 0.163889
4 0.133203 0.918056 0.046094 0.133333
4 0.222656 0.648611 0.023438 0.069444
4 0.795703 0.470139 0.067969 0.084722
4 0.754687 0.506250 0.076563 0.093056
4 0.297266 0.391667 0.010156 0.030556
4 0.268359 0.495139 0.014844 0.045833
4 0.774219 0.486806 0.073438 0.087500
4 0.721484 0.549306 0.094531 0.115278
4 0.603906 0.556250 0.096875 0.081944
4 0.601953 0.841667 0.049219 0.050000
4 0.831250 0.441667 0.068750 0.077778
4 0.593750 0.530556 0.081250 0.080556
4 0.594922 0.893056 0.030469 0.063889
4 0.564063 0.481944 0.037500 0.044444
4 0.887109 0.404167 0.058594 0.072222
4 0.555859 0.456250 0.036719 0.043056
4 0.612500 0.750694 0.084375 0.068056
4 0.602344 0.632639 0.085938 0.070833
4 0.581250 0.510417 0.064062 0.068056
4 0.734375 0.525694 0.076563 0.101389
4 0.869141 0.415278 0.061719 0.077778
4 0.812500 0.456250 0.070312 0.081944
4 0.675391 0.627778 0.060156 0.161111
5 0.688672 0.576389 0.069531 0.136111
5 0.207031 0.252778 0.021875 0.069444
5 0.518359 0.305556 0.024219 0.030556
5 0.917188 0.351389 0.023438 0.025000
5 0.312891 0.161111 0.002344 0.011111
5 0.905078 0.390278 0.058594 0.077778
5 0.551172 0.426389 0.035156 0.044444
5 0.766797 0.713194 0.353906 0.570833
5 0.854688 0.429167 0.062500 0.072222
5 0.594922 0.893056 0.030469 0.063889
5 0.312109 0.137500 0.003906 0.008333
5 0.505078 0.277083 0.027344 0.040278
5 0.314844 0.189583 0.003125 0.012500
5 0.887109 0.404167 0.058594 0.072222
5 0.605859 0.797222 0.064844 0.058333
5 0.665234 0.702083 0.042969 0.162500
5 0.133203 0.918056 0.046094 0.133333
5 0.316016 0.223611 0.002344 0.016667
5 0.541797 0.383333 0.030469 0.044444
5 0.476562 0.238889 0.054688 0.086111
5 0.222656 0.648611 0.023438 0.069444
5 0.795703 0.470139 0.067969 0.084722
5 0.754687 0.506250 0.076563 0.093056
5 0.503516 0.264583 0.030469 0.059722
5 0.316406 0.263889 0.003125 0.019444
5 0.268750 0.495139 0.014063 0.045833
5 0.525781 0.336806 0.031250 0.045833
5 0.774219 0.487500 0.073438 0.088889
5 0.711328 0.549306 0.074219 0.115278
5 0.297266 0.391667 0.010156 0.030556
5 0.603906 0.555556 0.096875 0.080556
5 0.601953 0.841667 0.049219 0.050000
5 0.831250 0.441667 0.068750 0.077778
5 0.473828 0.538889 0.224219 0.919444
5 0.593750 0.529861 0.079687 0.079167
5 0.565625 0.480556 0.034375 0.041667
5 0.483594 0.259028 0.050000 0.076389
5 0.543359 0.406250 0.035156 0.043056
5 0.555469 0.455556 0.035937 0.041667
5 0.602734 0.632639 0.085156 0.070833
5 0.581641 0.509722 0.063281 0.066667
5 0.535937 0.357639 0.023438 0.026389
5 0.484766 0.260417 0.049219 0.073611
5 0.734766 0.525694 0.075781 0.101389
5 0.612500 0.751389 0.084375 0.066667
5 0.869141 0.415278 0.061719 0.077778
5 0.812500 0.456250 0.070312 0.081944
5 0.675391 0.627778 0.060156 0.161111
7 0.744141 0.650694 0.407031 0.620833
7 0.382422 0.208333 0.053906 0.147222
7 0.672656 0.519444 0.551562 0.897222
