0 0.425391 0.536111 0.033594 0.050000
0 0.575391 0.427778 0.017969 0.025000
0 0.549609 0.389583 0.011719 0.018056
0 0.567578 0.379167 0.010156 0.013889
0 0.587891 0.451389 0.027344 0.055556
0 0.888672 0.754861 0.125781 0.187500
0 0.676953 0.518056 0.036719 0.047222
0 0.346875 0.481250 0.031250 0.034722
0 0.526563 0.383333 0.012500 0.016667
0 0.455859 0.364583 0.019531 0.045833
0 0.433594 0.435417 0.031250 0.054167
0 0.542969 0.455556 0.020313 0.033333
0 0.257422 0.584028 0.055469 0.062500
0 0.486719 0.360417 0.007812 0.012500
0 0.522656 0.363889 0.009375 0.013889
0 0.469141 0.403472 0.014844 0.020833
0 0.406250 0.389583 0.034375 0.062500
0 0.572656 0.390278 0.014063 0.016667
0 0.548828 0.347917 0.010156 0.018056
0 0.467578 0.368056 0.005469 0.016667
0 0.479687 0.371528 0.010937 0.015278
0 0.434375 0.406944 0.015625 0.008333
0 0.637500 0.559722 0.040625 0.055556
0 0.538281 0.420833 0.017188 0.025000
0 0.586328 0.588889 0.042969 0.066667
0 0.541406 0.373611 0.010937 0.016667
0 0.356641 0.737500 0.072656 0.105556
3 0.777734 0.618750 0.442969 0.540278
3 0.762109 0.697917 0.474219 0.593056
3 0.221875 0.611806 0.443750 0.490278
3 0.237109 0.694444 0.474219 0.602778
3 0.732031 0.733333 0.398438 0.527778
4 0.434766 0.706944 0.105469 0.583333
4 0.221094 0.615278 0.442188 0.483333
4 0.591797 0.534028 0.007031 0.009722
4 0.627344 0.505556 0.006250 0.008333
4 0.209375 0.737500 0.023438 0.033333
4 0.578906 0.502083 0.004687 0.009722
4 0.405078 0.523611 0.005469 0.011111
4 0.386328 0.472917 0.005469 0.009722
4 0.316406 0.729861 0.015625 0.031944
4 0.358984 0.631250 0.010156 0.020833
4 0.638672 0.643056 0.011719 0.022222
4 0.362891 0.507639 0.022656 0.034722
4 0.385547 0.569444 0.007031 0.013889
4 0.359766 0.513194 0.025781 0.040278
4 0.778516 0.967361 0.032031 0.062500
4 0.418359 0.494444 0.005469 0.008333
4 0.721484 0.648611 0.014844 0.022222
4 0.677344 0.581944 0.010937 0.013889
4 0.319922 0.572222 0.010156 0.013889
4 0.277344 0.636806 0.015625 0.020833
4 0.078125 0.939583 0.048438 0.070833
4 0.931641 0.966667 0.046094 0.063889
4 0.611328 0.578472 0.008594 0.015278
4 0.789453 0.751389 0.024219 0.036111
4 0.504297 0.702778 0.241406 0.591667
4 0.398438 0.455556 0.004687 0.008333
4 0.684766 0.750694 0.019531 0.037500
4 0.611328 0.480556 0.005469 0.008333
4 0.236328 0.920833 0.032031 0.063889
5 0.692187 0.522917 0.270313 0.315278
5 0.434766 0.702778 0.105469 0.591667
5 0.569531 0.477778 0.004687 0.008333
5 0.557422 0.444444 0.005469 0.005556
5 0.591797 0.534028 0.007031 0.009722
5 0.408984 0.440972 0.005469 0.006944
5 0.627344 0.505556 0.006250 0.008333
5 0.209766 0.737500 0.022656 0.033333
5 0.578906 0.502083 0.004687 0.009722
5 0.386328 0.472222 0.005469 0.008333
5 0.405469 0.523611 0.004687 0.011111
5 0.316406 0.730556 0.015625 0.030556
5 0.358984 0.631250 0.010156 0.020833
5 0.638672 0.643056 0.011719 0.022222
5 0.221094 0.615278 0.442188 0.483333
5 0.371094 0.495139 0.006250 0.009722
5 0.385547 0.569444 0.007031 0.013889
5 0.359766 0.513889 0.025781 0.038889
5 0.778516 0.967361 0.032031 0.062500
5 0.418359 0.494444 0.005469 0.008333
5 0.721484 0.649306 0.014844 0.020833
5 0.677344 0.581944 0.010937 0.013889
5 0.319922 0.572222 0.010156 0.013889
5 0.276953 0.636806 0.014844 0.020833
5 0.565625 0.468056 0.010937 0.025000
5 0.078125 0.939583 0.048438 0.070833
5 0.931641 0.966667 0.046094 0.063889
5 0.611328 0.578472 0.008594 0.015278
5 0.428125 0.470833 0.004687 0.008333
5 0.789453 0.751389 0.024219 0.036111
5 0.504297 0.702778 0.241406 0.591667
5 0.398438 0.454861 0.004687 0.006944
5 0.684766 0.750694 0.019531 0.037500
5 0.611328 0.480556 0.005469 0.008333
5 0.236328 0.920833 0.032031 0.063889
5 0.976172 0.851389 0.046094 0.058333
