0 0.657292 0.383333 0.014583 0.013889
0 0.424479 0.550694 0.034375 0.029167
0 0.605208 0.406944 0.010417 0.013889
0 0.581250 0.420139 0.010417 0.015278
0 0.343750 0.398611 0.016667 0.019444
0 0.775000 0.688889 0.145833 0.119444
0 0.544792 0.530556 0.031250 0.025000
0 0.384375 0.407639 0.012500 0.012500
0 0.222396 0.406944 0.011458 0.008333
0 0.429688 0.486806 0.030208 0.023611
0 0.441667 0.475000 0.029167 0.025000
0 0.660937 0.429167 0.015625 0.016667
0 0.605208 0.468750 0.022917 0.018056
0 0.279167 0.484722 0.018750 0.016667
0 0.687500 0.410417 0.012500 0.012500
0 0.459375 0.413194 0.022917 0.018056
0 0.581250 0.511806 0.029167 0.026389
0 0.636458 0.717361 0.027083 0.026389
0 0.577604 0.565972 0.036458 0.037500
0 0.315625 0.505556 0.022917 0.025000
0 0.622917 0.395139 0.014583 0.015278
0 0.399479 0.468750 0.028125 0.023611
4 0.517708 0.598611 0.016667 0.216667
4 0.597396 0.628472 0.151042 0.162500
5 0.515104 0.599306 0.011458 0.215278
5 0.477604 0.627778 0.009375 0.008333
5 0.807292 0.829167 0.333333 0.177778
5 0.494271 0.616667 0.009375 0.008333
5 0.560937 0.609722 0.028125 0.025000
5 0.792708 0.638194 0.022917 0.009722
5 0.606250 0.643056 0.022917 0.013889
5 0.353646 0.762500 0.057292 0.036111
5 0.432292 0.646528 0.175000 0.131944
5 0.459896 0.640278 0.009375 0.008333
5 0.420312 0.539583 0.151042 0.084722
5 0.597396 0.627778 0.151042 0.163889
5 0.590625 0.518056 0.162500 0.063889
5 0.587500 0.599306 0.022917 0.018056
5 0.430729 0.573611 0.157292 0.019444
