0 0.302734 0.598611 0.082031 0.172222
0 0.239844 0.156944 0.029687 0.055556
0 0.340625 0.299306 0.050000 0.106944
0 0.802344 0.912500 0.125000 0.172222
0 0.426563 0.216667 0.045312 0.075000
0 0.320703 0.037500 0.016406 0.025000
0 0.341016 0.186111 0.027344 0.050000
0 0.037891 0.937500 0.075781 0.122222
0 0.219531 0.461111 0.073438 0.125000
0 0.403125 0.143750 0.026562 0.043056
0 0.290234 0.034722 0.019531 0.038889
0 0.364844 0.063889 0.018750 0.030556
0 0.284766 0.180556 0.028906 0.055556
0 0.494141 0.450694 0.057031 0.123611
0 0.316797 0.010417 0.013281 0.020833
0 0.512500 0.654861 0.076563 0.226389
0 0.374219 0.079861 0.021875 0.029167
0 0.385547 0.103472 0.025781 0.034722
0 0.207031 0.992361 0.082812 0.012500
0 0.468750 0.335417 0.048438 0.098611
3 0.798828 0.727778 0.396094 0.541667
3 0.198828 0.503472 0.380469 0.984722
3 0.654297 0.497222 0.585156 0.961111
3 0.453125 0.500000 0.239063 0.988889
4 0.869141 0.415278 0.061719 0.077778
4 0.688672 0.575694 0.069531 0.137500
4 0.854297 0.428472 0.061719 0.073611
4 0.527344 0.340278 0.028125 0.033333
4 0.774219 0.486806 0.073438 0.087500
4 0.905078 0.389583 0.058594 0.076389
4 0.766406 0.713194 0.351562 0.570833
4 0.555078 0.456944 0.035156 0.041667
4 0.606250 0.796528 0.064062 0.056944
4 0.666797 0.702778 0.039844 0.163889
4 0.133594 0.917361 0.046875 0.134722
4 0.315625 0.223611 0.003125 0.016667
4 0.269141 0.495139 0.014844 0.045833
4 0.795703 0.469444 0.067969 0.086111
4 0.754297 0.504861 0.077344 0.093056
4 0.303125 0.360417 0.021875 0.093056
4 0.712109 0.549306 0.074219 0.115278
4 0.312109 0.321528 0.005469 0.020833
4 0.553125 0.423611 0.032813 0.041667
4 0.831641 0.441667 0.067969 0.077778
4 0.566016 0.479861 0.033594 0.040278
4 0.887500 0.404167 0.059375 0.072222
4 0.617578 0.750694 0.094531 0.068056
4 0.581641 0.509028 0.063281 0.068056
4 0.734766 0.525694 0.075781 0.101389
4 0.222266 0.648611 0.022656 0.069444
4 0.812891 0.456250 0.071094 0.081944
4 0.675000 0.627778 0.060937 0.161111
5 0.741406 0.650000 0.412500 0.619444
7 0.741797 0.649306 0.413281 0.618056
7 0.671094 0.518750 0.556250 0.895833
