0 0.510156 0.623611 0.042188 0.088889
0 0.559766 0.511111 0.042969 0.055556
0 0.543359 0.484722 0.032031 0.066667
0 0.644922 0.679167 0.088281 0.180556
0 0.516406 0.574306 0.048438 0.112500
0 0.961328 0.888889 0.075781 0.147222
0 0.455078 0.553472 0.033594 0.059722
0 0.478125 0.390278 0.023438 0.033333
0 0.575781 0.450000 0.026562 0.041667
0 0.481641 0.368056 0.025781 0.055556
0 0.218359 0.908333 0.094531 0.175000
0 0.711719 0.867361 0.115625 0.176389
0 0.712891 0.404167 0.046094 0.041667
0 0.861328 0.568056 0.078906 0.094444
0 0.589453 0.750000 0.057031 0.147222
0 0.444922 0.449306 0.049219 0.098611
0 0.531641 0.437500 0.024219 0.027778
0 0.502734 0.542361 0.036719 0.068056
0 0.675000 0.453472 0.023438 0.040278
0 0.348438 0.791667 0.178125 0.408333
0 0.703906 0.979861 0.131250 0.037500
0 0.519922 0.468750 0.021094 0.043056
0 0.556641 0.403472 0.025781 0.040278
0 0.450781 0.609028 0.045312 0.081944
0 0.613672 0.544444 0.042969 0.058333
0 0.494531 0.445139 0.028125 0.043056
0 0.980469 0.779167 0.037500 0.100000
0 0.444922 0.514583 0.039844 0.073611
0 0.381250 0.543750 0.101562 0.154167
0 0.558594 0.543750 0.035937 0.073611
0 0.921484 0.567361 0.078906 0.076389
0 0.578906 0.590972 0.053125 0.093056
0 0.443750 0.670139 0.021875 0.106944
0 0.498828 0.493056 0.039844 0.063889
0 0.455859 0.389583 0.022656 0.023611
0 0.492578 0.833333 0.082031 0.166667
0 0.521484 0.709028 0.064844 0.120833
0 0.633594 0.574306 0.046875 0.029167
0 0.525000 0.410417 0.018750 0.040278
0 0.529687 0.925694 0.107813 0.145833
0 0.828516 0.500694 0.047656 0.051389
0 0.984766 0.713194 0.028906 0.065278
0 0.478516 0.425000 0.017969 0.038889
1 0.191016 0.729861 0.019531 0.101389
1 0.240625 0.625000 0.017188 0.075000
1 0.197656 0.650694 0.017188 0.081944
3 0.200000 0.884028 0.118750 0.229167
3 0.607422 0.718750 0.416406 0.559722
4 0.705469 0.730556 0.228125 0.536111
4 0.464062 0.747222 0.006250 0.030556
4 0.609766 0.932639 0.024219 0.131944
4 0.447656 0.898611 0.009375 0.050000
5 0.705859 0.736806 0.225781 0.523611
5 0.568359 0.651389 0.007031 0.025000
5 0.753125 0.849306 0.131250 0.298611
5 0.464062 0.747222 0.006250 0.027778
5 0.609766 0.932639 0.024219 0.131944
5 0.447656 0.897917 0.009375 0.048611
