0 0.628125 0.500000 0.034375 0.055556
0 0.545703 0.477083 0.028906 0.040278
0 0.568750 0.431250 0.028125 0.048611
0 0.878125 0.472222 0.096875 0.161111
0 0.646094 0.481944 0.026562 0.066667
0 0.916016 0.549306 0.103906 0.248611
0 0.479687 0.633333 0.042188 0.119444
0 0.661719 0.503472 0.029687 0.045833
0 0.446484 0.670139 0.060156 0.068056
0 0.522656 0.429167 0.031250 0.047222
0 0.364063 0.726389 0.060937 0.091667
0 0.542188 0.715972 0.062500 0.090278
0 0.584375 0.530556 0.054688 0.041667
0 0.584375 0.606250 0.051562 0.068056
0 0.068750 0.928472 0.137500 0.140278
0 0.641406 0.887500 0.107813 0.213889
0 0.423438 0.608333 0.039062 0.058333
0 0.955859 0.786111 0.086719 0.333333
0 0.386719 0.940972 0.106250 0.115278
0 0.806641 0.462500 0.055469 0.086111
0 0.829688 0.681250 0.117188 0.237500
0 0.430859 0.701389 0.071094 0.069444
0 0.517578 0.918056 0.103906 0.161111
0 0.543750 0.827083 0.084375 0.123611
0 0.566797 0.457639 0.028906 0.034722
0 0.393750 0.848611 0.107813 0.122222
0 0.427344 0.784722 0.082812 0.136111
0 0.542578 0.575694 0.035156 0.054167
0 0.661328 0.554861 0.035156 0.051389
0 0.635547 0.988889 0.107031 0.019444
0 0.637891 0.625694 0.060156 0.079167
0 0.506250 0.525000 0.081250 0.100000
0 0.846094 0.865278 0.093750 0.197222
0 0.573828 0.498611 0.028906 0.033333
0 0.399219 0.640972 0.073438 0.112500
0 0.273438 0.831250 0.226562 0.309722
0 0.480859 0.962500 0.085156 0.072222
0 0.664844 0.538194 0.032813 0.031944
0 0.547656 0.397222 0.021875 0.036111
0 0.556641 0.669444 0.057031 0.080556
0 0.635547 0.759028 0.074219 0.048611
0 0.358984 0.767361 0.052344 0.087500
0 0.570312 0.570139 0.029687 0.054167
0 0.634766 0.686111 0.067969 0.063889
0 0.532422 0.636806 0.049219 0.073611
0 0.545312 0.438889 0.026562 0.050000
0 0.525781 0.816667 0.070312 0.097222
0 0.623047 0.410417 0.022656 0.043056
0 0.526172 0.761111 0.078906 0.133333
0 0.608594 0.484028 0.021875 0.045833
0 0.600000 0.438889 0.025000 0.027778
0 0.205078 0.945139 0.141406 0.106944
0 0.608203 0.563889 0.039844 0.050000
0 0.596484 0.388194 0.024219 0.043056
0 0.353516 0.954861 0.146094 0.087500
0 0.807031 0.535417 0.035937 0.056944
0 0.635547 0.736111 0.069531 0.063889
1 0.011719 0.820833 0.023438 0.086111
1 0.276172 0.630556 0.016406 0.094444
3 0.923047 0.765972 0.152344 0.465278
3 0.937500 0.860417 0.123438 0.276389
3 0.523828 0.818750 0.164844 0.354167
