0 0.716927 0.645370 0.073438 0.094444
0 0.535156 0.339815 0.016146 0.044444
0 0.478125 0.275463 0.005208 0.015741
0 0.502604 0.391204 0.023958 0.037963
0 0.522656 0.273148 0.006771 0.009259
0 0.454167 0.276852 0.005208 0.014815
0 0.534115 0.328704 0.015104 0.022222
0 0.703385 0.872222 0.109896 0.159259
0 0.821354 0.468519 0.078125 0.050000
0 0.463281 0.396759 0.021354 0.023148
0 0.489583 0.318519 0.007292 0.014815
0 0.155469 0.432407 0.069271 0.042593
0 0.535156 0.350926 0.016146 0.024074
0 0.596354 0.325926 0.036458 0.024074
0 0.916667 0.459722 0.073958 0.047222
0 0.585938 0.544444 0.044792 0.083333
0 0.504167 0.544907 0.039583 0.060185
0 0.667188 0.570833 0.054167 0.073148
3 0.767708 0.686574 0.411458 0.625000
3 0.541667 0.706019 0.191667 0.586111
3 0.235417 0.677778 0.419792 0.637037
3 0.664062 0.673611 0.269792 0.650926
4 0.298438 0.596296 0.013542 0.029630
4 0.434896 0.532407 0.013542 0.016667
4 0.608073 0.423611 0.008854 0.012037
4 0.791667 0.724537 0.038542 0.052778
4 0.948698 0.950000 0.050521 0.074074
4 0.134375 0.969444 0.030208 0.059259
4 0.805990 0.971296 0.031771 0.055556
4 0.586979 0.382870 0.013542 0.023148
4 0.236979 0.535648 0.013542 0.013889
4 0.329167 0.541667 0.020833 0.035185
4 0.630990 0.606944 0.014063 0.026852
4 0.546094 0.537963 0.013021 0.016667
4 0.598177 0.786111 0.113021 0.425926
4 0.469531 0.533333 0.011979 0.016667
4 0.690885 0.738889 0.029687 0.059259
4 0.239844 0.727315 0.023438 0.049074
4 0.618750 0.541667 0.009375 0.016667
4 0.379427 0.532870 0.011979 0.017593
5 0.434896 0.532407 0.013542 0.016667
5 0.608333 0.423611 0.008333 0.012037
5 0.791406 0.724537 0.038021 0.052778
5 0.948698 0.950000 0.050521 0.074074
5 0.134115 0.969444 0.029687 0.059259
5 0.298438 0.596296 0.013542 0.029630
5 0.805990 0.971296 0.031771 0.055556
5 0.586979 0.382870 0.012500 0.023148
5 0.236719 0.535648 0.013021 0.013889
5 0.329167 0.541667 0.020833 0.035185
5 0.452865 0.775000 0.021354 0.448148
5 0.630990 0.606481 0.014063 0.025926
5 0.597917 0.786574 0.112500 0.425000
5 0.691146 0.738889 0.029167 0.057407
5 0.239844 0.727315 0.023438 0.049074
5 0.618490 0.541667 0.008854 0.016667
5 0.379167 0.532870 0.011458 0.017593
7 0.400000 0.419444 0.255208 0.027778
