0 0.295703 0.629167 0.082031 0.172222
0 0.411719 0.173611 0.029687 0.047222
0 0.239844 0.156944 0.029687 0.055556
0 0.316797 0.006250 0.013281 0.012500
0 0.335938 0.115278 0.025000 0.041667
0 0.341016 0.234028 0.035156 0.079167
0 0.852344 0.639583 0.117188 0.209722
0 0.378125 0.110417 0.025000 0.045833
0 0.291406 0.077778 0.018750 0.030556
0 0.344922 0.314583 0.041406 0.081944
0 0.345313 0.429861 0.054688 0.112500
0 0.135547 0.659028 0.117969 0.198611
0 0.329688 0.082639 0.020313 0.034722
0 0.355078 0.031944 0.021094 0.041667
0 0.431641 0.215972 0.035156 0.059722
0 0.281641 0.252083 0.036719 0.073611
0 0.466406 0.330556 0.051562 0.080556
0 0.325391 0.049306 0.017969 0.034722
0 0.288672 0.124306 0.024219 0.040278
0 0.343359 0.188889 0.030469 0.058333
0 0.322656 0.025000 0.017188 0.027778
0 0.496875 0.563889 0.062500 0.155556
0 0.367578 0.064583 0.021094 0.034722
0 0.340234 0.006250 0.013281 0.012500
0 0.188281 0.879861 0.184375 0.237500
1 0.114062 0.301389 0.015625 0.055556
3 0.800000 0.727083 0.392188 0.543056
3 0.194531 0.503472 0.389062 0.990278
3 0.659766 0.506944 0.571094 0.958333
3 0.456641 0.517361 0.232031 0.956944
4 0.688281 0.575694 0.070312 0.134722
4 0.916797 0.351389 0.022656 0.025000
4 0.905078 0.390972 0.058594 0.076389
4 0.760938 0.715972 0.342187 0.565278
4 0.812891 0.456250 0.071094 0.081944
4 0.617578 0.704861 0.103906 0.084722
4 0.854297 0.427778 0.061719 0.072222
4 0.297266 0.392361 0.010156 0.031944
4 0.551172 0.426389 0.036719 0.047222
4 0.774219 0.486806 0.073438 0.087500
4 0.593359 0.529167 0.080469 0.080556
4 0.604688 0.781250 0.068750 0.090278
4 0.665234 0.702778 0.042969 0.163889
4 0.222656 0.647917 0.023438 0.068056
4 0.555859 0.454167 0.033594 0.038889
4 0.268359 0.495139 0.014844 0.045833
4 0.795703 0.470139 0.067969 0.084722
4 0.754297 0.505556 0.075781 0.091667
4 0.711328 0.549306 0.074219 0.115278
4 0.312109 0.319444 0.005469 0.022222
4 0.887109 0.404167 0.060156 0.072222
4 0.601172 0.840972 0.049219 0.048611
4 0.831641 0.440972 0.067969 0.076389
4 0.561328 0.469444 0.042969 0.063889
4 0.545312 0.404861 0.034375 0.045833
4 0.612500 0.750694 0.084375 0.068056
4 0.602344 0.625000 0.085938 0.083333
4 0.582031 0.508333 0.062500 0.066667
4 0.675000 0.627778 0.060937 0.161111
4 0.734375 0.525000 0.076563 0.100000
4 0.869141 0.414583 0.061719 0.076389
5 0.742969 0.652083 0.407813 0.620833
7 0.742969 0.632639 0.409375 0.584722
7 0.382422 0.209028 0.053906 0.143056
7 0.664062 0.511806 0.568750 0.909722
