0 0.547656 0.350000 0.010937 0.019444
0 0.430469 0.386111 0.012500 0.016667
0 0.490234 0.356944 0.007031 0.011111
0 0.403125 0.470139 0.020313 0.034722
0 0.455078 0.363194 0.008594 0.015278
0 0.445703 0.458333 0.022656 0.036111
0 0.440234 0.400694 0.016406 0.020833
0 0.467969 0.402778 0.015625 0.019444
0 0.808203 0.770139 0.152344 0.312500
0 0.526563 0.379861 0.010937 0.015278
0 0.450000 0.367361 0.009375 0.012500
0 0.036719 0.898611 0.073438 0.152778
0 0.505469 0.355556 0.010937 0.019444
0 0.542578 0.426389 0.019531 0.030556
0 0.457813 0.377778 0.012500 0.016667
0 0.480469 0.374306 0.009375 0.018056
0 0.462109 0.422222 0.017969 0.025000
0 0.345703 0.505556 0.097656 0.180556
0 0.475000 0.379861 0.012500 0.018056
0 0.622266 0.450694 0.024219 0.031944
0 0.532422 0.349306 0.007031 0.015278
0 0.521484 0.354861 0.008594 0.012500
0 0.573828 0.391667 0.010156 0.016667
0 0.528906 0.404167 0.015625 0.022222
0 0.419531 0.577083 0.039062 0.059722
0 0.561719 0.411111 0.015625 0.022222
0 0.560937 0.374306 0.009375 0.015278
0 0.536719 0.365972 0.010937 0.012500
0 0.490234 0.339583 0.007031 0.009722
0 0.357812 0.768750 0.079687 0.126389
0 0.652344 0.487500 0.028125 0.036111
0 0.469531 0.350694 0.007812 0.012500
3 0.789062 0.640972 0.420312 0.490278
3 0.791016 0.700000 0.416406 0.588889
3 0.781250 0.700000 0.435937 0.588889
3 0.648828 0.685417 0.253906 0.620833
3 0.214844 0.604861 0.429688 0.431944
3 0.235547 0.697222 0.463281 0.597222
3 0.733984 0.693056 0.411719 0.611111
4 0.648047 0.537500 0.008594 0.011111
4 0.276953 0.636111 0.014844 0.022222
4 0.209766 0.736806 0.024219 0.034722
4 0.450391 0.703472 0.136719 0.590278
4 0.789844 0.638194 0.418750 0.487500
4 0.677344 0.581944 0.010937 0.013889
4 0.078125 0.938889 0.048438 0.069444
4 0.638672 0.643056 0.011719 0.022222
4 0.223047 0.608333 0.402344 0.430556
4 0.778516 0.967361 0.032031 0.062500
4 0.358984 0.631250 0.010156 0.020833
4 0.932031 0.966667 0.046875 0.063889
4 0.591797 0.533333 0.007031 0.011111
4 0.610938 0.578472 0.009375 0.015278
4 0.571875 0.710417 0.107813 0.576389
4 0.684766 0.750694 0.019531 0.037500
4 0.316406 0.730556 0.015625 0.030556
4 0.236328 0.920833 0.032031 0.063889
4 0.721484 0.649306 0.014844 0.020833
5 0.556641 0.444444 0.003906 0.005556
5 0.408203 0.440972 0.005469 0.006944
5 0.721484 0.649306 0.014844 0.020833
5 0.209766 0.736806 0.024219 0.034722
5 0.450781 0.703472 0.137500 0.590278
5 0.789844 0.637500 0.418750 0.486111
5 0.578906 0.502083 0.004687 0.009722
5 0.677344 0.581944 0.010937 0.013889
5 0.078125 0.938889 0.048438 0.069444
5 0.418359 0.493750 0.005469 0.009722
5 0.316406 0.730556 0.015625 0.030556
5 0.638672 0.643056 0.011719 0.022222
5 0.222266 0.609028 0.399219 0.429167
5 0.778516 0.967361 0.032031 0.062500
5 0.569922 0.477778 0.003906 0.008333
5 0.647656 0.537500 0.007812 0.011111
5 0.385547 0.569444 0.007031 0.013889
5 0.358984 0.631250 0.010156 0.020833
5 0.627734 0.505556 0.005469 0.008333
5 0.931641 0.966667 0.046094 0.063889
5 0.276953 0.636806 0.014844 0.020833
5 0.159766 0.674306 0.274219 0.298611
5 0.591797 0.533333 0.007031 0.011111
5 0.610938 0.578472 0.009375 0.015278
5 0.684766 0.750694 0.019531 0.037500
5 0.562109 0.459028 0.003906 0.006944
5 0.571484 0.710417 0.107031 0.576389
5 0.599609 0.460417 0.003906 0.006944
5 0.611328 0.479861 0.005469 0.006944
5 0.405078 0.523611 0.005469 0.011111
5 0.236328 0.920833 0.032031 0.063889
