0 0.582422 0.483333 0.041406 0.038889
0 0.455078 0.805556 0.094531 0.169444
0 0.543359 0.659028 0.083594 0.076389
0 0.348438 0.493056 0.056250 0.083333
0 0.472266 0.487500 0.039844 0.050000
0 0.546094 0.524306 0.039062 0.070833
0 0.906250 0.507639 0.076563 0.076389
0 0.525000 0.591667 0.054688 0.075000
0 0.775391 0.955556 0.127344 0.086111
0 0.445703 0.706944 0.083594 0.108333
0 0.529687 0.421528 0.023438 0.043056
0 0.747656 0.837500 0.129688 0.244444
0 0.503125 0.450694 0.031250 0.051389
0 0.372656 0.424306 0.043750 0.048611
0 0.473438 0.511111 0.037500 0.038889
0 0.618750 0.847222 0.104688 0.241667
0 0.469531 0.545833 0.035937 0.100000
0 0.667969 0.718750 0.081250 0.093056
0 0.576562 0.519444 0.028125 0.050000
0 0.496094 0.920139 0.129688 0.156944
0 0.577344 0.765972 0.075000 0.137500
0 0.139063 0.886806 0.271875 0.223611
0 0.405078 0.554167 0.052344 0.075000
0 0.318750 0.727778 0.139063 0.250000
0 0.495312 0.525694 0.026562 0.040278
0 0.558203 0.466667 0.038281 0.047222
0 0.351562 0.554861 0.048438 0.087500
0 0.403125 0.608333 0.051562 0.052778
0 0.411328 0.659722 0.058594 0.097222
0 0.528906 0.497222 0.035937 0.055556
0 0.622656 0.654167 0.071875 0.130556
0 0.412500 0.502778 0.067187 0.138889
0 0.472266 0.460417 0.033594 0.026389
0 0.507422 0.981944 0.072656 0.033333
0 0.600391 0.584028 0.066406 0.098611
0 0.247266 0.966667 0.133594 0.063889
0 0.528516 0.549306 0.047656 0.051389
0 0.624609 0.897222 0.089844 0.200000
0 0.592578 0.773611 0.075781 0.102778
0 0.485547 0.588194 0.046094 0.084722
0 0.435547 0.423611 0.049219 0.066667
0 0.475000 0.894444 0.085938 0.163889
0 0.544531 0.704167 0.065625 0.150000
0 0.328125 0.881944 0.107813 0.127778
0 0.592187 0.526389 0.050000 0.044444
0 0.470703 0.409722 0.022656 0.055556
0 0.345313 0.965278 0.087500 0.066667
0 0.655078 0.680556 0.088281 0.088889
0 0.469922 0.375000 0.024219 0.019444
1 0.182422 0.639583 0.013281 0.076389
1 0.104688 0.793056 0.029687 0.072222
1 0.074609 0.813889 0.028906 0.108333
1 0.164062 0.736111 0.020313 0.091667
1 0.245312 0.561111 0.017188 0.075000
1 0.091016 0.744444 0.025781 0.075000
3 0.544531 0.784722 0.337500 0.427778
