0 0.522917 0.435648 0.030208 0.073148
0 0.182552 0.302778 0.021354 0.046296
0 0.522396 0.420370 0.029167 0.044444
0 0.452344 0.406481 0.017188 0.025926
0 0.609375 0.444907 0.054167 0.062037
0 0.730990 0.524537 0.031771 0.037963
0 0.407813 0.549074 0.028125 0.048148
0 0.172656 0.288426 0.008854 0.015741
0 0.317188 0.310185 0.014583 0.020370
0 0.205990 0.383796 0.017188 0.023148
0 0.276302 0.266204 0.010937 0.015741
0 0.751042 0.644444 0.061458 0.072222
0 0.318750 0.290278 0.017708 0.030556
0 0.216927 0.293056 0.011979 0.015741
0 0.949219 0.592130 0.096354 0.086111
0 0.341927 0.513426 0.025521 0.041667
0 0.547917 0.471296 0.029167 0.040741
0 0.166406 0.422222 0.020313 0.031481
0 0.286198 0.284722 0.010937 0.015741
0 0.277865 0.410648 0.019271 0.030556
0 0.326562 0.408796 0.035417 0.078704
0 0.371094 0.312963 0.017188 0.024074
0 0.270052 0.321759 0.016146 0.026852
0 0.287500 0.363426 0.029167 0.052778
0 0.704427 0.951389 0.067187 0.095370
0 0.372396 0.335185 0.014583 0.022222
0 0.226302 0.302315 0.010937 0.017593
0 0.410417 0.342130 0.015625 0.019444
0 0.241667 0.322685 0.015625 0.023148
0 0.351302 0.337963 0.016146 0.024074
0 0.773698 0.635648 0.025521 0.050926
0 0.357031 0.323148 0.017188 0.016667
0 0.388802 0.467130 0.022396 0.034259
0 0.336979 0.329630 0.014583 0.014815
0 0.211458 0.312037 0.013542 0.022222
0 0.920312 0.580556 0.040625 0.070370
0 0.754427 0.640278 0.040104 0.039815
0 0.688542 0.659259 0.035417 0.042593
0 0.238542 0.354630 0.015625 0.025926
0 0.395052 0.354630 0.016146 0.022222
0 0.417969 0.372685 0.017188 0.025000
0 0.425781 0.515278 0.025521 0.037963
0 0.648438 0.537963 0.027083 0.035185
0 0.436198 0.351389 0.016146 0.023148
0 0.690625 0.502778 0.028125 0.033333
0 0.541667 0.438889 0.039583 0.044444
0 0.471354 0.562037 0.036458 0.038889
0 0.317708 0.281481 0.013542 0.016667
3 0.617708 0.625000 0.758333 0.733333
3 0.110677 0.433796 0.216146 0.365741
3 0.523958 0.629630 0.662500 0.731481
4 0.409115 0.696759 0.329688 0.604630
5 0.579167 0.868519 0.012500 0.022222
5 0.863281 0.821759 0.016146 0.015741
5 0.960938 0.914352 0.019792 0.019444
5 0.934896 0.821296 0.018750 0.018519
5 0.986198 0.866667 0.021354 0.022222
5 0.652344 0.874537 0.010937 0.017593
5 0.409115 0.697685 0.328646 0.602778
5 0.824740 0.784259 0.013021 0.014815
5 0.621615 0.829630 0.009896 0.014815
5 0.909896 0.866204 0.017708 0.017593
5 0.643229 0.971759 0.015625 0.025000
5 0.551562 0.822685 0.012500 0.019444
5 0.609375 0.916667 0.012500 0.018519
5 0.891927 0.784259 0.018229 0.014815
