0 0.342969 0.256944 0.040625 0.086111
0 0.306250 0.492361 0.110937 0.320833
0 0.395703 0.142361 0.027344 0.045833
0 0.376172 0.098611 0.024219 0.041667
0 0.418750 0.181944 0.032813 0.066667
0 0.239844 0.156944 0.029687 0.055556
0 0.295312 0.140972 0.026562 0.045833
0 0.960156 0.464583 0.078125 0.106944
0 0.173828 0.601389 0.117969 0.244444
0 0.324609 0.053472 0.016406 0.026389
0 0.294922 0.100694 0.019531 0.034722
0 0.330078 0.084028 0.021094 0.040278
0 0.291797 0.065278 0.019531 0.036111
0 0.369531 0.077778 0.020313 0.033333
0 0.275391 0.246528 0.049219 0.109722
0 0.444141 0.236806 0.044531 0.090278
0 0.489844 0.544444 0.062500 0.152778
0 0.335938 0.136111 0.025000 0.041667
0 0.322266 0.027778 0.016406 0.025000
0 0.487500 0.786806 0.089063 0.251389
0 0.474609 0.382639 0.046094 0.104167
1 0.255078 0.142361 0.010156 0.043056
1 0.216016 0.078472 0.007031 0.026389
1 0.183203 0.168750 0.011719 0.045833
1 0.189844 0.130556 0.007812 0.038889
1 0.163281 0.155556 0.010937 0.041667
3 0.801562 0.727778 0.395313 0.541667
3 0.194141 0.511111 0.388281 0.975000
3 0.651563 0.497917 0.579688 0.965278
3 0.450000 0.500000 0.245312 0.991667
4 0.774219 0.486806 0.073438 0.087500
4 0.854297 0.429167 0.061719 0.072222
4 0.222656 0.648611 0.023438 0.069444
4 0.133594 0.917361 0.046875 0.134722
4 0.795703 0.470139 0.067969 0.084722
4 0.754297 0.506250 0.077344 0.093056
4 0.721875 0.549306 0.095312 0.115278
4 0.832031 0.441667 0.068750 0.077778
4 0.734375 0.525694 0.076563 0.101389
4 0.869141 0.414583 0.061719 0.076389
4 0.812891 0.456250 0.071094 0.081944
5 0.740234 0.654167 0.402344 0.625000
7 0.732812 0.651389 0.418750 0.622222
7 0.657422 0.505556 0.571094 0.925000
