0 0.785937 0.350000 0.007292 0.005556
0 0.583854 0.400694 0.015625 0.020833
0 0.728125 0.748611 0.177083 0.144444
0 0.343750 0.398611 0.016667 0.019444
0 0.655729 0.386111 0.013542 0.013889
0 0.404687 0.488889 0.026042 0.019444
0 0.623958 0.395833 0.014583 0.013889
0 0.316146 0.602083 0.034375 0.034722
0 0.204687 0.395139 0.011458 0.009722
0 0.427083 0.484028 0.029167 0.018056
0 0.345313 0.521528 0.019792 0.020833
0 0.695312 0.409722 0.011458 0.013889
0 0.869792 0.836111 0.062500 0.066667
0 0.581250 0.420139 0.010417 0.018056
0 0.460417 0.413194 0.020833 0.018056
0 0.661979 0.429167 0.015625 0.016667
0 0.762500 0.365278 0.010417 0.008333
0 0.678646 0.361806 0.013542 0.009722
3 0.708333 0.486111 0.068750 0.075000
4 0.515625 0.598611 0.012500 0.216667
5 0.515625 0.597917 0.010417 0.215278
5 0.506771 0.565278 0.311458 0.036111
5 0.477604 0.627778 0.009375 0.008333
5 0.785417 0.659722 0.020833 0.011111
5 0.493750 0.616667 0.008333 0.008333
5 0.459896 0.640278 0.009375 0.008333
5 0.561458 0.608333 0.027083 0.027778
5 0.792708 0.638889 0.022917 0.011111
5 0.432812 0.646528 0.178125 0.131944
5 0.423438 0.537500 0.157292 0.091667
5 0.596875 0.629167 0.152083 0.163889
5 0.591667 0.519444 0.160417 0.061111
5 0.732812 0.613194 0.019792 0.009722
5 0.722396 0.631944 0.019792 0.011111
