0 0.604427 0.472222 0.005729 0.007407
0 0.571615 0.495370 0.011979 0.018519
0 0.451042 0.624537 0.026042 0.032407
0 0.063802 0.614815 0.029687 0.044444
0 0.447917 0.629630 0.027083 0.033333
0 0.592448 0.493981 0.007812 0.010185
0 0.310417 0.646759 0.039583 0.045370
0 0.161198 0.670370 0.055729 0.050000
0 0.384115 0.689352 0.042188 0.060185
0 0.400781 0.675000 0.033854 0.050000
0 0.672396 0.774537 0.063542 0.091667
0 0.525260 0.577778 0.021354 0.035185
0 0.015104 0.695833 0.030208 0.058333
0 0.571094 0.818981 0.055729 0.093519
0 0.415365 0.656481 0.032813 0.053704
0 0.064844 0.578704 0.026562 0.029630
0 0.326042 0.693981 0.040625 0.054630
0 0.652865 0.654630 0.034896 0.035185
0 0.464062 0.841667 0.066667 0.111111
0 0.504427 0.772222 0.046354 0.070370
0 0.278385 0.617130 0.027604 0.037963
0 0.447656 0.617593 0.032813 0.044444
0 0.179948 0.661111 0.038021 0.044444
0 0.179427 0.582407 0.023438 0.037037
0 0.289062 0.676389 0.040625 0.052778
0 0.569531 0.956481 0.075521 0.085185
0 0.081771 0.623148 0.033333 0.048148
0 0.542969 0.493519 0.009896 0.012963
0 0.466667 0.611574 0.016667 0.034259
0 0.554688 0.612500 0.032292 0.049074
0 0.350000 0.623148 0.033333 0.040741
0 0.191146 0.612963 0.031250 0.040741
0 0.023958 0.582870 0.013542 0.034259
0 0.093229 0.586111 0.011458 0.024074
0 0.429167 0.634259 0.028125 0.031481
0 0.416146 0.770370 0.052083 0.066667
0 0.444792 0.682870 0.046875 0.069444
0 0.571354 0.764352 0.050000 0.043519
0 0.445312 0.605556 0.029167 0.020370
0 0.419271 0.542130 0.023958 0.030556
0 0.252344 0.696759 0.042188 0.050926
0 0.638281 0.590278 0.020313 0.030556
1 0.458594 0.742130 0.013021 0.067593
3 0.420052 0.761111 0.326562 0.470370
3 0.188021 0.862963 0.376042 0.266667
3 0.512500 0.736574 0.508333 0.519444
3 0.689063 0.762963 0.160417 0.466667
3 0.271094 0.762963 0.542188 0.462963
3 0.487760 0.761111 0.223438 0.470370
4 0.403906 0.931944 0.055729 0.134259
4 0.241406 0.736574 0.015104 0.010185
4 0.126562 0.790278 0.015625 0.012037
4 0.125781 0.870833 0.023438 0.023148
4 0.223177 0.861111 0.018229 0.022222
4 0.530990 0.868981 0.006771 0.023148
4 0.147135 0.950463 0.026562 0.030556
4 0.296615 0.779167 0.018229 0.012037
4 0.278125 0.799537 0.013542 0.017593
4 0.632031 0.961574 0.005729 0.030556
4 0.275781 0.734722 0.016146 0.010185
4 0.220312 0.783796 0.017708 0.012037
4 0.191406 0.808796 0.015104 0.015741
4 0.031771 0.958796 0.032292 0.030556
4 0.623177 0.810648 0.005729 0.017593
4 0.257812 0.781944 0.017708 0.012037
4 0.517708 0.952778 0.008333 0.029630
5 0.559115 0.695833 0.004687 0.010185
5 0.126823 0.790278 0.015104 0.012037
5 0.125781 0.870833 0.023438 0.023148
5 0.031771 0.958796 0.032292 0.030556
5 0.223177 0.861574 0.018229 0.021296
5 0.530990 0.868981 0.006771 0.023148
5 0.278125 0.799074 0.013542 0.016667
5 0.147135 0.950463 0.026562 0.030556
5 0.632031 0.961574 0.005729 0.030556
5 0.191146 0.809259 0.014583 0.014815
5 0.403906 0.931944 0.055729 0.134259
5 0.623437 0.811111 0.005208 0.016667
5 0.517708 0.952778 0.008333 0.029630
7 0.748958 0.757870 0.106250 0.060185
7 0.108333 0.769444 0.112500 0.053704
7 0.408073 0.731944 0.434896 0.028704
