0 0.842448 0.300926 0.071354 0.053704
0 0.655990 0.237963 0.026562 0.057407
0 0.157552 0.231481 0.023438 0.035185
0 0.607552 0.287500 0.051562 0.041667
0 0.713281 0.333333 0.082812 0.051852
0 0.757812 0.281019 0.062500 0.047222
0 0.097135 0.291204 0.021354 0.043519
0 0.167708 0.283796 0.029167 0.047222
0 0.205990 0.139352 0.015104 0.021296
0 0.366667 0.320833 0.048958 0.067593
0 0.811719 0.383796 0.063021 0.067593
0 0.628906 0.297222 0.053646 0.040741
0 0.427604 0.190741 0.040625 0.027778
0 0.671615 0.321759 0.054688 0.041667
0 0.762760 0.367130 0.053646 0.058333
0 0.279687 0.161111 0.018750 0.022222
0 0.193490 0.169444 0.016146 0.020370
0 0.871354 0.397222 0.052083 0.066667
0 0.272917 0.401389 0.058333 0.084259
0 0.523958 0.291667 0.067708 0.062963
0 0.421094 0.382870 0.064062 0.076852
0 0.186198 0.406944 0.054688 0.100926
0 0.398958 0.257870 0.041667 0.049074
0 0.614583 0.245370 0.040625 0.040741
0 0.578385 0.245370 0.042188 0.048148
0 0.173177 0.351389 0.039062 0.075000
0 0.108073 0.837037 0.043229 0.122222
0 0.908854 0.389352 0.009375 0.089815
0 0.891667 0.313889 0.043750 0.059259
0 0.728646 0.352778 0.063542 0.050000
0 0.338802 0.387037 0.059896 0.070370
0 0.149479 0.179167 0.016667 0.023148
0 0.477865 0.218981 0.050521 0.043519
0 0.538542 0.245370 0.042708 0.044444
0 0.713281 0.265741 0.029687 0.055556
0 0.646615 0.305556 0.056771 0.046296
0 0.296354 0.315741 0.042708 0.061111
0 0.259375 0.138889 0.013542 0.018519
3 0.410417 0.651852 0.422917 0.685185
3 0.592969 0.496296 0.638021 0.520370
3 0.536719 0.613426 0.749479 0.762037
3 0.592708 0.581019 0.637500 0.687963
4 0.192448 0.306481 0.007812 0.018519
4 0.460156 0.327315 0.023438 0.017593
4 0.205990 0.360185 0.008854 0.027778
4 0.362240 0.256019 0.010937 0.012037
4 0.235417 0.286574 0.008333 0.017593
4 0.182552 0.268056 0.007812 0.017593
4 0.259375 0.332407 0.011458 0.024074
4 0.565365 0.412500 0.039062 0.034259
4 0.322656 0.331019 0.179688 0.236111
4 0.219792 0.255093 0.006250 0.013889
4 0.456771 0.288889 0.015625 0.016667
4 0.222135 0.425926 0.011979 0.035185
4 0.632031 0.405093 0.039062 0.028704
5 0.459896 0.327315 0.022917 0.017593
5 0.259375 0.331944 0.011458 0.023148
5 0.362240 0.256019 0.010937 0.012037
5 0.235417 0.286574 0.008333 0.017593
5 0.182292 0.267593 0.007292 0.016667
5 0.192448 0.306019 0.007812 0.017593
5 0.205729 0.360185 0.008333 0.025926
5 0.565104 0.412500 0.038542 0.034259
5 0.322396 0.330556 0.179167 0.235185
5 0.219792 0.255093 0.006250 0.013889
5 0.456510 0.288426 0.015104 0.015741
5 0.222135 0.426389 0.011979 0.034259
5 0.632031 0.405556 0.039062 0.027778
