0 0.341016 0.104167 0.019531 0.036111
0 0.298047 0.138194 0.027344 0.048611
0 0.293359 0.019444 0.014844 0.022222
0 0.454297 0.301389 0.044531 0.086111
0 0.192969 0.830556 0.137500 0.291667
0 0.327344 0.061806 0.018750 0.029167
0 0.341797 0.019444 0.014844 0.022222
0 0.239844 0.156944 0.029687 0.055556
0 0.490234 0.551389 0.061719 0.150000
1 0.216406 0.046528 0.006250 0.020833
1 0.228516 0.049306 0.005469 0.020833
3 0.800391 0.727778 0.392969 0.541667
3 0.194531 0.508333 0.389062 0.980556
3 0.659766 0.509028 0.574219 0.959722
3 0.451562 0.502083 0.240625 0.987500
4 0.688281 0.575694 0.068750 0.134722
4 0.774219 0.486806 0.073438 0.087500
4 0.916406 0.350694 0.023438 0.023611
4 0.905078 0.389583 0.058594 0.076389
4 0.544141 0.406250 0.033594 0.043056
4 0.812891 0.456250 0.071094 0.081944
4 0.617578 0.705556 0.102344 0.086111
4 0.854297 0.428472 0.061719 0.073611
4 0.549609 0.453472 0.049219 0.048611
4 0.551562 0.418056 0.035937 0.061111
4 0.366797 0.920139 0.513281 0.123611
4 0.605859 0.797222 0.064844 0.058333
4 0.665234 0.702083 0.044531 0.162500
4 0.223047 0.648611 0.022656 0.069444
4 0.315625 0.222917 0.003125 0.015278
4 0.526563 0.338194 0.029687 0.043056
4 0.316016 0.263889 0.003906 0.019444
4 0.268750 0.495139 0.014063 0.045833
4 0.795703 0.478472 0.067969 0.101389
4 0.753906 0.505556 0.076563 0.094444
4 0.297266 0.391667 0.010156 0.030556
4 0.711328 0.548611 0.074219 0.116667
4 0.311719 0.319444 0.006250 0.025000
4 0.601562 0.840972 0.048438 0.048611
4 0.831641 0.441667 0.067969 0.077778
4 0.563281 0.482639 0.039062 0.045833
4 0.887109 0.404167 0.058594 0.072222
4 0.542578 0.379167 0.035156 0.033333
4 0.612891 0.750694 0.083594 0.068056
4 0.604688 0.632639 0.081250 0.070833
4 0.581641 0.509028 0.063281 0.068056
4 0.734766 0.525694 0.075781 0.101389
4 0.869141 0.414583 0.061719 0.079167
4 0.675000 0.626389 0.060937 0.158333
5 0.743359 0.654861 0.407031 0.626389
7 0.660547 0.509722 0.577344 0.930556
