0 0.179948 0.662963 0.038021 0.048148
0 0.571615 0.495833 0.011979 0.017593
0 0.453646 0.626389 0.020833 0.030556
0 0.528125 0.491204 0.009375 0.012037
0 0.587760 0.491204 0.007812 0.010185
0 0.448177 0.629630 0.026562 0.033333
0 0.463542 0.881944 0.064583 0.097222
0 0.309896 0.648148 0.041667 0.050000
0 0.160938 0.670370 0.056250 0.050000
0 0.383854 0.689352 0.041667 0.058333
0 0.400521 0.674537 0.033333 0.049074
0 0.672396 0.775000 0.064583 0.092593
0 0.445052 0.606019 0.029687 0.021296
0 0.650781 0.666667 0.034896 0.048148
0 0.415625 0.658333 0.034375 0.053704
0 0.015104 0.693981 0.030208 0.063889
0 0.064062 0.613889 0.029167 0.038889
0 0.325521 0.694444 0.040625 0.053704
0 0.474479 0.800463 0.059375 0.099074
0 0.507031 0.772222 0.041146 0.070370
0 0.277865 0.616204 0.028646 0.037963
0 0.334115 0.636574 0.027604 0.045370
0 0.178906 0.582407 0.024479 0.037037
0 0.191146 0.613426 0.031250 0.039815
0 0.289062 0.676389 0.040625 0.052778
0 0.621094 0.960185 0.107813 0.077778
0 0.014583 0.656019 0.029167 0.028704
0 0.081771 0.622685 0.033333 0.049074
0 0.543750 0.492593 0.010417 0.014815
0 0.575781 0.597685 0.055729 0.039815
0 0.427344 0.633796 0.027604 0.028704
0 0.077083 0.666204 0.054167 0.047222
0 0.024219 0.582407 0.013021 0.035185
0 0.561198 0.571296 0.024479 0.027778
0 0.601302 0.468981 0.008854 0.012037
0 0.466406 0.613889 0.014063 0.035185
0 0.572396 0.893981 0.060417 0.089815
0 0.571094 0.764352 0.050521 0.043519
0 0.419010 0.762963 0.049479 0.066667
0 0.064323 0.584722 0.026562 0.021296
0 0.444531 0.683333 0.047396 0.068519
0 0.570833 0.819907 0.056250 0.093519
0 0.625781 0.549074 0.015104 0.024074
0 0.650260 0.634722 0.033854 0.019444
0 0.419792 0.541667 0.023958 0.031481
0 0.251823 0.696296 0.042188 0.050000
1 0.662500 0.717130 0.006250 0.021296
3 0.413542 0.763889 0.314583 0.466667
3 0.512500 0.736574 0.508333 0.519444
3 0.687500 0.739815 0.162500 0.512963
3 0.488281 0.762037 0.225521 0.470370
3 0.271875 0.763426 0.543750 0.463889
4 0.240885 0.736111 0.013021 0.009259
4 0.125521 0.870833 0.023958 0.023148
4 0.222917 0.861574 0.017708 0.019444
4 0.410156 0.915278 0.069271 0.167593
4 0.147135 0.950000 0.026562 0.031481
4 0.296615 0.779167 0.018229 0.012037
4 0.278125 0.799074 0.013542 0.016667
4 0.191406 0.809259 0.016146 0.016667
4 0.031771 0.959259 0.033333 0.031481
4 0.506771 0.586111 0.054167 0.083333
4 0.257812 0.781944 0.017708 0.012037
5 0.506510 0.586574 0.053646 0.082407
5 0.127083 0.790278 0.015625 0.012037
5 0.125521 0.870833 0.023958 0.023148
5 0.278125 0.799074 0.013542 0.016667
5 0.031510 0.958796 0.032813 0.030556
5 0.222917 0.861574 0.017708 0.019444
5 0.147135 0.950000 0.026562 0.031481
5 0.191146 0.809259 0.015625 0.014815
5 0.623698 0.810648 0.004687 0.017593
5 0.410156 0.915741 0.069271 0.166667
5 0.516927 0.954167 0.007812 0.026852
7 0.748958 0.760185 0.092708 0.057407
7 0.107552 0.769444 0.111979 0.051852
7 0.411198 0.733333 0.436979 0.029630
