0 0.750000 0.341667 0.081250 0.130556
0 0.405469 0.527778 0.029687 0.047222
0 0.215234 0.542361 0.094531 0.140278
0 0.062891 0.557639 0.125781 0.276389
0 0.433203 0.400000 0.033594 0.069444
0 0.640234 0.331944 0.047656 0.041667
0 0.735938 0.555556 0.139063 0.313889
0 0.390234 0.385417 0.042969 0.070833
0 0.900781 0.802778 0.192188 0.391667
0 0.844141 0.484722 0.130469 0.263889
0 0.645703 0.386806 0.047656 0.090278
0 0.157812 0.489583 0.071875 0.109722
0 0.154688 0.707639 0.115625 0.151389
0 0.285938 0.688194 0.107813 0.184722
0 0.588281 0.377778 0.048438 0.069444
0 0.607031 0.502083 0.073438 0.073611
0 0.218750 0.374306 0.046875 0.065278
0 0.380078 0.343750 0.041406 0.051389
0 0.048438 0.879861 0.096875 0.173611
0 0.341797 0.404167 0.058594 0.072222
0 0.287891 0.373611 0.053906 0.077778
0 0.916797 0.602778 0.108594 0.163889
0 0.226172 0.784028 0.092969 0.201389
0 0.622266 0.702778 0.072656 0.161111
0 0.100781 0.792361 0.151562 0.256944
0 0.383203 0.320139 0.038281 0.068056
0 0.286328 0.395139 0.049219 0.118056
0 0.398828 0.304861 0.032031 0.068056
0 0.313281 0.510417 0.071875 0.112500
0 0.179688 0.424306 0.068750 0.062500
0 0.327344 0.572222 0.090625 0.094444
0 0.171875 0.606250 0.115625 0.126389
0 0.018750 0.718750 0.037500 0.184722
0 0.242969 0.429861 0.065625 0.056944
0 0.429688 0.306944 0.032813 0.036111
0 0.701953 0.354861 0.071094 0.068056
0 0.380078 0.171528 0.047656 0.045833
0 0.302734 0.306250 0.085156 0.101389
0 0.347656 0.303472 0.032813 0.076389
0 0.307812 0.574306 0.060937 0.090278
0 0.232422 0.462500 0.067969 0.063889
0 0.058594 0.972917 0.117188 0.051389
0 0.422266 0.456250 0.032031 0.043056
0 0.707422 0.379861 0.067969 0.045833
0 0.603125 0.429861 0.054688 0.073611
0 0.434766 0.334028 0.044531 0.051389
0 0.378906 0.241667 0.046875 0.058333
0 0.608203 0.575000 0.089844 0.163889
0 0.347266 0.493056 0.058594 0.102778
0 0.366406 0.440972 0.054688 0.095833
0 0.325391 0.229167 0.047656 0.050000
0 0.345703 0.825000 0.092969 0.152778
0 0.381641 0.650694 0.067969 0.195833
0 0.442578 0.301389 0.036719 0.047222
0 0.658203 0.865972 0.155469 0.265278
0 0.444922 0.252083 0.039844 0.081944
0 0.582422 0.331250 0.046094 0.048611
0 0.453516 0.197917 0.028906 0.020833
0 0.238672 0.927778 0.166406 0.141667
0 0.338672 0.357639 0.044531 0.059722
0 0.354297 0.191667 0.039844 0.044444
1 0.985156 0.428472 0.020313 0.079167
3 0.682031 0.718056 0.251563 0.561111
3 0.284766 0.641667 0.378906 0.713889
3 0.253906 0.711806 0.317188 0.573611
4 0.787109 0.915972 0.016406 0.040278
4 0.753906 0.801389 0.012500 0.030556
5 0.685547 0.959722 0.246094 0.077778
7 0.685547 0.959028 0.246094 0.079167
