0 0.331641 0.445833 0.058594 0.125000
0 0.292187 0.030556 0.015625 0.025000
0 0.349219 0.225000 0.032813 0.066667
0 0.469141 0.383333 0.047656 0.100000
0 0.240625 0.401389 0.064062 0.108333
0 0.316406 0.023611 0.014063 0.027778
0 0.323437 0.050694 0.017188 0.026389
0 0.383203 0.110417 0.019531 0.043056
0 0.367578 0.071528 0.017969 0.029167
0 0.290234 0.054167 0.017969 0.036111
0 0.283203 0.216667 0.033594 0.058333
0 0.396875 0.134028 0.023438 0.054167
0 0.440234 0.268056 0.041406 0.069444
0 0.335156 0.115972 0.037500 0.098611
0 0.292187 0.094444 0.021875 0.047222
0 0.240234 0.156250 0.028906 0.054167
0 0.315234 0.004861 0.011719 0.009722
0 0.411328 0.159028 0.033594 0.062500
0 0.503906 0.651389 0.100000 0.313889
0 0.373437 0.090972 0.023438 0.043056
0 0.422656 0.210417 0.034375 0.056944
1 0.171875 0.204167 0.012500 0.050000
1 0.175000 0.160417 0.010937 0.040278
1 0.154688 0.189583 0.014063 0.051389
1 0.238672 0.113889 0.008594 0.030556
1 0.210938 0.097222 0.007812 0.030556
3 0.800391 0.727778 0.392969 0.541667
3 0.194922 0.521528 0.389844 0.954167
3 0.653516 0.497222 0.586719 0.969444
3 0.451562 0.500000 0.240625 0.991667
4 0.869141 0.415278 0.061719 0.077778
4 0.581250 0.510417 0.064062 0.070833
4 0.297266 0.391667 0.010156 0.030556
4 0.854297 0.429167 0.061719 0.072222
4 0.774219 0.487500 0.073438 0.088889
4 0.905078 0.389583 0.058594 0.079167
4 0.665234 0.702778 0.042969 0.163889
4 0.133984 0.917361 0.046094 0.134722
4 0.222656 0.648611 0.023438 0.069444
4 0.795703 0.470139 0.067969 0.084722
4 0.754687 0.506250 0.076563 0.093056
4 0.311719 0.319444 0.006250 0.025000
4 0.268359 0.495833 0.014844 0.044444
4 0.831250 0.441667 0.068750 0.077778
4 0.563281 0.482639 0.039062 0.045833
4 0.887500 0.404167 0.059375 0.072222
4 0.688281 0.576389 0.070312 0.136111
4 0.711719 0.549306 0.075000 0.115278
4 0.551562 0.425694 0.035937 0.045833
4 0.734375 0.525694 0.076563 0.101389
4 0.812500 0.456250 0.070312 0.081944
4 0.675391 0.627778 0.060156 0.161111
5 0.743750 0.654861 0.404687 0.626389
7 0.663672 0.513889 0.567969 0.913889
