0 0.669271 0.484722 0.038542 0.050000
0 0.581250 0.420139 0.010417 0.018056
0 0.728646 0.749306 0.178125 0.145833
0 0.656250 0.386111 0.012500 0.013889
0 0.643229 0.490972 0.015625 0.018056
0 0.343750 0.398611 0.016667 0.019444
0 0.427083 0.483333 0.029167 0.016667
0 0.401562 0.487500 0.026042 0.019444
0 0.691146 0.450694 0.015625 0.018056
0 0.605208 0.407639 0.010417 0.015278
0 0.716146 0.448611 0.015625 0.016667
0 0.460417 0.413194 0.020833 0.018056
0 0.623958 0.395139 0.014583 0.015278
0 0.293229 0.633333 0.017708 0.025000
0 0.678646 0.361806 0.013542 0.009722
0 0.312500 0.657639 0.045833 0.031944
0 0.701562 0.464583 0.017708 0.020833
4 0.516146 0.599306 0.011458 0.218056
4 0.584375 0.598611 0.027083 0.016667
4 0.507292 0.560417 0.310417 0.043056
4 0.478125 0.628472 0.008333 0.006944
4 0.451042 0.536806 0.018750 0.020833
4 0.431250 0.566667 0.158333 0.033333
4 0.493750 0.616667 0.008333 0.008333
4 0.784896 0.659722 0.021875 0.011111
4 0.460417 0.640278 0.010417 0.008333
4 0.561458 0.608333 0.027083 0.027778
4 0.605729 0.643056 0.021875 0.013889
4 0.352604 0.762500 0.057292 0.036111
4 0.509375 0.606250 0.008333 0.006944
4 0.432292 0.608333 0.177083 0.208333
4 0.422396 0.538889 0.157292 0.088889
4 0.623437 0.621528 0.017708 0.012500
4 0.792708 0.638889 0.022917 0.011111
4 0.595833 0.608333 0.154167 0.208333
4 0.722396 0.631944 0.019792 0.011111
4 0.591667 0.518750 0.160417 0.062500
4 0.403646 0.678472 0.013542 0.009722
4 0.733854 0.613194 0.019792 0.009722
5 0.516146 0.599306 0.011458 0.218056
5 0.584375 0.598611 0.027083 0.016667
5 0.507292 0.560417 0.310417 0.043056
5 0.478125 0.628472 0.008333 0.006944
5 0.451042 0.536806 0.018750 0.020833
5 0.431250 0.566667 0.158333 0.033333
5 0.493750 0.616667 0.008333 0.008333
5 0.784896 0.659722 0.021875 0.011111
5 0.460417 0.640278 0.010417 0.008333
5 0.561458 0.608333 0.027083 0.027778
5 0.605729 0.643056 0.021875 0.013889
5 0.352604 0.762500 0.057292 0.036111
5 0.509375 0.606250 0.008333 0.006944
5 0.432292 0.608333 0.177083 0.208333
5 0.422396 0.538889 0.157292 0.088889
5 0.623437 0.621528 0.017708 0.012500
5 0.792708 0.638889 0.022917 0.011111
5 0.595833 0.608333 0.154167 0.208333
5 0.722396 0.631944 0.019792 0.011111
5 0.591667 0.518750 0.160417 0.062500
5 0.403646 0.678472 0.013542 0.009722
5 0.733854 0.613194 0.019792 0.009722
