0 0.239844 0.156944 0.029687 0.055556
0 0.356641 0.040972 0.017969 0.026389
0 0.474219 0.345833 0.060937 0.152778
0 0.344531 0.262500 0.040625 0.088889
0 0.342578 0.166667 0.028906 0.050000
0 0.291406 0.037500 0.015625 0.025000
0 0.102734 0.745139 0.136719 0.234722
0 0.339062 0.116667 0.023438 0.038889
0 0.304297 0.013889 0.016406 0.027778
0 0.248438 0.363194 0.059375 0.104167
0 0.288672 0.188194 0.032031 0.054167
0 0.384375 0.106944 0.020313 0.047222
0 0.429297 0.237500 0.036719 0.063889
0 0.326953 0.067361 0.027344 0.076389
0 0.291406 0.067361 0.018750 0.031944
0 0.502734 0.527778 0.064844 0.161111
0 0.321094 0.025000 0.017188 0.016667
0 0.336328 0.436806 0.058594 0.145833
0 0.395703 0.128472 0.032031 0.056944
0 0.495312 0.850694 0.107813 0.295833
0 0.372656 0.081250 0.021875 0.037500
0 0.441797 0.293056 0.032031 0.075000
0 0.360938 0.061111 0.020313 0.033333
0 0.411328 0.184722 0.030469 0.052778
0 0.264844 0.726389 0.112500 0.244444
1 0.132031 0.236806 0.015625 0.051389
1 0.199609 0.122917 0.008594 0.031944
1 0.152344 0.252083 0.014063 0.062500
1 0.229297 0.097222 0.007031 0.036111
1 0.162500 0.201389 0.012500 0.044444
3 0.801562 0.727778 0.395313 0.541667
3 0.195312 0.515278 0.390625 0.961111
3 0.652734 0.501389 0.588281 0.977778
3 0.451953 0.500000 0.241406 0.988889
4 0.869141 0.415278 0.061719 0.077778
4 0.617188 0.705556 0.103125 0.086111
4 0.602344 0.559722 0.096875 0.083333
4 0.688672 0.576389 0.069531 0.136111
4 0.535156 0.357639 0.026562 0.029167
4 0.774219 0.486806 0.073438 0.087500
4 0.917188 0.351389 0.023438 0.025000
4 0.544922 0.404167 0.033594 0.044444
4 0.767188 0.713194 0.354687 0.570833
4 0.594922 0.893750 0.030469 0.065278
4 0.296875 0.391667 0.009375 0.030556
4 0.556250 0.454861 0.035937 0.040278
4 0.207422 0.251389 0.021094 0.072222
4 0.594141 0.528472 0.080469 0.079167
4 0.606641 0.797917 0.064844 0.059722
4 0.667188 0.668056 0.039062 0.091667
4 0.133984 0.916667 0.046094 0.133333
4 0.315625 0.224306 0.003125 0.015278
4 0.526563 0.338194 0.029687 0.040278
4 0.222656 0.648611 0.023438 0.069444
4 0.795703 0.470833 0.067969 0.086111
4 0.754687 0.506250 0.076563 0.093056
4 0.505078 0.285417 0.027344 0.026389
4 0.269141 0.494444 0.014844 0.044444
4 0.542969 0.376389 0.025000 0.030556
4 0.712500 0.549306 0.073438 0.115278
4 0.312109 0.319444 0.005469 0.022222
4 0.601562 0.841667 0.048438 0.050000
4 0.854297 0.427778 0.063281 0.072222
4 0.566016 0.468750 0.033594 0.062500
4 0.905078 0.389583 0.058594 0.076389
4 0.551172 0.427083 0.036719 0.045833
4 0.612500 0.751389 0.084375 0.066667
4 0.602734 0.632639 0.085156 0.070833
4 0.581250 0.509722 0.064062 0.069444
4 0.831641 0.441667 0.067969 0.077778
4 0.734375 0.525694 0.076563 0.101389
4 0.887500 0.404167 0.059375 0.072222
4 0.921875 0.384028 0.059375 0.087500
4 0.820312 0.457639 0.085938 0.081944
4 0.675000 0.627778 0.060937 0.161111
5 0.741797 0.653472 0.411719 0.626389
7 0.744531 0.651389 0.407813 0.622222
7 0.664453 0.513194 0.569531 0.912500
