0 0.835547 0.500000 0.055469 0.050000
0 0.589453 0.459028 0.028906 0.040278
0 0.543359 0.459028 0.028906 0.056944
0 0.601562 0.508333 0.035937 0.069444
0 0.692969 0.900694 0.123438 0.195833
0 0.466797 0.365278 0.021094 0.033333
0 0.903125 0.595833 0.123438 0.127778
0 0.464453 0.552778 0.036719 0.058333
0 0.278516 0.613194 0.025781 0.070833
0 0.455469 0.493056 0.040625 0.069444
0 0.263281 0.756250 0.035937 0.076389
0 0.389844 0.545139 0.096875 0.154167
0 0.670703 0.703472 0.078906 0.118056
0 0.562500 0.494444 0.037500 0.058333
0 0.533203 0.410417 0.021094 0.031944
0 0.504297 0.436806 0.027344 0.031944
0 0.923047 0.622222 0.082031 0.075000
0 0.518750 0.627778 0.040625 0.097222
0 0.532031 0.710417 0.065625 0.123611
0 0.598828 0.713194 0.052344 0.137500
0 0.229297 0.911111 0.092969 0.175000
0 0.489063 0.426389 0.020313 0.038889
0 0.506250 0.480556 0.037500 0.061111
0 0.460938 0.607639 0.046875 0.079167
0 0.362109 0.793056 0.183594 0.405556
0 0.597266 0.520139 0.024219 0.059722
0 0.636328 0.579167 0.063281 0.130556
0 0.560937 0.390278 0.021875 0.030556
0 0.454688 0.445833 0.048438 0.094444
0 0.448437 0.511806 0.051562 0.104167
0 0.981250 0.845139 0.035937 0.226389
0 0.511719 0.535417 0.034375 0.065278
0 0.514453 0.394444 0.019531 0.038889
0 0.935547 0.561111 0.069531 0.061111
0 0.464844 0.389583 0.023438 0.023611
0 0.502734 0.834028 0.082031 0.165278
0 0.525000 0.571528 0.046875 0.115278
0 0.578906 0.546528 0.045312 0.081944
0 0.540234 0.925000 0.107031 0.147222
0 0.578125 0.442361 0.025000 0.040278
0 0.486719 0.408333 0.021875 0.061111
0 0.452344 0.671528 0.023438 0.112500
0 0.490625 0.370139 0.026562 0.051389
1 0.044531 0.840972 0.029687 0.140278
1 0.208984 0.718056 0.021094 0.088889
3 0.216797 0.713194 0.391406 0.570833
3 0.623828 0.747222 0.430469 0.502778
4 0.578906 0.651389 0.007812 0.027778
4 0.773828 0.863194 0.119531 0.270833
4 0.473828 0.747917 0.007031 0.029167
4 0.619141 0.932639 0.025781 0.131944
4 0.457422 0.901389 0.008594 0.044444
5 0.473828 0.747917 0.007031 0.029167
5 0.773047 0.862500 0.119531 0.272222
5 0.578516 0.651389 0.007031 0.027778
5 0.619141 0.932639 0.025781 0.131944
5 0.457422 0.900694 0.008594 0.045833
