0 0.284375 0.978472 0.079687 0.040278
0 0.453125 0.782639 0.029687 0.065278
0 0.223047 0.884722 0.116406 0.136111
0 0.341016 0.934028 0.111719 0.129167
0 0.626563 0.603472 0.043750 0.079167
0 0.478516 0.563194 0.046094 0.065278
0 0.520312 0.458333 0.025000 0.047222
0 0.327734 0.651389 0.057031 0.080556
0 0.737500 0.802083 0.060937 0.118056
0 0.410938 0.706944 0.057813 0.097222
0 0.917969 0.877083 0.162500 0.243056
0 0.906641 0.710417 0.064844 0.087500
0 0.392188 0.565972 0.029687 0.062500
0 0.433203 0.902778 0.063281 0.186111
0 0.206250 0.775694 0.064062 0.109722
0 0.362891 0.498611 0.042969 0.058333
0 0.371484 0.775694 0.091406 0.106944
0 0.280078 0.743056 0.069531 0.066667
0 0.836328 0.867361 0.024219 0.148611
0 0.475000 0.658333 0.029687 0.069444
0 0.045703 0.965972 0.091406 0.065278
0 0.387109 0.627778 0.036719 0.061111
0 0.763672 0.904861 0.096094 0.156944
0 0.396484 0.745833 0.057031 0.083333
0 0.223438 0.710417 0.057813 0.062500
0 0.917578 0.738194 0.075781 0.040278
0 0.371484 0.850000 0.086719 0.111111
0 0.803516 0.556944 0.049219 0.075000
0 0.426953 0.585417 0.042969 0.087500
0 0.263672 0.659722 0.044531 0.061111
0 0.764062 0.977083 0.092188 0.043056
0 0.831641 0.700694 0.074219 0.095833
0 0.762891 0.716667 0.044531 0.088889
0 0.260156 0.824306 0.081250 0.129167
0 0.391406 0.653472 0.046875 0.037500
0 0.343750 0.590972 0.084375 0.129167
0 0.358203 0.861111 0.063281 0.086111
0 0.290234 0.703472 0.071094 0.051389
0 0.087891 0.847917 0.175781 0.273611
0 0.166016 0.971528 0.139844 0.054167
0 0.888281 0.636111 0.035937 0.063889
0 0.464453 0.717361 0.025781 0.056944
0 0.714063 0.554861 0.085938 0.198611
0 0.643359 0.759722 0.067969 0.075000
0 0.483594 0.506944 0.037500 0.058333
0 0.933984 0.677778 0.042969 0.100000
0 0.815625 0.781250 0.068750 0.112500
0 0.436328 0.648611 0.046094 0.072222
0 0.417969 0.511111 0.045312 0.063889
0 0.707812 0.415278 0.042188 0.072222
0 0.643750 0.697222 0.062500 0.069444
0 0.624219 0.540972 0.050000 0.048611
0 0.646875 0.852083 0.078125 0.115278
0 0.738281 0.733333 0.056250 0.066667
0 0.161719 0.956944 0.203125 0.083333
0 0.477344 0.580556 0.046875 0.083333
0 0.729297 0.654861 0.063281 0.076389
0 0.651953 0.945139 0.083594 0.106944
0 0.987500 0.708333 0.023438 0.066667
1 0.992578 0.665972 0.013281 0.020833
1 0.726562 0.659722 0.015625 0.041667
3 0.914453 0.690278 0.169531 0.200000
3 0.762109 0.771528 0.224219 0.454167
3 0.364844 0.824306 0.187500 0.265278
