0 0.775000 0.129984 0.109574 0.154705
0 0.586170 0.085327 0.025532 0.090909
0 0.529255 0.106061 0.030851 0.113238
0 0.627128 0.041467 0.024468 0.082935
0 0.242021 0.404306 0.060638 0.228070
0 0.456383 0.241627 0.036170 0.173844
0 0.862766 0.374801 0.168085 0.267943
0 0.674468 0.015152 0.068085 0.030303
0 0.323936 0.084530 0.041489 0.086124
0 0.502128 0.720893 0.187234 0.456140
0 0.647872 0.482456 0.059574 0.244019
0 0.504787 0.082137 0.028723 0.087719
0 0.484043 0.019936 0.078723 0.039872
0 0.660106 0.208931 0.032979 0.153110
0 0.617021 0.173046 0.029787 0.129187
0 0.421277 0.082935 0.080851 0.118022
0 0.570213 0.274322 0.048936 0.165869
0 0.585638 0.026316 0.022340 0.052632
0 0.674468 0.133971 0.038298 0.140351
0 0.320213 0.220096 0.134043 0.210526
0 0.718617 0.321372 0.054255 0.205742
1 0.455851 0.211324 0.035106 0.116427
3 0.497872 0.497608 0.991489 0.992026
4 0.725000 0.754386 0.041489 0.204147
4 0.511702 0.354864 0.010638 0.027113
4 0.514362 0.202552 0.007447 0.019139
4 0.513830 0.270335 0.008511 0.020734
4 0.509043 0.479266 0.011702 0.039872
5 0.725000 0.753589 0.041489 0.202552
5 0.511702 0.354864 0.010638 0.027113
5 0.385106 0.062998 0.008511 0.014354
5 0.514362 0.203349 0.007447 0.017544
5 0.513830 0.270335 0.008511 0.020734
5 0.509043 0.479266 0.011702 0.039872
5 0.514894 0.148325 0.006383 0.015949
5 0.651064 0.107656 0.008511 0.014354
5 0.768617 0.490431 0.020213 0.046252
