0 0.279787 0.109076 0.038298 0.049363
0 0.596277 0.012739 0.015957 0.025478
0 0.321809 0.243631 0.079787 0.111465
0 0.202128 0.078025 0.025532 0.028662
0 0.501596 0.027070 0.020213 0.025478
0 0.329255 0.030255 0.018085 0.025478
0 0.475000 0.005573 0.018085 0.011146
0 0.452660 0.080414 0.028723 0.042994
0 0.804255 0.862261 0.236170 0.272293
0 0.296809 0.054140 0.023404 0.022293
0 0.761170 0.175955 0.050000 0.055732
0 0.367553 0.072452 0.026596 0.036624
0 0.340957 0.046975 0.024468 0.036624
0 0.365957 0.518312 0.121277 0.202229
0 0.131915 0.101911 0.038298 0.041401
0 0.231383 0.148089 0.050000 0.057325
0 0.771277 0.279459 0.085106 0.087580
0 0.359043 0.020701 0.018085 0.025478
0 0.639894 0.073248 0.032979 0.031847
0 0.452128 0.011146 0.017021 0.022293
0 0.687766 0.015924 0.022340 0.031847
0 0.228723 0.026274 0.017021 0.027070
0 0.023936 0.337580 0.047872 0.082803
0 0.318085 0.071656 0.025532 0.035032
0 0.892021 0.310510 0.101064 0.085987
0 0.577660 0.018312 0.017021 0.027070
0 0.688830 0.085987 0.030851 0.035032
0 0.331915 0.008758 0.019149 0.017516
0 0.365426 0.035828 0.022340 0.030255
0 0.396809 0.023885 0.019149 0.025478
0 0.454255 0.046178 0.023404 0.028662
0 0.349468 0.091561 0.032979 0.039809
0 0.971809 0.070064 0.054255 0.050955
0 0.427128 0.015127 0.018085 0.023885
0 0.186170 0.273885 0.095745 0.117834
0 0.489894 0.011943 0.015957 0.023885
0 0.300532 0.132962 0.043617 0.049363
0 0.542553 0.021497 0.017021 0.020701
0 0.544149 0.007962 0.013830 0.015924
0 0.580851 0.102707 0.036170 0.046178
0 0.420213 0.037420 0.021277 0.027070
0 0.051596 0.458599 0.103191 0.191083
0 0.630319 0.040605 0.028723 0.030255
0 0.154255 0.007962 0.014894 0.015924
0 0.983511 0.437102 0.030851 0.090764
0 0.523936 0.074841 0.030851 0.041401
0 0.361170 0.008758 0.018085 0.017516
0 0.577660 0.049363 0.027660 0.035032
0 0.416489 0.078025 0.026596 0.054140
0 0.795213 0.151274 0.050000 0.054140
0 0.279787 0.191879 0.057447 0.071656
0 0.504787 0.007962 0.013830 0.015924
0 0.378723 0.029459 0.017021 0.027070
0 0.388830 0.147293 0.041489 0.052548
0 0.443617 0.149682 0.042553 0.060510
0 0.193085 0.027866 0.026596 0.049363
0 0.588298 0.267516 0.065957 0.085987
0 0.690426 0.167994 0.051064 0.058917
0 0.519149 0.019108 0.017021 0.025478
0 0.640957 0.090764 0.043617 0.063694
0 0.295213 0.082006 0.030851 0.039809
0 0.680851 0.102707 0.040426 0.042994
1 0.532979 0.036624 0.006383 0.028662
3 0.746809 0.521497 0.504255 0.947452
3 0.240426 0.547771 0.480851 0.891720
3 0.132447 0.124204 0.264894 0.242038
4 0.642021 0.176752 0.009574 0.012739
4 0.039362 0.196656 0.019149 0.011146
4 0.561170 0.135350 0.005319 0.009554
4 0.593085 0.219745 0.007447 0.012739
4 0.964362 0.729299 0.069149 0.111465
4 0.673936 0.228503 0.011702 0.017516
4 0.472340 0.525478 0.108511 0.945860
4 0.799468 0.441879 0.030851 0.046178
4 0.575532 0.171178 0.006383 0.011146
4 0.749468 0.716561 0.043617 0.111465
4 0.937234 0.453822 0.042553 0.047771
4 0.319681 0.448248 0.024468 0.052548
4 0.486170 0.550159 0.129787 0.896497
4 0.661170 0.432325 0.020213 0.046178
4 0.346809 0.167197 0.010638 0.012739
4 0.398936 0.220541 0.008511 0.017516
4 0.371277 0.301752 0.012766 0.030255
4 0.263830 0.300159 0.021277 0.030255
4 0.232979 0.215764 0.014894 0.017516
4 0.170745 0.442675 0.037234 0.050955
4 0.836170 0.242038 0.019149 0.019108
4 0.618085 0.139331 0.008511 0.011146
4 0.720745 0.307325 0.018085 0.028662
4 0.732447 0.148885 0.011702 0.011146
4 0.197872 0.779459 0.059574 0.135350
4 0.822340 0.316083 0.019149 0.023885
5 0.173936 0.113854 0.007447 0.007962
5 0.642021 0.176752 0.009574 0.012739
5 0.039894 0.196656 0.018085 0.011146
5 0.561170 0.135350 0.005319 0.009554
5 0.909043 0.246019 0.179787 0.138535
5 0.593085 0.219745 0.007447 0.012739
5 0.964362 0.729299 0.069149 0.111465
5 0.751596 0.231688 0.009574 0.011146
5 0.673936 0.228503 0.011702 0.017516
5 0.472340 0.525478 0.106383 0.945860
5 0.799468 0.441879 0.030851 0.046178
5 0.575532 0.171178 0.006383 0.011146
5 0.144149 0.135350 0.011702 0.009554
5 0.749468 0.716561 0.043617 0.111465
5 0.415426 0.167994 0.005319 0.011146
5 0.100000 0.162420 0.014894 0.009554
5 0.937234 0.453822 0.042553 0.047771
5 0.319681 0.448248 0.024468 0.052548
5 0.661170 0.432325 0.020213 0.046178
5 0.346277 0.167197 0.009574 0.012739
5 0.398936 0.220541 0.008511 0.017516
5 0.371277 0.301752 0.012766 0.030255
5 0.263830 0.300159 0.021277 0.030255
5 0.550000 0.109076 0.006383 0.007962
5 0.232979 0.215764 0.014894 0.017516
5 0.170745 0.442675 0.037234 0.050955
5 0.836170 0.242038 0.019149 0.019108
5 0.432447 0.104299 0.005319 0.007962
5 0.622340 0.303344 0.008511 0.020701
5 0.363298 0.137739 0.007447 0.011146
5 0.524468 0.550159 0.053191 0.896497
5 0.618085 0.139331 0.008511 0.011146
5 0.720745 0.307325 0.018085 0.028662
5 0.731915 0.148089 0.010638 0.009554
5 0.197872 0.779459 0.059574 0.135350
5 0.822340 0.316083 0.019149 0.023885
