0 0.238298 0.506380 0.031915 0.100478
0 0.642553 0.179426 0.025532 0.052632
0 0.562234 0.142743 0.024468 0.039872
0 0.050000 0.251196 0.021277 0.065391
0 0.776064 0.099681 0.013830 0.027113
0 0.662766 0.146730 0.025532 0.044657
0 0.773936 0.931419 0.126596 0.133971
0 0.318617 0.594896 0.047872 0.063796
0 0.448936 0.146730 0.023404 0.051037
0 0.162766 0.507177 0.042553 0.070175
0 0.453191 0.141148 0.031915 0.052632
0 0.364362 0.744019 0.060638 0.125997
0 0.571809 0.267145 0.039362 0.062201
0 0.504787 0.218501 0.024468 0.054226
0 0.442553 0.309410 0.029787 0.070175
0 0.073936 0.263158 0.039362 0.070175
0 0.981915 0.884370 0.034043 0.154705
0 0.313830 0.685805 0.048936 0.127592
0 0.683511 0.104466 0.030851 0.046252
0 0.769681 0.282297 0.022340 0.070175
0 0.517021 0.764753 0.080851 0.129187
0 0.154255 0.602073 0.034043 0.100478
0 0.383511 0.314992 0.030851 0.068581
0 0.287766 0.331738 0.030851 0.082935
0 0.542021 0.122010 0.026596 0.046252
0 0.293085 0.383573 0.035106 0.078150
0 0.478723 0.272727 0.031915 0.066986
0 0.701596 0.275120 0.032979 0.068581
0 0.002128 0.539872 0.004255 0.078150
0 0.624468 0.267943 0.025532 0.070175
0 0.253191 0.413078 0.034043 0.079745
0 0.723936 0.185805 0.094681 0.090909
0 0.602660 0.249601 0.020213 0.065391
0 0.696809 0.849282 0.102128 0.119617
0 0.530851 0.240032 0.025532 0.065391
0 0.431383 0.812600 0.079787 0.141946
0 0.567021 0.267145 0.027660 0.062201
0 0.556383 0.895534 0.100000 0.157895
0 0.675000 0.275120 0.043617 0.084530
0 0.354255 0.352472 0.031915 0.079745
0 0.577660 0.086124 0.023404 0.054226
0 0.260638 0.722488 0.055319 0.111643
0 0.725532 0.280702 0.023404 0.066986
1 0.071277 0.297448 0.023404 0.097289
3 0.496809 0.634769 0.993617 0.720893
4 0.195213 0.681021 0.015957 0.012759
4 0.351064 0.864434 0.019149 0.015949
4 0.711170 0.642743 0.011702 0.012759
4 0.748936 0.720893 0.021277 0.012759
4 0.885638 0.955343 0.043617 0.012759
4 0.329787 0.837321 0.017021 0.015949
4 0.874468 0.778309 0.034043 0.012759
4 0.307979 0.812600 0.018085 0.014354
4 0.825000 0.761563 0.028723 0.011164
4 0.418085 0.948166 0.021277 0.017544
4 0.618617 0.881978 0.035106 0.012759
4 0.287234 0.789474 0.017021 0.012759
4 0.718617 0.622010 0.013830 0.012759
4 0.657979 0.439394 0.245745 0.228070
4 0.781915 0.740829 0.027660 0.014354
4 0.371809 0.890750 0.020213 0.017544
4 0.713298 0.681818 0.013830 0.014354
4 0.213298 0.700957 0.015957 0.014354
4 0.442021 0.977671 0.022340 0.019139
4 0.726596 0.701754 0.014894 0.012759
5 0.478723 0.822169 0.017021 0.014354
5 0.209574 0.533493 0.008511 0.011164
5 0.195213 0.681021 0.015957 0.012759
5 0.622340 0.331738 0.010638 0.009569
5 0.351064 0.864434 0.019149 0.015949
5 0.641489 0.557416 0.193617 0.023923
5 0.053191 0.526316 0.012766 0.009569
5 0.528723 0.368421 0.021277 0.006380
5 0.490957 0.374801 0.024468 0.006380
5 0.023404 0.492823 0.046809 0.047847
5 0.711170 0.642743 0.011702 0.012759
5 0.636170 0.322967 0.010638 0.007974
5 0.181915 0.404306 0.029787 0.004785
5 0.748936 0.720893 0.021277 0.012759
5 0.885638 0.955343 0.043617 0.012759
5 0.226596 0.401914 0.023404 0.006380
5 0.657979 0.439394 0.245745 0.228070
5 0.329787 0.837321 0.017021 0.015949
5 0.589362 0.351675 0.017021 0.007974
5 0.082447 0.557416 0.013830 0.011164
5 0.221277 0.584530 0.010638 0.011164
5 0.376596 0.372408 0.012766 0.007974
5 0.122872 0.407496 0.030851 0.004785
5 0.126596 0.606061 0.014894 0.012759
5 0.330851 0.403509 0.012766 0.009569
5 0.269149 0.450558 0.010638 0.011164
5 0.228723 0.600478 0.012766 0.011164
5 0.874468 0.778309 0.034043 0.012759
5 0.307979 0.812600 0.018085 0.014354
5 0.019681 0.409091 0.026596 0.004785
5 0.250000 0.635566 0.010638 0.011164
5 0.418085 0.948166 0.021277 0.017544
5 0.315957 0.413876 0.012766 0.007974
5 0.301064 0.424242 0.012766 0.009569
5 0.287234 0.789474 0.017021 0.012759
5 0.450000 0.379585 0.023404 0.006380
5 0.347872 0.401116 0.061702 0.027113
5 0.097872 0.574163 0.014894 0.009569
5 0.211170 0.551037 0.009574 0.011164
5 0.238830 0.618022 0.013830 0.011164
5 0.015957 0.484848 0.012766 0.009569
5 0.718617 0.622010 0.013830 0.012759
5 0.825000 0.761563 0.028723 0.011164
5 0.284574 0.437002 0.011702 0.009569
5 0.407979 0.354864 0.011702 0.007974
5 0.214894 0.568581 0.010638 0.011164
5 0.112766 0.590112 0.014894 0.012759
5 0.010638 0.347687 0.021277 0.012759
5 0.960106 0.968102 0.041489 0.012759
5 0.738298 0.584530 0.010638 0.014354
5 0.227660 0.721691 0.010638 0.014354
5 0.781915 0.740829 0.027660 0.014354
5 0.511702 0.841308 0.023404 0.014354
5 0.619149 0.881978 0.034043 0.012759
5 0.217021 0.506380 0.008511 0.011164
5 0.408511 0.384370 0.025532 0.006380
5 0.321277 0.395534 0.021277 0.006380
5 0.371809 0.891547 0.020213 0.015949
5 0.068085 0.409091 0.029787 0.004785
5 0.609043 0.340510 0.011702 0.007974
5 0.713830 0.681818 0.012766 0.014354
5 0.562234 0.361244 0.020213 0.007974
5 0.213298 0.700957 0.015957 0.014354
5 0.729255 0.605263 0.011702 0.011164
5 0.709574 0.661882 0.010638 0.012759
5 0.518085 0.933014 0.174468 0.108453
5 0.631383 0.295056 0.277660 0.060606
5 0.392553 0.362839 0.012766 0.007974
5 0.726596 0.702552 0.014894 0.011164
5 0.424468 0.346093 0.012766 0.009569
