0 0.814323 0.300926 0.028646 0.035185
0 0.441146 0.294907 0.026042 0.045370
0 0.939583 0.451389 0.119792 0.095370
0 0.176302 0.307870 0.095312 0.058333
0 0.836719 0.874074 0.182812 0.218519
0 0.419531 0.183333 0.011979 0.016667
0 0.223438 0.263426 0.033333 0.032407
0 0.951823 0.530093 0.095312 0.095370
0 0.462500 0.343981 0.039583 0.087963
0 0.123698 0.468519 0.127604 0.081481
0 0.359115 0.239815 0.020313 0.020370
0 0.355208 0.374074 0.040625 0.074074
0 0.201823 0.274074 0.069271 0.055556
0 0.402865 0.293981 0.027604 0.041667
0 0.230469 0.255556 0.047396 0.050000
0 0.171354 0.322685 0.105208 0.047222
0 0.441146 0.265278 0.020833 0.017593
0 0.251302 0.243056 0.035937 0.032407
0 0.149740 0.346759 0.092188 0.067593
0 0.799219 0.280093 0.010937 0.021296
0 0.974219 0.842130 0.050521 0.121296
0 0.447135 0.322222 0.021354 0.055556
0 0.386979 0.184259 0.014583 0.014815
0 0.977865 0.352315 0.020313 0.037963
0 0.496875 0.456481 0.107292 0.074074
0 0.597135 0.528241 0.131771 0.089815
0 0.399740 0.260648 0.024479 0.037963
0 0.407292 0.348148 0.035417 0.083333
0 0.395573 0.243519 0.020313 0.024074
0 0.396615 0.144907 0.009896 0.013889
1 0.780729 0.368056 0.009375 0.049074
1 0.052344 0.327315 0.016146 0.067593
3 0.816927 0.885648 0.360938 0.226852
3 0.053646 0.587500 0.107292 0.278704
3 0.303646 0.325463 0.089583 0.193519
3 0.788542 0.878241 0.416667 0.241667
3 0.456250 0.318519 0.100000 0.179630
3 0.799479 0.600463 0.391667 0.315741
3 0.613281 0.337037 0.249479 0.212963
3 0.600260 0.345833 0.282813 0.226852
3 0.523438 0.386111 0.178125 0.312963
4 0.785417 0.773611 0.428125 0.047222
4 0.602083 0.891204 0.069792 0.215741
4 0.208333 0.743056 0.034375 0.093519
4 0.334635 0.323611 0.034896 0.187963
4 0.755990 0.878241 0.127604 0.241667
4 0.624479 0.934259 0.045833 0.129630
4 0.247917 0.900926 0.033333 0.196296
4 0.979427 0.683796 0.040104 0.039815
5 0.884115 0.510185 0.047396 0.011111
5 0.045052 0.561111 0.076563 0.012963
5 0.419792 0.801389 0.011458 0.076852
5 0.044531 0.539815 0.076563 0.011111
5 0.576302 0.405093 0.013021 0.019444
5 0.042188 0.505093 0.048958 0.010185
5 0.846615 0.473611 0.067187 0.010185
5 0.697135 0.436111 0.029687 0.024074
5 0.888021 0.693519 0.071875 0.064815
5 0.389844 0.435185 0.015104 0.025926
5 0.038542 0.610185 0.077083 0.014815
5 0.334635 0.323611 0.034896 0.187963
5 0.414583 0.722685 0.030208 0.084259
5 0.483594 0.424537 0.013021 0.013889
5 0.785677 0.773611 0.427604 0.047222
5 0.594531 0.431944 0.024479 0.025000
5 0.510677 0.310648 0.006771 0.012037
5 0.836979 0.695370 0.067708 0.068519
5 0.026562 0.670370 0.053125 0.009259
5 0.315365 0.439815 0.017188 0.025926
5 0.055990 0.521759 0.094271 0.013889
5 0.944531 0.693056 0.075521 0.063889
5 0.537500 0.349074 0.009375 0.014815
5 0.451823 0.433333 0.018229 0.025926
5 0.271615 0.737500 0.036979 0.089815
5 0.755990 0.878241 0.127604 0.241667
5 0.664323 0.433796 0.028646 0.025000
5 0.045833 0.583796 0.076042 0.013889
5 0.256250 0.445833 0.019792 0.025000
5 0.344010 0.729630 0.026562 0.088889
5 0.725781 0.700463 0.061979 0.071296
5 0.382552 0.418981 0.246354 0.025000
5 0.285677 0.443056 0.018229 0.025000
5 0.979427 0.683796 0.040104 0.039815
5 0.559115 0.430556 0.023438 0.024074
5 0.853385 0.484259 0.058854 0.011111
5 0.610156 0.706019 0.049479 0.076852
5 0.429427 0.319907 0.038021 0.182407
5 0.497396 0.376389 0.032292 0.069444
5 0.483073 0.716667 0.036979 0.081481
5 0.551562 0.710185 0.044792 0.077778
5 0.044271 0.489352 0.033333 0.010185
5 0.601823 0.890741 0.069271 0.216667
5 0.666927 0.701852 0.054688 0.074074
5 0.208333 0.742593 0.034375 0.094444
5 0.726823 0.438426 0.026562 0.023148
5 0.630208 0.432407 0.026042 0.024074
5 0.624740 0.934722 0.045312 0.128704
5 0.870313 0.496296 0.051042 0.012963
5 0.352344 0.437037 0.015104 0.025926
5 0.248177 0.900926 0.032813 0.196296
5 0.785417 0.697222 0.063542 0.068519
7 0.493229 0.437963 0.493750 0.042593
7 0.972656 0.599537 0.053646 0.039815
7 0.051562 0.570833 0.103125 0.210185
7 0.860938 0.501389 0.094792 0.065741
7 0.594792 0.725463 0.809375 0.130556
