0 0.697656 0.286111 0.025000 0.058333
0 0.391016 0.830556 0.114844 0.166667
0 0.129688 0.540278 0.098437 0.119444
0 0.586328 0.395139 0.044531 0.059722
0 0.515234 0.383333 0.042969 0.063889
0 0.698438 0.585417 0.071875 0.120833
0 0.557031 0.315278 0.029687 0.052778
0 0.711719 0.264583 0.040625 0.048611
0 0.691797 0.662500 0.075781 0.111111
0 0.735156 0.847917 0.075000 0.195833
0 0.214062 0.593750 0.071875 0.087500
0 0.660937 0.390278 0.042188 0.055556
0 0.054297 0.550694 0.057031 0.076389
0 0.314063 0.518750 0.092188 0.043056
0 0.154688 0.602778 0.082812 0.086111
0 0.328516 0.337500 0.028906 0.044444
0 0.483594 0.573611 0.064062 0.125000
0 0.159766 0.566667 0.102344 0.077778
0 0.223047 0.551389 0.069531 0.052778
0 0.524219 0.537500 0.045312 0.077778
0 0.796094 0.604861 0.053125 0.120833
0 0.224219 0.423611 0.014063 0.030556
0 0.351953 0.551389 0.050781 0.052778
0 0.507031 0.404861 0.035937 0.068056
0 0.044141 0.715278 0.088281 0.058333
0 0.301953 0.420833 0.041406 0.036111
0 0.202344 0.729861 0.073438 0.123611
0 0.812500 0.531944 0.106250 0.100000
0 0.317969 0.323611 0.026562 0.063889
0 0.246875 0.559028 0.081250 0.045833
0 0.559375 0.665972 0.106250 0.306944
0 0.638672 0.547222 0.052344 0.100000
0 0.107813 0.815278 0.159375 0.191667
0 0.517969 0.348611 0.039062 0.038889
0 0.336328 0.369444 0.032031 0.058333
0 0.556250 0.352083 0.034375 0.051389
0 0.029687 0.583333 0.059375 0.038889
0 0.275781 0.404167 0.031250 0.063889
0 0.720703 0.316667 0.024219 0.058333
0 0.173047 0.654167 0.091406 0.083333
0 0.710938 0.877083 0.129688 0.243056
0 0.510938 0.459722 0.046875 0.077778
0 0.757031 0.463889 0.053125 0.091667
0 0.696875 0.511806 0.067187 0.087500
0 0.215625 0.526389 0.070312 0.041667
0 0.679688 0.420139 0.034375 0.026389
0 0.680859 0.465278 0.039844 0.075000
0 0.368359 0.952778 0.128906 0.091667
0 0.841406 0.806944 0.126562 0.097222
0 0.635156 0.303472 0.017188 0.062500
0 0.326172 0.495139 0.086719 0.045833
0 0.563672 0.377778 0.032031 0.052778
0 0.040625 0.647222 0.081250 0.108333
0 0.070312 0.924306 0.140625 0.148611
0 0.586719 0.488194 0.050000 0.045833
0 0.755078 0.373611 0.028906 0.069444
0 0.667969 0.329167 0.051562 0.122222
0 0.533594 0.488194 0.046875 0.073611
0 0.527734 0.306250 0.030469 0.034722
0 0.895703 0.529861 0.102344 0.090278
0 0.581641 0.588194 0.066406 0.162500
0 0.685156 0.768750 0.098437 0.159722
0 0.117578 0.700694 0.086719 0.054167
0 0.576172 0.437500 0.052344 0.086111
0 0.368359 0.310417 0.024219 0.051389
0 0.480078 0.647917 0.125781 0.181944
0 0.639062 0.225000 0.032813 0.038889
0 0.036328 0.513194 0.049219 0.059722
0 0.599219 0.472222 0.050000 0.069444
0 0.607031 0.315278 0.048438 0.094444
0 0.617969 0.372222 0.037500 0.061111
0 0.720313 0.405556 0.043750 0.066667
0 0.635156 0.431944 0.046875 0.069444
0 0.523828 0.929167 0.128906 0.138889
0 0.673047 0.236806 0.038281 0.065278
0 0.733984 0.349306 0.036719 0.065278
0 0.339453 0.465972 0.130469 0.068056
0 0.539844 0.287500 0.028125 0.033333
1 0.926172 0.505556 0.014844 0.055556
1 0.035937 0.457639 0.015625 0.051389
1 0.856641 0.393750 0.013281 0.065278
1 0.446484 0.434028 0.011719 0.065278
1 0.931250 0.547917 0.018750 0.048611
1 0.059766 0.481250 0.013281 0.059722
1 0.420312 0.486111 0.015625 0.077778
1 0.941016 0.625000 0.022656 0.116667
1 0.881641 0.393056 0.013281 0.038889
1 0.925391 0.598611 0.016406 0.086111
1 0.953516 0.570833 0.021094 0.113889
1 0.048438 0.472917 0.012500 0.034722
1 0.478125 0.402778 0.012500 0.069444
1 0.932813 0.697222 0.025000 0.138889
1 0.106250 0.460417 0.015625 0.059722
1 0.973828 0.698611 0.022656 0.130556
1 0.074219 0.472917 0.017188 0.068056
1 0.893750 0.454167 0.015625 0.088889
1 0.830078 0.521528 0.013281 0.090278
1 0.871094 0.568056 0.018750 0.113889
1 0.437500 0.427083 0.014063 0.068056
1 0.787500 0.400694 0.015625 0.070833
1 0.855469 0.528472 0.048438 0.090278
1 0.144922 0.446528 0.014844 0.062500
1 0.973047 0.605556 0.016406 0.091667
3 0.698047 0.698611 0.575781 0.600000
3 0.249609 0.606944 0.302344 0.613889
3 0.639453 0.677778 0.714844 0.641667
4 0.350391 0.847222 0.132031 0.302778
4 0.926562 0.797222 0.145313 0.391667
5 0.350781 0.847917 0.131250 0.301389
5 0.926562 0.797222 0.145313 0.391667
