0 0.432292 0.486806 0.012500 0.015278
0 0.026562 0.417361 0.015625 0.009722
0 0.602604 0.408333 0.015625 0.016667
0 0.656250 0.384722 0.014583 0.016667
0 0.564063 0.422917 0.015625 0.015278
0 0.580729 0.421528 0.011458 0.015278
0 0.316146 0.447917 0.019792 0.015278
0 0.409375 0.476389 0.027083 0.022222
0 0.678125 0.361806 0.014583 0.009722
0 0.245833 0.411111 0.010417 0.008333
0 0.666146 0.425000 0.015625 0.016667
0 0.003125 0.427083 0.006250 0.009722
0 0.690625 0.739583 0.062500 0.048611
0 0.353125 0.461806 0.025000 0.020833
0 0.374479 0.470833 0.026042 0.022222
0 0.344792 0.443750 0.029167 0.020833
0 0.459896 0.413194 0.021875 0.018056
0 0.294792 0.427778 0.016667 0.011111
0 0.405208 0.456944 0.047917 0.052778
0 0.266667 0.415278 0.012500 0.011111
0 0.377604 0.460417 0.032292 0.023611
0 0.954167 0.865278 0.062500 0.050000
0 0.622396 0.397222 0.017708 0.016667
0 0.568229 0.487500 0.026042 0.019444
0 0.445312 0.477083 0.013542 0.015278
0 0.721875 0.716667 0.062500 0.047222
0 0.553125 0.536806 0.068750 0.068056
0 0.345833 0.475694 0.022917 0.020833
0 0.328646 0.430556 0.015625 0.011111
0 0.400521 0.485417 0.028125 0.023611
0 0.319792 0.465278 0.018750 0.016667
0 0.662500 0.404861 0.012500 0.015278
0 0.682292 0.403472 0.012500 0.012500
0 0.380208 0.495139 0.027083 0.020833
1 0.410417 0.760417 0.010417 0.026389
3 0.708854 0.486806 0.069792 0.073611
4 0.515104 0.597917 0.011458 0.215278
4 0.584375 0.598611 0.027083 0.016667
4 0.762500 0.806944 0.233333 0.130556
4 0.477604 0.627083 0.009375 0.006944
4 0.509375 0.606250 0.008333 0.006944
4 0.494271 0.615972 0.009375 0.006944
4 0.784896 0.659722 0.021875 0.011111
4 0.460417 0.639583 0.010417 0.009722
4 0.560937 0.609028 0.028125 0.026389
4 0.606250 0.643056 0.022917 0.013889
4 0.352604 0.763194 0.059375 0.037500
4 0.432812 0.608333 0.178125 0.208333
4 0.722396 0.631944 0.019792 0.011111
4 0.422917 0.538194 0.158333 0.090278
4 0.792188 0.638194 0.023958 0.012500
4 0.596354 0.618056 0.153125 0.186111
4 0.402604 0.677083 0.013542 0.009722
4 0.525000 0.595139 0.008333 0.006944
4 0.591146 0.518750 0.161458 0.062500
4 0.615104 0.553472 0.094792 0.015278
4 0.733854 0.613194 0.019792 0.009722
4 0.429688 0.572917 0.157292 0.018056
5 0.515104 0.597917 0.011458 0.215278
5 0.584375 0.598611 0.027083 0.016667
5 0.762500 0.806944 0.233333 0.130556
5 0.477604 0.627083 0.009375 0.006944
5 0.509375 0.606250 0.008333 0.006944
5 0.494271 0.615972 0.009375 0.006944
5 0.784896 0.659722 0.021875 0.011111
5 0.460417 0.639583 0.010417 0.009722
5 0.560937 0.609028 0.028125 0.026389
5 0.606250 0.643056 0.022917 0.013889
5 0.352604 0.763194 0.059375 0.037500
5 0.432812 0.608333 0.178125 0.208333
5 0.722396 0.631944 0.019792 0.011111
5 0.422917 0.538194 0.158333 0.090278
5 0.792188 0.638194 0.023958 0.012500
5 0.596354 0.618056 0.153125 0.186111
5 0.402604 0.677083 0.013542 0.009722
5 0.525000 0.595139 0.008333 0.006944
5 0.591146 0.518750 0.161458 0.062500
5 0.615104 0.553472 0.094792 0.015278
5 0.733854 0.613194 0.019792 0.009722
5 0.429688 0.572917 0.157292 0.018056
