0 0.656771 0.383333 0.015625 0.013889
0 0.685417 0.480556 0.016667 0.022222
0 0.581250 0.420139 0.010417 0.015278
0 0.697396 0.495139 0.026042 0.043056
0 0.622917 0.395833 0.016667 0.016667
0 0.665104 0.497222 0.023958 0.025000
0 0.461979 0.413194 0.017708 0.018056
0 0.563542 0.422917 0.014583 0.018056
0 0.413021 0.513889 0.034375 0.025000
0 0.603125 0.408333 0.014583 0.016667
0 0.662500 0.404861 0.012500 0.012500
0 0.679167 0.360417 0.014583 0.009722
0 0.361979 0.694444 0.042708 0.052778
0 0.681771 0.402083 0.013542 0.012500
3 0.782813 0.772917 0.428125 0.268056
4 0.505729 0.561806 0.311458 0.037500
4 0.517188 0.599306 0.015625 0.218056
4 0.784896 0.659722 0.021875 0.011111
4 0.432812 0.646528 0.178125 0.131944
4 0.722396 0.631944 0.021875 0.011111
4 0.793229 0.638889 0.023958 0.011111
4 0.595833 0.607639 0.154167 0.206944
4 0.733333 0.613194 0.020833 0.009722
5 0.515104 0.598611 0.011458 0.216667
5 0.584375 0.597917 0.027083 0.015278
5 0.505729 0.561806 0.311458 0.037500
5 0.806771 0.827778 0.326042 0.172222
5 0.477083 0.627083 0.008333 0.006944
5 0.494271 0.615972 0.009375 0.006944
5 0.784896 0.659028 0.021875 0.009722
5 0.560937 0.608333 0.028125 0.027778
5 0.605729 0.643056 0.021875 0.013889
5 0.354687 0.761806 0.055208 0.034722
5 0.432292 0.646528 0.177083 0.131944
5 0.460417 0.639583 0.010417 0.009722
5 0.722396 0.631944 0.021875 0.011111
5 0.422917 0.538194 0.158333 0.090278
5 0.793229 0.638889 0.023958 0.011111
5 0.596354 0.607639 0.153125 0.206944
5 0.451562 0.536111 0.015625 0.019444
5 0.591667 0.518750 0.160417 0.062500
5 0.733333 0.613194 0.020833 0.009722
