0 0.656250 0.384722 0.016667 0.016667
0 0.419792 0.691667 0.068750 0.041667
0 0.581250 0.419444 0.010417 0.016667
0 0.697396 0.495139 0.026042 0.043056
0 0.622396 0.397917 0.017708 0.018056
0 0.460417 0.413194 0.020833 0.018056
0 0.564063 0.422917 0.013542 0.018056
0 0.602604 0.406944 0.013542 0.016667
0 0.685417 0.480556 0.018750 0.019444
0 0.277604 0.466667 0.019792 0.013889
0 0.631771 0.714583 0.065625 0.045833
0 0.665104 0.496528 0.023958 0.026389
0 0.661979 0.404861 0.013542 0.015278
0 0.683333 0.402778 0.010417 0.011111
1 0.339583 0.575000 0.006250 0.013889
3 0.784375 0.778472 0.429167 0.259722
4 0.515104 0.597917 0.011458 0.215278
4 0.784896 0.659722 0.021875 0.011111
4 0.721875 0.631250 0.020833 0.009722
4 0.595833 0.609722 0.154167 0.202778
5 0.515104 0.597917 0.011458 0.215278
5 0.584375 0.597917 0.027083 0.015278
5 0.525000 0.595139 0.008333 0.006944
5 0.807292 0.828472 0.329167 0.176389
5 0.477604 0.627083 0.009375 0.006944
5 0.451042 0.536111 0.016667 0.019444
5 0.509375 0.606250 0.008333 0.006944
5 0.429167 0.543056 0.012500 0.013889
5 0.494271 0.615972 0.009375 0.006944
5 0.784896 0.659722 0.021875 0.011111
5 0.459896 0.639583 0.009375 0.009722
5 0.560937 0.609028 0.028125 0.026389
5 0.605729 0.643056 0.021875 0.013889
5 0.432812 0.646528 0.176042 0.131944
5 0.721875 0.631250 0.020833 0.009722
5 0.506250 0.560417 0.310417 0.043056
5 0.425000 0.536111 0.154167 0.088889
5 0.792708 0.638889 0.022917 0.011111
5 0.595833 0.609722 0.154167 0.202778
5 0.591667 0.518750 0.160417 0.062500
5 0.732812 0.613194 0.019792 0.009722
5 0.355208 0.761806 0.056250 0.034722
