0 0.289844 0.150000 0.026562 0.061111
0 0.280859 0.495139 0.075781 0.151389
0 0.295312 0.056944 0.026562 0.063889
0 0.241016 0.156944 0.028906 0.055556
0 0.550781 0.843750 0.095312 0.273611
0 0.303906 0.024306 0.014063 0.023611
0 0.344531 0.015972 0.014063 0.023611
3 0.800781 0.727778 0.392188 0.541667
3 0.194922 0.518750 0.389844 0.959722
3 0.446875 0.509722 0.218750 0.955556
3 0.658984 0.506944 0.574219 0.927778
4 0.552344 0.426389 0.035937 0.047222
4 0.256641 0.532639 0.088281 0.301389
4 0.688672 0.575000 0.069531 0.133333
4 0.774609 0.486806 0.072656 0.087500
4 0.904687 0.392361 0.057813 0.068056
4 0.764844 0.710417 0.360938 0.576389
4 0.813281 0.456250 0.070312 0.081944
4 0.618359 0.703472 0.102344 0.084722
4 0.854297 0.427778 0.061719 0.072222
4 0.564453 0.473611 0.038281 0.063889
4 0.557031 0.467361 0.037500 0.076389
4 0.610547 0.797222 0.057031 0.061111
4 0.667969 0.701389 0.039062 0.161111
4 0.134766 0.916667 0.046094 0.136111
4 0.785547 0.478472 0.089844 0.104167
4 0.754687 0.504861 0.076563 0.093056
4 0.298438 0.391667 0.009375 0.030556
4 0.712109 0.547917 0.074219 0.115278
4 0.313281 0.319444 0.006250 0.022222
4 0.887500 0.402778 0.059375 0.072222
4 0.610547 0.839583 0.032031 0.048611
4 0.831641 0.441667 0.067969 0.077778
4 0.540234 0.381250 0.032031 0.037500
4 0.614844 0.750000 0.079687 0.069444
4 0.603125 0.631250 0.085938 0.070833
4 0.582812 0.509028 0.062500 0.068056
4 0.735156 0.524306 0.076563 0.098611
4 0.869141 0.413889 0.061719 0.077778
4 0.675000 0.626389 0.062500 0.161111
5 0.744531 0.622917 0.404687 0.565278
7 0.659766 0.505556 0.577344 0.919444
