0 0.362760 0.374074 0.022396 0.027778
0 0.197917 0.296759 0.015625 0.015741
0 0.375000 0.336574 0.014583 0.019444
0 0.165104 0.218056 0.011458 0.013889
0 0.184896 0.212500 0.011458 0.012037
0 0.591927 0.550926 0.041146 0.042593
0 0.376823 0.360185 0.019271 0.031481
0 0.701042 0.543519 0.047917 0.051852
0 0.261458 0.268519 0.012500 0.016667
0 0.326823 0.488426 0.032813 0.045370
0 0.450521 0.385648 0.021875 0.026852
0 0.139323 0.265278 0.011979 0.021296
0 0.275781 0.280093 0.015104 0.023148
0 0.181771 0.362963 0.019792 0.027778
0 0.213802 0.202778 0.009896 0.014815
0 0.162760 0.268981 0.014063 0.015741
0 0.413021 0.379167 0.026042 0.032407
0 0.300260 0.282407 0.016146 0.020370
0 0.164323 0.250463 0.013021 0.017593
0 0.165625 0.335185 0.018750 0.029630
0 0.236719 0.241667 0.009896 0.022222
0 0.140104 0.252315 0.012500 0.015741
0 0.704167 0.635185 0.056250 0.061111
0 0.419531 0.416667 0.026562 0.031481
0 0.467969 0.457407 0.030729 0.037037
0 0.141146 0.815741 0.078125 0.112963
0 0.211458 0.456019 0.023958 0.036111
0 0.276823 0.305556 0.016146 0.018519
0 0.280990 0.443519 0.028646 0.037037
0 0.225781 0.345833 0.040104 0.078704
0 0.640625 0.935648 0.077083 0.110185
0 0.413802 0.354167 0.021354 0.023148
0 0.347917 0.320833 0.012500 0.023148
0 0.243750 0.272685 0.012500 0.021296
0 0.273177 0.248611 0.010937 0.021296
0 0.280729 0.269444 0.012500 0.018519
0 0.332292 0.310185 0.018750 0.022222
0 0.195052 0.319444 0.020313 0.033333
0 0.166406 0.285648 0.014063 0.023148
0 0.141146 0.242130 0.013542 0.021296
0 0.269792 0.205556 0.013542 0.020370
0 0.498437 0.416204 0.085417 0.104630
0 0.333594 0.329167 0.019271 0.023148
0 0.515885 0.493981 0.035937 0.037963
0 0.359115 0.344444 0.020313 0.029630
0 0.237240 0.231019 0.010937 0.015741
0 0.030729 0.116667 0.056250 0.046296
0 0.155729 0.232407 0.010417 0.018519
0 0.191927 0.698148 0.047396 0.074074
0 0.253646 0.234722 0.011458 0.021296
0 0.648958 0.551389 0.044792 0.050926
0 0.274479 0.227315 0.013542 0.028704
3 0.620313 0.592130 0.758333 0.689815
3 0.138542 0.625926 0.215625 0.740741
3 0.544271 0.645370 0.685417 0.700000
4 0.154427 0.589815 0.059896 0.342593
4 0.442448 0.618056 0.009896 0.013889
4 0.877344 0.763426 0.029687 0.025000
4 0.048698 0.906481 0.097396 0.150000
4 0.955469 0.760185 0.043229 0.031481
4 0.406771 0.574074 0.010417 0.014815
4 0.405990 0.655556 0.013021 0.018519
4 0.226823 0.701852 0.055729 0.400000
4 0.720833 0.962963 0.040625 0.051852
4 0.370052 0.883796 0.096354 0.226852
4 0.488542 0.672222 0.010417 0.012963
4 0.450000 0.720370 0.012500 0.020370
4 0.382292 0.750463 0.271875 0.497222
4 0.774219 0.683796 0.025521 0.021296
5 0.442708 0.618056 0.009375 0.013889
5 0.382292 0.750463 0.271875 0.497222
5 0.877344 0.763426 0.029687 0.025000
5 0.048438 0.906019 0.096875 0.149074
5 0.339323 0.561574 0.008854 0.013889
5 0.294010 0.496759 0.005729 0.010185
5 0.955208 0.760185 0.040625 0.029630
5 0.406771 0.574074 0.009375 0.014815
5 0.370052 0.606944 0.007812 0.012037
5 0.405990 0.655556 0.013021 0.018519
5 0.226823 0.701389 0.055729 0.399074
5 0.719792 0.961574 0.037500 0.049074
5 0.370312 0.883333 0.094792 0.225926
5 0.154427 0.589815 0.058854 0.342593
5 0.488281 0.672222 0.009896 0.012963
5 0.376563 0.535648 0.008333 0.012037
5 0.450000 0.719907 0.012500 0.019444
5 0.648958 0.681481 0.006250 0.031481
5 0.774479 0.683796 0.025000 0.021296
