0 0.524219 0.638889 0.048438 0.041667
0 0.237109 0.492361 0.077344 0.068056
0 0.572266 0.361111 0.036719 0.066667
0 0.425781 0.718056 0.065625 0.072222
0 0.135156 0.547917 0.054688 0.062500
0 0.503516 0.429861 0.032031 0.043056
0 0.680859 0.690972 0.071094 0.109722
0 0.541406 0.400000 0.029687 0.044444
0 0.689063 0.392361 0.039062 0.065278
0 0.598828 0.359028 0.016406 0.040278
0 0.516406 0.479167 0.040625 0.058333
0 0.282422 0.647222 0.058594 0.063889
0 0.275391 0.385417 0.028906 0.034722
0 0.592969 0.422917 0.031250 0.054167
0 0.082422 0.658333 0.080469 0.063889
0 0.093359 0.706250 0.075781 0.095833
0 0.284766 0.413194 0.032031 0.040278
0 0.430859 0.609722 0.058594 0.058333
0 0.805859 0.918750 0.127344 0.159722
0 0.636719 0.508333 0.035937 0.033333
0 0.562891 0.484722 0.047656 0.091667
0 0.526172 0.361806 0.027344 0.043056
0 0.230859 0.439583 0.024219 0.051389
0 0.489844 0.452083 0.026562 0.040278
0 0.045312 0.881250 0.090625 0.226389
0 0.225391 0.516667 0.049219 0.038889
0 0.417969 0.588889 0.053125 0.091667
0 0.854688 0.797917 0.034375 0.093056
0 0.637109 0.304861 0.036719 0.034722
0 0.499609 0.584722 0.058594 0.116667
0 0.713672 0.647222 0.017969 0.063889
0 0.187891 0.650694 0.060156 0.037500
0 0.238672 0.618056 0.094531 0.055556
0 0.061719 0.904167 0.123438 0.183333
0 0.464453 0.411111 0.025781 0.069444
0 0.439453 0.474306 0.035156 0.059722
0 0.443359 0.538194 0.052344 0.073611
0 0.430859 0.672917 0.074219 0.101389
0 0.510938 0.329167 0.025000 0.058333
0 0.147656 0.708333 0.068750 0.077778
0 0.692578 0.834028 0.069531 0.170833
0 0.151562 0.615278 0.068750 0.050000
0 0.170703 0.589583 0.064844 0.056944
0 0.548828 0.352778 0.014844 0.047222
0 0.260937 0.583333 0.078125 0.038889
0 0.127734 0.659028 0.130469 0.081944
0 0.541797 0.430556 0.025781 0.052778
0 0.637500 0.557639 0.057813 0.073611
0 0.319141 0.908333 0.083594 0.172222
0 0.818359 0.857639 0.038281 0.081944
0 0.271094 0.446528 0.045312 0.054167
0 0.356250 0.784028 0.078125 0.076389
0 0.030859 0.725694 0.061719 0.118056
0 0.637500 0.413194 0.064062 0.137500
0 0.827734 0.950000 0.132031 0.097222
0 0.581250 0.541667 0.050000 0.102778
0 0.673828 0.559028 0.022656 0.079167
0 0.506641 0.543056 0.046094 0.066667
0 0.037891 0.972917 0.075781 0.051389
0 0.514844 0.626389 0.065625 0.080556
0 0.446875 0.419444 0.032813 0.063889
0 0.830469 0.572222 0.117188 0.102778
0 0.567969 0.570833 0.057813 0.119444
0 0.631641 0.648611 0.047656 0.111111
0 0.475391 0.489583 0.038281 0.081944
0 0.304688 0.385417 0.021875 0.040278
0 0.560547 0.425694 0.032031 0.034722
0 0.482031 0.827778 0.240625 0.341667
0 0.505469 0.390278 0.031250 0.041667
0 0.655078 0.607639 0.039844 0.065278
0 0.113281 0.760417 0.092188 0.106944
0 0.638672 0.479167 0.042969 0.058333
0 0.574219 0.497917 0.046875 0.034722
0 0.629297 0.877778 0.036719 0.108333
0 0.601953 0.324306 0.036719 0.045833
0 0.270703 0.555556 0.132031 0.069444
0 0.470313 0.383333 0.031250 0.038889
0 0.537109 0.306250 0.022656 0.023611
0 0.142578 0.820833 0.082031 0.125000
0 0.241406 0.485417 0.071875 0.054167
0 0.656641 0.759722 0.057031 0.141667
1 0.844531 0.622917 0.017188 0.068056
1 0.751563 0.499306 0.014063 0.073611
1 0.858984 0.601389 0.016406 0.097222
1 0.966797 0.760417 0.022656 0.143056
1 0.953906 0.797222 0.031250 0.144444
1 0.982812 0.779861 0.023438 0.143056
1 0.783203 0.702083 0.022656 0.129167
1 0.878125 0.878472 0.034375 0.148611
1 0.853516 0.894444 0.013281 0.027778
1 0.804688 0.689583 0.020313 0.112500
1 0.884766 0.627083 0.014844 0.143056
1 0.993359 0.786806 0.011719 0.109722
1 0.787500 0.504861 0.014063 0.073611
1 0.791797 0.613194 0.019531 0.070833
1 0.900000 0.764583 0.017188 0.131944
1 0.759766 0.477083 0.011719 0.068056
1 0.800000 0.525000 0.015625 0.047222
1 0.893750 0.659722 0.021875 0.125000
3 0.639844 0.701389 0.570312 0.594444
3 0.206250 0.480556 0.293750 0.177778
3 0.212109 0.693750 0.307031 0.604167
4 0.370703 0.627083 0.038281 0.015278
4 0.378906 0.647222 0.042188 0.011111
4 0.871484 0.871528 0.119531 0.254167
4 0.375781 0.727778 0.018750 0.033333
4 0.735938 0.596528 0.040625 0.090278
5 0.370312 0.627083 0.037500 0.015278
5 0.378516 0.647222 0.041406 0.011111
5 0.375781 0.728472 0.017188 0.031944
5 0.736328 0.597917 0.039844 0.087500
