0 0.686719 0.308333 0.021875 0.075000
0 0.419922 0.470833 0.050781 0.063889
0 0.600781 0.168056 0.043750 0.063889
0 0.542188 0.262500 0.043750 0.044444
0 0.039844 0.484028 0.079687 0.084722
0 0.515625 0.214583 0.023438 0.045833
0 0.636328 0.196528 0.025781 0.045833
0 0.298828 0.200000 0.021094 0.036111
0 0.228906 0.493750 0.056250 0.043056
0 0.804297 0.825694 0.047656 0.106944
0 0.614844 0.243750 0.039062 0.062500
0 0.824219 0.612500 0.057813 0.113889
0 0.453125 0.348611 0.023438 0.075000
0 0.401172 0.853472 0.199219 0.290278
0 0.151172 0.430556 0.097656 0.066667
0 0.210938 0.465278 0.123438 0.038889
0 0.700781 0.658333 0.037500 0.130556
0 0.455859 0.440972 0.039844 0.104167
0 0.769141 0.949306 0.049219 0.079167
0 0.464453 0.212500 0.021094 0.061111
0 0.533203 0.344444 0.067969 0.136111
0 0.498437 0.176389 0.023438 0.030556
0 0.610938 0.132639 0.032813 0.043056
0 0.576172 0.325000 0.024219 0.041667
0 0.394141 0.450694 0.057031 0.073611
0 0.039844 0.628472 0.079687 0.095833
0 0.281641 0.457639 0.071094 0.043056
0 0.724609 0.839583 0.124219 0.204167
0 0.454688 0.261806 0.017188 0.051389
0 0.352344 0.681250 0.101562 0.115278
0 0.488672 0.490972 0.066406 0.145833
0 0.733594 0.500000 0.023438 0.075000
0 0.619141 0.681944 0.113281 0.230556
0 0.434375 0.265972 0.034375 0.056944
0 0.415625 0.390972 0.062500 0.081944
0 0.272656 0.261111 0.037500 0.047222
0 0.547266 0.163889 0.035156 0.058333
0 0.151562 0.402083 0.128125 0.090278
0 0.096875 0.565278 0.095312 0.097222
0 0.718750 0.973611 0.050000 0.050000
0 0.501953 0.245139 0.033594 0.062500
0 0.039844 0.567361 0.079687 0.148611
0 0.546484 0.082639 0.024219 0.093056
0 0.167578 0.443750 0.064844 0.043056
0 0.519922 0.179167 0.024219 0.058333
0 0.584766 0.127083 0.021094 0.034722
0 0.414062 0.319444 0.071875 0.144444
0 0.486328 0.289583 0.035156 0.051389
0 0.480859 0.229861 0.025781 0.045833
0 0.367578 0.554167 0.046094 0.130556
0 0.108984 0.481250 0.074219 0.068056
0 0.041406 0.755556 0.082812 0.205556
0 0.506641 0.427778 0.038281 0.027778
0 0.513281 0.097917 0.021875 0.029167
0 0.645703 0.303472 0.039844 0.062500
0 0.492578 0.349306 0.019531 0.120833
0 0.460156 0.195833 0.037500 0.075000
0 0.583594 0.282639 0.034375 0.048611
0 0.488672 0.197222 0.027344 0.027778
0 0.829688 0.436806 0.090625 0.095833
0 0.733594 0.704167 0.032813 0.063889
0 0.561328 0.531250 0.157031 0.298611
0 0.811719 0.986111 0.117188 0.025000
0 0.132812 0.511806 0.073438 0.068056
0 0.486328 0.319444 0.032031 0.072222
0 0.451562 0.223611 0.028125 0.044444
0 0.425000 0.570139 0.090625 0.131944
0 0.542578 0.206944 0.022656 0.025000
0 0.608594 0.429861 0.084375 0.226389
0 0.535937 0.231250 0.029687 0.029167
0 0.133203 0.629861 0.107031 0.123611
0 0.577734 0.254861 0.032031 0.048611
0 0.657031 0.238194 0.043750 0.045833
0 0.592578 0.300694 0.039844 0.031944
0 0.464844 0.677083 0.067187 0.109722
0 0.284766 0.832639 0.086719 0.226389
1 0.766797 0.355556 0.017969 0.119444
1 0.778906 0.404167 0.015625 0.077778
1 0.885547 0.596528 0.019531 0.129167
1 0.953125 0.695139 0.031250 0.159722
1 0.021875 0.365972 0.015625 0.068056
1 0.964844 0.593750 0.025000 0.095833
1 0.785937 0.327778 0.017188 0.069444
1 0.937109 0.586111 0.025781 0.130556
1 0.785937 0.605556 0.025000 0.141667
1 0.366016 0.338194 0.011719 0.070833
1 0.174219 0.227778 0.010937 0.047222
1 0.888281 0.509722 0.018750 0.094444
1 0.860938 0.528472 0.025000 0.115278
1 0.863281 0.446528 0.021875 0.076389
1 0.977344 0.672222 0.026562 0.155556
1 0.798047 0.381250 0.016406 0.093056
1 0.780469 0.536806 0.023438 0.115278
1 0.948828 0.559028 0.019531 0.104167
1 0.855859 0.693750 0.025781 0.129167
1 0.872656 0.572222 0.020313 0.127778
1 0.844141 0.468750 0.017969 0.101389
1 0.989453 0.627083 0.019531 0.120833
3 0.187109 0.575000 0.374219 0.700000
3 0.182812 0.331250 0.331250 0.215278
3 0.559766 0.628472 0.813281 0.740278
4 0.251953 0.791667 0.186719 0.413889
5 0.251953 0.791667 0.186719 0.413889
5 0.224219 0.330556 0.007812 0.008333
5 0.201953 0.351389 0.008594 0.008333
