0 0.655729 0.384028 0.015625 0.015278
0 0.581250 0.421528 0.012500 0.015278
0 0.787500 0.666667 0.056250 0.044444
0 0.462500 0.500694 0.029167 0.020833
0 0.678125 0.361806 0.014583 0.009722
0 0.855729 0.641667 0.051042 0.027778
0 0.410417 0.513889 0.027083 0.025000
0 0.542708 0.533333 0.037500 0.027778
0 0.515625 0.540278 0.037500 0.033333
0 0.373437 0.489583 0.026042 0.023611
0 0.564583 0.422917 0.014583 0.018056
0 0.602083 0.409028 0.016667 0.015278
0 0.648438 0.554861 0.036458 0.023611
0 0.371875 0.449306 0.022917 0.015278
0 0.344792 0.476389 0.025000 0.019444
0 0.297917 0.478472 0.020833 0.018056
0 0.797396 0.340972 0.009375 0.009722
0 0.458333 0.412500 0.022917 0.019444
0 0.655208 0.635417 0.016667 0.020833
0 0.671354 0.584028 0.048958 0.043056
0 0.622396 0.397222 0.017708 0.016667
0 0.662500 0.405556 0.012500 0.016667
3 0.767188 0.619444 0.163542 0.150000
3 0.318229 0.503472 0.128125 0.101389
3 0.708854 0.486806 0.071875 0.073611
4 0.515104 0.597222 0.011458 0.213889
4 0.429688 0.572917 0.155208 0.018056
4 0.433854 0.638194 0.178125 0.148611
4 0.581771 0.614583 0.126042 0.193056
4 0.591667 0.520833 0.160417 0.066667
4 0.722396 0.631944 0.019792 0.011111
5 0.771875 0.597222 0.112500 0.075000
5 0.515104 0.597222 0.011458 0.213889
5 0.292708 0.521528 0.081250 0.076389
5 0.597396 0.557639 0.148958 0.018056
5 0.806771 0.829167 0.328125 0.172222
5 0.790625 0.636806 0.018750 0.009722
5 0.477083 0.627778 0.008333 0.008333
5 0.429167 0.572917 0.156250 0.018056
5 0.494271 0.615972 0.009375 0.006944
5 0.460417 0.639583 0.010417 0.009722
5 0.560937 0.609028 0.028125 0.029167
5 0.433333 0.613889 0.177083 0.197222
5 0.624479 0.621528 0.019792 0.012500
5 0.417187 0.540972 0.146875 0.084722
5 0.582292 0.643750 0.127083 0.134722
5 0.592187 0.520833 0.161458 0.066667
5 0.732812 0.613194 0.019792 0.009722
5 0.584375 0.598611 0.027083 0.016667
5 0.351562 0.763889 0.063542 0.038889
5 0.722396 0.631944 0.019792 0.011111
