0 0.237500 0.350000 0.015625 0.027778
0 0.596094 0.445833 0.023438 0.030556
0 0.180469 0.330556 0.023438 0.050000
0 0.177344 0.270833 0.010937 0.013889
0 0.460938 0.400000 0.025000 0.033333
0 0.786719 0.755556 0.051562 0.066667
0 0.758594 0.526389 0.070312 0.063889
0 0.286719 0.287500 0.010937 0.013889
0 0.307031 0.362500 0.017188 0.030556
0 0.198437 0.448611 0.021875 0.025000
0 0.260937 0.261111 0.009375 0.011111
0 0.388281 0.488889 0.045312 0.100000
0 0.238281 0.333333 0.014063 0.016667
0 0.542188 0.450000 0.021875 0.027778
0 0.386719 0.320833 0.010937 0.019444
0 0.195312 0.268056 0.012500 0.013889
0 0.250781 0.333333 0.014063 0.022222
0 0.214062 0.265278 0.009375 0.013889
0 0.966406 0.580556 0.064062 0.100000
0 0.325781 0.486111 0.023438 0.038889
0 0.518750 0.711111 0.037500 0.061111
0 0.575000 0.697222 0.037500 0.050000
0 0.130469 0.495833 0.026562 0.036111
0 0.312500 0.301389 0.012500 0.013889
0 0.348438 0.402778 0.021875 0.033333
0 0.239844 0.316667 0.014063 0.016667
0 0.330469 0.419444 0.035937 0.066667
0 0.369531 0.313889 0.014063 0.022222
0 0.272656 0.404167 0.017188 0.030556
0 0.373437 0.333333 0.015625 0.022222
0 0.442969 0.363889 0.023438 0.038889
0 0.586719 0.501389 0.042188 0.052778
0 0.300000 0.298611 0.012500 0.013889
0 0.353906 0.320833 0.014063 0.019444
0 0.334375 0.305556 0.012500 0.022222
0 0.523438 0.494444 0.025000 0.027778
0 0.285156 0.270833 0.010937 0.019444
0 0.710938 0.619444 0.040625 0.061111
0 0.494531 0.602778 0.029687 0.044444
0 0.394531 0.354167 0.014063 0.019444
0 0.321094 0.297222 0.010937 0.016667
0 0.432031 0.650000 0.032813 0.055556
0 0.642969 0.784722 0.042188 0.052778
0 0.622656 0.506944 0.023438 0.030556
0 0.454688 0.373611 0.034375 0.041667
0 0.620313 0.462500 0.025000 0.030556
0 0.525781 0.395833 0.045312 0.052778
0 0.728125 0.505556 0.031250 0.055556
0 0.275000 0.365278 0.015625 0.025000
0 0.335156 0.286111 0.014063 0.016667
3 0.616406 0.622222 0.760938 0.733333
3 0.110156 0.437500 0.220312 0.358333
3 0.530469 0.637500 0.648438 0.713889
4 0.687500 0.922222 0.012500 0.016667
4 0.403906 0.686111 0.339062 0.622222
4 0.609375 0.915278 0.012500 0.019444
4 0.727344 0.979167 0.014063 0.019444
4 0.626563 0.548611 0.743750 0.541667
4 0.642969 0.969444 0.014063 0.022222
5 0.579688 0.866667 0.012500 0.022222
5 0.151562 0.419444 0.028125 0.105556
5 0.596094 0.790278 0.007812 0.008333
5 0.687500 0.922222 0.012500 0.016667
5 0.553125 0.822222 0.009375 0.016667
5 0.986719 0.865278 0.020313 0.019444
5 0.934375 0.820833 0.018750 0.013889
5 0.609375 0.915278 0.012500 0.019444
5 0.405469 0.690278 0.335938 0.613889
5 0.727344 0.977778 0.014063 0.016667
5 0.960938 0.911111 0.015625 0.016667
5 0.892188 0.783333 0.012500 0.011111
5 0.624219 0.544444 0.748437 0.550000
5 0.652344 0.870833 0.010937 0.013889
5 0.178906 0.034722 0.014063 0.036111
5 0.642969 0.969444 0.014063 0.022222
