0 0.732292 0.680556 0.170833 0.125926
0 0.009896 0.578241 0.019792 0.078704
0 0.671615 0.837037 0.135937 0.181481
0 0.394010 0.366204 0.083854 0.176852
0 0.574219 0.700926 0.157812 0.135185
3 0.220573 0.697685 0.410938 0.558333
3 0.845573 0.306944 0.307812 0.571296
3 0.764844 0.499074 0.464062 0.990741
3 0.061458 0.621296 0.122917 0.385185
3 0.222135 0.497685 0.409896 0.986111
3 0.567969 0.500000 0.379688 0.990741
4 0.859375 0.349074 0.280208 0.514815
4 0.892708 0.615741 0.011458 0.014815
4 0.854167 0.861574 0.132292 0.275000
4 0.861198 0.579167 0.009896 0.013889
4 0.405208 0.475463 0.067708 0.950926
4 0.954427 0.699074 0.011979 0.016667
4 0.988542 0.749074 0.013542 0.016667
4 0.971615 0.481019 0.032813 0.212037
4 0.754167 0.866204 0.057292 0.265741
4 0.833854 0.548611 0.010417 0.013889
5 0.720833 0.329167 0.007292 0.013889
5 0.854427 0.861574 0.131771 0.275000
5 0.420573 0.522685 0.016146 0.136111
5 0.404948 0.475000 0.067187 0.950000
5 0.954167 0.699074 0.011458 0.016667
5 0.391927 0.137963 0.040104 0.275926
5 0.231250 0.596759 0.173958 0.232407
5 0.859375 0.349537 0.280208 0.513889
5 0.988281 0.749074 0.013021 0.016667
5 0.969792 0.478241 0.029167 0.206481
5 0.754167 0.866204 0.057292 0.265741
