0 0.323047 0.429167 0.060156 0.138889
0 0.239844 0.156944 0.029687 0.055556
0 0.439844 0.252778 0.039062 0.066667
0 0.236328 0.404167 0.058594 0.105556
0 0.275391 0.311806 0.046094 0.087500
0 0.347656 0.294444 0.043750 0.100000
0 0.780078 0.925000 0.114844 0.147222
0 0.317188 0.027083 0.026562 0.054167
0 0.485156 0.618056 0.071875 0.186111
0 0.143750 0.620139 0.107813 0.206944
0 0.349609 0.078472 0.017969 0.031944
0 0.354297 0.035417 0.017969 0.031944
0 0.343359 0.166667 0.028906 0.050000
0 0.470703 0.322917 0.075781 0.154167
0 0.336719 0.136111 0.025000 0.041667
0 0.285938 0.200694 0.032813 0.068056
0 0.039844 0.935417 0.079687 0.126389
0 0.486719 0.458333 0.067187 0.161111
0 0.347266 0.211806 0.033594 0.062500
0 0.396484 0.152083 0.028906 0.045833
0 0.379688 0.118750 0.025000 0.040278
0 0.413281 0.190972 0.029687 0.048611
0 0.244141 0.880556 0.125781 0.236111
0 0.341797 0.017361 0.016406 0.023611
3 0.799609 0.726389 0.394531 0.538889
3 0.491797 0.642361 0.161719 0.704167
3 0.198047 0.508333 0.386719 0.980556
3 0.656250 0.500000 0.573438 0.955556
3 0.450391 0.513889 0.246094 0.958333
3 0.451953 0.515972 0.244531 0.954167
4 0.869141 0.415278 0.061719 0.077778
4 0.298047 0.391667 0.010156 0.030556
4 0.688672 0.575694 0.069531 0.134722
4 0.917578 0.350694 0.022656 0.023611
4 0.905078 0.388889 0.058594 0.077778
4 0.544922 0.404167 0.035156 0.044444
4 0.768359 0.710417 0.355469 0.576389
4 0.813281 0.456250 0.070312 0.081944
4 0.617578 0.705556 0.102344 0.086111
4 0.854297 0.428472 0.061719 0.070833
4 0.556641 0.455556 0.036719 0.044444
4 0.552344 0.426389 0.034375 0.044444
4 0.606641 0.797917 0.064844 0.059722
4 0.665625 0.702778 0.043750 0.163889
4 0.134375 0.915972 0.045312 0.131944
4 0.222656 0.649306 0.023438 0.068056
4 0.796094 0.478472 0.068750 0.101389
4 0.754687 0.505556 0.076563 0.091667
4 0.269531 0.495139 0.015625 0.045833
4 0.544922 0.376389 0.021094 0.027778
4 0.775000 0.486806 0.073438 0.087500
4 0.711719 0.549306 0.075000 0.115278
4 0.601953 0.840972 0.049219 0.048611
4 0.832422 0.441667 0.067969 0.077778
4 0.564063 0.482639 0.037500 0.045833
4 0.887500 0.404167 0.059375 0.072222
4 0.613281 0.750694 0.084375 0.068056
4 0.603125 0.632639 0.085938 0.070833
4 0.582422 0.508333 0.061719 0.066667
4 0.735156 0.525000 0.076563 0.100000
4 0.675781 0.628472 0.059375 0.162500
5 0.869141 0.414583 0.061719 0.076389
5 0.298047 0.391667 0.010156 0.030556
5 0.317188 0.264583 0.004687 0.018056
5 0.688672 0.575694 0.069531 0.134722
5 0.854297 0.428472 0.061719 0.070833
5 0.621875 0.501389 0.025000 0.025000
5 0.507812 0.285417 0.021875 0.026389
5 0.917578 0.350694 0.022656 0.023611
5 0.312109 0.138194 0.003906 0.009722
5 0.905078 0.388889 0.058594 0.077778
5 0.767969 0.711111 0.354687 0.575000
5 0.617578 0.706250 0.102344 0.087500
5 0.313281 0.161111 0.003125 0.011111
5 0.595313 0.893056 0.029687 0.063889
5 0.309766 0.108333 0.002344 0.022222
5 0.552344 0.426389 0.034375 0.044444
5 0.315625 0.189583 0.003125 0.012500
5 0.206250 0.255556 0.023438 0.069444
5 0.594141 0.530556 0.080469 0.080556
5 0.606641 0.797917 0.064844 0.059722
5 0.667188 0.666667 0.040625 0.091667
5 0.134375 0.915972 0.045312 0.131944
5 0.316016 0.223611 0.003906 0.016667
5 0.222656 0.649306 0.023438 0.068056
5 0.545312 0.404167 0.034375 0.044444
5 0.796094 0.478472 0.068750 0.101389
5 0.754297 0.505556 0.075781 0.091667
5 0.501563 0.248611 0.029687 0.044444
5 0.313672 0.320139 0.008594 0.023611
5 0.269531 0.495139 0.015625 0.045833
5 0.545312 0.375000 0.020313 0.027778
5 0.775000 0.487500 0.073438 0.088889
5 0.711328 0.548611 0.075781 0.113889
5 0.604688 0.558333 0.098437 0.086111
5 0.601953 0.840972 0.049219 0.048611
5 0.832422 0.441667 0.067969 0.077778
5 0.467187 0.527778 0.237500 0.941667
5 0.564063 0.482639 0.037500 0.045833
5 0.887500 0.404167 0.059375 0.072222
5 0.556641 0.454861 0.036719 0.043056
5 0.612891 0.750694 0.083594 0.068056
5 0.603125 0.632639 0.084375 0.070833
5 0.582422 0.509028 0.061719 0.065278
5 0.536328 0.358333 0.022656 0.027778
5 0.530469 0.347222 0.023438 0.038889
5 0.675781 0.628472 0.059375 0.162500
5 0.520312 0.309028 0.020313 0.023611
5 0.735156 0.524306 0.076563 0.098611
5 0.813281 0.456250 0.070312 0.081944
7 0.739062 0.654861 0.412500 0.629167
7 0.383594 0.212500 0.051562 0.141667
7 0.659375 0.513889 0.571875 0.930556
