0 0.294531 0.008333 0.009375 0.016667
0 0.241406 0.156944 0.029687 0.055556
0 0.058984 0.858333 0.117969 0.280556
0 0.319141 0.025000 0.014844 0.025000
0 0.330859 0.099306 0.021094 0.037500
0 0.270703 0.304861 0.044531 0.076389
0 0.484766 0.407639 0.052344 0.115278
0 0.290234 0.176389 0.030469 0.052778
0 0.341016 0.191667 0.032031 0.052778
0 0.342578 0.288889 0.030469 0.072222
0 0.493359 0.871528 0.110156 0.254167
0 0.383203 0.097917 0.022656 0.034722
0 0.432812 0.205556 0.034375 0.052778
3 0.801172 0.727083 0.392969 0.543056
3 0.224609 0.502083 0.328906 0.993056
3 0.657422 0.509722 0.577344 0.955556
3 0.453516 0.500694 0.241406 0.987500
4 0.224219 0.648611 0.023438 0.069444
4 0.688672 0.574306 0.069531 0.131944
4 0.832422 0.441667 0.067969 0.077778
4 0.904687 0.388889 0.057813 0.075000
4 0.546094 0.404167 0.034375 0.044444
4 0.854297 0.427778 0.061719 0.072222
4 0.298438 0.392361 0.009375 0.031944
4 0.557422 0.454861 0.039844 0.048611
4 0.552344 0.425694 0.035937 0.045833
4 0.774609 0.486806 0.072656 0.087500
4 0.607031 0.796528 0.064062 0.059722
4 0.667969 0.701389 0.039062 0.163889
4 0.271094 0.494444 0.015625 0.044444
4 0.754297 0.504861 0.075781 0.093056
4 0.618359 0.704167 0.103906 0.086111
4 0.712500 0.548611 0.073438 0.113889
4 0.135156 0.916667 0.046875 0.136111
4 0.601953 0.839583 0.049219 0.048611
4 0.812891 0.456250 0.069531 0.081944
4 0.564063 0.482639 0.039062 0.045833
4 0.887500 0.402778 0.059375 0.072222
4 0.540234 0.380556 0.032031 0.036111
4 0.614062 0.750000 0.082812 0.069444
4 0.603125 0.631944 0.085938 0.072222
4 0.582812 0.507639 0.062500 0.068056
4 0.735156 0.524306 0.076563 0.098611
4 0.876563 0.413889 0.076563 0.077778
4 0.796094 0.468750 0.068750 0.084722
4 0.675781 0.626389 0.060937 0.161111
5 0.732812 0.650000 0.428125 0.619444
7 0.740234 0.648611 0.413281 0.616667
7 0.662891 0.513889 0.569531 0.925000
