0 0.673438 0.468056 0.021875 0.030556
0 0.353125 0.468056 0.021875 0.041667
0 0.177344 0.288889 0.017188 0.033333
0 0.467969 0.409722 0.014063 0.019444
0 0.406250 0.326389 0.012500 0.013889
0 0.952344 0.937500 0.057813 0.097222
0 0.693750 0.490278 0.059375 0.075000
0 0.964844 0.793056 0.054688 0.069444
0 0.337500 0.400000 0.015625 0.022222
0 0.249219 0.300000 0.010937 0.022222
0 0.175781 0.376389 0.020313 0.025000
0 0.217188 0.320833 0.012500 0.019444
0 0.974219 0.843056 0.048438 0.091667
0 0.526563 0.709722 0.043750 0.080556
0 0.298438 0.444444 0.021875 0.038889
0 0.363281 0.440278 0.020313 0.036111
0 0.392969 0.465278 0.020313 0.036111
0 0.392969 0.355556 0.014063 0.022222
0 0.801562 0.556944 0.034375 0.041667
0 0.265625 0.318056 0.015625 0.025000
0 0.210156 0.345833 0.010937 0.025000
0 0.518750 0.462500 0.018750 0.030556
0 0.613281 0.491667 0.035937 0.050000
0 0.351562 0.309722 0.015625 0.025000
0 0.771875 0.638889 0.034375 0.038889
0 0.631250 0.530556 0.065625 0.094444
0 0.250781 0.369444 0.014063 0.022222
0 0.641406 0.533333 0.045312 0.088889
0 0.310937 0.302778 0.012500 0.016667
0 0.688281 0.952778 0.051562 0.083333
0 0.864844 0.579167 0.042188 0.041667
0 0.296094 0.380556 0.023438 0.044444
3 0.625781 0.626389 0.639062 0.708333
3 0.562500 0.673611 0.603125 0.636111
