0 0.312891 0.595139 0.075781 0.181944
0 0.240234 0.156250 0.028906 0.054167
0 0.327734 0.075000 0.019531 0.041667
0 0.332813 0.099306 0.021875 0.045833
0 0.356250 0.038889 0.017188 0.025000
0 0.878125 0.563889 0.107813 0.186111
0 0.293750 0.027083 0.014063 0.023611
0 0.347266 0.340972 0.046094 0.093056
0 0.141016 0.627778 0.111719 0.188889
0 0.289453 0.059028 0.017969 0.034722
0 0.273438 0.326389 0.048438 0.080556
0 0.287109 0.218056 0.033594 0.061111
0 0.292578 0.104861 0.021094 0.037500
0 0.452344 0.256944 0.067187 0.127778
0 0.321094 0.031250 0.017188 0.029167
0 0.487109 0.456944 0.067969 0.161111
0 0.339062 0.126389 0.023438 0.025000
0 0.341797 0.190278 0.038281 0.100000
0 0.485156 0.618056 0.071875 0.186111
0 0.340625 0.013889 0.014063 0.022222
0 0.161328 0.962500 0.138281 0.072222
0 0.325391 0.051389 0.017969 0.027778
0 0.316797 0.009028 0.011719 0.018056
1 0.308203 0.022917 0.005469 0.018056
1 0.295703 0.137500 0.008594 0.025000
3 0.802344 0.727083 0.393750 0.543056
3 0.196484 0.520833 0.392969 0.955556
3 0.659375 0.515972 0.573438 0.943056
3 0.455469 0.517361 0.234375 0.954167
4 0.222656 0.648611 0.023438 0.069444
4 0.689063 0.575000 0.070312 0.133333
4 0.795703 0.478472 0.067969 0.101389
4 0.545703 0.374306 0.021094 0.026389
4 0.536719 0.358333 0.023438 0.027778
4 0.917188 0.350694 0.023438 0.023611
4 0.767969 0.709722 0.356250 0.577778
4 0.617969 0.704861 0.103125 0.084722
4 0.853906 0.443056 0.060937 0.102778
4 0.595703 0.893056 0.030469 0.063889
4 0.754687 0.505556 0.075000 0.091667
4 0.298047 0.391667 0.010156 0.030556
4 0.775000 0.486806 0.073438 0.087500
4 0.582812 0.508333 0.062500 0.066667
4 0.604688 0.555556 0.096875 0.080556
4 0.607422 0.797222 0.064844 0.058333
4 0.667969 0.702083 0.039062 0.162500
4 0.142969 0.889583 0.029687 0.079167
4 0.528125 0.343056 0.028125 0.027778
4 0.556641 0.454861 0.036719 0.043056
4 0.316797 0.263889 0.003906 0.016667
4 0.269141 0.494444 0.014844 0.044444
4 0.552344 0.426389 0.034375 0.047222
4 0.812891 0.455556 0.069531 0.080556
4 0.712109 0.547917 0.074219 0.115278
4 0.312891 0.319444 0.005469 0.022222
4 0.887500 0.402083 0.059375 0.073611
4 0.601953 0.840278 0.049219 0.047222
4 0.831641 0.440278 0.066406 0.075000
4 0.566406 0.480556 0.034375 0.041667
4 0.545312 0.403472 0.032813 0.043056
4 0.612891 0.750694 0.083594 0.068056
4 0.605469 0.632639 0.081250 0.070833
4 0.593750 0.529167 0.081250 0.080556
4 0.734766 0.524306 0.075781 0.098611
4 0.869531 0.413194 0.060937 0.076389
4 0.905078 0.390278 0.058594 0.075000
4 0.675391 0.627083 0.060156 0.159722
5 0.741406 0.652083 0.410938 0.623611
7 0.660547 0.510417 0.575781 0.923611
