0 0.256250 0.340278 0.015625 0.025000
0 0.379688 0.565278 0.028125 0.047222
0 0.183594 0.313889 0.020313 0.050000
0 0.375781 0.334722 0.014063 0.019444
0 0.410938 0.330556 0.012500 0.011111
0 0.663281 0.563889 0.048438 0.055556
0 0.504687 0.431944 0.025000 0.036111
0 0.847656 0.738889 0.051562 0.072222
0 0.204687 0.259722 0.009375 0.013889
0 0.642969 0.473611 0.026562 0.030556
0 0.846875 0.556944 0.100000 0.086111
0 0.325000 0.375000 0.012500 0.027778
0 0.267188 0.258333 0.009375 0.016667
0 0.453125 0.611111 0.031250 0.050000
0 0.205469 0.409722 0.020313 0.025000
0 0.353125 0.443056 0.037500 0.086111
0 0.227344 0.304167 0.010937 0.019444
0 0.696094 0.562500 0.023438 0.036111
0 0.354687 0.320833 0.012500 0.019444
0 0.298438 0.441667 0.021875 0.033333
0 0.430469 0.518056 0.023438 0.036111
0 0.598437 0.568056 0.028125 0.036111
0 0.159375 0.454167 0.021875 0.036111
0 0.304688 0.295833 0.012500 0.019444
0 0.320312 0.313889 0.012500 0.016667
0 0.254688 0.375000 0.015625 0.027778
0 0.396875 0.352778 0.015625 0.022222
0 0.236719 0.315278 0.014063 0.019444
0 0.306250 0.387500 0.031250 0.058333
0 0.333594 0.320833 0.014063 0.019444
0 0.275000 0.273611 0.009375 0.013889
0 0.223438 0.326389 0.015625 0.025000
0 0.978125 0.951389 0.040625 0.080556
0 0.354687 0.301389 0.015625 0.025000
0 0.482031 0.581944 0.029687 0.041667
0 0.423438 0.377778 0.015625 0.022222
0 0.304688 0.280556 0.015625 0.027778
0 0.500781 0.401389 0.029687 0.041667
0 0.528906 0.643056 0.029687 0.041667
0 0.482812 0.391667 0.025000 0.038889
0 0.391406 0.326389 0.014063 0.019444
0 0.675000 0.494444 0.028125 0.033333
0 0.596875 0.488889 0.021875 0.027778
0 0.570312 0.420833 0.050000 0.058333
0 0.285938 0.337500 0.015625 0.025000
0 0.338281 0.311111 0.014063 0.016667
3 0.616406 0.625000 0.760938 0.727778
3 0.110937 0.436111 0.221875 0.361111
3 0.525781 0.633333 0.654687 0.716667
4 0.553125 0.823611 0.012500 0.019444
4 0.652344 0.872222 0.010937 0.016667
4 0.528906 0.783333 0.010937 0.016667
4 0.757812 0.713889 0.009375 0.011111
4 0.910156 0.865278 0.020313 0.019444
4 0.593750 0.790278 0.009375 0.013889
4 0.988281 0.868056 0.017188 0.019444
4 0.933594 0.818056 0.014063 0.013889
4 0.610938 0.916667 0.012500 0.022222
4 0.569531 0.754167 0.007812 0.013889
4 0.501563 0.741667 0.021875 0.033333
4 0.417969 0.708333 0.314063 0.577778
4 0.728125 0.979167 0.012500 0.019444
4 0.621875 0.827778 0.009375 0.016667
4 0.581250 0.865278 0.012500 0.019444
4 0.642969 0.968056 0.010937 0.019444
4 0.789844 0.747222 0.007812 0.011111
4 0.686719 0.922222 0.010937 0.016667
5 0.553125 0.823611 0.012500 0.019444
5 0.652344 0.872222 0.010937 0.016667
5 0.528906 0.783333 0.010937 0.016667
5 0.757812 0.713889 0.009375 0.011111
5 0.910156 0.865278 0.020313 0.019444
5 0.593750 0.790278 0.009375 0.013889
5 0.988281 0.868056 0.017188 0.019444
5 0.933594 0.818056 0.014063 0.013889
5 0.610938 0.916667 0.012500 0.022222
5 0.569531 0.754167 0.007812 0.013889
5 0.501563 0.741667 0.021875 0.033333
5 0.417969 0.708333 0.314063 0.577778
5 0.728125 0.979167 0.012500 0.019444
5 0.621875 0.827778 0.009375 0.016667
5 0.581250 0.865278 0.012500 0.019444
5 0.642969 0.968056 0.010937 0.019444
5 0.789844 0.747222 0.007812 0.011111
5 0.686719 0.922222 0.010937 0.016667
