0 0.472656 0.450926 0.185938 0.072222
0 0.317969 0.597222 0.022396 0.033333
0 0.361198 0.451852 0.408854 0.077778
0 0.591146 0.571759 0.015625 0.026852
3 0.460677 0.777315 0.118229 0.443519
3 0.536458 0.775926 0.098958 0.442593
3 0.179688 0.745370 0.359375 0.366667
3 0.158333 0.694907 0.313542 0.260185
3 0.599740 0.772685 0.104688 0.449074
3 0.493750 0.776389 0.183333 0.445370
4 0.519792 0.853704 0.005208 0.018519
4 0.498698 0.954167 0.007812 0.023148
4 0.084375 0.805556 0.012500 0.012963
4 0.155208 0.748148 0.010417 0.011111
4 0.520833 0.783333 0.004167 0.014815
4 0.038021 0.841204 0.014583 0.013889
4 0.123438 0.775000 0.010417 0.012963
4 0.513542 0.734259 0.010417 0.014815
4 0.214062 0.035185 0.011458 0.031481
4 0.511719 0.898148 0.006771 0.018519
4 0.521875 0.815741 0.004167 0.014815
4 0.563021 0.593056 0.039583 0.073148
5 0.519792 0.853704 0.005208 0.018519
5 0.498698 0.954167 0.007812 0.023148
5 0.084375 0.805556 0.012500 0.012963
5 0.155208 0.748148 0.010417 0.011111
5 0.520833 0.783333 0.004167 0.014815
5 0.038021 0.841204 0.014583 0.013889
5 0.123438 0.775000 0.010417 0.012963
5 0.513542 0.734259 0.010417 0.014815
5 0.214062 0.035185 0.011458 0.031481
5 0.511719 0.898148 0.006771 0.018519
5 0.521875 0.815741 0.004167 0.014815
5 0.563021 0.593056 0.039583 0.073148
