0 0.924219 0.247222 0.030729 0.062963
0 0.790365 0.222222 0.031771 0.031481
0 0.440885 0.486574 0.128646 0.204630
0 0.730729 0.266667 0.031250 0.068519
0 0.956771 0.205093 0.029167 0.032407
0 0.809635 0.274074 0.049479 0.074074
0 0.972656 0.387037 0.053646 0.105556
0 0.736198 0.258796 0.039062 0.065741
0 0.024219 0.737963 0.048438 0.094444
0 0.644531 0.272685 0.024479 0.063889
0 0.956510 0.299074 0.059896 0.100000
0 0.946094 0.257870 0.049479 0.067593
0 0.185156 0.727315 0.283854 0.432407
0 0.572656 0.267130 0.041146 0.071296
0 0.988802 0.243056 0.021354 0.062037
0 0.819531 0.257407 0.052604 0.064815
0 0.784115 0.196759 0.035937 0.049074
0 0.540625 0.278704 0.068750 0.083333
0 0.403906 0.398611 0.065104 0.093519
0 0.904427 0.243981 0.020313 0.049074
0 0.767188 0.250000 0.033333 0.057407
0 0.726823 0.279167 0.025521 0.076852
0 0.684375 0.300000 0.064583 0.155556
0 0.613542 0.264815 0.044792 0.061111
0 0.507552 0.422685 0.057813 0.100926
0 0.641667 0.235185 0.028125 0.022222
0 0.077865 0.974074 0.149479 0.050000
0 0.844792 0.250926 0.018750 0.057407
0 0.785156 0.203704 0.039062 0.062963
0 0.591146 0.181481 0.032292 0.072222
3 0.399479 0.647685 0.495833 0.693519
3 0.935417 0.611111 0.128125 0.770370
3 0.307812 0.627315 0.615625 0.647222
3 0.503646 0.641667 0.701042 0.707407
4 0.786198 0.663889 0.144271 0.666667
4 0.932552 0.658796 0.085938 0.673148
4 0.365104 0.420833 0.219792 0.186111
4 0.340625 0.548611 0.091667 0.045370
4 0.450000 0.489352 0.272917 0.350926
4 0.483854 0.982407 0.022917 0.024074
5 0.787240 0.663889 0.142187 0.666667
5 0.932552 0.656481 0.085938 0.677778
5 0.364844 0.421296 0.219271 0.185185
5 0.340885 0.548611 0.090104 0.045370
5 0.449219 0.489352 0.271354 0.350926
5 0.483854 0.982407 0.022917 0.024074
