0 0.237500 0.136806 0.029687 0.054167
0 0.332813 0.242361 0.037500 0.079167
0 0.296484 0.047917 0.019531 0.029167
0 0.096484 0.970139 0.192969 0.056944
0 0.212109 0.442361 0.071094 0.115278
0 0.464062 0.319444 0.046875 0.100000
0 0.320312 0.018056 0.015625 0.025000
0 0.494922 0.477083 0.064844 0.151389
0 0.291406 0.128472 0.028125 0.048611
3 0.800000 0.717361 0.398438 0.562500
3 0.193359 0.502778 0.386719 0.986111
3 0.656641 0.502778 0.575781 0.983333
3 0.451172 0.498611 0.239844 0.997222
4 0.580078 0.488889 0.061719 0.066667
4 0.295703 0.371528 0.010156 0.031944
4 0.687500 0.555556 0.068750 0.130556
4 0.830469 0.420833 0.068750 0.077778
4 0.773047 0.466667 0.072656 0.086111
4 0.916016 0.330556 0.022656 0.022222
4 0.903906 0.372222 0.057813 0.069444
4 0.764453 0.700000 0.361719 0.597222
4 0.852344 0.407639 0.062500 0.073611
4 0.555078 0.434028 0.036719 0.043056
4 0.611719 0.673611 0.085938 0.183333
4 0.665625 0.665278 0.040625 0.130556
4 0.134766 0.887500 0.041406 0.113889
4 0.221484 0.629167 0.024219 0.069444
4 0.752344 0.484722 0.075000 0.091667
4 0.267969 0.475000 0.015625 0.044444
4 0.710156 0.528472 0.075000 0.115278
4 0.310547 0.300000 0.007031 0.022222
4 0.885547 0.381944 0.058594 0.075000
4 0.810547 0.435417 0.069531 0.081944
4 0.602344 0.741667 0.070312 0.133333
4 0.561328 0.462500 0.038281 0.047222
4 0.550000 0.406250 0.035937 0.045833
4 0.542969 0.384722 0.035937 0.044444
4 0.733203 0.504167 0.075781 0.100000
4 0.874609 0.393056 0.074219 0.077778
4 0.794141 0.449306 0.069531 0.084722
4 0.674219 0.589583 0.060937 0.126389
5 0.742188 0.647222 0.406250 0.650000
7 0.744922 0.623611 0.402344 0.605556
7 0.654297 0.497222 0.583594 0.961111
