0 0.294531 0.927778 0.171875 0.141667
0 0.610156 0.312500 0.040625 0.030556
0 0.437109 0.565972 0.027344 0.076389
0 0.353516 0.341667 0.052344 0.075000
0 0.232422 0.627083 0.067969 0.151389
0 0.566406 0.256944 0.020313 0.027778
0 0.483203 0.515278 0.085156 0.147222
0 0.489453 0.329167 0.061719 0.047222
0 0.439453 0.284028 0.033594 0.048611
0 0.540234 0.326389 0.030469 0.038889
0 0.952734 0.326389 0.066406 0.080556
0 0.580859 0.278472 0.027344 0.031944
0 0.594141 0.704167 0.108594 0.152778
0 0.765625 0.920139 0.139063 0.156944
0 0.399609 0.185417 0.030469 0.056944
0 0.752344 0.554861 0.079687 0.115278
0 0.369141 0.315972 0.025781 0.031944
0 0.407422 0.767361 0.080469 0.193056
0 0.578516 0.300000 0.027344 0.022222
0 0.053906 0.605556 0.107813 0.152778
0 0.241797 0.577083 0.057031 0.134722
0 0.395703 0.591667 0.080469 0.111111
0 0.361719 0.445833 0.056250 0.077778
0 0.421875 0.418056 0.060937 0.125000
0 0.457813 0.254167 0.021875 0.047222
0 0.395703 0.263194 0.025781 0.026389
0 0.157812 0.723611 0.079687 0.175000
0 0.375391 0.358333 0.033594 0.041667
0 0.396094 0.276389 0.029687 0.052778
0 0.435156 0.392361 0.029687 0.084722
0 0.819141 0.665278 0.111719 0.144444
0 0.324219 0.637500 0.095312 0.119444
0 0.552734 0.261806 0.013281 0.023611
0 0.370312 0.485417 0.071875 0.120833
0 0.465625 0.690278 0.100000 0.147222
0 0.522656 0.609722 0.079687 0.119444
0 0.378125 0.352083 0.032813 0.040278
0 0.272656 0.799306 0.120313 0.201389
0 0.358984 0.279861 0.046094 0.073611
0 0.377344 0.541667 0.064062 0.097222
0 0.497656 0.225694 0.028125 0.029167
0 0.269531 0.461806 0.100000 0.220833
0 0.636719 0.947917 0.182812 0.101389
0 0.409375 0.349306 0.054688 0.101389
0 0.598047 0.445833 0.158594 0.205556
0 0.334766 0.390972 0.041406 0.098611
0 0.482422 0.256944 0.032031 0.050000
0 0.339453 0.362500 0.052344 0.083333
0 0.478906 0.300694 0.031250 0.020833
0 0.598828 0.569444 0.099219 0.108333
0 0.430859 0.294444 0.030469 0.033333
0 0.528906 0.227778 0.034375 0.019444
0 0.450000 0.331944 0.029687 0.044444
0 0.435156 0.257639 0.028125 0.023611
0 0.074219 0.939583 0.128125 0.118056
0 0.505078 0.370139 0.052344 0.084722
0 0.557813 0.288889 0.026562 0.038889
0 0.434766 0.198611 0.038281 0.063889
0 0.672266 0.657639 0.111719 0.134722
0 0.619922 0.831944 0.111719 0.166667
0 0.472656 0.400000 0.062500 0.091667
0 0.396875 0.241667 0.028125 0.069444
0 0.525000 0.274306 0.043750 0.076389
0 0.479297 0.282639 0.028906 0.029167
0 0.492578 0.264583 0.022656 0.048611
0 0.570312 0.327083 0.040625 0.040278
0 0.625781 0.340972 0.064062 0.043056
0 0.378906 0.398611 0.045312 0.052778
0 0.459766 0.163889 0.024219 0.050000
0 0.441797 0.250000 0.022656 0.025000
1 0.219922 0.392361 0.013281 0.073611
1 0.198047 0.415972 0.017969 0.073611
1 0.005078 0.729861 0.010156 0.140278
1 0.033594 0.697222 0.029687 0.172222
1 0.144531 0.586111 0.023438 0.111111
1 0.190625 0.462500 0.017188 0.075000
1 0.176953 0.486111 0.019531 0.097222
1 0.160547 0.479861 0.016406 0.084722
1 0.138281 0.490278 0.012500 0.077778
1 0.096875 0.527083 0.023438 0.123611
1 0.191406 0.535417 0.017188 0.095833
1 0.069922 0.679167 0.024219 0.144444
3 0.523828 0.722917 0.944531 0.551389
3 0.825000 0.721528 0.343750 0.554167
4 0.840625 0.704861 0.317188 0.568056
4 0.077344 0.904861 0.050000 0.123611
4 0.353906 0.747917 0.014063 0.031944
4 0.499219 0.861111 0.012500 0.044444
4 0.676562 0.850000 0.009375 0.047222
5 0.843750 0.706944 0.310937 0.558333
5 0.077344 0.904861 0.050000 0.123611
5 0.354297 0.747917 0.013281 0.031944
5 0.676953 0.850000 0.008594 0.047222
5 0.499219 0.861111 0.012500 0.044444
