0 0.481641 0.375000 0.013281 0.016667
0 0.542969 0.382639 0.009375 0.020833
0 0.545312 0.353472 0.007812 0.012500
0 0.426563 0.374306 0.026562 0.048611
0 0.339453 0.493056 0.060156 0.066667
0 0.449219 0.464583 0.021875 0.031944
0 0.493750 0.348611 0.009375 0.016667
0 0.645312 0.482639 0.028125 0.043056
0 0.391406 0.423611 0.021875 0.033333
0 0.777734 0.645139 0.063281 0.084722
0 0.411719 0.604861 0.042188 0.068056
0 0.449219 0.395139 0.014063 0.018056
0 0.427734 0.427778 0.028906 0.033333
0 0.424219 0.466667 0.009375 0.036111
0 0.409766 0.411111 0.014844 0.022222
0 0.385937 0.481250 0.031250 0.043056
0 0.437109 0.407639 0.013281 0.020833
0 0.533984 0.354167 0.007031 0.016667
0 0.330859 0.580556 0.046094 0.058333
0 0.576172 0.443056 0.019531 0.030556
0 0.465234 0.365972 0.013281 0.020833
0 0.458984 0.378472 0.011719 0.018056
0 0.362500 0.460417 0.020313 0.029167
0 0.233984 0.613889 0.066406 0.072222
0 0.139844 0.896528 0.137500 0.187500
0 0.561719 0.376389 0.007812 0.013889
0 0.458984 0.411806 0.014844 0.020833
0 0.472656 0.394444 0.014063 0.016667
0 0.449219 0.353472 0.017188 0.034722
0 0.434766 0.515278 0.032031 0.044444
0 0.535937 0.359028 0.007812 0.015278
0 0.586719 0.578472 0.043750 0.081944
0 0.537500 0.418750 0.017188 0.026389
0 0.552734 0.388194 0.014844 0.026389
0 0.286328 0.929167 0.119531 0.138889
0 0.612891 0.443056 0.022656 0.030556
1 0.423828 0.463889 0.007031 0.033333
3 0.780859 0.632639 0.436719 0.501389
3 0.777344 0.694444 0.443750 0.600000
3 0.199219 0.639583 0.398438 0.437500
3 0.238672 0.704167 0.477344 0.583333
3 0.646875 0.692361 0.254688 0.606944
4 0.626563 0.506944 0.006250 0.008333
4 0.384766 0.570833 0.007031 0.013889
4 0.647266 0.539583 0.008594 0.012500
4 0.451953 0.706250 0.141406 0.584722
4 0.591406 0.535417 0.006250 0.012500
4 0.578516 0.504167 0.005469 0.008333
4 0.063281 0.960417 0.021875 0.031944
4 0.350391 0.527778 0.008594 0.011111
4 0.315625 0.732639 0.015625 0.031944
4 0.684375 0.753472 0.018750 0.037500
4 0.208594 0.738889 0.023438 0.033333
4 0.568750 0.479167 0.004687 0.008333
4 0.358203 0.632639 0.010156 0.020833
4 0.190625 0.646528 0.381250 0.423611
4 0.777734 0.968056 0.032031 0.061111
4 0.784375 0.635417 0.429688 0.498611
4 0.676562 0.583333 0.010937 0.013889
4 0.276172 0.638194 0.014844 0.020833
4 0.930078 0.968056 0.044531 0.061111
4 0.610547 0.481944 0.005469 0.008333
4 0.610547 0.579861 0.008594 0.018056
4 0.788281 0.752778 0.025000 0.036111
4 0.637891 0.645833 0.011719 0.022222
4 0.570703 0.709722 0.107031 0.577778
4 0.409766 0.513889 0.016406 0.033333
4 0.233984 0.922222 0.028906 0.063889
4 0.720703 0.650694 0.014844 0.020833
5 0.384766 0.570833 0.007031 0.013889
5 0.647266 0.538889 0.008594 0.011111
5 0.397656 0.457639 0.004687 0.006944
5 0.452344 0.706250 0.142187 0.584722
5 0.562109 0.460417 0.003906 0.006944
5 0.676172 0.583333 0.010156 0.013889
5 0.063281 0.961111 0.021875 0.030556
5 0.777734 0.968056 0.032031 0.061111
5 0.350391 0.527778 0.008594 0.011111
5 0.315625 0.732639 0.015625 0.031944
5 0.684375 0.753472 0.018750 0.037500
5 0.208594 0.738889 0.023438 0.033333
5 0.568750 0.479861 0.004687 0.006944
5 0.358203 0.632639 0.010156 0.020833
5 0.190234 0.646528 0.380469 0.423611
5 0.784766 0.635417 0.428906 0.498611
5 0.598437 0.463194 0.004687 0.006944
5 0.276172 0.638194 0.014844 0.020833
5 0.930078 0.968056 0.044531 0.061111
5 0.591406 0.535417 0.006250 0.009722
5 0.610547 0.481944 0.005469 0.008333
5 0.610547 0.579167 0.008594 0.016667
5 0.555859 0.446528 0.003906 0.006944
5 0.788281 0.752778 0.025000 0.036111
5 0.637891 0.645139 0.011719 0.023611
5 0.570703 0.709722 0.107031 0.577778
5 0.578516 0.504167 0.005469 0.008333
5 0.626563 0.506944 0.006250 0.008333
5 0.409766 0.513194 0.016406 0.034722
5 0.233984 0.922917 0.028906 0.062500
5 0.720703 0.650694 0.014844 0.020833
