0 0.247135 0.316667 0.029687 0.022222
0 0.398698 0.533333 0.027604 0.046296
0 0.183854 0.298611 0.019792 0.047222
0 0.402604 0.358796 0.016667 0.023148
0 0.536458 0.431019 0.030208 0.047222
0 0.425781 0.378241 0.017188 0.025000
0 0.787500 0.662500 0.037500 0.039815
0 0.207813 0.376389 0.016667 0.023148
0 0.280729 0.268056 0.010417 0.017593
0 0.285677 0.355093 0.024479 0.049074
0 0.781771 0.669907 0.066667 0.080556
0 0.216406 0.287500 0.010937 0.013889
0 0.173177 0.284259 0.009896 0.014815
0 0.965625 0.592130 0.067708 0.080556
0 0.335156 0.499074 0.024479 0.042593
0 0.800521 0.648148 0.026042 0.040741
0 0.563802 0.481944 0.028646 0.039815
0 0.169792 0.413889 0.019792 0.029630
0 0.290885 0.287500 0.010937 0.017593
0 0.273698 0.402315 0.019271 0.030556
0 0.378906 0.338426 0.015104 0.023148
0 0.359115 0.340741 0.016146 0.022222
0 0.267969 0.318981 0.016146 0.028704
0 0.706771 0.510185 0.029167 0.035185
0 0.225000 0.298611 0.011458 0.017593
0 0.322396 0.315278 0.012500 0.019444
0 0.321875 0.402315 0.035417 0.075000
0 0.343490 0.334259 0.015104 0.018519
0 0.380469 0.453704 0.021354 0.031481
0 0.209896 0.307407 0.013542 0.020370
0 0.462760 0.412500 0.018229 0.023148
0 0.621875 0.450463 0.055208 0.063889
0 0.362760 0.327778 0.015104 0.020370
0 0.720833 0.689352 0.037500 0.047222
0 0.235937 0.347222 0.015625 0.025926
0 0.453385 0.541204 0.025521 0.034259
0 0.415104 0.498611 0.025000 0.036111
0 0.666927 0.906944 0.061979 0.112037
0 0.417448 0.346759 0.016146 0.019444
0 0.666406 0.550000 0.027604 0.033333
0 0.446615 0.356944 0.017188 0.023148
0 0.558073 0.448611 0.040104 0.045370
0 0.750521 0.532407 0.033333 0.040741
0 0.324219 0.285648 0.014063 0.023148
0 0.378125 0.315741 0.016667 0.025926
0 0.326042 0.296296 0.015625 0.024074
3 0.620573 0.624537 0.753646 0.734259
3 0.111458 0.433333 0.222917 0.368519
3 0.530469 0.631019 0.665104 0.728704
4 0.911198 0.864815 0.017188 0.018519
4 0.988281 0.866204 0.022396 0.021296
4 0.936719 0.821296 0.021354 0.020370
4 0.413542 0.703241 0.323958 0.591667
5 0.610938 0.917130 0.012500 0.021296
5 0.701302 0.614352 0.010937 0.012037
5 0.487240 0.717593 0.010937 0.016667
5 0.730469 0.638889 0.009896 0.009259
5 0.507812 0.750000 0.010417 0.016667
5 0.911198 0.864815 0.017188 0.018519
5 0.678385 0.594444 0.008854 0.011111
5 0.865625 0.820370 0.014583 0.014815
5 0.988281 0.866204 0.022396 0.021296
5 0.581250 0.868519 0.014583 0.024074
5 0.936719 0.821296 0.021354 0.020370
5 0.529687 0.784722 0.013542 0.019444
5 0.414583 0.649074 0.321875 0.700000
5 0.892708 0.782870 0.014583 0.013889
5 0.961979 0.912963 0.017708 0.016667
5 0.570573 0.756481 0.009896 0.014815
5 0.944792 0.773611 0.109375 0.089815
5 0.728125 0.978704 0.013542 0.020370
5 0.552344 0.822685 0.013021 0.021296
5 0.644010 0.970833 0.014063 0.021296
5 0.718490 0.589815 0.047396 0.040741
