0 0.455078 0.430556 0.017969 0.030556
0 0.544141 0.377778 0.011719 0.013889
0 0.382812 0.672222 0.057813 0.086111
0 0.296094 0.483333 0.089063 0.088889
0 0.412891 0.447917 0.022656 0.029167
0 0.423047 0.393056 0.013281 0.019444
0 0.525000 0.381944 0.012500 0.016667
0 0.779297 0.634028 0.066406 0.098611
0 0.684766 0.527083 0.036719 0.048611
0 0.252344 0.650000 0.173437 0.277778
0 0.467187 0.367361 0.014063 0.023611
0 0.521875 0.345833 0.007812 0.011111
0 0.674219 0.864583 0.110937 0.223611
0 0.465625 0.406250 0.014063 0.020833
0 0.549609 0.395139 0.013281 0.018056
0 0.534375 0.356944 0.006250 0.008333
0 0.376172 0.513889 0.035156 0.044444
0 0.581641 0.450000 0.024219 0.030556
0 0.445312 0.379167 0.026562 0.055556
0 0.486328 0.362500 0.013281 0.022222
0 0.391797 0.423611 0.017969 0.022222
0 0.303906 0.950694 0.110937 0.095833
0 0.572266 0.392361 0.013281 0.018056
0 0.535547 0.406944 0.014844 0.022222
0 0.477734 0.389583 0.011719 0.015278
0 0.426953 0.520139 0.032031 0.051389
0 0.442188 0.469444 0.026562 0.033333
0 0.526953 0.367361 0.010156 0.012500
0 0.432812 0.420833 0.017188 0.022222
0 0.618750 0.447917 0.021875 0.037500
3 0.775000 0.622222 0.448437 0.533333
3 0.776172 0.700000 0.446094 0.588889
3 0.208203 0.661111 0.416406 0.527778
3 0.238281 0.703472 0.476562 0.584722
3 0.762891 0.702083 0.446094 0.587500
3 0.666016 0.702778 0.289844 0.591667
4 0.776953 0.625000 0.444531 0.519444
4 0.385156 0.570139 0.007812 0.015278
4 0.435937 0.705556 0.109375 0.586111
4 0.357812 0.632639 0.010937 0.020833
4 0.591406 0.534722 0.006250 0.011111
4 0.077344 0.940278 0.048438 0.069444
4 0.777734 0.968056 0.032031 0.061111
4 0.637891 0.644444 0.011719 0.022222
4 0.235547 0.922222 0.032031 0.063889
4 0.207422 0.629167 0.414844 0.458333
4 0.676562 0.583333 0.010937 0.013889
4 0.315625 0.732639 0.015625 0.031944
4 0.647266 0.538194 0.008594 0.012500
4 0.720703 0.650000 0.016406 0.022222
4 0.930469 0.967361 0.045312 0.062500
4 0.789062 0.752778 0.025000 0.036111
4 0.503906 0.704861 0.242188 0.587500
4 0.684375 0.752778 0.018750 0.038889
4 0.610156 0.579861 0.009375 0.015278
5 0.776953 0.625000 0.444531 0.519444
5 0.626563 0.506250 0.006250 0.009722
5 0.647266 0.538194 0.008594 0.012500
5 0.451562 0.706250 0.140625 0.584722
5 0.358203 0.632639 0.010156 0.020833
5 0.591406 0.534722 0.006250 0.011111
5 0.578516 0.503472 0.005469 0.009722
5 0.077344 0.940278 0.048438 0.069444
5 0.777734 0.968056 0.032031 0.061111
5 0.385937 0.473611 0.004687 0.008333
5 0.637891 0.644444 0.011719 0.022222
5 0.503516 0.688889 0.241406 0.619444
5 0.235547 0.922222 0.032031 0.063889
5 0.207031 0.629167 0.414062 0.455556
5 0.378125 0.439583 0.075000 0.081944
5 0.350000 0.527778 0.007812 0.011111
5 0.569141 0.479167 0.003906 0.008333
5 0.676562 0.583333 0.010937 0.013889
5 0.404687 0.526389 0.006250 0.011111
5 0.315625 0.732639 0.015625 0.031944
5 0.720703 0.650694 0.014844 0.020833
5 0.562109 0.460417 0.003906 0.006944
5 0.082422 0.761806 0.164844 0.190278
5 0.930469 0.967361 0.045312 0.062500
5 0.555859 0.445139 0.003906 0.006944
5 0.906250 0.773611 0.185938 0.219444
5 0.789062 0.752778 0.025000 0.036111
5 0.684375 0.752778 0.018750 0.038889
5 0.610156 0.579861 0.009375 0.015278
5 0.610547 0.481250 0.005469 0.009722
5 0.385156 0.570139 0.007812 0.015278
