0 0.488281 0.613194 0.078125 0.143056
0 0.236719 0.560417 0.087500 0.084722
0 0.650391 0.320833 0.028906 0.038889
0 0.581250 0.438194 0.042188 0.068056
0 0.156250 0.562500 0.101562 0.080556
0 0.570703 0.388889 0.039844 0.036111
0 0.612891 0.322222 0.024219 0.038889
0 0.010547 0.615278 0.021094 0.097222
0 0.730859 0.319444 0.030469 0.052778
0 0.722656 0.288889 0.015625 0.019444
0 0.570703 0.432639 0.057031 0.106944
0 0.300391 0.595833 0.103906 0.061111
0 0.864062 0.849306 0.125000 0.204167
0 0.353125 0.342361 0.025000 0.037500
0 0.718359 0.370833 0.030469 0.033333
0 0.818359 0.523611 0.042969 0.097222
0 0.370312 0.401389 0.028125 0.047222
0 0.424609 0.960417 0.110156 0.076389
0 0.666797 0.380556 0.042969 0.094444
0 0.078516 0.609722 0.074219 0.050000
0 0.351562 0.445833 0.048438 0.069444
0 0.171094 0.657639 0.073438 0.101389
0 0.160938 0.611806 0.078125 0.068056
0 0.462891 0.497222 0.064844 0.063889
0 0.767578 0.658333 0.075781 0.108333
0 0.633594 0.436806 0.060937 0.162500
0 0.539453 0.359722 0.028906 0.041667
0 0.553516 0.385417 0.016406 0.029167
0 0.319141 0.418750 0.032031 0.051389
0 0.767578 0.486111 0.038281 0.083333
0 0.061328 0.821528 0.122656 0.184722
0 0.739844 0.806250 0.032813 0.098611
0 0.523047 0.417361 0.033594 0.034722
0 0.275781 0.453472 0.035937 0.068056
0 0.336719 0.536806 0.073438 0.037500
0 0.123828 0.515972 0.038281 0.054167
0 0.735156 0.345833 0.031250 0.038889
0 0.745703 0.463194 0.013281 0.087500
0 0.830469 0.641667 0.023438 0.075000
0 0.564844 0.675694 0.078125 0.101389
0 0.126562 0.861111 0.146875 0.188889
0 0.394141 0.413889 0.030469 0.061111
0 0.228906 0.774306 0.100000 0.123611
0 0.579297 0.351389 0.032031 0.036111
0 0.290234 0.409722 0.027344 0.052778
0 0.583984 0.300694 0.025781 0.048611
0 0.234766 0.598611 0.067969 0.055556
0 0.776172 0.926389 0.136719 0.144444
0 0.706250 0.465972 0.071875 0.184722
0 0.021484 0.686111 0.042969 0.094444
0 0.642578 0.288889 0.041406 0.058333
0 0.237891 0.554861 0.085156 0.079167
0 0.175000 0.708333 0.120313 0.097222
0 0.701172 0.375000 0.025781 0.011111
0 0.624219 0.590278 0.067187 0.102778
0 0.520312 0.399306 0.037500 0.040278
0 0.548828 0.347917 0.033594 0.056944
0 0.470703 0.711806 0.061719 0.140278
0 0.364453 0.600000 0.047656 0.066667
0 0.080078 0.678472 0.116406 0.112500
0 0.084375 0.945833 0.143750 0.105556
0 0.692969 0.302778 0.042188 0.094444
0 0.935937 0.753472 0.032813 0.109722
0 0.571094 0.518056 0.050000 0.083333
0 0.616016 0.252083 0.017969 0.026389
0 0.747266 0.389583 0.030469 0.059722
0 0.601172 0.392361 0.019531 0.068056
0 0.524219 0.376389 0.031250 0.022222
0 0.914062 0.557639 0.109375 0.095833
0 0.799219 0.715972 0.078125 0.126389
0 0.664062 0.826389 0.071875 0.183333
0 0.129297 0.747917 0.086719 0.056944
0 0.583203 0.239583 0.025781 0.034722
0 0.578906 0.369444 0.032813 0.047222
0 0.655078 0.729167 0.058594 0.119444
0 0.518359 0.448611 0.049219 0.125000
0 0.419141 0.842361 0.107031 0.162500
0 0.548828 0.767361 0.096094 0.201389
0 0.626172 0.339583 0.036719 0.034722
0 0.551953 0.912500 0.119531 0.172222
0 0.674219 0.657639 0.078125 0.115278
0 0.585156 0.315278 0.029687 0.044444
0 0.761719 0.415972 0.031250 0.056944
0 0.346094 0.509722 0.135937 0.069444
0 0.549609 0.305556 0.025781 0.036111
0 0.228125 0.640972 0.075000 0.098611
1 0.060156 0.543750 0.014063 0.079167
1 0.052344 0.502778 0.017188 0.058333
1 0.854688 0.442361 0.010937 0.070833
1 0.979297 0.727778 0.016406 0.136111
1 0.964063 0.617361 0.034375 0.120833
1 0.071484 0.538889 0.011719 0.075000
1 0.967578 0.686806 0.030469 0.134722
1 0.433203 0.513889 0.011719 0.066667
1 0.105078 0.456250 0.010156 0.029167
1 0.137109 0.431944 0.013281 0.036111
1 0.116016 0.447917 0.011719 0.029167
1 0.892578 0.511111 0.016406 0.058333
1 0.992969 0.724306 0.012500 0.120833
1 0.054297 0.561806 0.017969 0.059722
1 0.937500 0.493056 0.021875 0.038889
1 0.865234 0.441667 0.013281 0.063889
1 0.968750 0.578472 0.020313 0.084722
1 0.943359 0.725694 0.022656 0.140278
1 0.900391 0.723611 0.021094 0.130556
1 0.910547 0.753472 0.025781 0.137500
1 0.085156 0.524306 0.017188 0.073611
1 0.842969 0.500694 0.014063 0.087500
1 0.944141 0.601389 0.017969 0.144444
3 0.655078 0.711111 0.683594 0.575000
3 0.280469 0.660417 0.251563 0.618056
3 0.217578 0.659722 0.377344 0.619444
3 0.217188 0.493750 0.378125 0.287500
4 0.376953 0.859028 0.124219 0.279167
4 0.932813 0.806250 0.132812 0.345833
5 0.443359 0.584028 0.030469 0.012500
5 0.377734 0.859722 0.122656 0.277778
5 0.932813 0.806250 0.132812 0.345833
