0 0.210547 0.524306 0.082031 0.162500
0 0.315625 0.519444 0.071875 0.155556
0 0.402344 0.168750 0.029687 0.045833
0 0.239844 0.156944 0.029687 0.055556
0 0.366406 0.078472 0.020313 0.031944
0 0.297656 0.009028 0.007812 0.018056
0 0.473438 0.338194 0.076563 0.162500
0 0.341406 0.175000 0.028125 0.050000
0 0.314453 0.004861 0.011719 0.009722
0 0.246875 0.377083 0.057813 0.120833
0 0.387891 0.140278 0.025781 0.041667
0 0.338672 0.008333 0.014844 0.016667
0 0.293359 0.009028 0.014844 0.018056
0 0.348047 0.329167 0.047656 0.094444
0 0.062109 0.867361 0.124219 0.256944
0 0.317188 0.020833 0.014063 0.019444
0 0.345703 0.241667 0.033594 0.063889
0 0.360156 0.052083 0.017188 0.029167
0 0.441797 0.255556 0.041406 0.066667
0 0.328516 0.079167 0.038281 0.100000
0 0.291016 0.101389 0.022656 0.036111
0 0.489453 0.482639 0.069531 0.179167
0 0.381250 0.101389 0.025000 0.044444
0 0.484375 0.731250 0.084375 0.234722
0 0.185156 0.963889 0.117188 0.069444
0 0.415625 0.198611 0.031250 0.052778
3 0.800000 0.727778 0.393750 0.541667
3 0.492188 0.643750 0.162500 0.701389
3 0.228125 0.507639 0.325000 0.976389
3 0.655859 0.501389 0.582031 0.963889
3 0.453516 0.506944 0.239844 0.975000
4 0.688672 0.575694 0.069531 0.134722
4 0.796094 0.478472 0.068750 0.101389
4 0.546484 0.374306 0.019531 0.026389
4 0.905078 0.389583 0.058594 0.076389
4 0.761328 0.716667 0.341406 0.563889
4 0.854297 0.436111 0.061719 0.086111
4 0.315234 0.189583 0.003906 0.012500
4 0.775000 0.486806 0.073438 0.087500
4 0.667188 0.702778 0.039062 0.163889
4 0.133984 0.916667 0.046094 0.133333
4 0.316016 0.223611 0.003906 0.016667
4 0.557031 0.454167 0.039062 0.047222
4 0.316797 0.265278 0.003906 0.019444
4 0.222656 0.648611 0.023438 0.069444
4 0.813281 0.456944 0.070312 0.083333
4 0.312109 0.319444 0.005469 0.022222
4 0.297266 0.392361 0.008594 0.029167
4 0.711719 0.548611 0.075000 0.116667
4 0.887500 0.403472 0.059375 0.073611
4 0.840234 0.441667 0.083594 0.077778
4 0.565625 0.480556 0.034375 0.041667
4 0.269531 0.494444 0.014063 0.044444
4 0.551562 0.426389 0.035937 0.044444
4 0.734766 0.524306 0.075781 0.098611
4 0.581641 0.509722 0.063281 0.069444
4 0.755078 0.505556 0.075781 0.091667
4 0.869531 0.414583 0.060937 0.076389
4 0.675781 0.628472 0.059375 0.162500
5 0.732812 0.654167 0.428125 0.627778
7 0.742188 0.653472 0.412500 0.626389
7 0.382812 0.207639 0.054688 0.151389
7 0.663672 0.515972 0.569531 0.920833
