0 0.271094 0.401389 0.017188 0.030556
0 0.182031 0.329167 0.023438 0.047222
0 0.457813 0.383333 0.037500 0.055556
0 0.389844 0.323611 0.014063 0.019444
0 0.176563 0.268056 0.012500 0.013889
0 0.548438 0.454167 0.021875 0.025000
0 0.338281 0.284722 0.010937 0.008333
0 0.464844 0.402778 0.026562 0.033333
0 0.807031 0.775000 0.054688 0.066667
0 0.602344 0.450000 0.023438 0.027778
0 0.764062 0.523611 0.084375 0.080556
0 0.305469 0.359722 0.017188 0.030556
0 0.200000 0.444444 0.018750 0.027778
0 0.384375 0.483333 0.043750 0.100000
0 0.397656 0.356944 0.014063 0.019444
0 0.262500 0.262500 0.009375 0.013889
0 0.249219 0.330556 0.014063 0.022222
0 0.346875 0.398611 0.018750 0.036111
0 0.189844 0.309722 0.010937 0.019444
0 0.321875 0.479167 0.025000 0.041667
0 0.287500 0.288889 0.009375 0.016667
0 0.327344 0.416667 0.035937 0.061111
0 0.509375 0.697222 0.037500 0.061111
0 0.563281 0.680556 0.035937 0.050000
0 0.135937 0.490278 0.025000 0.036111
0 0.315625 0.302778 0.012500 0.016667
0 0.337500 0.306944 0.012500 0.019444
0 0.237500 0.315278 0.012500 0.019444
0 0.372656 0.315278 0.014063 0.019444
0 0.376563 0.336111 0.015625 0.022222
0 0.531250 0.398611 0.046875 0.052778
0 0.446875 0.365278 0.021875 0.041667
0 0.594531 0.509722 0.042188 0.052778
0 0.356250 0.320833 0.012500 0.019444
0 0.303125 0.301389 0.012500 0.013889
0 0.235937 0.343056 0.015625 0.030556
0 0.214062 0.265278 0.009375 0.013889
0 0.285156 0.270833 0.010937 0.019444
0 0.532031 0.502778 0.023438 0.027778
0 0.975781 0.584722 0.045312 0.097222
0 0.724219 0.629167 0.042188 0.058333
0 0.485938 0.591667 0.028125 0.044444
0 0.324219 0.300000 0.010937 0.016667
0 0.425781 0.638889 0.032813 0.050000
0 0.626563 0.765278 0.040625 0.052778
0 0.629687 0.511111 0.025000 0.027778
0 0.626563 0.465278 0.025000 0.030556
0 0.271875 0.362500 0.015625 0.025000
3 0.617188 0.625000 0.762500 0.727778
3 0.110937 0.437500 0.221875 0.358333
3 0.530469 0.637500 0.648438 0.708333
4 0.687500 0.922222 0.012500 0.016667
4 0.403125 0.684722 0.340625 0.625000
4 0.727344 0.977778 0.014063 0.022222
4 0.880469 0.722222 0.235937 0.194444
4 0.642969 0.969444 0.014063 0.022222
5 0.580469 0.865278 0.014063 0.019444
5 0.152344 0.415278 0.026562 0.102778
5 0.687500 0.922222 0.012500 0.016667
5 0.405469 0.688889 0.335938 0.616667
5 0.727344 0.977778 0.014063 0.022222
5 0.986719 0.865278 0.020313 0.019444
5 0.935937 0.820833 0.018750 0.013889
5 0.609375 0.915278 0.012500 0.019444
5 0.961719 0.911111 0.017188 0.016667
5 0.179688 0.034722 0.012500 0.036111
5 0.891406 0.781944 0.014063 0.013889
5 0.652344 0.870833 0.010937 0.013889
5 0.642969 0.969444 0.014063 0.022222
