0 0.516797 0.634028 0.069531 0.137500
0 0.530078 0.573611 0.057031 0.080556
0 0.197266 0.550694 0.074219 0.073611
0 0.651953 0.315278 0.027344 0.047222
0 0.586719 0.508333 0.048438 0.108333
0 0.601562 0.411806 0.037500 0.056944
0 0.129688 0.492361 0.120313 0.115278
0 0.551562 0.415278 0.039062 0.033333
0 0.576953 0.350000 0.022656 0.041667
0 0.015625 0.596528 0.031250 0.070833
0 0.689844 0.293750 0.034375 0.043056
0 0.326172 0.356250 0.025781 0.037500
0 0.679688 0.665278 0.073438 0.163889
0 0.537891 0.500000 0.050781 0.069444
0 0.283984 0.605556 0.141406 0.058333
0 0.782813 0.911806 0.101562 0.173611
0 0.591797 0.870139 0.042969 0.106944
0 0.791406 0.582639 0.128125 0.123611
0 0.305078 0.540278 0.071094 0.044444
0 0.291406 0.450694 0.034375 0.062500
0 0.393359 0.367361 0.016406 0.029167
0 0.383594 0.913889 0.120313 0.147222
0 0.125781 0.605556 0.079687 0.063889
0 0.135547 0.652083 0.072656 0.090278
0 0.357031 0.350694 0.026562 0.037500
0 0.198437 0.595833 0.071875 0.052778
0 0.498437 0.397222 0.046875 0.066667
0 0.682031 0.281944 0.037500 0.030556
0 0.664453 0.581250 0.042969 0.098611
0 0.548047 0.454167 0.039844 0.030556
0 0.237109 0.463194 0.049219 0.062500
0 0.737500 0.720139 0.054688 0.140278
0 0.087109 0.743056 0.088281 0.058333
0 0.460938 0.561806 0.060937 0.056944
0 0.199609 0.447222 0.030469 0.058333
0 0.892969 0.784722 0.040625 0.094444
0 0.413281 0.785417 0.101562 0.145833
0 0.597266 0.343750 0.019531 0.054167
0 0.619922 0.430556 0.049219 0.066667
0 0.271094 0.602778 0.120313 0.038889
0 0.279687 0.571528 0.087500 0.056944
0 0.516016 0.799306 0.099219 0.151389
0 0.606250 0.618750 0.054688 0.104167
0 0.086328 0.854167 0.149219 0.197222
0 0.365625 0.391667 0.021875 0.047222
0 0.309766 0.414583 0.041406 0.062500
0 0.500000 0.404861 0.048438 0.079167
0 0.189453 0.772917 0.096094 0.126389
0 0.703125 0.445833 0.084375 0.069444
0 0.453516 0.608333 0.066406 0.097222
0 0.189453 0.656944 0.074219 0.075000
0 0.487109 0.463194 0.041406 0.065278
0 0.696875 0.442361 0.070312 0.165278
0 0.647656 0.429861 0.026562 0.065278
0 0.026172 0.754861 0.052344 0.106944
0 0.203516 0.547917 0.085156 0.073611
0 0.153125 0.706944 0.090625 0.102778
0 0.585547 0.258333 0.022656 0.033333
0 0.603516 0.540278 0.058594 0.083333
0 0.434766 0.491667 0.069531 0.086111
0 0.858203 0.856944 0.027344 0.102778
0 0.326562 0.451389 0.032813 0.058333
0 0.507031 0.377778 0.035937 0.041667
0 0.437500 0.693750 0.082812 0.112500
0 0.051562 0.664583 0.103125 0.112500
0 0.058203 0.943750 0.116406 0.109722
0 0.860156 0.972917 0.087500 0.051389
0 0.766406 0.499306 0.015625 0.045833
0 0.611328 0.443056 0.046094 0.061111
0 0.553125 0.316667 0.026562 0.041667
0 0.708594 0.740972 0.064062 0.140278
0 0.585156 0.668056 0.075000 0.161111
0 0.683594 0.855556 0.104688 0.166667
0 0.683203 0.337500 0.030469 0.047222
0 0.555078 0.439583 0.041406 0.048611
0 0.605078 0.961111 0.110156 0.075000
0 0.710938 0.317361 0.023438 0.029167
0 0.552734 0.379167 0.035156 0.041667
0 0.554688 0.362500 0.032813 0.061111
0 0.662891 0.365972 0.027344 0.056944
0 0.620313 0.490972 0.032813 0.076389
0 0.523438 0.902083 0.078125 0.181944
0 0.625781 0.363889 0.043750 0.086111
0 0.725391 0.370833 0.057031 0.066667
0 0.336328 0.486806 0.177344 0.118056
0 0.585156 0.283333 0.025000 0.025000
0 0.328516 0.395833 0.030469 0.044444
0 0.694141 0.527083 0.044531 0.101389
0 0.499609 0.363889 0.046094 0.061111
1 0.897656 0.616667 0.012500 0.111111
1 0.789453 0.481944 0.011719 0.072222
1 0.937500 0.902778 0.026562 0.161111
1 0.819141 0.468750 0.014844 0.079167
1 0.412891 0.527083 0.016406 0.076389
1 0.992578 0.740278 0.013281 0.133333
1 0.801562 0.637500 0.017188 0.116667
1 0.910937 0.618056 0.018750 0.113889
1 0.050000 0.514583 0.017188 0.068056
1 0.958594 0.742361 0.021875 0.151389
1 0.935547 0.616667 0.024219 0.113889
1 0.940625 0.754861 0.015625 0.131944
1 0.820703 0.638194 0.024219 0.109722
1 0.805859 0.460417 0.013281 0.070833
3 0.609766 0.689583 0.660156 0.618056
3 0.215625 0.664583 0.367188 0.587500
3 0.216406 0.489583 0.368750 0.237500
4 0.896875 0.832639 0.131250 0.331944
4 0.485938 0.515278 0.021875 0.016667
4 0.325000 0.896528 0.076563 0.170833
5 0.507031 0.516667 0.012500 0.013889
5 0.895703 0.829861 0.128906 0.337500
5 0.485938 0.515278 0.020313 0.016667
5 0.325391 0.896528 0.075781 0.170833
7 0.564063 0.515278 0.193750 0.022222
