0 0.245312 0.968750 0.121875 0.059722
0 0.190234 0.456944 0.067969 0.033333
0 0.115625 0.440972 0.095312 0.065278
0 0.636719 0.256944 0.031250 0.061111
0 0.554297 0.263889 0.025781 0.058333
0 0.578125 0.186111 0.028125 0.044444
0 0.705859 0.222222 0.021094 0.030556
0 0.666406 0.261806 0.028125 0.043056
0 0.327344 0.248611 0.021875 0.044444
0 0.699219 0.674306 0.093750 0.201389
0 0.551172 0.338194 0.042969 0.076389
0 0.333594 0.488194 0.067187 0.048611
0 0.849219 0.754861 0.028125 0.104167
0 0.685547 0.298611 0.057031 0.063889
0 0.825391 0.484028 0.096094 0.090278
0 0.314063 0.431250 0.090625 0.048611
0 0.292187 0.402778 0.095312 0.066667
0 0.458984 0.895139 0.125781 0.206944
0 0.031641 0.468750 0.050781 0.081944
0 0.247656 0.466667 0.159375 0.069444
0 0.294141 0.309028 0.039844 0.065278
0 0.467578 0.475694 0.058594 0.093056
0 0.194922 0.481250 0.072656 0.048611
0 0.456250 0.565972 0.075000 0.109722
0 0.585547 0.234028 0.027344 0.026389
0 0.345313 0.238889 0.050000 0.050000
0 0.543750 0.388194 0.045312 0.065278
0 0.496875 0.266667 0.039062 0.044444
0 0.211719 0.370833 0.067187 0.052778
0 0.187891 0.538889 0.075781 0.072222
0 0.546875 0.289583 0.034375 0.029167
0 0.311719 0.407639 0.135937 0.079167
0 0.207422 0.431250 0.072656 0.056944
0 0.518359 0.420139 0.050781 0.079167
0 0.083594 0.405556 0.070312 0.052778
0 0.173047 0.668750 0.075781 0.137500
0 0.758594 0.521528 0.045312 0.112500
0 0.071484 0.765278 0.128906 0.236111
0 0.492578 0.317361 0.041406 0.040278
0 0.546875 0.170833 0.026562 0.044444
0 0.179688 0.406250 0.107813 0.062500
0 0.156250 0.572917 0.103125 0.129167
0 0.725000 0.966667 0.117188 0.063889
0 0.606641 0.361111 0.041406 0.066667
0 0.025391 0.617361 0.050781 0.062500
0 0.604688 0.204861 0.031250 0.065278
0 0.132812 0.538194 0.075000 0.095833
0 0.599219 0.161806 0.017188 0.023611
0 0.600781 0.254861 0.026562 0.023611
0 0.661719 0.422222 0.104688 0.241667
0 0.467578 0.382639 0.052344 0.112500
0 0.783594 0.672222 0.025000 0.097222
0 0.543750 0.246528 0.031250 0.056944
0 0.519531 0.229861 0.026562 0.073611
0 0.122266 0.491667 0.077344 0.061111
0 0.049219 0.551389 0.098437 0.108333
0 0.681250 0.229861 0.026562 0.054167
0 0.727734 0.321528 0.030469 0.045833
0 0.532031 0.451389 0.046875 0.091667
0 0.614062 0.302083 0.056250 0.084722
0 0.027734 0.940972 0.055469 0.115278
0 0.496875 0.299306 0.035937 0.031944
0 0.535937 0.623611 0.089063 0.183333
0 0.608594 0.788194 0.117188 0.215278
0 0.084766 0.633333 0.092969 0.066667
0 0.502734 0.365972 0.019531 0.076389
0 0.344531 0.270833 0.034375 0.041667
0 0.409766 0.711806 0.096094 0.145833
0 0.101953 0.347222 0.119531 0.100000
0 0.554297 0.479167 0.072656 0.105556
0 0.606250 0.907639 0.095312 0.181944
0 0.580078 0.576389 0.067969 0.125000
0 0.557031 0.273611 0.029687 0.047222
0 0.055078 0.883333 0.110156 0.222222
0 0.583203 0.419444 0.047656 0.086111
0 0.634766 0.211111 0.053906 0.083333
0 0.748437 0.368056 0.064062 0.080556
0 0.503125 0.252778 0.028125 0.041667
0 0.573438 0.173611 0.028125 0.047222
0 0.315234 0.892361 0.132031 0.206944
0 0.890234 0.679861 0.036719 0.093056
0 0.721094 0.559722 0.068750 0.161111
0 0.496094 0.274306 0.039062 0.029167
1 0.010937 0.390972 0.014063 0.079167
1 0.830859 0.361111 0.011719 0.077778
1 0.585938 0.380556 0.337500 0.077778
1 0.027344 0.388889 0.017188 0.072222
1 0.969922 0.697222 0.028906 0.147222
1 0.227734 0.264583 0.010156 0.048611
1 0.218359 0.265278 0.010156 0.050000
1 0.928125 0.797917 0.031250 0.159722
1 0.841406 0.411111 0.015625 0.058333
1 0.810547 0.435417 0.022656 0.056944
1 0.017188 0.404861 0.014063 0.051389
1 0.923047 0.626389 0.028906 0.127778
1 0.819531 0.364583 0.012500 0.070833
1 0.989453 0.629861 0.019531 0.154167
1 0.899609 0.481944 0.019531 0.108333
3 0.269922 0.323611 0.210156 0.111111
3 0.619531 0.642361 0.750000 0.712500
4 0.367188 0.676389 0.103125 0.222222
4 0.414453 0.498611 0.044531 0.016667
4 0.912500 0.773611 0.173437 0.450000
4 0.414844 0.477083 0.046875 0.012500
4 0.234766 0.315972 0.075781 0.056944
4 0.279297 0.360417 0.008594 0.009722
5 0.367578 0.677083 0.102344 0.220833
5 0.912891 0.773611 0.172656 0.450000
5 0.414453 0.498611 0.044531 0.016667
5 0.235156 0.315972 0.075000 0.056944
5 0.414844 0.477083 0.046875 0.012500
5 0.279297 0.360417 0.008594 0.009722
