0 0.656771 0.384028 0.015625 0.015278
0 0.581250 0.420139 0.010417 0.015278
0 0.690625 0.739583 0.062500 0.048611
0 0.622917 0.397222 0.018750 0.016667
0 0.678646 0.361111 0.013542 0.008333
0 0.593229 0.472917 0.019792 0.018056
0 0.458333 0.412500 0.022917 0.019444
0 0.501042 0.531944 0.033333 0.022222
0 0.602083 0.407639 0.014583 0.015278
0 0.293750 0.404861 0.012500 0.009722
0 0.564063 0.422222 0.013542 0.016667
0 0.517708 0.609028 0.043750 0.040278
0 0.665625 0.404861 0.020833 0.015278
0 0.671354 0.407639 0.030208 0.018056
1 0.409375 0.760417 0.010417 0.026389
1 0.703125 0.561111 0.006250 0.011111
3 0.782813 0.778472 0.426042 0.262500
3 0.768229 0.643750 0.169792 0.101389
4 0.584375 0.598611 0.027083 0.016667
4 0.807292 0.827778 0.325000 0.172222
4 0.432812 0.608333 0.178125 0.208333
4 0.451562 0.536111 0.015625 0.019444
4 0.429167 0.543056 0.012500 0.013889
4 0.784896 0.659722 0.021875 0.011111
4 0.562500 0.611111 0.025000 0.025000
4 0.606250 0.643056 0.022917 0.013889
4 0.353125 0.762500 0.058333 0.036111
4 0.590625 0.555556 0.143750 0.019444
4 0.514062 0.594444 0.009375 0.208333
4 0.460417 0.640278 0.010417 0.008333
4 0.722917 0.631944 0.020833 0.011111
4 0.503646 0.560417 0.317708 0.043056
4 0.425521 0.536806 0.163542 0.093056
4 0.792708 0.638194 0.022917 0.009722
4 0.596875 0.609028 0.152083 0.204167
4 0.518229 0.666667 0.007292 0.077778
4 0.591667 0.519444 0.160417 0.061111
4 0.733333 0.613194 0.018750 0.009722
4 0.427083 0.572222 0.166667 0.019444
5 0.584375 0.598611 0.027083 0.016667
5 0.807292 0.827778 0.325000 0.172222
5 0.432812 0.608333 0.178125 0.208333
5 0.451562 0.536111 0.015625 0.019444
5 0.429167 0.543056 0.012500 0.013889
5 0.784896 0.659722 0.021875 0.011111
5 0.562500 0.611111 0.025000 0.025000
5 0.606250 0.643056 0.022917 0.013889
5 0.353125 0.762500 0.058333 0.036111
5 0.590625 0.555556 0.143750 0.019444
5 0.514062 0.594444 0.009375 0.208333
5 0.460417 0.640278 0.010417 0.008333
5 0.722917 0.631944 0.020833 0.011111
5 0.503646 0.560417 0.317708 0.043056
5 0.425521 0.536806 0.163542 0.093056
5 0.792708 0.638194 0.022917 0.009722
5 0.596875 0.609028 0.152083 0.204167
5 0.518229 0.666667 0.007292 0.077778
5 0.591667 0.519444 0.160417 0.061111
5 0.733333 0.613194 0.018750 0.009722
5 0.427083 0.572222 0.166667 0.019444
