0 0.505469 0.384722 0.020313 0.019444
0 0.344531 0.455556 0.023438 0.038889
0 0.175781 0.283333 0.017188 0.038889
0 0.397656 0.356944 0.017188 0.025000
0 0.220312 0.294444 0.012500 0.016667
0 0.401562 0.376389 0.015625 0.025000
0 0.332031 0.391667 0.017188 0.022222
0 0.246875 0.295833 0.012500 0.019444
0 0.352344 0.420833 0.020313 0.030556
0 0.802344 0.661111 0.035937 0.038889
0 0.178125 0.369444 0.018750 0.027778
0 0.502344 0.668056 0.042188 0.069444
0 0.291406 0.433333 0.020313 0.038889
0 0.316406 0.306944 0.014063 0.019444
0 0.416406 0.366667 0.014063 0.022222
0 0.382031 0.366667 0.017188 0.022222
0 0.195312 0.284722 0.009375 0.019444
0 0.259375 0.323611 0.021875 0.030556
0 0.709375 0.501389 0.068750 0.075000
0 0.634375 0.515278 0.040625 0.075000
0 0.357031 0.326389 0.017188 0.052778
0 0.215625 0.318056 0.012500 0.025000
0 0.207813 0.341667 0.015625 0.022222
0 0.992969 0.837500 0.010937 0.069444
0 0.532031 0.470833 0.020313 0.025000
0 0.444531 0.393056 0.017188 0.019444
0 0.899219 0.593056 0.045312 0.036111
0 0.246875 0.363889 0.015625 0.022222
0 0.653906 0.551389 0.070312 0.102778
0 0.301563 0.277778 0.009375 0.016667
0 0.380469 0.454167 0.020313 0.030556
0 0.477344 0.418056 0.020313 0.025000
0 0.460938 0.377778 0.015625 0.022222
0 0.644531 0.898611 0.048438 0.091667
0 0.413281 0.348611 0.017188 0.019444
0 0.828125 0.566667 0.037500 0.038889
0 0.286719 0.358333 0.029687 0.066667
0 0.414062 0.331944 0.015625 0.013889
0 0.356250 0.300000 0.021875 0.016667
3 0.622656 0.620833 0.745313 0.736111
3 0.112500 0.433333 0.221875 0.366667
3 0.539844 0.662500 0.629687 0.663889
3 0.769531 0.516667 0.457813 0.255556
4 0.401562 0.676389 0.350000 0.636111
5 0.179688 0.034722 0.012500 0.036111
5 0.415625 0.641667 0.321875 0.705556
