0 0.596875 0.446759 0.023958 0.028704
0 0.455208 0.373148 0.034375 0.040741
0 0.386979 0.321759 0.012500 0.019444
0 0.542969 0.450926 0.021354 0.025926
0 0.261198 0.262963 0.010937 0.012963
0 0.336198 0.288889 0.015104 0.020370
0 0.460938 0.400000 0.025000 0.035185
0 0.787500 0.757870 0.054167 0.067593
0 0.301042 0.300463 0.012500 0.015741
0 0.308073 0.362500 0.018229 0.030556
0 0.238281 0.349537 0.015104 0.028704
0 0.258073 0.255556 0.008854 0.009259
0 0.389323 0.491667 0.046354 0.103704
0 0.353906 0.320833 0.014063 0.021296
0 0.251302 0.334722 0.015104 0.021296
0 0.196615 0.268056 0.013021 0.015741
0 0.966667 0.582870 0.065625 0.100926
0 0.326042 0.485648 0.023958 0.037963
0 0.523958 0.495370 0.025000 0.029630
0 0.518750 0.711111 0.038542 0.061111
0 0.576042 0.697685 0.038542 0.054630
0 0.130990 0.495833 0.026562 0.037963
0 0.313021 0.302315 0.011458 0.017593
0 0.236458 0.253704 0.006250 0.007407
0 0.321875 0.299074 0.011458 0.016667
0 0.348177 0.403704 0.022396 0.035185
0 0.188542 0.317593 0.012500 0.029630
0 0.329948 0.419907 0.035937 0.065741
0 0.370573 0.314815 0.014063 0.022222
0 0.240104 0.319907 0.013542 0.019444
0 0.273438 0.404630 0.017708 0.033333
0 0.642969 0.786111 0.042188 0.053704
0 0.374219 0.334722 0.015104 0.023148
0 0.753906 0.519907 0.082812 0.080556
0 0.215104 0.267593 0.010417 0.014815
0 0.443229 0.363426 0.023958 0.043519
0 0.586719 0.501852 0.042188 0.053704
0 0.334896 0.307870 0.012500 0.021296
0 0.181250 0.332407 0.022917 0.051852
0 0.526823 0.396759 0.046354 0.050926
0 0.711719 0.620370 0.040104 0.061111
0 0.495312 0.603241 0.030208 0.043519
0 0.394531 0.355556 0.014063 0.022222
0 0.285417 0.271759 0.013542 0.021296
0 0.432812 0.650926 0.033333 0.057407
0 0.622656 0.506944 0.024479 0.032407
0 0.198958 0.449074 0.020833 0.027778
0 0.621094 0.462500 0.025521 0.034259
0 0.275000 0.366667 0.016667 0.025926
0 0.285938 0.285185 0.011458 0.016667
3 0.616667 0.624074 0.761458 0.737037
3 0.110677 0.437963 0.221354 0.357407
3 0.529948 0.636111 0.654687 0.718519
4 0.404167 0.685648 0.341667 0.626852
4 0.986198 0.865278 0.022396 0.023148
4 0.936198 0.820833 0.020313 0.019444
4 0.610677 0.916204 0.013021 0.021296
4 0.152344 0.417130 0.028646 0.110185
4 0.727865 0.979167 0.014063 0.021296
4 0.643750 0.970370 0.015625 0.024074
4 0.687240 0.921759 0.011979 0.017593
5 0.883854 0.725000 0.231250 0.190741
5 0.152604 0.416204 0.028125 0.110185
5 0.687240 0.921296 0.011979 0.016667
5 0.565104 0.793056 0.026042 0.017593
5 0.891406 0.782407 0.016146 0.014815
5 0.552083 0.822222 0.013542 0.022222
5 0.408073 0.692130 0.333854 0.613889
5 0.986198 0.865278 0.022396 0.021296
5 0.935937 0.820833 0.019792 0.019444
5 0.610677 0.916204 0.013021 0.021296
5 0.537240 0.793056 0.025521 0.017593
5 0.727604 0.978704 0.013542 0.020370
5 0.805469 0.622685 0.388021 0.395370
5 0.960417 0.912963 0.015625 0.016667
5 0.652344 0.871759 0.010937 0.015741
5 0.851302 0.747222 0.013021 0.014815
5 0.579948 0.866667 0.013021 0.022222
5 0.623958 0.830556 0.009375 0.011111
5 0.252865 0.798148 0.010937 0.401852
5 0.643490 0.970370 0.015104 0.024074
