0 0.289062 0.923611 0.095312 0.150000
0 0.704688 0.242361 0.042188 0.048611
0 0.162109 0.440278 0.074219 0.038889
0 0.642578 0.238889 0.022656 0.058333
0 0.323047 0.714583 0.150781 0.315278
0 0.570703 0.431250 0.066406 0.137500
0 0.684375 0.170833 0.029687 0.036111
0 0.119922 0.403472 0.046094 0.081944
0 0.516406 0.326389 0.037500 0.044444
0 0.528125 0.296528 0.071875 0.068056
0 0.552344 0.190972 0.035937 0.079167
0 0.618359 0.342361 0.039844 0.079167
0 0.252344 0.256944 0.018750 0.027778
0 0.630078 0.486806 0.069531 0.084722
0 0.529297 0.381944 0.050781 0.116667
0 0.297266 0.477778 0.052344 0.063889
0 0.285938 0.211111 0.023438 0.036111
0 0.607812 0.263889 0.029687 0.050000
0 0.426563 0.510417 0.071875 0.104167
0 0.180469 0.410417 0.064062 0.056944
0 0.481250 0.442361 0.064062 0.084722
0 0.718359 0.569444 0.024219 0.080556
0 0.016797 0.479167 0.033594 0.072222
0 0.575391 0.304861 0.035156 0.056944
0 0.566797 0.336111 0.025781 0.047222
0 0.244141 0.302083 0.025781 0.059722
0 0.709375 0.434722 0.018750 0.055556
0 0.223047 0.438889 0.050781 0.044444
0 0.060156 0.612500 0.085938 0.072222
0 0.277344 0.381944 0.132812 0.066667
0 0.214453 0.362500 0.060156 0.055556
0 0.482031 0.368750 0.020313 0.059722
0 0.862500 0.634722 0.034375 0.108333
0 0.637891 0.202083 0.016406 0.054167
0 0.761328 0.547917 0.027344 0.081944
0 0.620313 0.293056 0.029687 0.019444
0 0.416406 0.797917 0.289062 0.401389
0 0.792969 0.972917 0.057813 0.051389
0 0.527734 0.609722 0.089844 0.158333
0 0.066406 0.730556 0.132812 0.194444
0 0.204297 0.475000 0.052344 0.044444
0 0.460547 0.260417 0.036719 0.056944
0 0.550781 0.277778 0.032813 0.047222
0 0.455469 0.396528 0.050000 0.112500
0 0.523828 0.181944 0.025781 0.036111
0 0.121094 0.578472 0.084375 0.098611
0 0.694141 0.960417 0.102344 0.076389
0 0.017188 0.565278 0.034375 0.111111
0 0.459766 0.312500 0.036719 0.052778
0 0.700000 0.361111 0.035937 0.080556
0 0.073047 0.560417 0.058594 0.112500
0 0.596094 0.142361 0.023438 0.043056
0 0.575391 0.202778 0.011719 0.052778
0 0.576953 0.140972 0.021094 0.040278
0 0.670312 0.936111 0.056250 0.116667
0 0.792969 0.802083 0.045312 0.137500
0 0.474609 0.338889 0.039844 0.063889
0 0.278125 0.315278 0.054688 0.072222
0 0.517578 0.218056 0.021094 0.069444
0 0.416797 0.606250 0.066406 0.134722
0 0.495703 0.218750 0.024219 0.051389
0 0.160547 0.473611 0.067969 0.061111
0 0.803906 0.465972 0.054688 0.076389
0 0.091406 0.485417 0.076563 0.076389
0 0.041797 0.858333 0.083594 0.177778
0 0.014063 0.429861 0.028125 0.043056
0 0.670703 0.242361 0.030469 0.043056
0 0.841406 0.935417 0.029687 0.120833
0 0.675391 0.328472 0.046094 0.073611
0 0.556641 0.327778 0.042969 0.061111
0 0.511719 0.230556 0.028125 0.041667
0 0.734766 0.754861 0.028906 0.112500
0 0.134766 0.511806 0.175781 0.095833
0 0.651172 0.615278 0.086719 0.166667
0 0.469141 0.245139 0.028906 0.079167
0 0.491406 0.622222 0.093750 0.105556
0 0.515625 0.524306 0.076563 0.084722
0 0.194141 0.315972 0.032031 0.073611
0 0.641016 0.415972 0.058594 0.087500
0 0.546875 0.221528 0.043750 0.098611
0 0.154688 0.645139 0.082812 0.123611
0 0.508203 0.271528 0.035156 0.054167
0 0.669141 0.293750 0.039844 0.065278
0 0.629687 0.277083 0.039062 0.054167
0 0.604297 0.219444 0.052344 0.108333
0 0.255078 0.415972 0.099219 0.051389
0 0.309766 0.766667 0.127344 0.261111
0 0.643359 0.368750 0.055469 0.087500
0 0.617578 0.543750 0.046094 0.106944
0 0.359766 0.675694 0.103906 0.095833
0 0.467187 0.219444 0.028125 0.036111
1 0.014844 0.381944 0.015625 0.052778
1 0.812891 0.393750 0.016406 0.065278
1 0.753125 0.329167 0.017188 0.058333
1 0.869141 0.471528 0.016406 0.109722
1 0.861328 0.392361 0.019531 0.079167
1 0.834375 0.392361 0.015625 0.054167
1 0.968750 0.700000 0.031250 0.175000
1 0.989844 0.673611 0.018750 0.172222
1 0.989844 0.631250 0.018750 0.087500
1 0.392188 0.347917 0.010937 0.070833
1 0.933203 0.821528 0.027344 0.181944
1 0.880859 0.481944 0.014844 0.097222
1 0.889453 0.506250 0.022656 0.106944
1 0.991406 0.674306 0.015625 0.170833
1 0.382031 0.343750 0.012500 0.070833
1 0.911719 0.486111 0.017188 0.102778
1 0.783984 0.431250 0.019531 0.081944
1 0.918750 0.608333 0.026562 0.130556
1 0.825000 0.616667 0.025000 0.141667
1 0.758594 0.347917 0.010937 0.054167
1 0.803906 0.285417 0.010937 0.059722
1 0.787891 0.325000 0.011719 0.069444
1 0.198828 0.648611 0.035156 0.091667
1 0.893359 0.424306 0.017969 0.043056
3 0.173047 0.609028 0.346094 0.765278
3 0.587891 0.632639 0.803906 0.731944
3 0.194531 0.361806 0.303125 0.273611
4 0.896094 0.758333 0.195312 0.480556
4 0.753906 0.468056 0.056250 0.144444
4 0.429688 0.336111 0.025000 0.108333
4 0.215625 0.949306 0.046875 0.098611
5 0.383594 0.477083 0.034375 0.012500
5 0.077734 0.420833 0.019531 0.019444
5 0.895703 0.758333 0.192969 0.480556
5 0.388281 0.454861 0.050000 0.015278
5 0.429688 0.333333 0.025000 0.102778
5 0.216406 0.947917 0.048438 0.101389
