0 0.445703 0.456944 0.021094 0.036111
0 0.304688 0.653472 0.065625 0.081944
0 0.391016 0.654167 0.057031 0.080556
0 0.480469 0.374306 0.014063 0.018056
0 0.611719 0.490972 0.035937 0.065278
0 0.466797 0.397917 0.013281 0.015278
0 0.678125 0.609028 0.050000 0.076389
0 0.415234 0.444444 0.021094 0.033333
0 0.439063 0.379167 0.012500 0.016667
0 0.541016 0.372222 0.010156 0.011111
0 0.451953 0.364583 0.011719 0.015278
0 0.465234 0.415278 0.016406 0.022222
0 0.530859 0.400694 0.016406 0.020833
0 0.437891 0.405556 0.014844 0.019444
0 0.203516 0.636806 0.080469 0.090278
0 0.427734 0.388889 0.011719 0.016667
0 0.717969 0.577778 0.051562 0.066667
0 0.664844 0.506944 0.034375 0.044444
0 0.432812 0.422222 0.017188 0.025000
0 0.549219 0.463889 0.025000 0.038889
0 0.475391 0.386806 0.011719 0.015278
0 0.371875 0.453472 0.021875 0.029167
0 0.389062 0.484722 0.029687 0.036111
0 0.566016 0.430556 0.019531 0.027778
0 0.454297 0.386806 0.014844 0.015278
0 0.430859 0.524306 0.032031 0.045833
0 0.487109 0.367361 0.013281 0.023611
0 0.408203 0.413194 0.016406 0.020833
0 0.205078 0.848611 0.110156 0.133333
0 0.568359 0.385417 0.011719 0.015278
0 0.461719 0.374306 0.012500 0.018056
0 0.589063 0.582639 0.043750 0.065278
0 0.521484 0.355556 0.008594 0.011111
0 0.535937 0.361111 0.007812 0.011111
0 0.594531 0.423611 0.015625 0.022222
3 0.759375 0.680556 0.475000 0.630556
3 0.205469 0.636806 0.410938 0.479167
3 0.228906 0.700694 0.457813 0.587500
4 0.646875 0.538889 0.007812 0.011111
4 0.432812 0.713194 0.103125 0.570833
4 0.208984 0.738889 0.024219 0.033333
4 0.275000 0.639583 0.010937 0.018056
4 0.578516 0.503472 0.005469 0.009722
4 0.611719 0.581944 0.006250 0.013889
4 0.350000 0.527778 0.007812 0.011111
4 0.358203 0.632639 0.010156 0.020833
4 0.930469 0.968056 0.045312 0.061111
4 0.315234 0.732639 0.016406 0.031944
4 0.076953 0.940972 0.049219 0.070833
4 0.369922 0.497222 0.007031 0.011111
4 0.404687 0.526389 0.006250 0.011111
4 0.384766 0.570139 0.007031 0.015278
4 0.198828 0.637500 0.397656 0.441667
4 0.777344 0.968056 0.031250 0.061111
4 0.776563 0.623611 0.445312 0.522222
4 0.569531 0.479861 0.004687 0.009722
4 0.421875 0.485417 0.014063 0.029167
4 0.318750 0.573611 0.009375 0.013889
4 0.591016 0.535417 0.007031 0.012500
4 0.637891 0.645139 0.011719 0.023611
4 0.788672 0.752778 0.024219 0.036111
4 0.503906 0.684028 0.240625 0.629167
4 0.684375 0.752083 0.018750 0.037500
4 0.235547 0.922222 0.032031 0.063889
4 0.720703 0.650694 0.014844 0.020833
5 0.646875 0.538889 0.007812 0.011111
5 0.433203 0.710417 0.103906 0.576389
5 0.777344 0.968056 0.031250 0.061111
5 0.404687 0.526389 0.006250 0.011111
5 0.208984 0.738889 0.024219 0.033333
5 0.275000 0.639583 0.010937 0.018056
5 0.578516 0.503472 0.005469 0.009722
5 0.611719 0.582639 0.006250 0.012500
5 0.350000 0.527778 0.007812 0.011111
5 0.358203 0.632639 0.010156 0.020833
5 0.930078 0.968056 0.044531 0.061111
5 0.315625 0.732639 0.015625 0.031944
5 0.076953 0.940972 0.049219 0.070833
5 0.369922 0.497222 0.007031 0.011111
5 0.384766 0.570833 0.007031 0.013889
5 0.198828 0.637500 0.397656 0.438889
5 0.777734 0.625000 0.442969 0.519444
5 0.569141 0.479167 0.003906 0.008333
5 0.421875 0.485417 0.014063 0.029167
5 0.318750 0.573611 0.009375 0.013889
5 0.591406 0.535417 0.006250 0.012500
5 0.637891 0.644444 0.011719 0.022222
5 0.788672 0.752778 0.024219 0.036111
5 0.568359 0.684722 0.111719 0.627778
5 0.684375 0.752083 0.018750 0.037500
5 0.235156 0.922222 0.031250 0.063889
5 0.720703 0.650694 0.014844 0.020833
