0 0.319141 0.481944 0.061719 0.127778
0 0.372266 0.097222 0.019531 0.033333
0 0.388672 0.140278 0.025781 0.038889
0 0.239844 0.156944 0.029687 0.055556
0 0.039844 0.938889 0.079687 0.119444
0 0.165234 0.614583 0.102344 0.206944
0 0.321875 0.038889 0.015625 0.027778
0 0.326172 0.073611 0.017969 0.033333
0 0.292187 0.023611 0.017188 0.033333
0 0.356641 0.046528 0.021094 0.040278
0 0.291406 0.094444 0.034375 0.063889
0 0.246094 0.369444 0.060937 0.102778
0 0.434375 0.249306 0.035937 0.062500
0 0.408984 0.182639 0.032031 0.048611
0 0.480469 0.418750 0.054688 0.109722
0 0.340234 0.192361 0.060156 0.173611
0 0.314453 0.010417 0.013281 0.020833
0 0.383984 0.109722 0.024219 0.044444
0 0.486328 0.817361 0.146094 0.362500
0 0.371875 0.072222 0.018750 0.022222
0 0.193750 0.959028 0.104688 0.079167
3 0.800781 0.727778 0.392188 0.541667
3 0.195703 0.518056 0.385156 0.952778
3 0.656250 0.506250 0.581250 0.976389
3 0.443359 0.497222 0.260156 0.994444
4 0.688281 0.575694 0.070312 0.134722
4 0.854297 0.427778 0.061719 0.072222
4 0.765234 0.486806 0.091406 0.087500
4 0.905469 0.389583 0.059375 0.079167
4 0.813281 0.456944 0.070312 0.083333
4 0.269141 0.495139 0.014844 0.045833
4 0.582422 0.508333 0.061719 0.066667
4 0.761328 0.715972 0.342969 0.565278
4 0.312109 0.320139 0.005469 0.023611
4 0.667578 0.702083 0.039844 0.162500
4 0.133984 0.917361 0.046094 0.134722
4 0.223047 0.648611 0.024219 0.069444
4 0.754687 0.506250 0.076563 0.093056
4 0.298047 0.391667 0.010156 0.030556
4 0.711719 0.549306 0.075000 0.115278
4 0.887500 0.403472 0.059375 0.073611
4 0.601953 0.840972 0.049219 0.048611
4 0.785547 0.478472 0.089844 0.104167
4 0.564063 0.482639 0.037500 0.045833
4 0.551562 0.427083 0.035937 0.045833
4 0.832422 0.441667 0.067969 0.077778
4 0.735156 0.525000 0.076563 0.100000
4 0.869141 0.415278 0.061719 0.077778
4 0.675391 0.628472 0.060156 0.162500
5 0.743750 0.659722 0.407813 0.638889
7 0.745313 0.654861 0.407813 0.631944
7 0.663672 0.516667 0.571094 0.927778
