0 0.750391 0.514583 0.027344 0.031944
0 0.233203 0.709722 0.071094 0.041667
0 0.712500 0.483333 0.028125 0.038889
0 0.148828 0.657639 0.071094 0.031944
0 0.534766 0.555556 0.046094 0.058333
0 0.735547 0.448611 0.027344 0.038889
0 0.721875 0.466667 0.031250 0.047222
0 0.712891 0.790972 0.050781 0.123611
0 0.555078 0.619444 0.049219 0.072222
0 0.194531 0.604861 0.034375 0.045833
0 0.859375 0.715278 0.110937 0.088889
0 0.334766 0.684028 0.080469 0.059722
0 0.400000 0.952778 0.110937 0.091667
0 0.260156 0.650694 0.079687 0.115278
0 0.065234 0.754167 0.075781 0.055556
0 0.335156 0.527778 0.071875 0.063889
0 0.511719 0.728472 0.065625 0.068056
0 0.166016 0.747222 0.075781 0.072222
0 0.522266 0.680556 0.042969 0.072222
0 0.803516 0.800694 0.083594 0.137500
0 0.625781 0.601389 0.045312 0.072222
0 0.551172 0.476389 0.028906 0.038889
0 0.368359 0.728472 0.050781 0.056944
0 0.522656 0.527083 0.029687 0.037500
0 0.030859 0.932639 0.061719 0.123611
0 0.276172 0.618750 0.053906 0.059722
0 0.332422 0.704167 0.119531 0.052778
0 0.072656 0.693750 0.048438 0.065278
0 0.231250 0.909722 0.098437 0.125000
0 0.787891 0.593750 0.033594 0.076389
0 0.358594 0.475000 0.025000 0.033333
0 0.237891 0.733333 0.069531 0.052778
0 0.585156 0.834028 0.057813 0.126389
0 0.615625 0.787500 0.064062 0.113889
0 0.053516 0.829167 0.107031 0.116667
0 0.395703 0.504167 0.022656 0.050000
0 0.576562 0.513194 0.029687 0.040278
0 0.193359 0.845139 0.091406 0.101389
0 0.573047 0.531944 0.035156 0.077778
0 0.030078 0.747917 0.060156 0.079167
0 0.506250 0.646528 0.051562 0.112500
0 0.276172 0.740278 0.050781 0.044444
0 0.738672 0.496528 0.022656 0.051389
0 0.594922 0.438889 0.021094 0.027778
0 0.159766 0.693750 0.097656 0.068056
0 0.719922 0.932639 0.099219 0.131944
0 0.725781 0.663194 0.060937 0.079167
0 0.642188 0.379167 0.021875 0.025000
0 0.193750 0.647222 0.054688 0.055556
0 0.525781 0.569444 0.045312 0.041667
0 0.657031 0.414583 0.025000 0.034722
0 0.128516 0.948611 0.144531 0.100000
0 0.758203 0.536806 0.055469 0.062500
0 0.879297 0.968750 0.072656 0.059722
0 0.692578 0.552778 0.060156 0.144444
0 0.744141 0.437500 0.042969 0.047222
0 0.666797 0.685417 0.058594 0.095833
0 0.577344 0.686806 0.046875 0.093056
0 0.535156 0.503472 0.029687 0.043056
0 0.914453 0.625694 0.114844 0.070833
0 0.781641 0.871528 0.089844 0.151389
0 0.677344 0.861806 0.076563 0.134722
0 0.171484 0.795833 0.080469 0.108333
0 0.637109 0.411806 0.016406 0.029167
0 0.580469 0.581250 0.039062 0.087500
0 0.391797 0.474306 0.025781 0.031944
0 0.512500 0.807639 0.076563 0.118056
0 0.601172 0.710417 0.060156 0.112500
0 0.633984 0.537500 0.053906 0.125000
0 0.673438 0.741667 0.046875 0.102778
0 0.647656 0.433333 0.023438 0.052778
0 0.129688 0.887500 0.085938 0.058333
0 0.599219 0.518056 0.017188 0.050000
0 0.739062 0.561111 0.029687 0.066667
0 0.537109 0.936111 0.096094 0.125000
0 0.692969 0.429861 0.040625 0.079167
0 0.351562 0.645139 0.132812 0.068056
0 0.562500 0.433333 0.020313 0.038889
0 0.607031 0.368056 0.021875 0.030556
0 0.432031 0.509722 0.017188 0.044444
0 0.229297 0.791667 0.071094 0.069444
1 0.461328 0.612500 0.013281 0.066667
1 0.065625 0.616667 0.015625 0.050000
1 0.954297 0.765972 0.022656 0.101389
1 0.906641 0.871528 0.036719 0.148611
1 0.985156 0.872917 0.025000 0.134722
1 0.975000 0.809722 0.021875 0.116667
1 0.490625 0.587500 0.012500 0.041667
1 0.117188 0.579167 0.015625 0.033333
1 0.857812 0.584722 0.010937 0.069444
1 0.988672 0.976389 0.021094 0.044444
1 0.949219 0.875000 0.025000 0.138889
3 0.687500 0.789583 0.529687 0.418056
3 0.314453 0.575694 0.202344 0.170833
4 0.459375 0.740972 0.043750 0.012500
4 0.441406 0.855556 0.045312 0.100000
4 0.458203 0.694444 0.050781 0.061111
4 0.880859 0.829167 0.163281 0.338889
5 0.458984 0.740278 0.042969 0.011111
5 0.441406 0.855556 0.043750 0.100000
5 0.457813 0.695139 0.050000 0.059722
5 0.881250 0.830556 0.162500 0.336111
