0 0.510156 0.290278 0.035937 0.097222
0 0.448437 0.248611 0.018750 0.030556
0 0.612500 0.436111 0.053125 0.077778
0 0.050781 0.831944 0.101562 0.286111
0 0.246094 0.751389 0.248438 0.236111
0 0.541406 0.383333 0.064062 0.172222
0 0.503125 0.227778 0.028125 0.038889
0 0.500781 0.212500 0.032813 0.069444
0 0.585938 0.384722 0.025000 0.058333
1 0.569531 0.348611 0.014063 0.080556
1 0.599219 0.375000 0.014063 0.038889
3 0.878906 0.631944 0.239063 0.158333
3 0.142187 0.800000 0.275000 0.388889
3 0.094531 0.683333 0.189062 0.150000
3 0.564844 0.323611 0.192188 0.375000
3 0.512500 0.552778 0.346875 0.088889
3 0.418750 0.350000 0.137500 0.338889
3 0.516406 0.756944 0.964063 0.475000
4 0.877344 0.643056 0.242188 0.141667
4 0.232031 0.573611 0.032813 0.047222
4 0.596875 0.537500 0.018750 0.041667
4 0.373437 0.554167 0.012500 0.041667
4 0.606250 0.536111 0.018750 0.038889
4 0.635938 0.533333 0.021875 0.038889
4 0.566406 0.538889 0.017188 0.038889
4 0.416406 0.516667 0.135937 0.022222
4 0.489844 0.544444 0.010937 0.038889
4 0.674219 0.530556 0.023438 0.038889
4 0.645312 0.531944 0.021875 0.036111
4 0.591406 0.493056 0.139063 0.019444
5 0.515625 0.543056 0.337500 0.063889
7 0.516406 0.544444 0.339062 0.066667
7 0.172656 0.770833 0.214062 0.325000
