0 0.346094 0.808333 0.220312 0.166667
0 0.769531 0.752778 0.157812 0.127778
0 0.009375 0.576389 0.018750 0.075000
0 0.393750 0.365278 0.084375 0.175000
0 0.682813 0.918056 0.140625 0.152778
0 0.487500 0.019444 0.059375 0.038889
3 0.764844 0.497222 0.460938 0.988889
3 0.060937 0.620833 0.121875 0.397222
3 0.218750 0.722222 0.409375 0.538889
3 0.220312 0.573611 0.409375 0.836111
3 0.557031 0.501389 0.354687 0.980556
3 0.514062 0.500000 0.446875 0.988889
4 0.871094 0.387500 0.254688 0.436111
4 0.987500 0.748611 0.012500 0.019444
4 0.210938 0.630556 0.212500 0.311111
4 0.401562 0.319444 0.053125 0.538889
4 0.968750 0.473611 0.028125 0.191667
5 0.871875 0.387500 0.253125 0.430556
5 0.875000 0.906944 0.090625 0.180556
5 0.210938 0.630556 0.212500 0.311111
5 0.420312 0.522222 0.015625 0.133333
5 0.392969 0.162500 0.035937 0.225000
5 0.968750 0.470833 0.028125 0.186111
5 0.761719 0.908333 0.045312 0.172222
5 0.404687 0.383333 0.059375 0.716667
