0 0.701172 0.290278 0.053906 0.066667
0 0.542578 0.369444 0.049219 0.036111
0 0.586328 0.516667 0.024219 0.066667
0 0.183203 0.497917 0.082031 0.051389
0 0.613672 0.289583 0.028906 0.031944
0 0.327344 0.835417 0.148438 0.256944
0 0.526953 0.338889 0.038281 0.036111
0 0.535937 0.285417 0.034375 0.029167
0 0.739844 0.497917 0.046875 0.093056
0 0.566797 0.270139 0.025781 0.040278
0 0.607031 0.379861 0.031250 0.045833
0 0.348828 0.302778 0.063281 0.041667
0 0.790625 0.884722 0.117188 0.191667
0 0.314063 0.288889 0.021875 0.052778
0 0.484766 0.377778 0.041406 0.050000
0 0.244922 0.418750 0.047656 0.054167
0 0.268750 0.531944 0.139063 0.063889
0 0.433984 0.950694 0.146094 0.095833
0 0.651953 0.316667 0.033594 0.050000
0 0.022266 0.518056 0.044531 0.052778
0 0.119531 0.583333 0.071875 0.091667
0 0.348047 0.283333 0.019531 0.033333
0 0.110156 0.540278 0.078125 0.063889
0 0.183594 0.529861 0.070312 0.056944
0 0.614453 0.334722 0.041406 0.061111
0 0.210938 0.355556 0.028125 0.063889
0 0.722656 0.474306 0.037500 0.095833
0 0.266797 0.509722 0.163281 0.080556
0 0.526563 0.309722 0.032813 0.030556
0 0.297656 0.470833 0.123438 0.041667
0 0.338281 0.344444 0.040625 0.050000
0 0.099219 0.427778 0.037500 0.063889
0 0.881250 0.706944 0.035937 0.088889
0 0.166406 0.705556 0.079687 0.122222
0 0.689063 0.235417 0.035937 0.037500
0 0.774219 0.487500 0.018750 0.061111
0 0.301953 0.274306 0.022656 0.037500
0 0.219531 0.536111 0.048438 0.038889
0 0.551953 0.689583 0.091406 0.145833
0 0.828516 0.713889 0.033594 0.075000
0 0.073828 0.791667 0.147656 0.191667
0 0.489453 0.306250 0.025781 0.043056
0 0.553516 0.324306 0.030469 0.048611
0 0.428906 0.418750 0.082812 0.095833
0 0.153516 0.397222 0.013281 0.041667
0 0.104688 0.500694 0.100000 0.090278
0 0.139453 0.642361 0.091406 0.104167
0 0.470313 0.353472 0.040625 0.034722
0 0.740625 0.411111 0.035937 0.077778
0 0.016016 0.674306 0.032031 0.073611
0 0.625000 0.197917 0.034375 0.043056
0 0.187109 0.484028 0.086719 0.076389
0 0.175781 0.588194 0.073438 0.073611
0 0.580469 0.326389 0.025000 0.058333
0 0.589453 0.170139 0.022656 0.020833
0 0.650391 0.467361 0.096094 0.223611
0 0.470703 0.329861 0.036719 0.023611
0 0.784766 0.739583 0.035156 0.093056
0 0.503516 0.342361 0.022656 0.048611
0 0.044141 0.603472 0.088281 0.115278
0 0.051172 0.912500 0.102344 0.172222
0 0.842969 0.949306 0.176563 0.098611
0 0.567969 0.352778 0.029687 0.061111
0 0.718359 0.388194 0.036719 0.076389
0 0.578125 0.440278 0.043750 0.108333
0 0.575000 0.230556 0.012500 0.036111
0 0.473828 0.311111 0.032031 0.022222
0 0.818750 0.506944 0.084375 0.097222
0 0.737500 0.606944 0.054688 0.133333
0 0.717187 0.788889 0.103125 0.163889
0 0.532422 0.179861 0.024219 0.031944
0 0.467578 0.643056 0.082031 0.127778
0 0.504297 0.488889 0.113281 0.222222
0 0.606641 0.277778 0.030469 0.050000
0 0.682031 0.267361 0.021875 0.040278
0 0.535547 0.272222 0.033594 0.047222
0 0.594922 0.239583 0.032031 0.059722
0 0.074219 0.679861 0.084375 0.056944
0 0.588672 0.307639 0.028906 0.062500
0 0.684766 0.332639 0.038281 0.048611
0 0.634375 0.329167 0.018750 0.044444
0 0.586328 0.842361 0.116406 0.187500
0 0.650000 0.254167 0.042188 0.102778
0 0.321094 0.430556 0.179688 0.094444
0 0.509766 0.271528 0.019531 0.043056
0 0.564453 0.197917 0.028906 0.062500
0 0.378906 0.302083 0.015625 0.034722
0 0.487891 0.263194 0.028906 0.043056
1 0.887109 0.500694 0.016406 0.090278
1 0.066016 0.422917 0.014844 0.029167
1 0.706250 0.518056 0.015625 0.100000
1 0.989453 0.809028 0.019531 0.162500
1 0.019531 0.461806 0.012500 0.062500
1 0.950000 0.681250 0.029687 0.151389
1 0.821094 0.459028 0.018750 0.034722
1 0.117578 0.344444 0.014844 0.030556
1 0.004297 0.423611 0.008594 0.030556
1 0.853516 0.669444 0.028906 0.138889
1 0.082422 0.365278 0.013281 0.030556
1 0.896484 0.569444 0.022656 0.086111
1 0.032422 0.451389 0.016406 0.072222
1 0.982812 0.741667 0.025000 0.144444
1 0.007422 0.466667 0.014844 0.058333
1 0.919922 0.539583 0.019531 0.056944
1 0.928906 0.570833 0.021875 0.088889
1 0.825781 0.679861 0.032813 0.145833
1 0.889453 0.670139 0.032031 0.140278
1 0.069531 0.370833 0.012500 0.030556
1 0.792188 0.468056 0.018750 0.055556
1 0.901172 0.515278 0.022656 0.069444
1 0.916797 0.638889 0.024219 0.136111
1 0.925391 0.672917 0.016406 0.131944
3 0.245703 0.601389 0.272656 0.597222
3 0.251172 0.381250 0.261719 0.156944
3 0.610938 0.727083 0.756250 0.543056
4 0.416406 0.539583 0.062500 0.015278
4 0.320703 0.800694 0.178906 0.395833
4 0.901953 0.787500 0.175781 0.422222
4 0.191797 0.381250 0.146094 0.115278
4 0.407422 0.515972 0.055469 0.015278
5 0.406250 0.515278 0.054688 0.013889
5 0.320703 0.801389 0.178906 0.394444
5 0.901563 0.787500 0.173437 0.422222
5 0.192969 0.380556 0.146875 0.113889
5 0.416016 0.538889 0.061719 0.013889
