0 0.412500 0.172222 0.035937 0.072222
0 0.291797 0.052778 0.017969 0.027778
0 0.326172 0.054167 0.017969 0.027778
0 0.296875 0.085417 0.007812 0.029167
0 0.268750 0.699306 0.090625 0.209722
0 0.082031 0.785417 0.164062 0.426389
0 0.244141 0.421528 0.069531 0.126389
0 0.458984 0.297917 0.044531 0.081944
0 0.240234 0.156250 0.028906 0.054167
0 0.332031 0.105556 0.023438 0.038889
0 0.341016 0.213889 0.041406 0.086111
0 0.316406 0.004861 0.012500 0.009722
0 0.315625 0.454167 0.084375 0.247222
0 0.498828 0.595139 0.075781 0.209722
0 0.389062 0.102083 0.037500 0.068056
0 0.292969 0.128472 0.026562 0.056944
1 0.297266 0.081944 0.007031 0.025000
3 0.802344 0.727083 0.393750 0.543056
3 0.258594 0.502083 0.264062 0.993056
3 0.657422 0.511806 0.575781 0.948611
3 0.450000 0.499306 0.243750 0.990278
4 0.783203 0.486111 0.089844 0.086111
4 0.223047 0.648611 0.022656 0.069444
4 0.712109 0.547917 0.074219 0.115278
4 0.813281 0.456250 0.070312 0.081944
5 0.742578 0.654167 0.408594 0.627778
7 0.744141 0.652778 0.407031 0.625000
7 0.678125 0.527778 0.540625 0.894444
