0 0.656250 0.384028 0.014583 0.015278
0 0.686458 0.478472 0.018750 0.023611
0 0.580729 0.420139 0.011458 0.015278
0 0.621875 0.397222 0.018750 0.016667
0 0.678125 0.361806 0.014583 0.009722
0 0.704167 0.699306 0.054167 0.048611
0 0.459375 0.412500 0.020833 0.019444
0 0.564063 0.422222 0.015625 0.016667
0 0.602604 0.408333 0.015625 0.016667
0 0.552604 0.579861 0.040625 0.034722
0 0.657813 0.433333 0.015625 0.016667
0 0.662500 0.405556 0.012500 0.013889
1 0.657292 0.622222 0.006250 0.025000
3 0.709375 0.486111 0.068750 0.072222
4 0.515104 0.597917 0.011458 0.215278
5 0.790625 0.604861 0.147917 0.084722
5 0.515104 0.597917 0.011458 0.215278
5 0.583854 0.597917 0.028125 0.018056
5 0.506250 0.562500 0.310417 0.038889
5 0.768750 0.820139 0.402083 0.187500
5 0.477604 0.627778 0.009375 0.008333
5 0.450521 0.536111 0.017708 0.019444
5 0.509375 0.606250 0.008333 0.006944
5 0.494271 0.615972 0.009375 0.006944
5 0.784896 0.659028 0.021875 0.009722
5 0.560937 0.610417 0.028125 0.023611
5 0.606250 0.643056 0.020833 0.013889
5 0.354167 0.760417 0.056250 0.034722
5 0.460417 0.639583 0.010417 0.009722
5 0.432292 0.645833 0.177083 0.133333
5 0.721875 0.631250 0.020833 0.009722
5 0.422917 0.538889 0.158333 0.091667
5 0.792188 0.637500 0.023958 0.011111
5 0.622917 0.621528 0.018750 0.012500
5 0.596354 0.609722 0.153125 0.202778
5 0.280729 0.490278 0.013542 0.011111
5 0.591667 0.518750 0.160417 0.062500
5 0.733333 0.613194 0.020833 0.009722
5 0.430729 0.565972 0.159375 0.031944
