0 0.445703 0.477083 0.024219 0.034722
0 0.478906 0.380556 0.010937 0.013889
0 0.524219 0.371528 0.009375 0.015278
0 0.646875 0.770833 0.078125 0.147222
0 0.556250 0.372222 0.010937 0.013889
0 0.412500 0.452083 0.023438 0.029167
0 0.285938 0.539583 0.053125 0.076389
0 0.438672 0.409028 0.014844 0.020833
0 0.425391 0.375000 0.030469 0.052778
0 0.346875 0.484028 0.031250 0.037500
0 0.625391 0.540278 0.038281 0.052778
0 0.145703 0.701389 0.080469 0.086111
0 0.663281 0.507639 0.034375 0.045833
0 0.545703 0.456944 0.021094 0.033333
0 0.450000 0.390278 0.018750 0.033333
0 0.384375 0.411806 0.045312 0.079167
0 0.348047 0.551389 0.050781 0.080556
0 0.581250 0.402083 0.015625 0.020833
0 0.534766 0.351389 0.007031 0.013889
0 0.412891 0.406944 0.011719 0.022222
0 0.391016 0.489583 0.028906 0.037500
0 0.102344 0.953472 0.156250 0.090278
0 0.526563 0.387500 0.012500 0.016667
0 0.536719 0.363194 0.007812 0.015278
0 0.465625 0.410417 0.015625 0.020833
0 0.537500 0.425000 0.020313 0.025000
0 0.471875 0.394444 0.012500 0.016667
0 0.448828 0.368750 0.013281 0.023611
0 0.426172 0.513194 0.028906 0.045833
0 0.568750 0.429861 0.018750 0.026389
0 0.490234 0.360417 0.014844 0.023611
0 0.569141 0.387500 0.011719 0.016667
0 0.551953 0.398611 0.014844 0.019444
0 0.344922 0.827778 0.088281 0.141667
0 0.460547 0.370833 0.010156 0.016667
0 0.471484 0.349306 0.011719 0.015278
3 0.791797 0.643056 0.414844 0.486111
3 0.179688 0.650694 0.359375 0.409722
3 0.766016 0.706250 0.461719 0.576389
3 0.649219 0.721528 0.239063 0.548611
3 0.237109 0.708333 0.474219 0.572222
3 0.730469 0.727778 0.393750 0.536111
3 0.338672 0.710417 0.267969 0.570833
4 0.796875 0.650694 0.404687 0.468056
4 0.676562 0.584028 0.010937 0.015278
4 0.626563 0.506944 0.007812 0.011111
4 0.384766 0.570833 0.007031 0.013889
4 0.646484 0.538889 0.008594 0.013889
4 0.434375 0.708333 0.106250 0.580556
4 0.578516 0.504167 0.005469 0.008333
4 0.369922 0.497222 0.007031 0.008333
4 0.315625 0.732639 0.015625 0.031944
4 0.208984 0.738889 0.024219 0.033333
4 0.569141 0.480556 0.003906 0.008333
4 0.357812 0.632639 0.010937 0.020833
4 0.182031 0.655556 0.364063 0.405556
4 0.777344 0.968056 0.031250 0.061111
4 0.720703 0.650000 0.016406 0.022222
4 0.318750 0.573611 0.009375 0.013889
4 0.276172 0.638194 0.014844 0.020833
4 0.930078 0.968056 0.044531 0.061111
4 0.591016 0.535417 0.007031 0.012500
4 0.637891 0.645139 0.011719 0.023611
4 0.788281 0.752778 0.025000 0.036111
4 0.609766 0.579861 0.008594 0.015278
4 0.598437 0.463194 0.004687 0.006944
4 0.503516 0.706250 0.241406 0.584722
4 0.610547 0.482639 0.005469 0.009722
4 0.404297 0.525000 0.005469 0.011111
4 0.235156 0.922222 0.031250 0.063889
4 0.683984 0.752083 0.019531 0.037500
5 0.796484 0.650694 0.405469 0.468056
5 0.208594 0.738889 0.023438 0.033333
5 0.434375 0.709028 0.106250 0.579167
5 0.676562 0.584028 0.010937 0.015278
5 0.561328 0.461111 0.003906 0.005556
5 0.610547 0.481944 0.005469 0.008333
5 0.384766 0.570833 0.007031 0.013889
5 0.646484 0.538889 0.008594 0.013889
5 0.578516 0.504167 0.005469 0.008333
5 0.052734 0.795139 0.105469 0.123611
5 0.369922 0.497222 0.007031 0.008333
5 0.315234 0.732639 0.014844 0.031944
5 0.637891 0.645139 0.011719 0.023611
5 0.569141 0.479861 0.003906 0.006944
5 0.182031 0.654861 0.364063 0.404167
5 0.357812 0.632639 0.010937 0.020833
5 0.777344 0.968056 0.031250 0.061111
5 0.720313 0.650000 0.015625 0.022222
5 0.318750 0.574306 0.009375 0.012500
5 0.588672 0.448611 0.003906 0.005556
5 0.426953 0.472917 0.003906 0.006944
5 0.276172 0.638194 0.014844 0.020833
5 0.930078 0.968056 0.044531 0.061111
5 0.591016 0.535417 0.007031 0.012500
5 0.434375 0.456250 0.004687 0.006944
5 0.788281 0.752778 0.025000 0.036111
5 0.609766 0.579861 0.008594 0.015278
5 0.598437 0.463194 0.004687 0.006944
5 0.503906 0.716667 0.240625 0.563889
5 0.626172 0.507639 0.007031 0.009722
5 0.404297 0.525000 0.005469 0.011111
5 0.235156 0.922222 0.031250 0.063889
5 0.683984 0.752083 0.019531 0.037500
