0 0.360547 0.050694 0.017969 0.029167
0 0.238281 0.156944 0.025000 0.055556
0 0.299609 0.117361 0.024219 0.037500
0 0.296094 0.005556 0.007812 0.011111
0 0.295312 0.061111 0.017188 0.030556
0 0.339062 0.191667 0.031250 0.052778
0 0.152734 0.942361 0.130469 0.112500
0 0.257031 0.277083 0.106250 0.295833
0 0.421094 0.181944 0.034375 0.066667
0 0.317969 0.013194 0.015625 0.026389
0 0.504687 0.706250 0.070312 0.220833
0 0.329688 0.065972 0.025000 0.062500
0 0.345703 0.013889 0.016406 0.027778
3 0.659766 0.504167 0.574219 0.958333
3 0.801172 0.727083 0.392969 0.543056
3 0.194531 0.511806 0.389062 0.973611
3 0.455469 0.513194 0.234375 0.962500
4 0.298438 0.390972 0.009375 0.029167
4 0.689063 0.575000 0.070312 0.133333
4 0.904687 0.392361 0.057813 0.070833
4 0.766797 0.711806 0.352344 0.573611
4 0.854297 0.427778 0.061719 0.072222
4 0.557031 0.453472 0.037500 0.045833
4 0.150391 0.867361 0.014844 0.037500
4 0.667969 0.702083 0.039062 0.162500
4 0.223438 0.648611 0.023438 0.069444
4 0.796875 0.470139 0.068750 0.084722
4 0.755078 0.504861 0.075781 0.093056
4 0.269922 0.494444 0.014844 0.044444
4 0.775000 0.486806 0.073438 0.087500
4 0.712109 0.548611 0.074219 0.113889
4 0.832422 0.441667 0.067969 0.077778
4 0.561719 0.472917 0.043750 0.065278
4 0.887500 0.402778 0.059375 0.072222
4 0.676172 0.627778 0.060156 0.161111
4 0.734766 0.524306 0.075781 0.098611
4 0.869922 0.413889 0.061719 0.077778
4 0.813281 0.456250 0.070312 0.081944
5 0.744922 0.636111 0.405469 0.591667
7 0.745703 0.637500 0.407031 0.597222
7 0.662891 0.507639 0.572656 0.918056
