0 0.196094 0.952778 0.146875 0.091667
0 0.768359 0.394444 0.060156 0.050000
0 0.508594 0.705556 0.101562 0.108333
0 0.639844 0.254167 0.040625 0.027778
0 0.621094 0.470833 0.165625 0.222222
0 0.744141 0.471528 0.085156 0.076389
0 0.575000 0.327778 0.039062 0.030556
0 0.573047 0.290278 0.038281 0.050000
0 0.755469 0.577778 0.103125 0.086111
0 0.555859 0.195139 0.022656 0.023611
0 0.709375 0.320833 0.032813 0.036111
0 0.455859 0.168750 0.019531 0.023611
0 0.875000 0.566667 0.098437 0.122222
0 0.455078 0.513889 0.055469 0.088889
0 0.418359 0.308333 0.035156 0.058333
0 0.383984 0.929167 0.142969 0.136111
0 0.087500 0.767361 0.175000 0.198611
0 0.471094 0.424306 0.060937 0.079167
0 0.331641 0.570833 0.063281 0.094444
0 0.443750 0.213889 0.018750 0.047222
0 0.437109 0.580556 0.074219 0.108333
0 0.294531 0.631250 0.123438 0.187500
0 0.486719 0.450694 0.054688 0.062500
0 0.673047 0.297222 0.022656 0.036111
0 0.712891 0.425694 0.025781 0.043056
0 0.532422 0.250000 0.030469 0.058333
0 0.392188 0.313194 0.029687 0.037500
0 0.734375 0.730556 0.104688 0.216667
0 0.480078 0.260417 0.035156 0.045833
0 0.938281 0.709722 0.121875 0.152778
0 0.406641 0.672917 0.089844 0.287500
0 0.673438 0.276389 0.026562 0.041667
0 0.426563 0.220833 0.020313 0.044444
0 0.491406 0.372222 0.021875 0.036111
0 0.528516 0.825000 0.127344 0.213889
0 0.646094 0.837500 0.103125 0.222222
0 0.182812 0.873611 0.085938 0.177778
0 0.455469 0.308333 0.039062 0.069444
0 0.525000 0.289583 0.028125 0.029167
0 0.707422 0.348611 0.036719 0.027778
0 0.366406 0.456944 0.132812 0.230556
0 0.703125 0.921528 0.170313 0.154167
0 0.524219 0.320833 0.039062 0.041667
0 0.803906 0.463889 0.076563 0.066667
0 0.603906 0.256250 0.046875 0.045833
0 0.395313 0.349306 0.031250 0.079167
0 0.570312 0.256250 0.042188 0.043056
0 0.423438 0.446528 0.040625 0.090278
0 0.358594 0.641667 0.068750 0.108333
0 0.588281 0.302778 0.034375 0.052778
0 0.680078 0.335417 0.036719 0.045833
0 0.510156 0.310417 0.037500 0.045833
0 0.873828 0.788194 0.127344 0.184722
0 0.542578 0.290278 0.025781 0.052778
0 0.443359 0.279861 0.027344 0.026389
0 0.175000 0.949306 0.173437 0.098611
0 0.783594 0.429861 0.070312 0.059722
0 0.952344 0.901389 0.093750 0.194444
0 0.576562 0.352083 0.039062 0.020833
0 0.511328 0.168056 0.016406 0.030556
0 0.648047 0.594444 0.097656 0.113889
0 0.546875 0.401389 0.096875 0.108333
0 0.518359 0.252778 0.025781 0.052778
0 0.840625 0.514583 0.075000 0.104167
0 0.817969 0.648611 0.096875 0.130556
0 0.597266 0.670833 0.107031 0.136111
0 0.605078 0.125000 0.042969 0.055556
0 0.512109 0.339583 0.042969 0.034722
0 0.739844 0.368750 0.046875 0.051389
0 0.462109 0.181250 0.019531 0.026389
0 0.458984 0.654167 0.083594 0.122222
0 0.672656 0.230556 0.026562 0.083333
0 0.525391 0.529861 0.086719 0.140278
0 0.635156 0.315278 0.056250 0.097222
0 0.555469 0.215972 0.025000 0.034722
0 0.685937 0.377778 0.071875 0.041667
0 0.688672 0.291667 0.032031 0.041667
0 0.444141 0.375694 0.071094 0.070833
0 0.493750 0.179861 0.017188 0.034722
0 0.330469 0.870833 0.131250 0.205556
0 0.755859 0.518750 0.097656 0.084722
0 0.698047 0.657639 0.099219 0.137500
0 0.530078 0.179861 0.027344 0.054167
1 0.165625 0.609028 0.025000 0.076389
1 0.205859 0.617361 0.016406 0.120833
1 0.181641 0.489583 0.017969 0.087500
1 0.012500 0.646528 0.020313 0.048611
1 0.224219 0.490972 0.017188 0.093056
1 0.178516 0.586111 0.021094 0.105556
1 0.273047 0.352083 0.013281 0.034722
1 0.288672 0.364583 0.016406 0.073611
1 0.157812 0.509722 0.015625 0.080556
1 0.053516 0.847917 0.032031 0.226389
1 0.121875 0.620139 0.020313 0.104167
1 0.215625 0.556944 0.023438 0.091667
1 0.202734 0.486111 0.021094 0.080556
1 0.280078 0.400000 0.016406 0.069444
1 0.024219 0.983333 0.023438 0.030556
1 0.267188 0.472917 0.018750 0.101389
1 0.233984 0.440972 0.016406 0.106944
1 0.195703 0.585417 0.014844 0.120833
1 0.320703 0.300000 0.014844 0.061111
3 0.516406 0.570833 0.846875 0.855556
4 0.837109 0.911111 0.011719 0.041667
4 0.453516 0.823611 0.010156 0.027778
4 0.396875 0.586111 0.014063 0.030556
4 0.810937 0.790972 0.007812 0.026389
5 0.453516 0.823611 0.010156 0.027778
5 0.837109 0.911111 0.011719 0.041667
5 0.810937 0.790278 0.007812 0.025000
