0 0.364063 0.363889 0.043750 0.077778
0 0.388281 0.172222 0.014063 0.016667
1 0.246094 0.305556 0.004687 0.033333
3 0.689063 0.641667 0.443750 0.655556
3 0.521094 0.616667 0.364063 0.744444
3 0.179688 0.769444 0.187500 0.450000
3 0.523438 0.613889 0.775000 0.755556
3 0.535937 0.616667 0.334375 0.744444
3 0.539062 0.304167 0.262500 0.252778
4 0.464062 0.363889 0.012500 0.022222
4 0.641406 0.431944 0.023438 0.025000
5 0.862500 0.519444 0.103125 0.083333
5 0.507812 0.461111 0.290625 0.083333
5 0.170313 0.795833 0.168750 0.402778
7 0.862500 0.519444 0.103125 0.083333
7 0.508594 0.461111 0.292187 0.083333
7 0.170313 0.795833 0.168750 0.402778
