0 0.703646 0.293056 0.057292 0.086111
0 0.913542 0.244907 0.018750 0.063889
0 0.773698 0.257407 0.025521 0.055556
0 0.949740 0.199074 0.027604 0.040741
0 0.861979 0.193519 0.022917 0.029630
0 0.807031 0.280093 0.054688 0.084259
0 0.802604 0.217593 0.022917 0.031481
0 0.934635 0.250926 0.047396 0.077778
0 0.745052 0.255556 0.042188 0.068519
0 0.027865 0.506481 0.024479 0.025926
0 0.007292 0.646296 0.014583 0.105556
0 0.600260 0.259722 0.040104 0.069444
0 0.792708 0.423148 0.075000 0.107407
0 0.951562 0.262963 0.050000 0.072222
0 0.682552 0.352778 0.064062 0.092593
0 0.552083 0.273148 0.048958 0.074074
0 0.577344 0.270370 0.023438 0.070370
0 0.026562 0.687037 0.053125 0.187037
0 0.993229 0.225000 0.012500 0.083333
0 0.679688 0.190741 0.043750 0.064815
0 0.428385 0.374537 0.069271 0.110185
0 0.680729 0.257407 0.033333 0.055556
0 0.804167 0.170833 0.017708 0.026852
0 0.501302 0.289815 0.058854 0.088889
0 0.462240 0.337963 0.048438 0.087037
0 0.897917 0.210648 0.026042 0.037963
0 0.901042 0.230556 0.025000 0.048148
0 0.905208 0.195370 0.026042 0.016667
0 0.636719 0.219907 0.036979 0.030556
0 0.978125 0.246296 0.030208 0.059259
0 0.647135 0.264815 0.051562 0.081481
0 0.658594 0.430556 0.026562 0.101852
0 0.594010 0.477315 0.108854 0.236111
0 0.774740 0.196759 0.041146 0.071296
0 0.735417 0.272222 0.041667 0.075926
0 0.269010 0.731944 0.118229 0.171296
0 0.827865 0.255556 0.045312 0.072222
3 0.357812 0.648148 0.596875 0.692593
3 0.934896 0.635648 0.129167 0.721296
3 0.289323 0.502778 0.548438 0.385185
3 0.289844 0.612500 0.550521 0.604630
3 0.459115 0.644444 0.799479 0.701852
3 0.566146 0.654167 0.566667 0.682407
3 0.358333 0.645833 0.594792 0.689815
4 0.418229 0.782407 0.013542 0.016667
4 0.484115 0.982870 0.023438 0.026852
4 0.322396 0.626389 0.531250 0.632407
4 0.789323 0.661574 0.136979 0.669444
4 0.932292 0.660185 0.087500 0.672222
4 0.203385 0.514815 0.376563 0.222222
4 0.232031 0.609259 0.357812 0.196296
4 0.334635 0.889352 0.017188 0.017593
5 0.804427 0.660648 0.165104 0.671296
5 0.484115 0.982407 0.023438 0.025926
5 0.322135 0.626389 0.530729 0.632407
5 0.932031 0.660185 0.086979 0.672222
5 0.276562 0.951389 0.022917 0.023148
5 0.203385 0.514815 0.376563 0.222222
5 0.450521 0.484722 0.273958 0.349074
5 0.231510 0.609259 0.356771 0.196296
