0 0.254688 0.446528 0.146875 0.043056
0 0.140234 0.419444 0.039844 0.036111
0 0.145313 0.577778 0.121875 0.150000
0 0.726172 0.467361 0.022656 0.076389
0 0.569141 0.261111 0.033594 0.050000
0 0.042578 0.429167 0.078906 0.102778
0 0.524219 0.274306 0.039062 0.070833
0 0.756250 0.627083 0.032813 0.098611
0 0.576953 0.215278 0.027344 0.047222
0 0.706641 0.227778 0.041406 0.050000
0 0.541797 0.307639 0.060156 0.104167
0 0.264844 0.448611 0.131250 0.050000
0 0.810156 0.916667 0.090625 0.155556
0 0.296094 0.188194 0.021875 0.034722
0 0.367188 0.834722 0.264062 0.327778
0 0.629687 0.305556 0.029687 0.077778
0 0.431250 0.476389 0.095312 0.238889
0 0.164453 0.446528 0.067969 0.056944
0 0.483203 0.416667 0.021094 0.094444
0 0.776953 0.733333 0.038281 0.105556
0 0.008594 0.462500 0.017188 0.038889
0 0.557031 0.229167 0.029687 0.047222
0 0.614062 0.418056 0.035937 0.097222
0 0.237500 0.322222 0.059375 0.061111
0 0.710547 0.521528 0.025781 0.068056
0 0.064453 0.592361 0.083594 0.054167
0 0.217969 0.420833 0.148438 0.055556
0 0.458984 0.359722 0.041406 0.033333
0 0.072656 0.381944 0.046875 0.080556
0 0.864062 0.629167 0.031250 0.100000
0 0.349609 0.677778 0.099219 0.155556
0 0.596875 0.177083 0.014063 0.059722
0 0.804297 0.656250 0.036719 0.095833
0 0.789062 0.496528 0.021875 0.081944
0 0.619922 0.260417 0.036719 0.045833
0 0.069141 0.703472 0.138281 0.190278
0 0.473828 0.255556 0.036719 0.030556
0 0.490234 0.294444 0.021094 0.061111
0 0.170703 0.618750 0.100781 0.129167
0 0.019531 0.536111 0.039062 0.108333
0 0.145703 0.379861 0.050781 0.056944
0 0.453906 0.447917 0.059375 0.145833
0 0.532422 0.192361 0.030469 0.043056
0 0.715234 0.953472 0.032031 0.090278
0 0.704297 0.305556 0.050781 0.086111
0 0.070703 0.531944 0.077344 0.105556
0 0.607422 0.124306 0.025781 0.045833
0 0.292578 0.395833 0.111719 0.058333
0 0.166016 0.496528 0.075781 0.081944
0 0.616406 0.250000 0.032813 0.038889
0 0.591797 0.332639 0.055469 0.087500
0 0.467578 0.313194 0.042969 0.087500
0 0.263672 0.856250 0.083594 0.206944
0 0.823438 0.836111 0.046875 0.136111
0 0.653906 0.213889 0.021875 0.075000
0 0.290234 0.361806 0.130469 0.070833
0 0.518750 0.239583 0.035937 0.065278
0 0.093750 0.461806 0.079687 0.079167
0 0.069141 0.354861 0.041406 0.037500
0 0.849219 0.963889 0.159375 0.069444
0 0.664844 0.286806 0.028125 0.081944
0 0.180078 0.972222 0.102344 0.052778
0 0.679688 0.164583 0.034375 0.037500
0 0.527344 0.379861 0.048438 0.056944
0 0.469922 0.242361 0.035156 0.034722
0 0.696484 0.639583 0.063281 0.168056
0 0.489063 0.347917 0.093750 0.073611
0 0.689844 0.235417 0.031250 0.056944
0 0.478125 0.195139 0.029687 0.034722
0 0.639453 0.121528 0.042969 0.051389
0 0.543750 0.488194 0.106250 0.265278
0 0.619922 0.229167 0.036719 0.044444
0 0.590625 0.689583 0.146875 0.440278
0 0.673828 0.188889 0.025781 0.041667
0 0.528516 0.206944 0.032031 0.058333
0 0.650000 0.443056 0.059375 0.127778
0 0.570703 0.167361 0.041406 0.068056
0 0.663672 0.234028 0.036719 0.048611
0 0.467969 0.700000 0.092188 0.152778
0 0.626172 0.181250 0.047656 0.087500
0 0.757031 0.345833 0.089063 0.069444
0 0.494922 0.187500 0.028906 0.055556
0 0.864453 0.427778 0.089844 0.083333
0 0.478906 0.222917 0.028125 0.034722
0 0.634375 0.366667 0.051562 0.036111
1 0.794141 0.308333 0.011719 0.069444
1 0.940234 0.779861 0.036719 0.179167
1 0.102344 0.322917 0.012500 0.059722
1 0.830469 0.384028 0.018750 0.081944
1 0.146094 0.229167 0.010937 0.038889
1 0.920703 0.583333 0.017969 0.125000
1 0.931641 0.621528 0.028906 0.140278
1 0.975781 0.618056 0.028125 0.147222
1 0.830078 0.604167 0.027344 0.144444
1 0.907422 0.450000 0.016406 0.105556
1 0.994531 0.625694 0.009375 0.129167
1 0.810156 0.288889 0.015625 0.063889
1 0.901953 0.355556 0.011719 0.063889
1 0.816797 0.413194 0.019531 0.090278
1 0.894922 0.440972 0.016406 0.098611
1 0.978906 0.534722 0.028125 0.055556
1 0.880078 0.457639 0.019531 0.109722
1 0.823438 0.310417 0.014063 0.070833
3 0.682813 0.609722 0.626563 0.777778
3 0.177344 0.582639 0.350000 0.748611
3 0.224609 0.312500 0.258594 0.211111
4 0.377344 0.573611 0.025000 0.052778
4 0.932031 0.838889 0.134375 0.319444
4 0.902734 0.750000 0.192969 0.497222
4 0.753125 0.427778 0.037500 0.083333
4 0.217578 0.932639 0.016406 0.034722
5 0.377344 0.573611 0.025000 0.052778
5 0.903125 0.750694 0.192188 0.495833
5 0.932031 0.838889 0.134375 0.319444
5 0.751953 0.428472 0.035156 0.081944
5 0.217578 0.932639 0.016406 0.034722
