0 0.461719 0.417361 0.017188 0.023611
0 0.551172 0.363889 0.008594 0.013889
0 0.441016 0.374306 0.013281 0.018056
0 0.612109 0.518750 0.032031 0.051389
0 0.425391 0.426389 0.019531 0.027778
0 0.451172 0.367361 0.008594 0.015278
0 0.560547 0.376389 0.010156 0.013889
0 0.338281 0.486806 0.039062 0.054167
0 0.850391 0.771528 0.297656 0.454167
0 0.543359 0.380556 0.011719 0.016667
0 0.444922 0.400694 0.013281 0.018056
0 0.417969 0.400694 0.014063 0.020833
0 0.564844 0.539583 0.031250 0.040278
0 0.273828 0.567361 0.055469 0.068056
0 0.480859 0.372917 0.011719 0.015278
0 0.389453 0.433333 0.021094 0.025000
0 0.682422 0.902083 0.107031 0.193056
0 0.472656 0.386111 0.014063 0.019444
0 0.586328 0.406944 0.017969 0.027778
0 0.400000 0.469444 0.029687 0.036111
0 0.572266 0.395833 0.013281 0.019444
0 0.456250 0.381944 0.010937 0.016667
0 0.584766 0.391667 0.013281 0.011111
0 0.555078 0.400694 0.011719 0.018056
0 0.534375 0.427778 0.018750 0.027778
0 0.461328 0.365278 0.013281 0.022222
0 0.474609 0.338889 0.013281 0.019444
0 0.426563 0.543750 0.032813 0.048611
0 0.445312 0.472917 0.025000 0.043056
0 0.537500 0.361111 0.009375 0.019444
0 0.491016 0.357639 0.010156 0.015278
0 0.324609 0.603472 0.053906 0.068056
0 0.391406 0.650694 0.050000 0.070833
3 0.669531 0.683333 0.304688 0.627778
3 0.205078 0.626389 0.410156 0.463889
3 0.238672 0.698611 0.477344 0.594444
3 0.625391 0.514583 0.213281 0.273611
4 0.651172 0.482639 0.110156 0.126389
4 0.568750 0.480556 0.004687 0.008333
4 0.777734 0.968750 0.032031 0.059722
4 0.610547 0.482639 0.005469 0.009722
4 0.676172 0.584028 0.010156 0.015278
4 0.597656 0.463194 0.004687 0.006944
4 0.403906 0.526389 0.006250 0.011111
4 0.450000 0.703472 0.137500 0.590278
4 0.578516 0.504167 0.005469 0.008333
4 0.314844 0.732639 0.015625 0.031944
4 0.637500 0.645833 0.012500 0.022222
4 0.370703 0.497222 0.008594 0.011111
4 0.417187 0.495833 0.004687 0.008333
4 0.561328 0.461111 0.003906 0.005556
4 0.384766 0.570833 0.007031 0.013889
4 0.205469 0.631944 0.410938 0.450000
4 0.349609 0.528472 0.008594 0.009722
4 0.609766 0.580556 0.008594 0.016667
4 0.275781 0.638889 0.014063 0.022222
4 0.208594 0.739583 0.023438 0.034722
4 0.076563 0.941667 0.048438 0.069444
4 0.591406 0.534722 0.007812 0.011111
4 0.646875 0.538889 0.007812 0.011111
4 0.683594 0.753472 0.018750 0.037500
4 0.503906 0.686806 0.240625 0.623611
4 0.357812 0.634028 0.010937 0.018056
4 0.234766 0.923611 0.032031 0.063889
5 0.651172 0.482639 0.110156 0.126389
5 0.450000 0.706250 0.137500 0.584722
5 0.555469 0.445139 0.004687 0.006944
5 0.568750 0.479861 0.004687 0.006944
5 0.777734 0.968750 0.032031 0.059722
5 0.610547 0.482639 0.005469 0.009722
5 0.676172 0.584028 0.010156 0.015278
5 0.426563 0.472917 0.003125 0.006944
5 0.597656 0.463194 0.004687 0.006944
5 0.683594 0.752778 0.018750 0.036111
5 0.578516 0.504167 0.005469 0.008333
5 0.076563 0.941667 0.048438 0.069444
5 0.350000 0.528472 0.007812 0.009722
5 0.314844 0.732639 0.015625 0.031944
5 0.370312 0.497222 0.007812 0.011111
5 0.417187 0.495833 0.004687 0.008333
5 0.561328 0.461111 0.003906 0.005556
5 0.384766 0.570833 0.007031 0.013889
5 0.205078 0.631944 0.410156 0.450000
5 0.609766 0.580556 0.008594 0.016667
5 0.403906 0.526389 0.006250 0.011111
5 0.588672 0.448611 0.003906 0.005556
5 0.275781 0.638889 0.014063 0.022222
5 0.208594 0.739583 0.023438 0.034722
5 0.591406 0.534722 0.007812 0.011111
5 0.646484 0.538889 0.007031 0.011111
5 0.357422 0.634028 0.010156 0.018056
5 0.503906 0.688889 0.240625 0.619444
5 0.637500 0.645833 0.012500 0.022222
5 0.234766 0.923611 0.032031 0.063889
