0 0.292187 0.026389 0.004687 0.019444
0 0.330859 0.373611 0.063281 0.136111
0 0.240234 0.156944 0.028906 0.055556
0 0.329688 0.079167 0.025000 0.061111
0 0.294922 0.006944 0.008594 0.013889
0 0.346875 0.215278 0.032813 0.061111
0 0.316797 0.017361 0.014844 0.029167
0 0.872656 0.590972 0.112500 0.176389
0 0.326172 0.039583 0.016406 0.020833
0 0.291797 0.053472 0.019531 0.062500
0 0.225781 0.414583 0.075000 0.148611
0 0.291797 0.118056 0.022656 0.038889
0 0.291406 0.336806 0.017188 0.056944
0 0.459375 0.320833 0.053125 0.113889
0 0.294141 0.006944 0.010156 0.013889
0 0.481250 0.444444 0.054688 0.127778
0 0.343359 0.284722 0.039844 0.075000
0 0.503516 0.684722 0.085156 0.252778
0 0.429297 0.197222 0.057031 0.100000
0 0.277344 0.226389 0.035937 0.063889
0 0.278906 0.614583 0.125000 0.351389
1 0.341016 0.369444 0.013281 0.030556
1 0.290625 0.311806 0.015625 0.040278
3 0.800781 0.727083 0.392188 0.543056
3 0.492188 0.638889 0.159375 0.711111
3 0.195703 0.515278 0.391406 0.966667
3 0.453125 0.505556 0.240625 0.977778
3 0.655859 0.504861 0.580469 0.954167
4 0.582422 0.508333 0.063281 0.066667
4 0.689063 0.575000 0.070312 0.133333
4 0.795703 0.477778 0.067969 0.102778
4 0.775000 0.486806 0.073438 0.087500
4 0.813281 0.456250 0.070312 0.081944
4 0.618359 0.704861 0.102344 0.084722
4 0.854297 0.428472 0.060156 0.070833
4 0.565234 0.471528 0.036719 0.065278
4 0.557031 0.454167 0.037500 0.047222
4 0.887891 0.403472 0.058594 0.073611
4 0.607422 0.797222 0.064844 0.058333
4 0.665625 0.701389 0.043750 0.161111
4 0.134375 0.917361 0.046875 0.137500
4 0.711719 0.548611 0.075000 0.113889
4 0.601953 0.840278 0.049219 0.047222
4 0.552344 0.425694 0.035937 0.045833
4 0.613672 0.750694 0.083594 0.068056
4 0.603125 0.633333 0.085938 0.072222
4 0.754687 0.505556 0.075000 0.091667
4 0.832422 0.440972 0.067969 0.076389
4 0.734766 0.524306 0.075781 0.098611
4 0.869141 0.414583 0.061719 0.076389
4 0.905078 0.389583 0.058594 0.076389
4 0.675781 0.628472 0.059375 0.162500
5 0.741406 0.655556 0.410938 0.630556
7 0.743750 0.650694 0.407813 0.620833
7 0.382422 0.209722 0.052344 0.144444
7 0.658984 0.508333 0.578906 0.936111
