0 0.673047 0.370833 0.058594 0.066667
0 0.519141 0.633333 0.010156 0.061111
0 0.544141 0.527778 0.036719 0.066667
0 0.157422 0.570139 0.099219 0.043056
0 0.101172 0.708333 0.089844 0.102778
0 0.562109 0.497917 0.042969 0.029167
0 0.676953 0.526389 0.047656 0.100000
0 0.572266 0.393750 0.033594 0.048611
0 0.072656 0.499306 0.070312 0.056944
0 0.502734 0.420139 0.052344 0.062500
0 0.533984 0.358333 0.025781 0.052778
0 0.066797 0.565278 0.100781 0.088889
0 0.643359 0.346528 0.013281 0.079167
0 0.508594 0.483333 0.045312 0.091667
0 0.277344 0.597222 0.048438 0.061111
0 0.753125 0.905556 0.084375 0.177778
0 0.269141 0.349306 0.022656 0.040278
0 0.622656 0.428472 0.028125 0.062500
0 0.764844 0.591667 0.120313 0.097222
0 0.435156 0.475000 0.043750 0.044444
0 0.260937 0.472917 0.089063 0.031944
0 0.452344 0.952083 0.137500 0.093056
0 0.616406 0.401389 0.032813 0.066667
0 0.433984 0.518750 0.052344 0.079167
0 0.081641 0.652083 0.072656 0.093056
0 0.147266 0.596528 0.072656 0.056944
0 0.708594 0.722917 0.060937 0.140278
0 0.667969 0.490278 0.028125 0.033333
0 0.566406 0.430556 0.039062 0.066667
0 0.250000 0.372222 0.023438 0.044444
0 0.735547 0.635417 0.022656 0.070833
0 0.498437 0.369444 0.031250 0.025000
0 0.041016 0.745139 0.082031 0.056944
0 0.432812 0.446528 0.039062 0.037500
0 0.239063 0.418056 0.035937 0.052778
0 0.473828 0.463889 0.033594 0.075000
0 0.139063 0.447222 0.031250 0.061111
0 0.840234 0.785417 0.038281 0.093056
0 0.420312 0.729861 0.060937 0.184722
0 0.503516 0.575694 0.050781 0.081944
0 0.727734 0.524306 0.014844 0.051389
0 0.416406 0.579167 0.062500 0.086111
0 0.455859 0.404861 0.030469 0.048611
0 0.533203 0.410417 0.016406 0.048611
0 0.025391 0.663194 0.050781 0.109722
0 0.182812 0.441667 0.014063 0.033333
0 0.873047 0.561806 0.019531 0.043056
0 0.500781 0.319444 0.034375 0.072222
0 0.596875 0.454167 0.023438 0.052778
0 0.566406 0.317361 0.034375 0.056944
0 0.130859 0.520139 0.055469 0.056944
0 0.553125 0.346528 0.017188 0.034722
0 0.241016 0.540278 0.083594 0.038889
0 0.135156 0.654861 0.071875 0.068056
0 0.544922 0.388194 0.025781 0.059722
0 0.559766 0.253472 0.022656 0.029167
0 0.443750 0.866667 0.026562 0.077778
0 0.541797 0.307639 0.017969 0.040278
0 0.433984 0.411806 0.032031 0.037500
0 0.174219 0.543056 0.085938 0.058333
0 0.072656 0.604167 0.079687 0.061111
0 0.054297 0.857639 0.108594 0.195833
0 0.701172 0.415972 0.016406 0.031944
0 0.031250 0.945833 0.062500 0.105556
0 0.573438 0.461111 0.045312 0.069444
0 0.500781 0.349306 0.034375 0.045833
0 0.584766 0.652778 0.125781 0.286111
0 0.733984 0.987500 0.088281 0.022222
0 0.455469 0.356250 0.037500 0.059722
0 0.616797 0.270833 0.024219 0.036111
0 0.456641 0.665278 0.083594 0.161111
0 0.486328 0.532639 0.057031 0.081944
0 0.574219 0.368750 0.031250 0.043056
0 0.611719 0.959722 0.139063 0.077778
0 0.660156 0.621528 0.028125 0.115278
0 0.134375 0.772222 0.090625 0.122222
0 0.488672 0.390972 0.030469 0.043056
0 0.655078 0.448611 0.036719 0.050000
0 0.636328 0.476389 0.041406 0.072222
0 0.518750 0.892361 0.043750 0.112500
0 0.614062 0.343750 0.048438 0.104167
0 0.323437 0.493750 0.251563 0.123611
0 0.480469 0.331250 0.020313 0.051389
0 0.530469 0.260417 0.031250 0.048611
0 0.285156 0.816667 0.231250 0.363889
1 0.956250 0.728472 0.025000 0.129167
1 0.762109 0.462500 0.017969 0.069444
1 0.887109 0.753472 0.016406 0.134722
1 0.976953 0.841667 0.030469 0.172222
1 0.814453 0.525000 0.019531 0.058333
1 0.023828 0.502778 0.011719 0.063889
1 0.708203 0.579861 0.017969 0.098611
1 0.901563 0.955556 0.057813 0.086111
1 0.873828 0.639583 0.024219 0.109722
1 0.855078 0.590972 0.021094 0.115278
1 0.885156 0.610417 0.020313 0.084722
1 0.993359 0.925694 0.011719 0.093056
1 0.800000 0.665278 0.025000 0.061111
1 0.982031 0.736806 0.026562 0.093056
1 0.939844 0.783333 0.028125 0.158333
1 0.796875 0.748611 0.021875 0.119444
1 0.803516 0.780556 0.030469 0.127778
1 0.777344 0.458333 0.012500 0.072222
1 0.821875 0.712500 0.029687 0.113889
1 0.909766 0.697222 0.044531 0.111111
3 0.614453 0.699306 0.539844 0.593056
3 0.217969 0.434722 0.217188 0.150000
3 0.196875 0.664583 0.259375 0.609722
4 0.855078 0.824306 0.161719 0.340278
