0 0.230469 0.982639 0.114062 0.031944
0 0.436719 0.464583 0.045312 0.098611
0 0.490234 0.432639 0.046094 0.112500
0 0.178906 0.327083 0.017188 0.034722
0 0.592578 0.240972 0.033594 0.051389
0 0.058984 0.420139 0.117969 0.068056
0 0.557813 0.233333 0.037500 0.038889
0 0.510156 0.212500 0.031250 0.050000
0 0.536328 0.218056 0.021094 0.033333
0 0.654297 0.188194 0.021094 0.029167
0 0.353125 0.230556 0.017188 0.038889
0 0.299609 0.211111 0.019531 0.027778
0 0.628906 0.228472 0.034375 0.056944
0 0.296484 0.468056 0.071094 0.050000
0 0.447266 0.917361 0.141406 0.162500
0 0.596484 0.245139 0.032031 0.054167
0 0.288281 0.230556 0.026562 0.038889
0 0.471094 0.390972 0.032813 0.084722
0 0.722656 0.644444 0.029687 0.066667
0 0.598437 0.268750 0.031250 0.062500
0 0.549219 0.295833 0.064062 0.119444
0 0.460547 0.233333 0.036719 0.044444
0 0.627344 0.138889 0.035937 0.044444
0 0.597266 0.310417 0.030469 0.106944
0 0.230078 0.268750 0.011719 0.026389
0 0.422656 0.440972 0.053125 0.090278
0 0.059766 0.545833 0.067969 0.102778
0 0.444922 0.315278 0.042969 0.052778
0 0.691016 0.893056 0.142969 0.205556
0 0.317578 0.285417 0.035156 0.054167
0 0.110937 0.381944 0.065625 0.058333
0 0.316797 0.765972 0.117969 0.176389
0 0.619922 0.169444 0.030469 0.052778
0 0.248438 0.508333 0.051562 0.055556
0 0.148047 0.647222 0.110156 0.144444
0 0.438672 0.350000 0.042969 0.108333
0 0.421875 0.563194 0.073438 0.118056
0 0.512109 0.202083 0.028906 0.065278
0 0.147266 0.519444 0.075781 0.072222
0 0.507422 0.282639 0.027344 0.090278
0 0.642188 0.402083 0.079687 0.215278
0 0.571094 0.161111 0.031250 0.047222
0 0.090625 0.442361 0.075000 0.048611
0 0.192969 0.468750 0.056250 0.037500
0 0.601953 0.136111 0.021094 0.033333
0 0.448437 0.290278 0.053125 0.097222
0 0.836719 0.784028 0.023438 0.104167
0 0.586328 0.213889 0.028906 0.025000
0 0.491016 0.202083 0.019531 0.037500
0 0.478125 0.234028 0.012500 0.045833
0 0.120313 0.488194 0.075000 0.062500
0 0.047656 0.487500 0.081250 0.069444
0 0.042969 0.669444 0.085938 0.133333
0 0.944922 0.963194 0.100781 0.070833
0 0.556641 0.362500 0.049219 0.047222
0 0.655859 0.260417 0.027344 0.034722
0 0.628906 0.321528 0.067187 0.118056
0 0.548828 0.370139 0.060156 0.056944
0 0.500000 0.354167 0.031250 0.050000
0 0.846484 0.454167 0.089844 0.083333
0 0.753125 0.731944 0.020313 0.097222
0 0.538281 0.478472 0.100000 0.168056
0 0.652734 0.741667 0.024219 0.097222
0 0.105469 0.574306 0.090625 0.106944
0 0.563281 0.118056 0.025000 0.027778
0 0.492188 0.326389 0.028125 0.038889
0 0.660156 0.618056 0.087500 0.133333
0 0.318750 0.238194 0.032813 0.045833
0 0.574219 0.821528 0.045312 0.137500
0 0.626563 0.509722 0.073438 0.155556
0 0.554688 0.209722 0.023438 0.044444
0 0.656641 0.235417 0.027344 0.034722
0 0.489844 0.742361 0.075000 0.187500
0 0.180859 0.451389 0.066406 0.047222
0 0.487109 0.171528 0.025781 0.031944
0 0.238672 0.536806 0.067969 0.104167
1 0.899219 0.494444 0.018750 0.075000
1 0.785937 0.420139 0.017188 0.079167
1 0.976562 0.645833 0.026562 0.138889
1 0.039062 0.363194 0.014063 0.056944
1 0.902344 0.592361 0.020313 0.126389
1 0.819922 0.338889 0.017969 0.069444
1 0.878125 0.536806 0.014063 0.115278
1 0.896094 0.613194 0.020313 0.129167
1 0.176953 0.238889 0.011719 0.041667
1 0.954688 0.623611 0.026562 0.130556
1 0.800391 0.618750 0.024219 0.140278
1 0.253906 0.223611 0.007812 0.041667
1 0.183594 0.238889 0.010937 0.041667
1 0.896875 0.507639 0.025000 0.068056
1 0.804688 0.385417 0.012500 0.073611
1 0.814844 0.395139 0.012500 0.093056
1 0.803906 0.322917 0.014063 0.068056
1 0.007031 0.370139 0.014063 0.054167
1 0.878516 0.453472 0.021094 0.070833
1 0.991797 0.625000 0.014844 0.125000
1 0.978125 0.568056 0.021875 0.050000
1 0.849609 0.660417 0.021094 0.143056
1 0.096094 0.271528 0.010937 0.029167
1 0.788672 0.501389 0.024219 0.111111
1 0.864062 0.537500 0.018750 0.108333
1 0.788672 0.325000 0.014844 0.066667
1 0.860547 0.445833 0.021094 0.075000
1 0.855078 0.520833 0.016406 0.100000
3 0.151562 0.591667 0.303125 0.697222
3 0.539453 0.656944 0.714844 0.683333
4 0.285547 0.759722 0.196094 0.427778
4 0.917578 0.862500 0.119531 0.272222
5 0.258984 0.317361 0.007031 0.006944
5 0.914844 0.862500 0.114062 0.272222
5 0.240625 0.336111 0.007812 0.008333
5 0.285156 0.759722 0.195312 0.425000
5 0.270703 0.379861 0.008594 0.009722
5 0.191797 0.380556 0.008594 0.008333
5 0.239063 0.290972 0.006250 0.006944
