0 0.240234 0.756944 0.111719 0.236111
0 0.337891 0.125000 0.024219 0.044444
0 0.285156 0.235417 0.034375 0.065278
0 0.392969 0.127778 0.025000 0.036111
0 0.113281 0.661111 0.184375 0.391667
0 0.325000 0.028472 0.015625 0.031944
0 0.343750 0.010417 0.014063 0.020833
0 0.436328 0.229167 0.036719 0.066667
0 0.295703 0.030556 0.022656 0.047222
0 0.241016 0.156944 0.028906 0.055556
0 0.310156 0.005556 0.012500 0.011111
3 0.658594 0.511806 0.578125 0.973611
3 0.801172 0.727778 0.391406 0.541667
3 0.194531 0.507639 0.389062 0.979167
3 0.455078 0.509028 0.235156 0.968056
4 0.224219 0.648611 0.023438 0.069444
4 0.688281 0.575000 0.070312 0.133333
4 0.800391 0.486806 0.124219 0.087500
4 0.904687 0.393056 0.057813 0.069444
4 0.854297 0.427778 0.061719 0.072222
4 0.887109 0.403472 0.060156 0.070833
4 0.135156 0.915972 0.046875 0.137500
4 0.270703 0.494444 0.014844 0.044444
4 0.785547 0.477778 0.089844 0.102778
4 0.754297 0.504861 0.075781 0.093056
4 0.313672 0.295139 0.007031 0.073611
4 0.298047 0.390972 0.010156 0.031944
4 0.712109 0.547917 0.074219 0.115278
4 0.832031 0.441667 0.068750 0.077778
4 0.564063 0.482639 0.039062 0.045833
4 0.675781 0.627083 0.060937 0.162500
4 0.734766 0.523611 0.075781 0.097222
4 0.869531 0.413889 0.060937 0.077778
4 0.813281 0.456250 0.070312 0.081944
5 0.745313 0.652083 0.404687 0.623611
5 0.661719 0.515278 0.571875 0.927778
7 0.660547 0.509722 0.577344 0.922222
