0 0.548828 0.352778 0.011719 0.019444
0 0.423828 0.553472 0.036719 0.051389
0 0.450000 0.368750 0.009375 0.012500
0 0.472266 0.394444 0.013281 0.022222
0 0.710156 0.564583 0.054688 0.079167
0 0.557031 0.373611 0.010937 0.016667
0 0.290234 0.500694 0.063281 0.120833
0 0.431641 0.382639 0.011719 0.018056
0 0.448437 0.395833 0.015625 0.019444
0 0.336328 0.525000 0.108594 0.194444
0 0.480469 0.379861 0.009375 0.015278
0 0.418359 0.399306 0.011719 0.018056
0 0.593359 0.422917 0.014844 0.023611
0 0.532813 0.355556 0.009375 0.013889
0 0.416797 0.440972 0.022656 0.026389
0 0.457813 0.378472 0.010937 0.015278
0 0.523047 0.382639 0.011719 0.018056
0 0.573438 0.391667 0.014063 0.019444
0 0.537500 0.372917 0.010937 0.018056
0 0.593750 0.470139 0.025000 0.037500
0 0.531250 0.403472 0.017188 0.029167
0 0.395703 0.489583 0.014844 0.037500
0 0.462500 0.415278 0.018750 0.027778
0 0.566016 0.504861 0.030469 0.045833
0 0.551953 0.398611 0.013281 0.019444
0 0.488281 0.360417 0.010937 0.018056
0 0.544141 0.385417 0.013281 0.020833
0 0.430469 0.413889 0.020313 0.030556
0 0.361328 0.761806 0.075781 0.126389
3 0.788281 0.629167 0.421875 0.505556
3 0.762109 0.700694 0.474219 0.590278
3 0.794922 0.697222 0.408594 0.594444
3 0.206250 0.627778 0.412500 0.458333
3 0.233594 0.703472 0.467187 0.584722
3 0.646094 0.703472 0.251563 0.584722
4 0.208594 0.738889 0.023438 0.033333
4 0.434766 0.706944 0.107031 0.583333
4 0.076953 0.940972 0.049219 0.070833
4 0.315625 0.731944 0.015625 0.030556
4 0.684375 0.752083 0.018750 0.037500
4 0.357812 0.631944 0.010937 0.019444
4 0.777734 0.968056 0.032031 0.061111
4 0.791797 0.643750 0.414844 0.481944
4 0.275781 0.638194 0.014063 0.020833
4 0.134375 0.708333 0.268750 0.297222
4 0.930469 0.967361 0.045312 0.062500
4 0.789062 0.752778 0.025000 0.036111
4 0.637891 0.644444 0.011719 0.022222
4 0.235547 0.922222 0.032031 0.063889
4 0.720703 0.650694 0.016406 0.020833
5 0.610938 0.481944 0.004687 0.008333
5 0.385156 0.570833 0.006250 0.013889
5 0.647266 0.538194 0.008594 0.012500
5 0.208984 0.738889 0.022656 0.033333
5 0.435156 0.704861 0.107813 0.587500
5 0.076953 0.940972 0.049219 0.070833
5 0.777734 0.968056 0.032031 0.061111
5 0.930469 0.967361 0.045312 0.062500
5 0.315625 0.731944 0.015625 0.030556
5 0.610156 0.579861 0.009375 0.015278
5 0.684375 0.752083 0.018750 0.037500
5 0.426953 0.473611 0.003906 0.008333
5 0.562109 0.460417 0.003906 0.006944
5 0.399219 0.455556 0.004687 0.008333
5 0.357812 0.631944 0.010937 0.019444
5 0.417578 0.495833 0.005469 0.008333
5 0.803125 0.657639 0.392188 0.454167
5 0.676562 0.583333 0.010937 0.013889
5 0.275781 0.638194 0.014063 0.020833
5 0.133984 0.708333 0.267969 0.297222
5 0.591406 0.534722 0.006250 0.011111
5 0.626563 0.506944 0.006250 0.008333
5 0.788672 0.752778 0.024219 0.036111
5 0.637891 0.644444 0.011719 0.022222
5 0.503906 0.704167 0.240625 0.588889
5 0.556250 0.445833 0.003125 0.005556
5 0.404297 0.525694 0.005469 0.009722
5 0.235156 0.922222 0.031250 0.063889
5 0.720703 0.650694 0.016406 0.020833
