0 0.551172 0.365972 0.007031 0.012500
0 0.433203 0.529861 0.028906 0.048611
0 0.489844 0.356944 0.009375 0.013889
0 0.480078 0.373611 0.010156 0.016667
0 0.437109 0.379861 0.011719 0.015278
0 0.697656 0.647917 0.056250 0.084722
0 0.457813 0.370833 0.015625 0.033333
0 0.852734 0.740972 0.094531 0.123611
0 0.539844 0.438194 0.020313 0.029167
0 0.194531 0.650694 0.073438 0.076389
0 0.321094 0.607639 0.051562 0.068056
0 0.415234 0.389583 0.022656 0.043056
0 0.411328 0.444444 0.021094 0.027778
0 0.443750 0.395833 0.012500 0.016667
0 0.608984 0.418056 0.044531 0.077778
0 0.541016 0.336111 0.010156 0.019444
0 0.394141 0.423611 0.016406 0.022222
0 0.534375 0.407639 0.015625 0.018056
0 0.360156 0.467361 0.028125 0.031944
0 0.568359 0.389583 0.011719 0.015278
0 0.531250 0.393056 0.010937 0.016667
0 0.472656 0.390278 0.010937 0.016667
0 0.454297 0.449306 0.021094 0.026389
0 0.598047 0.598611 0.042969 0.075000
0 0.526563 0.390278 0.012500 0.019444
0 0.555469 0.374306 0.010937 0.012500
0 0.433594 0.414583 0.017188 0.020833
0 0.287891 0.963889 0.111719 0.069444
0 0.402344 0.472222 0.026562 0.038889
3 0.768750 0.620139 0.460938 0.537500
3 0.764062 0.679167 0.470313 0.630556
3 0.782422 0.700000 0.433594 0.588889
3 0.196094 0.641667 0.392188 0.433333
3 0.239063 0.698611 0.478125 0.594444
4 0.787891 0.640278 0.422656 0.491667
4 0.609766 0.481250 0.005469 0.006944
4 0.578125 0.504167 0.006250 0.008333
4 0.568359 0.479861 0.003906 0.006944
4 0.369922 0.498611 0.007031 0.008333
4 0.384766 0.475694 0.005469 0.006944
4 0.790234 0.643750 0.417969 0.487500
4 0.383984 0.570833 0.007031 0.013889
4 0.626172 0.507639 0.007031 0.009722
4 0.275000 0.639583 0.014063 0.020833
4 0.208203 0.740278 0.022656 0.033333
4 0.433594 0.704167 0.106250 0.588889
4 0.349609 0.529167 0.007031 0.011111
4 0.314844 0.732639 0.015625 0.031944
4 0.637891 0.645833 0.011719 0.022222
4 0.357812 0.633333 0.010937 0.019444
4 0.320703 0.570833 0.007031 0.008333
4 0.192578 0.644444 0.385156 0.425000
4 0.776172 0.967361 0.030469 0.056944
4 0.417187 0.496528 0.004687 0.009722
4 0.675781 0.584028 0.010937 0.015278
4 0.075781 0.942361 0.050000 0.070833
4 0.929297 0.968056 0.044531 0.061111
4 0.724219 0.656250 0.007812 0.012500
4 0.646094 0.538889 0.007812 0.011111
4 0.787500 0.753472 0.025000 0.034722
4 0.503516 0.679167 0.239844 0.638889
4 0.683203 0.753472 0.017969 0.037500
4 0.590625 0.536111 0.006250 0.011111
4 0.403906 0.526389 0.006250 0.011111
4 0.234766 0.922222 0.032031 0.063889
5 0.609375 0.481250 0.004687 0.006944
5 0.451562 0.703472 0.140625 0.590278
5 0.577734 0.504167 0.005469 0.008333
5 0.568359 0.479861 0.003906 0.006944
5 0.369922 0.498611 0.007031 0.008333
5 0.776172 0.967361 0.030469 0.056944
5 0.813672 0.671528 0.371094 0.429167
5 0.383984 0.570833 0.007031 0.013889
5 0.626172 0.507639 0.007031 0.009722
5 0.275000 0.639583 0.014063 0.020833
5 0.208203 0.740278 0.022656 0.033333
5 0.385156 0.475694 0.004687 0.006944
5 0.349609 0.529167 0.007031 0.011111
5 0.314844 0.732639 0.015625 0.031944
5 0.637500 0.645833 0.010937 0.022222
5 0.561328 0.461111 0.003906 0.005556
5 0.357812 0.633333 0.010937 0.019444
5 0.321094 0.570833 0.006250 0.008333
5 0.192578 0.644444 0.385156 0.425000
5 0.417187 0.496528 0.004687 0.009722
5 0.675781 0.584028 0.010937 0.015278
5 0.598047 0.463194 0.003906 0.006944
5 0.426563 0.475000 0.004687 0.008333
5 0.075781 0.942361 0.050000 0.070833
5 0.928906 0.968056 0.043750 0.061111
5 0.724219 0.656250 0.007812 0.012500
5 0.646094 0.538889 0.007812 0.011111
5 0.787891 0.753472 0.024219 0.034722
5 0.503516 0.681250 0.239844 0.634722
5 0.683203 0.753472 0.017969 0.037500
5 0.590625 0.536111 0.006250 0.011111
5 0.403906 0.526389 0.006250 0.011111
5 0.234766 0.922917 0.032031 0.062500
