0 0.405469 0.323611 0.032813 0.036111
0 0.229687 0.262500 0.046875 0.030556
0 0.440625 0.290278 0.025000 0.052778
0 0.399219 0.255556 0.023438 0.027778
0 0.418750 0.181944 0.012500 0.013889
0 0.221094 0.238889 0.029687 0.022222
0 0.939063 0.448611 0.118750 0.091667
0 0.252344 0.241667 0.035937 0.027778
0 0.353906 0.375000 0.042188 0.066667
0 0.835938 0.873611 0.181250 0.219444
0 0.799219 0.279167 0.010937 0.019444
0 0.950781 0.529167 0.095312 0.091667
0 0.123438 0.466667 0.128125 0.083333
0 0.357812 0.237500 0.018750 0.019444
0 0.200781 0.277778 0.067187 0.061111
0 0.402344 0.291667 0.026562 0.038889
0 0.463281 0.327778 0.035937 0.116667
0 0.395313 0.240278 0.018750 0.019444
0 0.172656 0.309722 0.101562 0.058333
0 0.149219 0.343056 0.092188 0.069444
0 0.974219 0.843056 0.048438 0.119444
0 0.446875 0.320833 0.021875 0.052778
0 0.462500 0.344444 0.037500 0.083333
0 0.386719 0.184722 0.014063 0.013889
0 0.982812 0.351389 0.031250 0.036111
0 0.496875 0.454167 0.106250 0.075000
0 0.596875 0.527778 0.131250 0.088889
0 0.406250 0.356944 0.034375 0.063889
0 0.810156 0.300000 0.023438 0.033333
1 0.780469 0.368056 0.007812 0.047222
1 0.051562 0.327778 0.015625 0.066667
3 0.397656 0.722222 0.442188 0.544444
3 0.824219 0.883333 0.348438 0.222222
3 0.295312 0.323611 0.100000 0.191667
3 0.454688 0.316667 0.096875 0.177778
3 0.052344 0.588889 0.104688 0.266667
3 0.617188 0.338889 0.253125 0.216667
3 0.587500 0.345833 0.303125 0.230556
4 0.331250 0.334722 0.028125 0.163889
4 0.601562 0.888889 0.068750 0.216667
4 0.755469 0.877778 0.126562 0.238889
4 0.207813 0.743056 0.034375 0.091667
4 0.247656 0.900000 0.032813 0.194444
5 0.883594 0.509722 0.045312 0.013889
5 0.043750 0.559722 0.075000 0.013889
5 0.419531 0.801389 0.010937 0.075000
5 0.891406 0.527778 0.023438 0.011111
5 0.629687 0.430556 0.025000 0.022222
5 0.043750 0.538889 0.075000 0.011111
5 0.575781 0.404167 0.010937 0.019444
5 0.496094 0.375000 0.029687 0.066667
5 0.043750 0.488889 0.031250 0.011111
5 0.664062 0.431944 0.028125 0.025000
5 0.696875 0.434722 0.028125 0.025000
5 0.888281 0.693056 0.070312 0.063889
5 0.726562 0.437500 0.025000 0.025000
5 0.351562 0.436111 0.015625 0.027778
5 0.042188 0.609722 0.068750 0.013889
5 0.331250 0.334722 0.028125 0.163889
5 0.414062 0.722222 0.028125 0.083333
5 0.482031 0.715278 0.035937 0.080556
5 0.785937 0.773611 0.425000 0.047222
5 0.594531 0.430556 0.023438 0.022222
5 0.510156 0.309722 0.004687 0.008333
5 0.846094 0.472222 0.064062 0.011111
5 0.665625 0.701389 0.053125 0.075000
5 0.836719 0.694444 0.067187 0.066667
5 0.025781 0.670833 0.051562 0.013889
5 0.314844 0.440278 0.017188 0.025000
5 0.420312 0.431944 0.015625 0.025000
5 0.040625 0.504167 0.046875 0.013889
5 0.944531 0.693056 0.073438 0.063889
5 0.389844 0.434722 0.014063 0.025000
5 0.536719 0.348611 0.007812 0.013889
5 0.451562 0.431944 0.015625 0.025000
5 0.856250 0.487500 0.065625 0.019444
5 0.285156 0.443056 0.017188 0.025000
5 0.271094 0.736111 0.035937 0.088889
5 0.755469 0.877778 0.126562 0.238889
5 0.044531 0.583333 0.076563 0.011111
5 0.256250 0.445833 0.018750 0.025000
5 0.343750 0.729167 0.025000 0.086111
5 0.725781 0.700000 0.060937 0.072222
5 0.382031 0.418056 0.245312 0.025000
5 0.045312 0.520833 0.071875 0.013889
5 0.864844 0.495833 0.039062 0.008333
5 0.978906 0.683333 0.039062 0.038889
5 0.559375 0.430556 0.021875 0.022222
5 0.610156 0.704167 0.048438 0.075000
5 0.431250 0.319444 0.034375 0.177778
5 0.482812 0.423611 0.012500 0.013889
5 0.551562 0.709722 0.043750 0.075000
5 0.601562 0.888889 0.068750 0.216667
5 0.207813 0.743056 0.034375 0.091667
5 0.624219 0.933333 0.045312 0.127778
5 0.600000 0.333333 0.215625 0.172222
5 0.247656 0.900000 0.032813 0.194444
5 0.784375 0.697222 0.062500 0.066667
7 0.906250 0.543056 0.184375 0.152778
7 0.492188 0.437500 0.493750 0.041667
7 0.971875 0.600000 0.053125 0.038889
7 0.041406 0.572222 0.082812 0.211111
7 0.860156 0.500000 0.092188 0.066667
7 0.593750 0.725000 0.809375 0.127778
