0 0.580729 0.420139 0.011458 0.015278
0 0.656250 0.385417 0.014583 0.018056
0 0.564063 0.422917 0.013542 0.018056
0 0.762500 0.763194 0.175000 0.145833
0 0.622917 0.397222 0.016667 0.016667
0 0.624479 0.504167 0.026042 0.025000
0 0.458854 0.412500 0.023958 0.019444
0 0.659375 0.501389 0.041667 0.041667
0 0.602604 0.407639 0.015625 0.015278
0 0.669271 0.475694 0.019792 0.018056
0 0.662500 0.404167 0.012500 0.013889
0 0.678125 0.360417 0.014583 0.009722
3 0.319271 0.503472 0.130208 0.101389
3 0.708333 0.486806 0.066667 0.073611
4 0.517708 0.598611 0.016667 0.216667
5 0.794792 0.609722 0.137500 0.075000
5 0.515104 0.597917 0.011458 0.218056
5 0.583854 0.597917 0.028125 0.018056
5 0.722396 0.631250 0.019792 0.009722
5 0.524479 0.595139 0.009375 0.006944
5 0.477083 0.627083 0.008333 0.006944
5 0.494271 0.615972 0.009375 0.006944
5 0.784896 0.659028 0.021875 0.009722
5 0.460417 0.639583 0.010417 0.009722
5 0.560417 0.608333 0.027083 0.027778
5 0.605729 0.643056 0.021875 0.013889
5 0.427604 0.565972 0.165625 0.031944
5 0.431771 0.645833 0.176042 0.130556
5 0.625000 0.622222 0.020833 0.013889
5 0.505729 0.564583 0.311458 0.034722
5 0.424479 0.537500 0.161458 0.094444
5 0.792708 0.637500 0.022917 0.011111
5 0.595313 0.600694 0.153125 0.220833
5 0.403125 0.677083 0.012500 0.009722
5 0.591146 0.518750 0.159375 0.062500
5 0.732812 0.613194 0.019792 0.009722
5 0.582292 0.730556 0.033333 0.016667
