0 0.488281 0.362500 0.009375 0.016667
0 0.450000 0.370139 0.009375 0.018056
0 0.523047 0.370139 0.010156 0.012500
0 0.559766 0.375694 0.010156 0.015278
0 0.448828 0.393750 0.011719 0.020833
0 0.431641 0.519444 0.036719 0.061111
0 0.533984 0.361111 0.007031 0.013889
0 0.437109 0.407639 0.016406 0.020833
0 0.454297 0.439583 0.019531 0.026389
0 0.439844 0.377778 0.010937 0.013889
0 0.456250 0.384028 0.009375 0.018056
0 0.086719 0.988889 0.104688 0.019444
0 0.639844 0.554861 0.040625 0.059722
0 0.884375 0.767361 0.098437 0.126389
0 0.417578 0.447917 0.022656 0.029167
0 0.479297 0.377083 0.011719 0.020833
0 0.425391 0.394444 0.013281 0.016667
0 0.555469 0.400000 0.012500 0.019444
0 0.462891 0.375000 0.008594 0.016667
0 0.387891 0.432639 0.021094 0.029167
0 0.350000 0.477778 0.029687 0.036111
0 0.550391 0.360417 0.008594 0.012500
0 0.468359 0.367361 0.010156 0.015278
0 0.535156 0.420139 0.017188 0.026389
0 0.469922 0.397222 0.011719 0.022222
0 0.445703 0.461111 0.022656 0.030556
0 0.541797 0.338194 0.010156 0.012500
0 0.465625 0.415972 0.015625 0.020833
0 0.573438 0.433333 0.017188 0.027778
0 0.519922 0.352083 0.007031 0.012500
0 0.300781 0.602778 0.059375 0.063889
0 0.573047 0.390972 0.011719 0.015278
0 0.363281 0.519444 0.043750 0.066667
3 0.777734 0.617361 0.442969 0.540278
3 0.764844 0.686806 0.464062 0.615278
3 0.644922 0.687500 0.255469 0.616667
3 0.212500 0.627083 0.425000 0.465278
3 0.232422 0.700694 0.464844 0.587500
4 0.791016 0.643056 0.416406 0.483333
4 0.384766 0.570833 0.007031 0.013889
4 0.208594 0.738889 0.023438 0.033333
4 0.450391 0.706250 0.138281 0.584722
4 0.358203 0.632639 0.010156 0.020833
4 0.578516 0.503472 0.005469 0.009722
4 0.077344 0.940278 0.048438 0.069444
4 0.316016 0.732639 0.016406 0.031944
4 0.610156 0.579861 0.009375 0.015278
4 0.684375 0.752083 0.018750 0.037500
4 0.207813 0.627778 0.415625 0.458333
4 0.777734 0.968056 0.032031 0.061111
4 0.676562 0.583333 0.010937 0.013889
4 0.930469 0.967361 0.045312 0.062500
4 0.591406 0.534722 0.006250 0.011111
4 0.788672 0.752778 0.024219 0.036111
4 0.637891 0.645139 0.011719 0.023611
4 0.504687 0.690278 0.239063 0.616667
4 0.626563 0.506944 0.006250 0.008333
4 0.235156 0.922222 0.031250 0.063889
4 0.720313 0.650000 0.015625 0.022222
5 0.791016 0.642361 0.416406 0.481944
5 0.450781 0.705556 0.137500 0.586111
5 0.555469 0.445139 0.004687 0.006944
5 0.562109 0.460417 0.003906 0.006944
5 0.569531 0.479167 0.004687 0.008333
5 0.384766 0.570833 0.007031 0.013889
5 0.272266 0.641667 0.008594 0.013889
5 0.208594 0.738889 0.023438 0.033333
5 0.578516 0.503472 0.005469 0.009722
5 0.077344 0.940278 0.048438 0.069444
5 0.385937 0.473611 0.004687 0.008333
5 0.315625 0.731944 0.015625 0.030556
5 0.589453 0.447917 0.003906 0.004167
5 0.610156 0.579861 0.009375 0.015278
5 0.684375 0.752083 0.018750 0.037500
5 0.207813 0.627778 0.415625 0.458333
5 0.358203 0.632639 0.010156 0.020833
5 0.777734 0.968056 0.032031 0.061111
5 0.720313 0.650000 0.015625 0.022222
5 0.676562 0.583333 0.010937 0.013889
5 0.321484 0.570139 0.007031 0.009722
5 0.930469 0.967361 0.045312 0.062500
5 0.591406 0.534722 0.006250 0.011111
5 0.788672 0.752778 0.024219 0.036111
5 0.637891 0.644444 0.011719 0.022222
5 0.569531 0.692361 0.109375 0.612500
5 0.598047 0.461806 0.005469 0.006944
5 0.626563 0.506944 0.006250 0.008333
5 0.405078 0.525694 0.005469 0.009722
5 0.235156 0.922222 0.031250 0.063889
