0 0.484635 0.555556 0.009896 0.014815
0 0.523958 0.533796 0.007292 0.012037
0 0.773438 0.684722 0.028125 0.028704
0 0.537760 0.533333 0.006771 0.012963
0 0.547396 0.640278 0.043750 0.091667
0 0.665104 0.617130 0.054167 0.060185
0 0.483073 0.502778 0.016146 0.031481
0 0.994271 0.875926 0.010417 0.057407
0 0.187500 0.370833 0.375000 0.136111
0 0.547396 0.552778 0.009375 0.012963
0 0.526302 0.592130 0.015104 0.021296
3 0.751823 0.735648 0.495312 0.449074
3 0.253125 0.758796 0.506250 0.473148
3 0.694271 0.762963 0.426042 0.466667
4 0.396875 0.782407 0.219792 0.335185
4 0.608333 0.809259 0.200000 0.379630
5 0.594010 0.866204 0.109896 0.265741
5 0.694531 0.869444 0.017188 0.025926
5 0.495573 0.690278 0.023438 0.162037
5 0.180469 0.034259 0.013021 0.031481
5 0.396875 0.800926 0.218750 0.296296
5 0.424479 0.770370 0.050000 0.074074
5 0.764323 0.890278 0.020313 0.028704
5 0.611458 0.815741 0.192708 0.366667
