0 0.189844 0.512500 0.087500 0.136111
0 0.475781 0.386111 0.053125 0.097222
0 0.337109 0.183333 0.027344 0.055556
0 0.382422 0.120139 0.024219 0.037500
0 0.291406 0.025000 0.014063 0.022222
0 0.117969 0.693056 0.100000 0.216667
0 0.269922 0.235417 0.067969 0.245833
0 0.321094 0.034722 0.014063 0.025000
0 0.326562 0.047222 0.017188 0.027778
0 0.291406 0.063889 0.020313 0.041667
0 0.239844 0.156250 0.029687 0.054167
0 0.317188 0.007639 0.014063 0.015278
0 0.329688 0.112500 0.025000 0.038889
0 0.319531 0.020139 0.012500 0.018056
0 0.344531 0.336111 0.042188 0.088889
0 0.495703 0.945139 0.088281 0.106944
0 0.362891 0.061806 0.022656 0.043056
0 0.428125 0.233333 0.039062 0.063889
0 0.374219 0.084722 0.020313 0.036111
0 0.403516 0.164583 0.032031 0.056944
0 0.286328 0.152083 0.036719 0.087500
0 0.155469 0.770139 0.310937 0.456944
0 0.317969 0.012500 0.014063 0.019444
3 0.801172 0.727778 0.391406 0.541667
3 0.307422 0.500000 0.169531 0.991667
3 0.195703 0.502778 0.391406 0.986111
3 0.655859 0.504167 0.582031 0.969444
3 0.450391 0.500000 0.244531 0.988889
4 0.869141 0.415278 0.061719 0.077778
4 0.581641 0.509722 0.063281 0.066667
4 0.688672 0.575000 0.069531 0.133333
4 0.775000 0.486806 0.073438 0.087500
4 0.905078 0.388889 0.058594 0.077778
4 0.820312 0.456944 0.084375 0.080556
4 0.296875 0.391667 0.009375 0.030556
4 0.556641 0.454167 0.036719 0.044444
4 0.667188 0.700000 0.040625 0.158333
4 0.269531 0.495139 0.015625 0.045833
4 0.795703 0.478472 0.067969 0.101389
4 0.754687 0.505556 0.076563 0.091667
4 0.711328 0.547917 0.075781 0.115278
4 0.854297 0.427778 0.061719 0.072222
4 0.564063 0.472222 0.037500 0.066667
4 0.887500 0.403472 0.059375 0.073611
4 0.547656 0.427083 0.043750 0.045833
4 0.832031 0.441667 0.067187 0.077778
4 0.734766 0.525000 0.075781 0.100000
4 0.675781 0.627778 0.059375 0.161111
5 0.743359 0.650694 0.407031 0.618056
7 0.743750 0.650000 0.407813 0.619444
7 0.382422 0.208333 0.053906 0.144444
7 0.664062 0.514583 0.568750 0.923611
