0 0.478906 0.049074 0.020313 0.016667
0 0.311458 0.238889 0.020833 0.033333
0 0.401302 0.070370 0.026562 0.014815
0 0.216406 0.431481 0.056771 0.048148
0 0.310677 0.057407 0.021354 0.014815
0 0.326823 0.286111 0.022396 0.035185
0 0.546875 0.121759 0.023958 0.012037
0 0.282552 0.181019 0.016146 0.028704
0 0.356250 0.062037 0.022917 0.016667
0 0.328646 0.056019 0.018750 0.015741
0 0.436719 0.488889 0.028646 0.055556
0 0.436458 0.081019 0.031250 0.017593
0 0.473438 0.086111 0.023958 0.016667
0 0.300521 0.218056 0.015625 0.026852
1 0.323177 0.349074 0.008854 0.027778
3 0.379167 0.571296 0.244792 0.848148
3 0.217448 0.626852 0.153646 0.237037
3 0.626563 0.149537 0.572917 0.158333
4 0.421354 0.590278 0.007292 0.037963
4 0.283333 0.715278 0.044792 0.028704
4 0.388021 0.968981 0.015625 0.060185
4 0.396094 0.393056 0.007812 0.023148
4 0.359896 0.272685 0.007292 0.015741
4 0.417969 0.522222 0.008854 0.027778
4 0.380990 0.326852 0.008854 0.018519
4 0.277604 0.736574 0.045833 0.026852
4 0.409896 0.476852 0.007292 0.025926
4 0.294792 0.670833 0.043750 0.026852
4 0.315625 0.601389 0.039583 0.021296
4 0.300781 0.650463 0.043229 0.025000
4 0.311458 0.614815 0.042708 0.025926
4 0.366406 0.521296 0.010937 0.031481
4 0.487500 0.521296 0.014583 0.035185
4 0.305990 0.632870 0.041146 0.030556
4 0.396615 0.522685 0.008854 0.028704
4 0.420833 0.747222 0.007292 0.051852
4 0.467187 0.781019 0.028125 0.436111
4 0.289323 0.691667 0.044271 0.029630
5 0.421354 0.590278 0.007292 0.037963
5 0.295052 0.670370 0.043229 0.025926
5 0.283073 0.715278 0.044271 0.028704
5 0.388021 0.968981 0.015625 0.060185
5 0.396094 0.393056 0.007812 0.023148
5 0.366406 0.521296 0.010937 0.031481
5 0.359896 0.272685 0.007292 0.015741
5 0.417708 0.522222 0.008333 0.027778
5 0.380990 0.326852 0.008854 0.018519
5 0.277865 0.736574 0.045312 0.026852
5 0.409896 0.476852 0.007292 0.025926
5 0.315885 0.600926 0.039062 0.020370
5 0.300781 0.650463 0.043229 0.025000
5 0.487240 0.521759 0.014063 0.034259
5 0.312500 0.614815 0.040625 0.025926
5 0.305990 0.632870 0.041146 0.030556
5 0.396615 0.522685 0.008854 0.028704
5 0.340104 0.229630 0.007292 0.012963
5 0.420833 0.746759 0.007292 0.050926
5 0.467187 0.781019 0.028125 0.436111
5 0.399219 0.317130 0.135937 0.299074
5 0.289323 0.691667 0.044271 0.029630
7 0.294010 0.676389 0.080729 0.169444
7 0.430208 0.528704 0.140625 0.061111
7 0.433594 0.308796 0.046354 0.039815
