0 0.460156 0.326389 0.042188 0.119444
0 0.440625 0.293056 0.025000 0.047222
0 0.906250 0.534722 0.128125 0.086111
0 0.354687 0.373611 0.040625 0.069444
0 0.404687 0.322222 0.031250 0.033333
0 0.021094 0.470833 0.042188 0.063889
0 0.835938 0.872222 0.181250 0.216667
0 0.973437 0.841667 0.050000 0.122222
0 0.799219 0.279167 0.010937 0.019444
0 0.461719 0.354167 0.039062 0.063889
0 0.357812 0.236111 0.021875 0.022222
0 0.402344 0.291667 0.026562 0.038889
0 0.210938 0.268056 0.087500 0.069444
0 0.202344 0.284722 0.070312 0.041667
0 0.391406 0.230556 0.020313 0.016667
0 0.174219 0.309722 0.095312 0.052778
0 0.149219 0.341667 0.092188 0.072222
0 0.446875 0.322222 0.021875 0.055556
0 0.983594 0.352778 0.029687 0.038889
0 0.511719 0.350000 0.035937 0.044444
0 0.406250 0.356944 0.034375 0.063889
0 0.399219 0.256944 0.023438 0.030556
0 0.433594 0.181944 0.014063 0.013889
0 0.810937 0.300000 0.021875 0.033333
0 0.142969 0.547222 0.160938 0.094444
1 0.791406 0.366667 0.014063 0.050000
1 0.051562 0.327778 0.015625 0.066667
3 0.458594 0.316667 0.092188 0.177778
3 0.834375 0.883333 0.328125 0.222222
3 0.905469 0.548611 0.185938 0.169444
3 0.788281 0.873611 0.417187 0.241667
3 0.303125 0.322222 0.084375 0.194444
3 0.611719 0.341667 0.260937 0.227778
3 0.590625 0.619444 0.812500 0.377778
3 0.696875 0.891667 0.234375 0.205556
3 0.535937 0.322222 0.193750 0.188889
3 0.552344 0.322222 0.170313 0.188889
4 0.951562 0.502778 0.093750 0.066667
4 0.785156 0.773611 0.426563 0.047222
4 0.602344 0.890278 0.070312 0.213889
4 0.331250 0.334722 0.028125 0.163889
4 0.755469 0.877778 0.126562 0.238889
4 0.430469 0.338889 0.035937 0.144444
4 0.378906 0.418056 0.248438 0.025000
4 0.247656 0.900000 0.032813 0.194444
5 0.951562 0.502778 0.093750 0.066667
5 0.419531 0.801389 0.010937 0.075000
5 0.496094 0.376389 0.029687 0.063889
5 0.519531 0.429167 0.020313 0.025000
5 0.886719 0.693056 0.070312 0.063889
5 0.628906 0.431944 0.023438 0.025000
5 0.046875 0.609722 0.059375 0.013889
5 0.414062 0.722222 0.028125 0.083333
5 0.482812 0.715278 0.034375 0.080556
5 0.785156 0.773611 0.426563 0.047222
5 0.848437 0.473611 0.068750 0.008333
5 0.835938 0.694444 0.065625 0.066667
5 0.036719 0.669444 0.032813 0.011111
5 0.944531 0.693056 0.073438 0.063889
5 0.271094 0.736111 0.035937 0.088889
5 0.755469 0.877778 0.126562 0.238889
5 0.343750 0.729167 0.025000 0.086111
5 0.725781 0.700000 0.060937 0.072222
5 0.379688 0.418056 0.246875 0.025000
5 0.331250 0.333333 0.028125 0.161111
5 0.665625 0.701389 0.053125 0.075000
5 0.593750 0.431944 0.021875 0.025000
5 0.610156 0.705556 0.048438 0.077778
5 0.429688 0.341667 0.034375 0.138889
5 0.485938 0.429167 0.018750 0.025000
5 0.550781 0.709722 0.042188 0.075000
5 0.601562 0.890278 0.068750 0.213889
5 0.207813 0.744444 0.034375 0.094444
5 0.857812 0.486111 0.065625 0.016667
5 0.624219 0.931944 0.045312 0.125000
5 0.247656 0.900000 0.032813 0.194444
5 0.978906 0.683333 0.039062 0.038889
5 0.784375 0.697222 0.062500 0.066667
7 0.061719 0.569444 0.114062 0.211111
7 0.907031 0.544444 0.182812 0.150000
7 0.591406 0.726389 0.814063 0.130556
7 0.491406 0.436111 0.492188 0.044444
