0 0.581250 0.420139 0.010417 0.015278
0 0.656250 0.383333 0.014583 0.013889
0 0.563542 0.422222 0.014583 0.016667
0 0.394792 0.470139 0.025000 0.018056
0 0.452083 0.493056 0.031250 0.022222
0 0.460938 0.413194 0.017708 0.018056
0 0.718750 0.738194 0.177083 0.143056
0 0.399479 0.502083 0.026042 0.020833
0 0.479167 0.510417 0.016667 0.018056
0 0.469271 0.522917 0.036458 0.026389
0 0.388542 0.454167 0.025000 0.013889
0 0.360938 0.481944 0.034375 0.019444
0 0.698438 0.493750 0.028125 0.043056
0 0.602604 0.407639 0.013542 0.015278
0 0.344792 0.463194 0.025000 0.018056
0 0.623437 0.395139 0.017708 0.015278
0 0.689063 0.662500 0.051042 0.041667
0 0.661979 0.404167 0.013542 0.013889
1 0.858854 0.616667 0.007292 0.013889
3 0.316667 0.499306 0.127083 0.084722
4 0.515104 0.598611 0.011458 0.213889
4 0.584375 0.597917 0.027083 0.015278
4 0.477083 0.627778 0.008333 0.008333
4 0.506250 0.563194 0.312500 0.034722
4 0.494271 0.615972 0.009375 0.006944
4 0.784375 0.659722 0.020833 0.011111
4 0.460417 0.639583 0.010417 0.009722
4 0.560417 0.609028 0.027083 0.026389
4 0.432292 0.646528 0.177083 0.131944
4 0.805208 0.828472 0.329167 0.173611
4 0.721875 0.631250 0.020833 0.009722
4 0.426042 0.535417 0.164583 0.095833
4 0.792188 0.637500 0.023958 0.011111
4 0.595833 0.628472 0.154167 0.165278
4 0.591146 0.518750 0.161458 0.062500
4 0.624479 0.622222 0.019792 0.013889
4 0.732812 0.613194 0.019792 0.009722
4 0.353646 0.761806 0.057292 0.034722
5 0.515104 0.598611 0.011458 0.213889
5 0.584375 0.597917 0.027083 0.015278
5 0.477083 0.627778 0.008333 0.008333
5 0.506250 0.563194 0.312500 0.034722
5 0.494271 0.615972 0.009375 0.006944
5 0.784375 0.659722 0.020833 0.011111
5 0.460417 0.639583 0.010417 0.009722
5 0.560417 0.609028 0.027083 0.026389
5 0.432292 0.646528 0.177083 0.131944
5 0.805208 0.828472 0.329167 0.173611
5 0.721875 0.631250 0.020833 0.009722
5 0.426042 0.535417 0.164583 0.095833
5 0.792188 0.637500 0.023958 0.011111
5 0.595833 0.628472 0.154167 0.165278
5 0.591146 0.518750 0.161458 0.062500
5 0.624479 0.622222 0.019792 0.013889
5 0.732812 0.613194 0.019792 0.009722
5 0.353646 0.761806 0.057292 0.034722
