0 0.656771 0.384722 0.015625 0.016667
0 0.580729 0.420139 0.011458 0.015278
0 0.673958 0.491667 0.020833 0.022222
0 0.622396 0.397222 0.017708 0.016667
0 0.678646 0.361111 0.013542 0.008333
0 0.418750 0.516667 0.031250 0.025000
0 0.396875 0.466667 0.035417 0.027778
0 0.564063 0.422222 0.013542 0.016667
0 0.602604 0.409028 0.015625 0.015278
0 0.026562 0.417361 0.015625 0.009722
0 0.458333 0.412500 0.022917 0.019444
0 0.499479 0.511806 0.046875 0.034722
0 0.654687 0.481944 0.021875 0.025000
0 0.662500 0.404167 0.012500 0.013889
0 0.797396 0.340278 0.007292 0.008333
1 0.713542 0.913194 0.014583 0.029167
3 0.317708 0.504167 0.127083 0.102778
3 0.770833 0.620139 0.170833 0.148611
3 0.709375 0.483333 0.068750 0.077778
4 0.790104 0.605556 0.144792 0.083333
4 0.515625 0.618056 0.010417 0.172222
4 0.584375 0.597917 0.027083 0.015278
4 0.506250 0.559722 0.310417 0.041667
4 0.807813 0.828472 0.328125 0.173611
4 0.477083 0.627778 0.008333 0.008333
4 0.450521 0.536111 0.017708 0.019444
4 0.508333 0.606250 0.008333 0.006944
4 0.430208 0.560417 0.158333 0.043056
4 0.494271 0.615972 0.009375 0.006944
4 0.784896 0.659028 0.021875 0.009722
4 0.560937 0.608333 0.028125 0.027778
4 0.605208 0.642361 0.020833 0.012500
4 0.348438 0.765972 0.065625 0.043056
4 0.432292 0.625694 0.177083 0.173611
4 0.460417 0.639583 0.010417 0.009722
4 0.721875 0.631944 0.020833 0.011111
4 0.408333 0.545833 0.129167 0.077778
4 0.294792 0.521528 0.079167 0.076389
4 0.792708 0.638889 0.022917 0.011111
4 0.595833 0.610417 0.154167 0.204167
4 0.280729 0.490278 0.013542 0.011111
4 0.595313 0.520139 0.153125 0.059722
4 0.624479 0.622222 0.019792 0.013889
4 0.733854 0.613194 0.019792 0.009722
5 0.790104 0.605556 0.144792 0.083333
5 0.515625 0.618056 0.010417 0.172222
5 0.584375 0.597917 0.027083 0.015278
5 0.506250 0.559722 0.310417 0.041667
5 0.807813 0.828472 0.328125 0.173611
5 0.477083 0.627778 0.008333 0.008333
5 0.450521 0.536111 0.017708 0.019444
5 0.508333 0.606250 0.008333 0.006944
5 0.430208 0.560417 0.158333 0.043056
5 0.494271 0.615972 0.009375 0.006944
5 0.784896 0.659028 0.021875 0.009722
5 0.560937 0.608333 0.028125 0.027778
5 0.605208 0.642361 0.020833 0.012500
5 0.348438 0.765972 0.065625 0.043056
5 0.432292 0.625694 0.177083 0.173611
5 0.460417 0.639583 0.010417 0.009722
5 0.721875 0.631944 0.020833 0.011111
5 0.408333 0.545833 0.129167 0.077778
5 0.294792 0.521528 0.079167 0.076389
5 0.792708 0.638889 0.022917 0.011111
5 0.595833 0.610417 0.154167 0.204167
5 0.280729 0.490278 0.013542 0.011111
5 0.595313 0.520139 0.153125 0.059722
5 0.624479 0.622222 0.019792 0.013889
5 0.733854 0.613194 0.019792 0.009722
