0 0.730859 0.393750 0.047656 0.051389
0 0.471875 0.509722 0.076563 0.130556
0 0.674219 0.313194 0.039062 0.048611
0 0.771875 0.453472 0.070312 0.054167
0 0.723437 0.584028 0.101562 0.073611
0 0.593750 0.278472 0.046875 0.040278
0 0.683594 0.398611 0.053125 0.066667
0 0.441406 0.276389 0.064062 0.050000
0 0.562891 0.352083 0.041406 0.031944
0 0.928125 0.900694 0.142187 0.195833
0 0.446094 0.189583 0.020313 0.020833
0 0.863281 0.588194 0.095312 0.112500
0 0.465234 0.435417 0.047656 0.031944
0 0.422656 0.302778 0.026562 0.041667
0 0.462500 0.300000 0.035937 0.083333
0 0.336719 0.495139 0.040625 0.031944
0 0.575781 0.261806 0.037500 0.023611
0 0.663672 0.297222 0.027344 0.030556
0 0.496094 0.182639 0.017188 0.037500
0 0.596875 0.487500 0.160938 0.236111
0 0.503906 0.238194 0.025000 0.040278
0 0.505859 0.346528 0.038281 0.037500
0 0.095703 0.784722 0.191406 0.200000
0 0.717187 0.725000 0.098437 0.208333
0 0.422656 0.333333 0.031250 0.027778
0 0.492969 0.384028 0.059375 0.065278
0 0.982422 0.982639 0.033594 0.031944
0 0.911328 0.717361 0.136719 0.151389
0 0.345703 0.828472 0.130469 0.198611
0 0.621875 0.280556 0.029687 0.019444
0 0.683203 0.252083 0.028906 0.034722
0 0.565234 0.685417 0.088281 0.143056
0 0.471875 0.396528 0.026562 0.043056
0 0.513281 0.815972 0.120313 0.201389
0 0.617969 0.725000 0.075000 0.177778
0 0.242969 0.799306 0.090625 0.187500
0 0.440234 0.293750 0.013281 0.056944
0 0.446094 0.603472 0.078125 0.118056
0 0.698828 0.347222 0.035156 0.038889
0 0.360938 0.447917 0.114062 0.198611
0 0.412500 0.546528 0.067187 0.079167
0 0.764453 0.984028 0.125781 0.029167
0 0.510547 0.344444 0.042969 0.038889
0 0.695703 0.460417 0.039844 0.065278
0 0.637500 0.249306 0.054688 0.040278
0 0.412500 0.454861 0.023438 0.095833
0 0.337500 0.596528 0.067187 0.076389
0 0.580078 0.325000 0.028906 0.050000
0 0.697266 0.372222 0.035156 0.025000
0 0.716406 0.504167 0.073438 0.086111
0 0.505078 0.333333 0.036719 0.044444
0 0.850000 0.797222 0.129688 0.172222
0 0.647266 0.218750 0.027344 0.020833
0 0.514844 0.313194 0.028125 0.029167
0 0.334766 0.538889 0.052344 0.072222
0 0.262891 0.646528 0.057031 0.112500
0 0.179297 0.925694 0.122656 0.140278
0 0.421484 0.252778 0.022656 0.058333
0 0.749609 0.395139 0.080469 0.120833
0 0.537500 0.976389 0.150000 0.044444
0 0.625781 0.338889 0.057813 0.097222
0 0.512500 0.418056 0.064062 0.102778
0 0.829297 0.538889 0.074219 0.097222
0 0.793750 0.654861 0.103125 0.129167
0 0.532422 0.300000 0.022656 0.027778
0 0.452734 0.204861 0.019531 0.029167
0 0.483203 0.713194 0.096094 0.137500
0 0.671875 0.222222 0.025000 0.025000
0 0.557813 0.582639 0.120313 0.101389
0 0.563672 0.314583 0.039844 0.051389
0 0.682031 0.886806 0.173437 0.223611
0 0.641406 0.638889 0.100000 0.116667
0 0.537891 0.233333 0.021094 0.044444
0 0.553516 0.288889 0.030469 0.036111
0 0.670312 0.361111 0.035937 0.041667
0 0.795703 0.491667 0.069531 0.066667
0 0.439453 0.430556 0.049219 0.083333
0 0.527344 0.167361 0.031250 0.065278
0 0.533594 0.203472 0.025000 0.040278
0 0.370703 0.902083 0.128906 0.193056
0 0.481641 0.270833 0.027344 0.041667
0 0.746484 0.545139 0.094531 0.081944
0 0.388672 0.665278 0.061719 0.152778
0 0.500781 0.209028 0.021875 0.029167
1 0.251563 0.486806 0.021875 0.095833
1 0.296094 0.443750 0.014063 0.076389
1 0.019531 0.864583 0.039062 0.159722
1 0.252734 0.411806 0.013281 0.043056
1 0.209375 0.629167 0.035937 0.066667
1 0.051562 0.870833 0.032813 0.186111
1 0.283594 0.384722 0.018750 0.066667
1 0.214453 0.498611 0.030469 0.102778
1 0.318750 0.352083 0.015625 0.056944
1 0.268750 0.450694 0.018750 0.093056
1 0.191016 0.513889 0.019531 0.047222
1 0.195312 0.596528 0.020313 0.129167
1 0.169531 0.551389 0.020313 0.094444
1 0.208203 0.549306 0.019531 0.093056
1 0.148438 0.586806 0.020313 0.120833
1 0.305469 0.345139 0.014063 0.068056
1 0.165234 0.635417 0.025781 0.081944
1 0.369922 0.320139 0.010156 0.056944
1 0.172266 0.720139 0.047656 0.104167
3 0.609375 0.579861 0.779687 0.837500
4 0.441797 0.845833 0.011719 0.027778
4 0.825391 0.938194 0.011719 0.040278
5 0.441797 0.845833 0.010156 0.027778
5 0.825391 0.938194 0.011719 0.040278
