0 0.305859 0.486806 0.088281 0.231944
0 0.379688 0.101389 0.021875 0.033333
0 0.239844 0.156944 0.029687 0.055556
0 0.315234 0.202083 0.010156 0.034722
0 0.317578 0.025694 0.014844 0.029167
0 0.279297 0.218056 0.033594 0.075000
0 0.888672 0.462500 0.136719 0.247222
0 0.342187 0.020833 0.014063 0.019444
0 0.019922 0.982639 0.039844 0.031944
0 0.296875 0.102778 0.021875 0.038889
0 0.350391 0.267361 0.036719 0.068056
0 0.150781 0.627778 0.114062 0.200000
0 0.333984 0.099306 0.022656 0.031944
0 0.265625 0.321528 0.050000 0.090278
0 0.354687 0.050000 0.017188 0.027778
0 0.470703 0.322917 0.074219 0.154167
0 0.336328 0.121528 0.024219 0.020833
0 0.327344 0.068750 0.017188 0.029167
0 0.286719 0.147222 0.023438 0.044444
0 0.486719 0.456944 0.067187 0.161111
0 0.341016 0.154861 0.028906 0.051389
0 0.343750 0.197222 0.028125 0.066667
0 0.485547 0.618750 0.072656 0.184722
0 0.366016 0.072222 0.019531 0.030556
0 0.238672 0.433333 0.019531 0.061111
0 0.411328 0.174306 0.032031 0.048611
1 0.238672 0.402778 0.021094 0.061111
1 0.314844 0.184722 0.012500 0.036111
3 0.801172 0.754861 0.396094 0.487500
3 0.195312 0.504167 0.390625 0.988889
3 0.455859 0.514583 0.235156 0.959722
4 0.688672 0.575694 0.069531 0.134722
4 0.545703 0.375694 0.021094 0.026389
4 0.804688 0.447222 0.053125 0.061111
4 0.595313 0.893056 0.029687 0.063889
4 0.565234 0.470833 0.035156 0.063889
4 0.556641 0.454167 0.036719 0.044444
4 0.774609 0.486111 0.072656 0.086111
4 0.607031 0.797917 0.064062 0.059722
4 0.667578 0.702778 0.039844 0.161111
4 0.134375 0.916667 0.046875 0.136111
4 0.552344 0.426389 0.034375 0.044444
4 0.793750 0.467361 0.062500 0.079167
4 0.754687 0.506250 0.076563 0.093056
4 0.223047 0.649306 0.024219 0.068056
4 0.711719 0.549306 0.075000 0.115278
4 0.601953 0.840972 0.049219 0.048611
4 0.832031 0.401389 0.017188 0.019444
4 0.605078 0.529167 0.099219 0.133333
4 0.613281 0.750694 0.084375 0.068056
4 0.602734 0.633333 0.086719 0.072222
4 0.582422 0.508333 0.061719 0.066667
4 0.675781 0.628472 0.059375 0.162500
4 0.809375 0.416667 0.023438 0.027778
4 0.734766 0.525694 0.075781 0.101389
5 0.710938 0.656944 0.384375 0.625000
7 0.722656 0.652083 0.362500 0.615278
7 0.637891 0.507639 0.532031 0.929167
7 0.476172 0.269444 0.216406 0.463889
