0 0.655729 0.382639 0.015625 0.015278
0 0.377083 0.490972 0.027083 0.023611
0 0.741667 0.670833 0.156250 0.116667
0 0.580729 0.420139 0.011458 0.015278
0 0.678646 0.361111 0.015625 0.011111
0 0.224479 0.406944 0.009375 0.008333
0 0.409896 0.477083 0.023958 0.020833
0 0.603125 0.407639 0.014583 0.015278
0 0.291146 0.421528 0.023958 0.020833
0 0.457813 0.412500 0.023958 0.019444
0 0.704167 0.698611 0.054167 0.050000
0 0.553646 0.413194 0.021875 0.012500
0 0.622396 0.396528 0.017708 0.015278
0 0.671354 0.425000 0.017708 0.013889
0 0.661979 0.405556 0.015625 0.013889
0 0.347917 0.443056 0.020833 0.013889
3 0.318229 0.502778 0.126042 0.102778
4 0.515104 0.597917 0.011458 0.212500
4 0.807292 0.828472 0.327083 0.173611
4 0.854688 0.632639 0.276042 0.137500
4 0.432292 0.645833 0.177083 0.133333
4 0.506771 0.563889 0.311458 0.036111
4 0.560937 0.608333 0.028125 0.027778
4 0.792188 0.637500 0.023958 0.011111
4 0.460417 0.639583 0.010417 0.009722
4 0.422917 0.538889 0.158333 0.091667
4 0.294271 0.521528 0.080208 0.076389
4 0.596875 0.628472 0.152083 0.165278
4 0.591146 0.518750 0.159375 0.062500
4 0.348958 0.765972 0.068750 0.045833
5 0.515104 0.597917 0.011458 0.212500
5 0.807292 0.828472 0.327083 0.173611
5 0.854688 0.632639 0.276042 0.137500
5 0.432292 0.645833 0.177083 0.133333
5 0.506771 0.563889 0.311458 0.036111
5 0.560937 0.608333 0.028125 0.027778
5 0.792188 0.637500 0.023958 0.011111
5 0.460417 0.639583 0.010417 0.009722
5 0.422917 0.538889 0.158333 0.091667
5 0.294271 0.521528 0.080208 0.076389
5 0.596875 0.628472 0.152083 0.165278
5 0.591146 0.518750 0.159375 0.062500
5 0.348958 0.765972 0.068750 0.045833
