0 0.553516 0.366667 0.008594 0.016667
0 0.412109 0.565278 0.041406 0.066667
0 0.523438 0.372917 0.012500 0.018056
0 0.649219 0.587500 0.048438 0.066667
0 0.582422 0.396528 0.022656 0.040278
0 0.563281 0.422222 0.017188 0.025000
0 0.238672 0.603472 0.052344 0.065278
0 0.453125 0.379861 0.014063 0.023611
0 0.668750 0.513889 0.032813 0.047222
0 0.280469 0.672222 0.068750 0.086111
0 0.483594 0.369444 0.012500 0.019444
0 0.446875 0.465972 0.021875 0.034722
0 0.385937 0.506250 0.032813 0.040278
0 0.476562 0.381250 0.012500 0.020833
0 0.356250 0.469444 0.028125 0.036111
0 0.520703 0.350694 0.007031 0.012500
0 0.448047 0.393750 0.014844 0.018056
0 0.464453 0.371528 0.010156 0.015278
0 0.461719 0.430556 0.017188 0.025000
0 0.540234 0.426389 0.019531 0.030556
0 0.601172 0.494444 0.027344 0.041667
0 0.530859 0.400694 0.013281 0.020833
0 0.540234 0.361111 0.008594 0.011111
0 0.566797 0.380556 0.011719 0.016667
0 0.552734 0.397917 0.013281 0.020833
0 0.420312 0.410417 0.040625 0.081944
0 0.491406 0.329861 0.009375 0.015278
0 0.366016 0.735417 0.071094 0.104167
0 0.630859 0.468056 0.025781 0.033333
3 0.763672 0.682639 0.471094 0.626389
3 0.199219 0.638194 0.398438 0.443056
3 0.240625 0.695833 0.481250 0.600000
4 0.385937 0.475000 0.006250 0.008333
4 0.626953 0.506944 0.005469 0.008333
4 0.417187 0.494444 0.004687 0.008333
4 0.208594 0.738889 0.023438 0.033333
4 0.450000 0.698611 0.137500 0.600000
4 0.796875 0.648611 0.404687 0.469444
4 0.384766 0.570833 0.007031 0.013889
4 0.316016 0.731250 0.016406 0.031944
4 0.684375 0.752083 0.018750 0.037500
4 0.350000 0.527778 0.007812 0.011111
4 0.358203 0.632639 0.010156 0.020833
4 0.198828 0.638194 0.397656 0.440278
4 0.777734 0.968056 0.032031 0.061111
4 0.647266 0.538889 0.008594 0.011111
4 0.319141 0.573611 0.010156 0.013889
4 0.076953 0.940972 0.049219 0.070833
4 0.930469 0.967361 0.045312 0.062500
4 0.610156 0.579861 0.009375 0.015278
4 0.676953 0.583333 0.011719 0.013889
4 0.789062 0.752778 0.025000 0.036111
4 0.637891 0.644444 0.011719 0.022222
4 0.578516 0.503472 0.005469 0.009722
4 0.505078 0.709722 0.238281 0.577778
4 0.591406 0.534722 0.006250 0.011111
4 0.403906 0.527778 0.007812 0.013889
4 0.235547 0.922222 0.032031 0.063889
4 0.720703 0.650000 0.016406 0.022222
5 0.796875 0.649306 0.404687 0.468056
5 0.569531 0.479167 0.004687 0.008333
5 0.556250 0.445833 0.003125 0.005556
5 0.385547 0.475000 0.005469 0.008333
5 0.626953 0.506944 0.005469 0.008333
5 0.417187 0.494444 0.004687 0.008333
5 0.208594 0.738889 0.023438 0.033333
5 0.398047 0.456250 0.005469 0.006944
5 0.450000 0.700000 0.137500 0.597222
5 0.076953 0.940972 0.049219 0.070833
5 0.384766 0.570833 0.007031 0.013889
5 0.316016 0.731250 0.016406 0.031944
5 0.585547 0.441667 0.011719 0.016667
5 0.349609 0.527778 0.007031 0.011111
5 0.562109 0.460417 0.003906 0.006944
5 0.403906 0.527778 0.007812 0.013889
5 0.358203 0.632639 0.010156 0.020833
5 0.198828 0.637500 0.397656 0.438889
5 0.777734 0.968056 0.032031 0.061111
5 0.646875 0.538194 0.007812 0.009722
5 0.319141 0.573611 0.010156 0.013889
5 0.930469 0.967361 0.045312 0.062500
5 0.610156 0.579861 0.009375 0.015278
5 0.677344 0.583333 0.010937 0.013889
5 0.578516 0.503472 0.005469 0.009722
5 0.788672 0.752778 0.024219 0.036111
5 0.637891 0.644444 0.011719 0.022222
5 0.684375 0.752083 0.018750 0.037500
5 0.571094 0.710417 0.106250 0.576389
5 0.591406 0.534722 0.006250 0.011111
5 0.599219 0.461806 0.004687 0.006944
5 0.235547 0.922222 0.032031 0.063889
5 0.426563 0.472917 0.003125 0.006944
5 0.720313 0.650000 0.015625 0.022222
