0 0.655729 0.384722 0.015625 0.016667
0 0.675000 0.491667 0.020833 0.022222
0 0.581250 0.420139 0.012500 0.015278
0 0.621875 0.397222 0.018750 0.016667
0 0.678646 0.361806 0.015625 0.009722
0 0.551042 0.675000 0.062500 0.058333
0 0.458333 0.412500 0.022917 0.019444
0 0.564063 0.422222 0.015625 0.016667
0 0.342187 0.400000 0.015625 0.016667
0 0.443750 0.540278 0.027083 0.036111
0 0.603125 0.409028 0.016667 0.015278
0 0.705208 0.492361 0.025000 0.031944
0 0.026562 0.417361 0.015625 0.009722
0 0.654167 0.482639 0.022917 0.023611
0 0.549479 0.538889 0.034375 0.027778
0 0.662500 0.404861 0.012500 0.015278
0 0.692187 0.473611 0.019792 0.019444
1 0.595833 0.725694 0.008333 0.026389
3 0.769792 0.631944 0.170833 0.125000
4 0.514583 0.595139 0.010417 0.209722
4 0.584375 0.598611 0.027083 0.016667
4 0.506250 0.557639 0.312500 0.045833
4 0.807292 0.828472 0.329167 0.173611
4 0.477604 0.627083 0.009375 0.006944
4 0.430208 0.568750 0.158333 0.026389
4 0.434896 0.646528 0.182292 0.131944
4 0.494271 0.615972 0.009375 0.006944
4 0.784896 0.659722 0.021875 0.011111
4 0.460417 0.639583 0.010417 0.009722
4 0.560937 0.609028 0.028125 0.026389
4 0.792708 0.637500 0.022917 0.011111
4 0.351562 0.763194 0.059375 0.037500
4 0.422396 0.538194 0.157292 0.090278
4 0.295312 0.522222 0.078125 0.075000
4 0.624479 0.598611 0.096875 0.105556
4 0.279687 0.490278 0.013542 0.011111
4 0.589063 0.517361 0.157292 0.059722
4 0.721875 0.631944 0.020833 0.011111
4 0.733333 0.613194 0.018750 0.009722
5 0.514583 0.595139 0.010417 0.209722
5 0.584375 0.598611 0.027083 0.016667
5 0.506250 0.557639 0.312500 0.045833
5 0.807292 0.828472 0.329167 0.173611
5 0.477604 0.627083 0.009375 0.006944
5 0.430208 0.568750 0.158333 0.026389
5 0.434896 0.646528 0.182292 0.131944
5 0.494271 0.615972 0.009375 0.006944
5 0.784896 0.659722 0.021875 0.011111
5 0.460417 0.639583 0.010417 0.009722
5 0.560937 0.609028 0.028125 0.026389
5 0.792708 0.637500 0.022917 0.011111
5 0.351562 0.763194 0.059375 0.037500
5 0.422396 0.538194 0.157292 0.090278
5 0.295312 0.522222 0.078125 0.075000
5 0.624479 0.598611 0.096875 0.105556
5 0.279687 0.490278 0.013542 0.011111
5 0.589063 0.517361 0.157292 0.059722
5 0.721875 0.631944 0.020833 0.011111
5 0.733333 0.613194 0.018750 0.009722
