0 0.337500 0.365278 0.051562 0.097222
0 0.260937 0.705556 0.104688 0.227778
0 0.285156 0.200694 0.034375 0.073611
0 0.330469 0.084028 0.020313 0.037500
0 0.289844 0.149306 0.026562 0.043056
0 0.084766 0.772917 0.141406 0.248611
0 0.239844 0.156250 0.029687 0.054167
0 0.205859 0.452778 0.127344 0.222222
0 0.458984 0.352778 0.049219 0.091667
0 0.323437 0.044444 0.017188 0.027778
0 0.341797 0.131250 0.024219 0.040278
0 0.291016 0.007639 0.011719 0.015278
0 0.507812 0.618056 0.075000 0.188889
0 0.390234 0.127778 0.030469 0.061111
0 0.421875 0.204861 0.034375 0.056944
0 0.268359 0.279861 0.055469 0.137500
3 0.800000 0.727083 0.392188 0.543056
3 0.195312 0.501389 0.390625 0.994444
3 0.654297 0.498611 0.583594 0.961111
3 0.449219 0.497917 0.245312 0.993056
4 0.869141 0.415278 0.061719 0.077778
4 0.222656 0.649306 0.023438 0.068056
4 0.688672 0.575000 0.069531 0.133333
4 0.854297 0.428472 0.061719 0.070833
4 0.527734 0.340972 0.028906 0.037500
4 0.917188 0.351389 0.023438 0.025000
4 0.905078 0.388889 0.058594 0.077778
4 0.761328 0.715972 0.342969 0.565278
4 0.557031 0.455556 0.037500 0.041667
4 0.605078 0.782639 0.067969 0.090278
4 0.666797 0.667361 0.039844 0.090278
4 0.269141 0.495139 0.014844 0.045833
4 0.544922 0.405556 0.033594 0.044444
4 0.796094 0.470833 0.068750 0.086111
4 0.754687 0.505556 0.076563 0.091667
4 0.312109 0.320139 0.005469 0.023611
4 0.297656 0.391667 0.009375 0.030556
4 0.774219 0.486806 0.073438 0.087500
4 0.712109 0.549306 0.074219 0.115278
4 0.133984 0.916667 0.046094 0.133333
4 0.601953 0.840972 0.049219 0.048611
4 0.832422 0.441667 0.067969 0.077778
4 0.564453 0.481944 0.036719 0.044444
4 0.546484 0.384028 0.021094 0.043056
4 0.551562 0.426389 0.035937 0.047222
4 0.612891 0.750694 0.085156 0.068056
4 0.605078 0.632639 0.082031 0.070833
4 0.617969 0.704167 0.103125 0.083333
4 0.582031 0.509028 0.062500 0.068056
4 0.734766 0.525000 0.077344 0.100000
4 0.887500 0.403472 0.059375 0.073611
4 0.813281 0.456250 0.070312 0.081944
4 0.675391 0.629167 0.060156 0.161111
5 0.743750 0.653472 0.406250 0.626389
7 0.658984 0.505556 0.580469 0.933333
