0 0.463672 0.419444 0.016406 0.022222
0 0.447656 0.462500 0.020313 0.030556
0 0.548047 0.356250 0.008594 0.012500
0 0.588672 0.415278 0.014844 0.022222
0 0.458203 0.379861 0.011719 0.015278
0 0.486328 0.363194 0.010156 0.018056
0 0.468750 0.395139 0.012500 0.018056
0 0.945703 0.855556 0.107031 0.155556
0 0.431250 0.420139 0.015625 0.023611
0 0.559375 0.375000 0.009375 0.013889
0 0.411328 0.445833 0.028906 0.052778
0 0.345313 0.484028 0.028125 0.037500
0 0.455859 0.362500 0.010156 0.013889
0 0.388281 0.497222 0.031250 0.041667
0 0.704297 0.570833 0.050781 0.066667
0 0.525781 0.379861 0.010937 0.015278
0 0.443750 0.396528 0.012500 0.018056
0 0.426953 0.388194 0.017969 0.031944
0 0.039453 0.902083 0.078906 0.151389
0 0.478906 0.372222 0.017188 0.027778
0 0.379688 0.415972 0.056250 0.090278
0 0.627344 0.458333 0.023438 0.036111
0 0.535156 0.361111 0.007812 0.011111
0 0.520703 0.362500 0.008594 0.013889
0 0.454297 0.388194 0.011719 0.018056
0 0.255078 0.532639 0.138281 0.201389
0 0.074219 0.986806 0.117188 0.023611
0 0.540625 0.375000 0.010937 0.013889
0 0.535156 0.411111 0.015625 0.022222
0 0.415625 0.550000 0.037500 0.052778
0 0.602344 0.596528 0.045312 0.073611
0 0.566406 0.427778 0.015625 0.025000
0 0.278125 0.688194 0.071875 0.084722
0 0.555859 0.402778 0.013281 0.019444
0 0.296094 0.969444 0.101562 0.058333
0 0.462109 0.356944 0.011719 0.016667
3 0.781250 0.691667 0.431250 0.605556
3 0.236328 0.713889 0.472656 0.563889
3 0.728906 0.711111 0.407813 0.569444
3 0.225391 0.596528 0.450781 0.462500
4 0.568750 0.479861 0.004687 0.006944
4 0.384766 0.570833 0.007031 0.013889
4 0.208594 0.738889 0.023438 0.033333
4 0.434766 0.705556 0.107031 0.586111
4 0.276562 0.636806 0.014063 0.018056
4 0.350000 0.527778 0.009375 0.011111
4 0.076953 0.940972 0.049219 0.070833
4 0.930078 0.968056 0.044531 0.061111
4 0.315234 0.732639 0.016406 0.031944
4 0.357812 0.632639 0.010937 0.020833
4 0.777734 0.968056 0.032031 0.061111
4 0.741016 0.581944 0.342969 0.394444
4 0.319141 0.574306 0.010156 0.012500
4 0.646875 0.538889 0.007812 0.011111
4 0.675781 0.583333 0.010937 0.013889
4 0.110547 0.731250 0.177344 0.190278
4 0.591016 0.536111 0.007031 0.011111
4 0.637500 0.645139 0.012500 0.023611
4 0.788281 0.753472 0.025000 0.034722
4 0.578516 0.504167 0.005469 0.008333
4 0.503125 0.703472 0.240625 0.590278
4 0.684375 0.753472 0.018750 0.037500
4 0.626172 0.506250 0.007031 0.009722
4 0.234766 0.922222 0.032031 0.063889
4 0.720313 0.650694 0.015625 0.020833
5 0.437891 0.694444 0.113281 0.608333
5 0.646875 0.538889 0.007812 0.011111
5 0.568750 0.479861 0.004687 0.006944
5 0.384766 0.570833 0.007031 0.013889
5 0.208594 0.738889 0.023438 0.033333
5 0.276562 0.636806 0.014063 0.018056
5 0.578516 0.504167 0.005469 0.008333
5 0.675781 0.583333 0.010937 0.013889
5 0.350000 0.527778 0.009375 0.011111
5 0.076953 0.940972 0.049219 0.070833
5 0.930078 0.968056 0.044531 0.061111
5 0.315234 0.732639 0.016406 0.031944
5 0.417187 0.495139 0.004687 0.006944
5 0.561719 0.461111 0.004687 0.005556
5 0.357812 0.632639 0.010937 0.020833
5 0.777344 0.968750 0.031250 0.059722
5 0.741406 0.582639 0.342187 0.393056
5 0.319141 0.574306 0.010156 0.012500
5 0.588672 0.447917 0.003906 0.006944
5 0.597656 0.463194 0.004687 0.006944
5 0.405078 0.526389 0.005469 0.011111
5 0.370703 0.496528 0.005469 0.009722
5 0.110156 0.731250 0.176563 0.190278
5 0.591016 0.536111 0.007031 0.011111
5 0.637500 0.645139 0.012500 0.023611
5 0.553516 0.440972 0.007031 0.018056
5 0.788281 0.753472 0.025000 0.034722
5 0.503516 0.704167 0.239844 0.588889
5 0.610547 0.482639 0.005469 0.009722
5 0.683984 0.753472 0.017969 0.037500
5 0.626172 0.506250 0.007031 0.009722
5 0.234766 0.922222 0.032031 0.063889
5 0.426953 0.472917 0.003906 0.006944
5 0.720313 0.650694 0.015625 0.020833
