0 0.656771 0.384028 0.015625 0.015278
0 0.674479 0.481944 0.038542 0.050000
0 0.581250 0.420833 0.010417 0.013889
0 0.682292 0.403472 0.014583 0.012500
0 0.563542 0.422222 0.014583 0.016667
0 0.622917 0.395833 0.016667 0.013889
0 0.678125 0.360417 0.014583 0.009722
0 0.643229 0.490278 0.023958 0.025000
0 0.460938 0.412500 0.019792 0.019444
0 0.602604 0.406944 0.013542 0.016667
0 0.662500 0.404861 0.014583 0.015278
0 0.454167 0.412500 0.033333 0.019444
3 0.707812 0.486806 0.067708 0.073611
4 0.517708 0.597917 0.016667 0.212500
5 0.794792 0.609722 0.137500 0.075000
5 0.515104 0.597917 0.011458 0.212500
5 0.584375 0.597222 0.027083 0.016667
5 0.505729 0.563194 0.311458 0.034722
5 0.807292 0.828472 0.327083 0.173611
5 0.494271 0.615972 0.009375 0.006944
5 0.784375 0.659028 0.020833 0.009722
5 0.560937 0.608333 0.026042 0.027778
5 0.352604 0.762500 0.057292 0.036111
5 0.432292 0.645833 0.177083 0.130556
5 0.460417 0.639583 0.010417 0.009722
5 0.721354 0.631250 0.019792 0.009722
5 0.425521 0.536806 0.163542 0.093056
5 0.792188 0.637500 0.021875 0.011111
5 0.595833 0.602083 0.154167 0.215278
5 0.589063 0.518056 0.157292 0.061111
5 0.732812 0.613194 0.019792 0.009722
