0 0.582292 0.418056 0.010417 0.016667
0 0.291667 0.422222 0.012500 0.011111
0 0.656250 0.382639 0.016667 0.015278
0 0.302604 0.438889 0.017708 0.016667
0 0.455729 0.495833 0.030208 0.019444
0 0.555208 0.461111 0.043750 0.030556
0 0.679688 0.359722 0.013542 0.011111
0 0.280208 0.463889 0.016667 0.019444
0 0.314583 0.432639 0.018750 0.015278
0 0.267188 0.411806 0.013542 0.012500
0 0.363542 0.466667 0.027083 0.016667
0 0.371875 0.484028 0.031250 0.020833
0 0.564583 0.420833 0.014583 0.016667
0 0.657292 0.642361 0.054167 0.040278
0 0.445833 0.475694 0.029167 0.020833
0 0.676042 0.479861 0.039583 0.048611
0 0.338021 0.442361 0.021875 0.015278
0 0.340625 0.468056 0.025000 0.022222
0 0.603646 0.404861 0.013542 0.018056
0 0.362500 0.440972 0.022917 0.015278
0 0.440625 0.537500 0.033333 0.030556
0 0.592708 0.536111 0.037500 0.027778
0 0.461458 0.410417 0.018750 0.018056
0 0.866146 0.375694 0.026042 0.020833
0 0.664062 0.583333 0.044792 0.036111
0 0.344792 0.397222 0.014583 0.016667
0 0.622396 0.394444 0.017708 0.016667
0 0.598437 0.610417 0.044792 0.034722
0 0.658854 0.476389 0.019792 0.025000
0 0.663021 0.403472 0.013542 0.015278
0 0.415104 0.641667 0.042708 0.055556
3 0.721875 0.595139 0.272917 0.195833
3 0.784375 0.777083 0.429167 0.262500
4 0.517708 0.596528 0.016667 0.212500
4 0.784896 0.658333 0.021875 0.011111
4 0.721875 0.630556 0.020833 0.011111
4 0.792708 0.636806 0.022917 0.012500
4 0.593750 0.598611 0.160417 0.222222
5 0.515104 0.597222 0.011458 0.213889
5 0.508333 0.558333 0.316667 0.038889
5 0.521875 0.579861 0.014583 0.031944
5 0.806250 0.827778 0.329167 0.175000
5 0.494792 0.614583 0.008333 0.006944
5 0.784896 0.658333 0.021875 0.011111
5 0.477083 0.626389 0.008333 0.008333
5 0.561458 0.607639 0.029167 0.026389
5 0.431250 0.643750 0.175000 0.131944
5 0.721875 0.630556 0.020833 0.011111
5 0.426042 0.534722 0.164583 0.094444
5 0.792708 0.636806 0.022917 0.012500
5 0.593229 0.598611 0.161458 0.222222
5 0.587500 0.513889 0.154167 0.058333
5 0.733333 0.611806 0.020833 0.009722
5 0.460417 0.637500 0.010417 0.008333
