0 0.331641 0.157639 0.027344 0.048611
0 0.360156 0.053472 0.018750 0.029167
0 0.241406 0.156944 0.029687 0.055556
0 0.334766 0.096528 0.021094 0.037500
0 0.382422 0.090972 0.022656 0.037500
0 0.252344 0.651389 0.092188 0.194444
0 0.318359 0.015278 0.011719 0.019444
0 0.326172 0.048611 0.019531 0.030556
0 0.337891 0.004861 0.013281 0.009722
0 0.293359 0.032639 0.014844 0.026389
0 0.493359 0.788889 0.091406 0.294444
0 0.337500 0.225694 0.031250 0.062500
0 0.292969 0.073611 0.023438 0.044444
3 0.800391 0.727083 0.389844 0.543056
3 0.194531 0.514583 0.389062 0.968056
3 0.656641 0.509028 0.580469 0.979167
3 0.450391 0.505556 0.246094 0.980556
4 0.832031 0.440972 0.067187 0.079167
4 0.775000 0.485417 0.073438 0.087500
4 0.767969 0.709722 0.357812 0.577778
4 0.135547 0.915972 0.046094 0.134722
4 0.271094 0.494444 0.015625 0.044444
4 0.313281 0.318750 0.006250 0.023611
4 0.298438 0.390972 0.009375 0.031944
4 0.812891 0.454861 0.069531 0.081944
4 0.795703 0.468750 0.067969 0.084722
5 0.739844 0.651389 0.415625 0.622222
7 0.742188 0.648611 0.412500 0.619444
7 0.664453 0.512500 0.569531 0.922222
