0 0.546484 0.348611 0.014844 0.027778
0 0.407813 0.587500 0.042188 0.061111
0 0.475781 0.352778 0.010937 0.019444
0 0.486328 0.366667 0.010156 0.013889
0 0.436328 0.379861 0.010156 0.015278
0 0.316797 0.505556 0.044531 0.063889
0 0.445703 0.363889 0.014844 0.027778
0 0.695312 0.542361 0.039062 0.054167
0 0.378516 0.433333 0.016406 0.011111
0 0.016016 0.920833 0.032031 0.088889
0 0.422656 0.395833 0.014063 0.016667
0 0.446094 0.462500 0.021875 0.030556
0 0.293359 0.647222 0.058594 0.077778
0 0.443359 0.399306 0.013281 0.020833
0 0.373828 0.480556 0.044531 0.086111
0 0.460938 0.372917 0.010937 0.015278
0 0.622266 0.458333 0.024219 0.033333
0 0.428516 0.425694 0.017969 0.023611
0 0.989453 0.940278 0.019531 0.108333
0 0.473047 0.393056 0.013281 0.016667
0 0.465234 0.415278 0.014844 0.022222
0 0.450781 0.385417 0.012500 0.015278
0 0.434766 0.505556 0.030469 0.041667
0 0.465625 0.364583 0.007812 0.015278
0 0.543359 0.370139 0.010156 0.012500
0 0.533203 0.344444 0.010156 0.027778
0 0.325781 0.823611 0.089063 0.150000
3 0.777344 0.620833 0.443750 0.516667
3 0.759375 0.689583 0.443750 0.609722
3 0.208984 0.634028 0.417969 0.470833
3 0.237891 0.702778 0.466406 0.586111
3 0.644531 0.679861 0.256250 0.631944
4 0.208203 0.739583 0.024219 0.034722
4 0.434375 0.706944 0.106250 0.583333
4 0.929297 0.968056 0.042969 0.061111
4 0.314844 0.732639 0.015625 0.031944
4 0.637500 0.645833 0.012500 0.022222
4 0.076172 0.941667 0.049219 0.069444
4 0.206641 0.629861 0.413281 0.454167
4 0.777344 0.968750 0.031250 0.059722
4 0.778125 0.625694 0.442188 0.515278
4 0.646094 0.538889 0.007812 0.011111
4 0.318750 0.575000 0.009375 0.013889
4 0.357422 0.633333 0.010156 0.019444
4 0.676172 0.584028 0.010156 0.015278
4 0.591016 0.536111 0.007031 0.011111
4 0.787891 0.753472 0.024219 0.034722
4 0.503125 0.685417 0.240625 0.626389
4 0.609766 0.581250 0.008594 0.015278
4 0.683594 0.753472 0.018750 0.037500
4 0.234766 0.923611 0.032031 0.063889
4 0.719922 0.651389 0.016406 0.022222
5 0.777734 0.624306 0.442969 0.515278
5 0.568750 0.479861 0.004687 0.006944
5 0.383984 0.570833 0.007031 0.013889
5 0.208203 0.739583 0.024219 0.034722
5 0.434766 0.706250 0.107031 0.584722
5 0.555859 0.446528 0.003906 0.006944
5 0.426563 0.474306 0.003125 0.006944
5 0.929297 0.968056 0.042969 0.061111
5 0.314844 0.732639 0.015625 0.031944
5 0.588672 0.448611 0.003906 0.005556
5 0.637500 0.645833 0.012500 0.022222
5 0.076172 0.941667 0.049219 0.069444
5 0.561328 0.461111 0.003906 0.005556
5 0.357422 0.633333 0.010156 0.019444
5 0.349609 0.529167 0.008594 0.011111
5 0.206250 0.629861 0.412500 0.454167
5 0.777344 0.968750 0.031250 0.059722
5 0.646094 0.538889 0.007812 0.011111
5 0.597266 0.462500 0.005469 0.008333
5 0.675781 0.584028 0.009375 0.015278
5 0.318750 0.575000 0.009375 0.013889
5 0.591016 0.536111 0.007031 0.011111
5 0.577734 0.504167 0.005469 0.008333
5 0.787891 0.753472 0.024219 0.034722
5 0.503125 0.686111 0.240625 0.625000
5 0.609766 0.581250 0.008594 0.015278
5 0.609766 0.482639 0.005469 0.006944
5 0.683594 0.753472 0.018750 0.037500
5 0.625781 0.507639 0.006250 0.009722
5 0.403906 0.526389 0.006250 0.008333
5 0.234766 0.923611 0.032031 0.063889
5 0.720313 0.651389 0.015625 0.022222
