0 0.761458 0.364583 0.008333 0.006944
0 0.656771 0.384028 0.015625 0.015278
0 0.683333 0.479861 0.016667 0.018056
0 0.581250 0.420139 0.010417 0.015278
0 0.754687 0.759028 0.176042 0.145833
0 0.621875 0.397222 0.018750 0.016667
0 0.458854 0.412500 0.023958 0.019444
0 0.602604 0.406944 0.013542 0.016667
0 0.564063 0.422222 0.013542 0.016667
0 0.210938 0.396528 0.013542 0.012500
0 0.388542 0.497222 0.025000 0.022222
0 0.351042 0.479861 0.027083 0.020833
0 0.026562 0.417361 0.015625 0.009722
0 0.769792 0.359722 0.008333 0.008333
0 0.661458 0.431250 0.016667 0.015278
0 0.661458 0.404167 0.014583 0.013889
0 0.685417 0.411111 0.010417 0.013889
1 0.559375 0.544444 0.006250 0.016667
1 0.484375 0.885417 0.008333 0.031944
1 0.470833 0.740278 0.006250 0.025000
3 0.780208 0.613889 0.154167 0.086111
3 0.707292 0.486806 0.068750 0.073611
4 0.515104 0.597917 0.011458 0.218056
4 0.505729 0.561806 0.311458 0.040278
4 0.524479 0.595139 0.009375 0.006944
4 0.807292 0.828472 0.327083 0.173611
4 0.477083 0.627083 0.008333 0.006944
4 0.509375 0.606250 0.008333 0.006944
4 0.429688 0.543750 0.011458 0.012500
4 0.493750 0.615972 0.008333 0.006944
4 0.784375 0.659722 0.020833 0.011111
4 0.460417 0.639583 0.010417 0.009722
4 0.560417 0.609028 0.027083 0.026389
4 0.431771 0.646528 0.176042 0.131944
4 0.353125 0.529167 0.012500 0.008333
4 0.722396 0.631944 0.019792 0.011111
4 0.422917 0.537500 0.158333 0.091667
4 0.792708 0.638194 0.022917 0.012500
4 0.595833 0.609722 0.154167 0.202778
4 0.280208 0.490972 0.012500 0.009722
4 0.591667 0.518750 0.160417 0.062500
4 0.624479 0.622222 0.019792 0.013889
4 0.733333 0.613194 0.020833 0.009722
4 0.584375 0.597917 0.027083 0.015278
4 0.427604 0.572222 0.165625 0.019444
4 0.352083 0.761806 0.058333 0.034722
5 0.515104 0.597917 0.011458 0.218056
5 0.505729 0.561806 0.311458 0.040278
5 0.524479 0.595139 0.009375 0.006944
5 0.807292 0.828472 0.327083 0.173611
5 0.477083 0.627083 0.008333 0.006944
5 0.509375 0.606250 0.008333 0.006944
5 0.429688 0.543750 0.011458 0.012500
5 0.493750 0.615972 0.008333 0.006944
5 0.784375 0.659722 0.020833 0.011111
5 0.460417 0.639583 0.010417 0.009722
5 0.560417 0.609028 0.027083 0.026389
5 0.431771 0.646528 0.176042 0.131944
5 0.353125 0.529167 0.012500 0.008333
5 0.722396 0.631944 0.019792 0.011111
5 0.422917 0.537500 0.158333 0.091667
5 0.792708 0.638194 0.022917 0.012500
5 0.595833 0.609722 0.154167 0.202778
5 0.280208 0.490972 0.012500 0.009722
5 0.591667 0.518750 0.160417 0.062500
5 0.624479 0.622222 0.019792 0.013889
5 0.733333 0.613194 0.020833 0.009722
5 0.584375 0.597917 0.027083 0.015278
5 0.427604 0.572222 0.165625 0.019444
5 0.352083 0.761806 0.058333 0.034722
