0 0.422656 0.538194 0.067187 0.162500
0 0.478516 0.377778 0.011719 0.016667
0 0.605078 0.481944 0.038281 0.080556
0 0.858203 0.914583 0.144531 0.168056
0 0.425391 0.429861 0.017969 0.026389
0 0.546484 0.363889 0.008594 0.013889
0 0.269531 0.590972 0.031250 0.076389
0 0.444922 0.372917 0.010156 0.015278
0 0.462109 0.415278 0.014844 0.019444
0 0.003516 0.910417 0.007031 0.059722
0 0.412891 0.403472 0.017969 0.026389
0 0.957031 0.903472 0.084375 0.190278
0 0.458984 0.431250 0.017969 0.023611
0 0.688281 0.536111 0.040625 0.055556
0 0.546484 0.452778 0.019531 0.030556
0 0.200000 0.802083 0.101562 0.123611
0 0.455859 0.379861 0.011719 0.020833
0 0.487109 0.361111 0.011719 0.019444
0 0.394922 0.427778 0.022656 0.030556
0 0.331641 0.594444 0.050781 0.066667
0 0.522656 0.352083 0.010937 0.023611
0 0.432031 0.385417 0.014063 0.015278
0 0.376953 0.513194 0.033594 0.043056
0 0.561719 0.401389 0.014063 0.022222
0 0.444531 0.396528 0.014063 0.020833
0 0.307812 0.950000 0.109375 0.097222
0 0.217188 0.613889 0.079687 0.130556
0 0.559766 0.377083 0.011719 0.018056
0 0.600391 0.426389 0.019531 0.027778
0 0.477344 0.352083 0.010937 0.020833
0 0.468750 0.398611 0.014063 0.022222
0 0.466016 0.369444 0.008594 0.011111
0 0.449219 0.470833 0.023438 0.033333
0 0.521875 0.370139 0.010937 0.018056
0 0.569922 0.389583 0.011719 0.018056
0 0.528125 0.388194 0.012500 0.018056
3 0.787500 0.605556 0.423438 0.436111
3 0.749219 0.696528 0.450000 0.595833
3 0.787891 0.697917 0.422656 0.595833
3 0.194141 0.642361 0.388281 0.468056
3 0.236719 0.703472 0.473438 0.584722
3 0.652344 0.694444 0.267188 0.602778
4 0.758984 0.604861 0.355469 0.409722
4 0.591016 0.536111 0.007031 0.011111
4 0.646875 0.538889 0.007812 0.011111
4 0.214062 0.731250 0.014063 0.018056
4 0.434375 0.705556 0.107813 0.586111
4 0.350000 0.527778 0.007812 0.011111
4 0.384766 0.570833 0.007031 0.013889
4 0.315234 0.732639 0.016406 0.031944
4 0.637500 0.645833 0.012500 0.022222
4 0.076563 0.940972 0.050000 0.070833
4 0.357812 0.632639 0.010937 0.020833
4 0.191406 0.645833 0.382812 0.425000
4 0.777344 0.968750 0.032813 0.059722
4 0.676172 0.584722 0.010156 0.013889
4 0.275781 0.638889 0.015625 0.022222
4 0.609766 0.580556 0.008594 0.016667
4 0.088281 0.756250 0.176563 0.201389
4 0.788281 0.754167 0.025000 0.036111
4 0.569141 0.700000 0.108594 0.597222
4 0.683984 0.753472 0.017969 0.037500
4 0.234766 0.922222 0.032031 0.063889
4 0.720313 0.650694 0.015625 0.020833
5 0.759375 0.604861 0.356250 0.409722
5 0.626953 0.507639 0.005469 0.006944
5 0.676172 0.584722 0.010156 0.013889
5 0.578516 0.504167 0.005469 0.008333
5 0.561328 0.461111 0.003906 0.005556
5 0.591016 0.536111 0.007031 0.011111
5 0.646875 0.538889 0.007812 0.011111
5 0.214453 0.731250 0.013281 0.018056
5 0.435937 0.699306 0.109375 0.598611
5 0.350000 0.527778 0.007812 0.011111
5 0.384766 0.570833 0.007031 0.013889
5 0.314844 0.732639 0.015625 0.031944
5 0.637500 0.645833 0.012500 0.022222
5 0.076172 0.941667 0.049219 0.069444
5 0.384766 0.475694 0.005469 0.006944
5 0.426953 0.473611 0.003906 0.008333
5 0.404297 0.525694 0.005469 0.009722
5 0.327344 0.493056 0.110937 0.119444
5 0.357812 0.632639 0.010937 0.020833
5 0.191406 0.645139 0.382812 0.423611
5 0.777344 0.968750 0.032813 0.059722
5 0.417187 0.495139 0.004687 0.009722
5 0.275391 0.638889 0.014844 0.022222
5 0.609766 0.580556 0.008594 0.016667
5 0.434375 0.456250 0.004687 0.006944
5 0.088281 0.756250 0.176563 0.201389
5 0.932031 0.969444 0.040625 0.058333
5 0.788281 0.754167 0.025000 0.036111
5 0.569141 0.702778 0.108594 0.591667
5 0.397266 0.457639 0.005469 0.006944
5 0.683984 0.753472 0.017969 0.037500
5 0.568750 0.479861 0.004687 0.006944
5 0.234766 0.922222 0.032031 0.063889
5 0.720313 0.650694 0.015625 0.020833
