0 0.462109 0.422917 0.016406 0.020833
0 0.426172 0.388889 0.007031 0.016667
0 0.480469 0.379167 0.010937 0.016667
0 0.243359 0.602778 0.058594 0.069444
0 0.353516 0.475694 0.028906 0.034722
0 0.470313 0.392361 0.012500 0.012500
0 0.686719 0.622917 0.057813 0.090278
0 0.522656 0.378472 0.012500 0.020833
0 0.450781 0.367361 0.010937 0.012500
0 0.096875 0.961806 0.148438 0.073611
0 0.423047 0.434028 0.019531 0.026389
0 0.420703 0.556944 0.036719 0.055556
0 0.477344 0.354167 0.007812 0.016667
0 0.458203 0.381250 0.011719 0.015278
0 0.547266 0.373611 0.021094 0.052778
0 0.394531 0.480556 0.026562 0.033333
0 0.465234 0.367361 0.011719 0.015278
0 0.405078 0.408333 0.019531 0.033333
0 0.448437 0.445139 0.020313 0.034722
0 0.467969 0.405556 0.015625 0.019444
0 0.584766 0.457639 0.022656 0.031944
0 0.483984 0.367361 0.010156 0.012500
0 0.574609 0.381944 0.032031 0.058333
0 0.438672 0.395139 0.021094 0.040278
0 0.484766 0.340972 0.010156 0.015278
0 0.298438 0.631944 0.059375 0.086111
3 0.203906 0.635417 0.407813 0.443056
3 0.758594 0.693750 0.476562 0.601389
3 0.235156 0.707639 0.470313 0.573611
4 0.572266 0.490278 0.011719 0.027778
4 0.573828 0.493750 0.013281 0.029167
4 0.208594 0.739583 0.023438 0.034722
4 0.434375 0.704861 0.106250 0.587500
4 0.722266 0.653472 0.013281 0.018056
4 0.092969 0.915278 0.015625 0.019444
4 0.349609 0.528472 0.008594 0.012500
4 0.384375 0.570833 0.007812 0.013889
4 0.314844 0.732639 0.015625 0.031944
4 0.637500 0.645833 0.012500 0.022222
4 0.417187 0.495833 0.004687 0.008333
4 0.357812 0.632639 0.010937 0.020833
4 0.197656 0.639583 0.395313 0.434722
4 0.777344 0.968750 0.031250 0.059722
4 0.796094 0.650694 0.406250 0.470833
4 0.646484 0.539583 0.008594 0.012500
4 0.318750 0.574306 0.009375 0.012500
4 0.609766 0.580556 0.008594 0.016667
4 0.929688 0.968056 0.043750 0.061111
4 0.590625 0.536111 0.006250 0.011111
4 0.610156 0.481944 0.004687 0.008333
4 0.787891 0.753472 0.024219 0.034722
4 0.503516 0.697917 0.239844 0.601389
4 0.683594 0.753472 0.018750 0.037500
4 0.626172 0.506944 0.007031 0.008333
4 0.403906 0.526389 0.006250 0.011111
4 0.234766 0.923611 0.032031 0.063889
5 0.555078 0.446528 0.003906 0.006944
5 0.573828 0.493750 0.013281 0.029167
5 0.572266 0.490278 0.011719 0.027778
5 0.777344 0.968750 0.031250 0.059722
5 0.426953 0.473611 0.003906 0.008333
5 0.208594 0.739583 0.023438 0.034722
5 0.434766 0.704167 0.107031 0.588889
5 0.549219 0.429167 0.006250 0.013889
5 0.721875 0.653472 0.012500 0.018056
5 0.093359 0.915278 0.014844 0.019444
5 0.349609 0.529167 0.008594 0.011111
5 0.384375 0.570833 0.007812 0.013889
5 0.314844 0.732639 0.015625 0.031944
5 0.590625 0.536111 0.006250 0.011111
5 0.637500 0.645833 0.012500 0.022222
5 0.369922 0.497222 0.007031 0.008333
5 0.417187 0.495833 0.004687 0.008333
5 0.561328 0.460417 0.003906 0.006944
5 0.357812 0.632639 0.010937 0.020833
5 0.197266 0.639583 0.394531 0.434722
5 0.796094 0.649306 0.406250 0.470833
5 0.646484 0.539583 0.008594 0.012500
5 0.609766 0.581250 0.008594 0.015278
5 0.318750 0.574306 0.009375 0.012500
5 0.929688 0.968056 0.043750 0.061111
5 0.610156 0.481944 0.004687 0.008333
5 0.787891 0.753472 0.024219 0.034722
5 0.503516 0.697917 0.239844 0.601389
5 0.683594 0.752778 0.018750 0.036111
5 0.397266 0.457639 0.005469 0.006944
5 0.626172 0.506944 0.007031 0.008333
5 0.403906 0.526389 0.006250 0.011111
5 0.234766 0.923611 0.032031 0.063889
