0 0.284375 0.672222 0.095312 0.194444
0 0.336328 0.316667 0.041406 0.083333
0 0.102734 0.713194 0.182031 0.387500
0 0.292187 0.090278 0.021875 0.033333
0 0.333594 0.109722 0.023438 0.038889
0 0.332031 0.002778 0.009375 0.005556
0 0.240234 0.156944 0.028906 0.055556
0 0.232031 0.414583 0.073438 0.148611
0 0.483984 0.479167 0.067969 0.188889
0 0.293359 0.011111 0.013281 0.016667
0 0.341797 0.011111 0.013281 0.022222
0 0.275000 0.283333 0.042188 0.069444
0 0.312891 0.002778 0.011719 0.005556
3 0.800781 0.727778 0.392188 0.541667
3 0.194141 0.507639 0.388281 0.981944
3 0.657813 0.503472 0.576562 0.954167
3 0.451953 0.509722 0.241406 0.969444
4 0.688281 0.575694 0.070312 0.134722
4 0.796094 0.479167 0.068750 0.102778
4 0.551562 0.427083 0.035937 0.045833
4 0.297656 0.391667 0.009375 0.030556
4 0.774609 0.486806 0.072656 0.087500
4 0.854688 0.427778 0.062500 0.072222
4 0.667578 0.703472 0.039844 0.162500
4 0.133984 0.917361 0.046094 0.134722
4 0.222656 0.649306 0.023438 0.068056
4 0.820703 0.457639 0.085156 0.081944
4 0.754687 0.506250 0.076563 0.093056
4 0.269141 0.495139 0.014844 0.045833
4 0.712109 0.549306 0.074219 0.115278
4 0.876172 0.415278 0.075781 0.077778
4 0.565625 0.480556 0.034375 0.041667
4 0.905469 0.393750 0.059375 0.070833
4 0.582422 0.502778 0.061719 0.080556
4 0.734766 0.525694 0.075781 0.101389
4 0.832031 0.442361 0.068750 0.076389
4 0.675391 0.627778 0.060156 0.161111
5 0.743359 0.655556 0.407031 0.630556
7 0.746875 0.653472 0.401562 0.626389
7 0.658984 0.509722 0.578906 0.930556
