0 0.438281 0.501389 0.026562 0.041667
0 0.396484 0.632639 0.053906 0.079167
0 0.481641 0.373611 0.013281 0.025000
0 0.547656 0.356944 0.007812 0.011111
0 0.562891 0.514583 0.033594 0.059722
0 0.467187 0.406944 0.015625 0.022222
0 0.910937 0.981250 0.098437 0.034722
0 0.428516 0.425694 0.017969 0.023611
0 0.461328 0.423611 0.017969 0.025000
0 0.524219 0.377778 0.012500 0.019444
0 0.019922 0.904861 0.039844 0.095833
0 0.110547 0.941667 0.138281 0.113889
0 0.404297 0.399306 0.030469 0.054167
0 0.441797 0.399306 0.014844 0.018056
0 0.472656 0.387500 0.012500 0.019444
0 0.381641 0.495139 0.033594 0.045833
0 0.301953 0.631250 0.055469 0.070833
0 0.451562 0.388889 0.012500 0.016667
0 0.269141 0.547917 0.067969 0.101389
0 0.592578 0.417361 0.016406 0.023611
0 0.560547 0.418056 0.016406 0.022222
0 0.458203 0.361806 0.021094 0.040278
0 0.636328 0.540278 0.038281 0.052778
0 0.436719 0.378472 0.010937 0.015278
0 0.420312 0.543750 0.035937 0.051389
0 0.445312 0.461111 0.021875 0.030556
0 0.567969 0.384722 0.010937 0.016667
0 0.558594 0.373611 0.009375 0.011111
0 0.388672 0.436111 0.035156 0.075000
0 0.328906 0.912500 0.107813 0.172222
3 0.787500 0.631944 0.423438 0.497222
3 0.760547 0.680556 0.472656 0.627778
3 0.641797 0.683333 0.246094 0.622222
3 0.215625 0.615972 0.431250 0.454167
3 0.235156 0.717361 0.470313 0.556944
4 0.433203 0.713889 0.103906 0.569444
4 0.208984 0.738889 0.024219 0.033333
4 0.315625 0.731944 0.015625 0.030556
4 0.684766 0.752083 0.019531 0.037500
4 0.212891 0.622222 0.425781 0.463889
4 0.777734 0.968056 0.032031 0.061111
4 0.786719 0.636806 0.425000 0.495833
4 0.789062 0.752778 0.025000 0.036111
4 0.569141 0.695833 0.110156 0.605556
4 0.235547 0.922222 0.032031 0.063889
4 0.720313 0.649306 0.015625 0.020833
5 0.350000 0.527778 0.007812 0.011111
5 0.627344 0.506250 0.006250 0.009722
5 0.610938 0.481944 0.004687 0.008333
5 0.358203 0.631944 0.010156 0.019444
5 0.272266 0.643056 0.007031 0.011111
5 0.384766 0.570833 0.007031 0.013889
5 0.434375 0.709028 0.106250 0.579167
5 0.562109 0.461111 0.003906 0.005556
5 0.555859 0.446528 0.003906 0.006944
5 0.208984 0.738889 0.024219 0.033333
5 0.777734 0.968056 0.032031 0.061111
5 0.416797 0.494444 0.005469 0.008333
5 0.925000 0.959722 0.034375 0.047222
5 0.315625 0.731944 0.015625 0.030556
5 0.589063 0.447222 0.004687 0.005556
5 0.610156 0.579167 0.009375 0.016667
5 0.235547 0.922222 0.032031 0.063889
5 0.212500 0.622222 0.425000 0.463889
5 0.786719 0.636111 0.425000 0.494444
5 0.637891 0.644444 0.011719 0.022222
5 0.405078 0.526389 0.005469 0.011111
5 0.319531 0.572917 0.009375 0.012500
5 0.117578 0.723611 0.235156 0.261111
5 0.569141 0.479861 0.003906 0.006944
5 0.676562 0.582639 0.010937 0.015278
5 0.591406 0.534722 0.006250 0.011111
5 0.789062 0.752778 0.025000 0.036111
5 0.684375 0.752083 0.018750 0.037500
5 0.569531 0.696528 0.109375 0.604167
5 0.598828 0.461806 0.005469 0.006944
5 0.720313 0.649306 0.015625 0.020833
