0 0.910937 0.246296 0.030208 0.051852
0 0.644531 0.260185 0.031771 0.050000
0 0.697656 0.253704 0.013021 0.050000
0 0.967708 0.202315 0.032292 0.037963
0 0.978646 0.734259 0.041667 0.179630
0 0.973698 0.293519 0.051562 0.064815
0 0.446094 0.951389 0.169271 0.095370
0 0.780208 0.246759 0.034375 0.050926
0 0.026823 0.510648 0.024479 0.026852
0 0.621354 0.296296 0.027083 0.072222
0 0.977083 0.488889 0.044792 0.153704
0 0.727344 0.244444 0.048438 0.116667
0 0.617708 0.248611 0.021875 0.032407
0 0.852604 0.184259 0.035417 0.055556
0 0.187240 0.468981 0.068229 0.050926
0 0.025781 0.750926 0.051562 0.118519
0 0.831510 0.215278 0.017188 0.019444
0 0.509896 0.400000 0.184375 0.250000
0 0.521354 0.681019 0.127083 0.178704
0 0.319271 0.656944 0.117708 0.191667
0 0.979167 0.236111 0.040625 0.048148
0 0.794792 0.209259 0.033333 0.074074
0 0.822396 0.258796 0.038542 0.056481
0 0.761979 0.186111 0.027083 0.024074
0 0.975521 0.272222 0.047917 0.055556
0 0.175521 0.531481 0.100000 0.142593
0 0.763802 0.259259 0.028646 0.061111
0 0.597656 0.263426 0.064062 0.056481
0 0.972656 0.352315 0.053646 0.093519
0 0.598698 0.530556 0.110937 0.153704
0 0.579948 0.316204 0.077604 0.134259
0 0.676823 0.254630 0.030729 0.053704
0 0.839323 0.250000 0.032813 0.057407
0 0.794792 0.220370 0.033333 0.100000
0 0.941667 0.258333 0.039583 0.074074
3 0.368490 0.660648 0.668229 0.663889
3 0.935937 0.603704 0.127083 0.785185
3 0.210677 0.527778 0.421354 0.344444
3 0.212500 0.654167 0.425000 0.595370
3 0.439583 0.640741 0.818750 0.709259
3 0.689063 0.641204 0.318750 0.710185
4 0.628385 0.760185 0.008854 0.012963
4 0.416667 0.785648 0.012500 0.015741
4 0.534635 0.919907 0.018229 0.023148
4 0.333073 0.452315 0.161979 0.136111
4 0.235677 0.608333 0.365104 0.200000
4 0.802604 0.655556 0.169792 0.679630
4 0.663021 0.637963 0.009375 0.012963
4 0.929948 0.652778 0.088021 0.687037
4 0.379688 0.837963 0.014583 0.018519
4 0.653646 0.674537 0.008333 0.015741
4 0.445573 0.741204 0.009896 0.015741
4 0.214323 0.506019 0.397396 0.239815
4 0.214062 0.746296 0.428125 0.492593
4 0.333594 0.892130 0.019271 0.019444
4 0.643750 0.716204 0.009375 0.015741
4 0.575260 0.860648 0.015104 0.021296
4 0.605208 0.807407 0.012500 0.016667
4 0.276042 0.954630 0.026042 0.025926
5 0.214583 0.545833 0.395833 0.319444
5 0.803385 0.614352 0.169271 0.762037
5 0.628906 0.760185 0.008854 0.012963
5 0.416667 0.785648 0.012500 0.015741
5 0.534635 0.919907 0.018229 0.023148
5 0.333333 0.452315 0.159375 0.134259
5 0.222917 0.737037 0.380208 0.451852
5 0.929167 0.652778 0.085417 0.685185
5 0.379688 0.837963 0.014583 0.018519
5 0.653646 0.674537 0.008333 0.015741
5 0.445573 0.741667 0.009896 0.014815
5 0.214062 0.745370 0.428125 0.490741
5 0.663021 0.637963 0.009375 0.012963
5 0.333594 0.892130 0.019271 0.019444
5 0.643750 0.716204 0.009375 0.015741
5 0.575260 0.861111 0.015104 0.020370
5 0.605208 0.807407 0.012500 0.016667
5 0.275781 0.954630 0.025521 0.025926
