0 0.235156 0.344444 0.014063 0.027778
0 0.625000 0.451389 0.056250 0.063889
0 0.183594 0.297222 0.020313 0.044444
0 0.403125 0.359722 0.015625 0.019444
0 0.223438 0.297222 0.009375 0.016667
0 0.238281 0.313889 0.014063 0.022222
0 0.396094 0.530556 0.026562 0.044444
0 0.207031 0.375000 0.017188 0.022222
0 0.281250 0.268056 0.009375 0.013889
0 0.789062 0.676389 0.065625 0.080556
0 0.344531 0.336111 0.014063 0.016667
0 0.208594 0.306944 0.010937 0.019444
0 0.332031 0.497222 0.023438 0.044444
0 0.807813 0.656944 0.025000 0.047222
0 0.566406 0.483333 0.029687 0.038889
0 0.169531 0.409722 0.020313 0.030556
0 0.291406 0.286111 0.010937 0.016667
0 0.266406 0.319444 0.017188 0.027778
0 0.271875 0.400000 0.018750 0.027778
0 0.379688 0.340278 0.015625 0.025000
0 0.378125 0.313889 0.015625 0.022222
0 0.283594 0.355556 0.023438 0.044444
0 0.728125 0.697222 0.037500 0.044444
0 0.710156 0.512500 0.029687 0.036111
0 0.320312 0.401389 0.034375 0.069444
0 0.359375 0.341667 0.015625 0.027778
0 0.323437 0.316667 0.012500 0.016667
0 0.363281 0.327778 0.014063 0.016667
0 0.377344 0.448611 0.020313 0.030556
0 0.464844 0.413889 0.017188 0.022222
0 0.539062 0.434722 0.028125 0.047222
0 0.969531 0.595833 0.057813 0.080556
0 0.426563 0.379167 0.018750 0.025000
0 0.450000 0.537500 0.025000 0.036111
0 0.411719 0.494444 0.023438 0.033333
0 0.171875 0.283333 0.009375 0.016667
0 0.657813 0.893056 0.059375 0.108333
0 0.418750 0.347222 0.015625 0.022222
0 0.668750 0.552778 0.031250 0.033333
0 0.449219 0.356944 0.017188 0.019444
0 0.560156 0.452778 0.039062 0.055556
0 0.325781 0.291667 0.017188 0.033333
0 0.754687 0.536111 0.034375 0.038889
3 0.617969 0.622222 0.757812 0.733333
3 0.111719 0.431944 0.220312 0.369444
3 0.544531 0.638889 0.629687 0.711111
4 0.407813 0.691667 0.334375 0.611111
5 0.414062 0.702778 0.321875 0.588889
5 0.910156 0.865278 0.017188 0.019444
5 0.987500 0.866667 0.018750 0.016667
5 0.935937 0.820833 0.015625 0.013889
5 0.962500 0.913889 0.018750 0.016667
5 0.727344 0.979167 0.014063 0.019444
