0 0.525391 0.372917 0.010156 0.015278
0 0.456250 0.383333 0.010937 0.016667
0 0.458984 0.420833 0.019531 0.030556
0 0.433984 0.415972 0.016406 0.020833
0 0.444141 0.374306 0.011719 0.020833
0 0.463672 0.367361 0.010156 0.015278
0 0.426172 0.430556 0.019531 0.025000
0 0.051172 0.863889 0.102344 0.141667
0 0.653125 0.761806 0.076563 0.134722
0 0.433984 0.382639 0.011719 0.018056
0 0.802734 0.670833 0.077344 0.102778
0 0.556250 0.371528 0.010937 0.015278
0 0.448047 0.461806 0.022656 0.031944
0 0.677734 0.528472 0.039844 0.051389
0 0.365234 0.531944 0.038281 0.050000
0 0.417187 0.579167 0.039062 0.058333
0 0.472656 0.380556 0.012500 0.013889
0 0.378906 0.436806 0.031250 0.051389
0 0.612500 0.445139 0.020313 0.029167
0 0.406250 0.455556 0.023438 0.030556
0 0.545312 0.411806 0.025000 0.048611
0 0.325781 0.486806 0.032813 0.051389
0 0.224219 0.553472 0.173437 0.229167
0 0.589063 0.414583 0.015625 0.023611
0 0.471875 0.393056 0.012500 0.019444
0 0.526172 0.393056 0.013281 0.022222
0 0.546484 0.379861 0.010156 0.015278
0 0.534375 0.358333 0.007812 0.011111
0 0.234375 0.729167 0.117188 0.188889
0 0.567578 0.389583 0.010156 0.015278
0 0.332813 0.868750 0.089063 0.143056
3 0.776172 0.618750 0.446094 0.540278
3 0.780859 0.711111 0.436719 0.566667
3 0.216016 0.593750 0.432031 0.412500
3 0.237109 0.714583 0.467969 0.559722
3 0.730469 0.718056 0.404687 0.555556
3 0.728516 0.715972 0.407031 0.565278
4 0.433203 0.705556 0.103906 0.586111
4 0.646875 0.538889 0.007812 0.011111
4 0.384375 0.570833 0.006250 0.013889
4 0.105078 0.734722 0.107031 0.116667
4 0.278516 0.635417 0.010156 0.015278
4 0.788281 0.753472 0.025000 0.037500
4 0.376953 0.488194 0.019531 0.029167
4 0.076563 0.940972 0.050000 0.070833
4 0.417187 0.495833 0.004687 0.008333
4 0.314844 0.732639 0.015625 0.031944
4 0.637891 0.645139 0.011719 0.023611
4 0.357812 0.632639 0.010937 0.020833
4 0.777344 0.968750 0.031250 0.059722
4 0.568750 0.479861 0.004687 0.006944
4 0.703125 0.624306 0.050000 0.073611
4 0.319141 0.574306 0.010156 0.015278
4 0.953516 0.968056 0.091406 0.061111
4 0.591016 0.536111 0.007031 0.011111
4 0.610156 0.481944 0.004687 0.008333
4 0.578516 0.504167 0.005469 0.008333
4 0.609766 0.580556 0.008594 0.016667
4 0.503125 0.704861 0.240625 0.587500
4 0.676172 0.584722 0.010156 0.013889
4 0.626172 0.506250 0.007031 0.009722
4 0.404297 0.525694 0.005469 0.009722
4 0.234766 0.922222 0.032031 0.063889
5 0.434375 0.705556 0.106250 0.586111
5 0.798828 0.653472 0.400781 0.465278
5 0.646875 0.538889 0.007812 0.011111
5 0.568750 0.479861 0.004687 0.006944
5 0.384375 0.570833 0.006250 0.013889
5 0.105078 0.734722 0.107031 0.116667
5 0.417187 0.495833 0.004687 0.008333
5 0.278516 0.636111 0.010156 0.013889
5 0.788281 0.752778 0.025000 0.036111
5 0.555469 0.445833 0.004687 0.008333
5 0.385547 0.475000 0.005469 0.008333
5 0.076172 0.940972 0.049219 0.070833
5 0.314844 0.732639 0.015625 0.031944
5 0.357812 0.632639 0.010937 0.020833
5 0.637891 0.645139 0.011719 0.023611
5 0.370312 0.497917 0.006250 0.009722
5 0.561328 0.460417 0.003906 0.006944
5 0.404297 0.525694 0.005469 0.009722
5 0.580859 0.436111 0.003906 0.005556
5 0.777344 0.968750 0.031250 0.059722
5 0.701172 0.620833 0.053906 0.080556
5 0.588672 0.448611 0.003906 0.005556
5 0.426953 0.473611 0.003906 0.008333
5 0.319141 0.574306 0.010156 0.015278
5 0.930078 0.968056 0.044531 0.061111
5 0.591406 0.536111 0.006250 0.011111
5 0.610156 0.481250 0.004687 0.006944
5 0.609766 0.580556 0.008594 0.016667
5 0.578516 0.504167 0.005469 0.008333
5 0.383594 0.434028 0.084375 0.090278
5 0.503125 0.706250 0.240625 0.584722
5 0.676172 0.584028 0.010156 0.012500
5 0.597656 0.463194 0.004687 0.006944
5 0.626172 0.506944 0.007031 0.008333
5 0.234766 0.922222 0.032031 0.063889
