0 0.656250 0.384722 0.014583 0.016667
0 0.684896 0.480556 0.017708 0.019444
0 0.683333 0.402083 0.012500 0.012500
0 0.697396 0.495139 0.026042 0.043056
0 0.564583 0.422917 0.014583 0.018056
0 0.665104 0.497222 0.023958 0.025000
0 0.459896 0.412500 0.021875 0.019444
0 0.580729 0.420139 0.011458 0.015278
0 0.643750 0.491667 0.025000 0.022222
0 0.602604 0.408333 0.015625 0.016667
0 0.622917 0.397222 0.018750 0.016667
0 0.667188 0.470833 0.021875 0.022222
0 0.662500 0.404861 0.012500 0.015278
1 0.588021 0.866667 0.009375 0.027778
1 0.592187 0.725000 0.009375 0.027778
3 0.318750 0.506250 0.129167 0.106944
3 0.768229 0.632639 0.167708 0.123611
3 0.785417 0.778472 0.427083 0.262500
4 0.515104 0.598611 0.011458 0.216667
4 0.506771 0.560417 0.309375 0.043056
4 0.801562 0.826389 0.315625 0.169444
4 0.862500 0.638194 0.272917 0.129167
4 0.477083 0.627083 0.008333 0.006944
4 0.451042 0.536111 0.016667 0.019444
4 0.494271 0.615972 0.009375 0.006944
4 0.560417 0.608333 0.027083 0.027778
4 0.784896 0.659028 0.021875 0.009722
4 0.350521 0.763889 0.061458 0.038889
4 0.431771 0.645139 0.173958 0.131944
4 0.460417 0.639583 0.010417 0.009722
4 0.721875 0.631250 0.020833 0.009722
4 0.426563 0.535417 0.148958 0.084722
4 0.792188 0.638194 0.023958 0.012500
4 0.595833 0.610417 0.154167 0.204167
4 0.592708 0.518750 0.158333 0.062500
4 0.733333 0.613194 0.018750 0.009722
5 0.515104 0.598611 0.011458 0.216667
5 0.506771 0.560417 0.309375 0.043056
5 0.801562 0.826389 0.315625 0.169444
5 0.862500 0.638194 0.272917 0.129167
5 0.477083 0.627083 0.008333 0.006944
5 0.451042 0.536111 0.016667 0.019444
5 0.494271 0.615972 0.009375 0.006944
5 0.560417 0.608333 0.027083 0.027778
5 0.784896 0.659028 0.021875 0.009722
5 0.350521 0.763889 0.061458 0.038889
5 0.431771 0.645139 0.173958 0.131944
5 0.460417 0.639583 0.010417 0.009722
5 0.721875 0.631250 0.020833 0.009722
5 0.426563 0.535417 0.148958 0.084722
5 0.792188 0.638194 0.023958 0.012500
5 0.595833 0.610417 0.154167 0.204167
5 0.592708 0.518750 0.158333 0.062500
5 0.733333 0.613194 0.018750 0.009722
