0 0.656250 0.384028 0.014583 0.015278
0 0.674479 0.481944 0.038542 0.050000
0 0.581250 0.420139 0.010417 0.015278
0 0.684375 0.398611 0.010417 0.011111
0 0.563542 0.422222 0.014583 0.016667
0 0.643229 0.489583 0.021875 0.023611
0 0.461979 0.413194 0.017708 0.018056
0 0.421354 0.522917 0.026042 0.026389
0 0.684896 0.415278 0.013542 0.013889
0 0.603125 0.406944 0.014583 0.016667
0 0.552604 0.518056 0.017708 0.022222
0 0.586979 0.475000 0.021875 0.019444
0 0.622917 0.395139 0.016667 0.015278
0 0.662500 0.404167 0.014583 0.013889
1 0.727604 0.552778 0.007292 0.022222
3 0.770312 0.631250 0.178125 0.129167
3 0.707292 0.483333 0.068750 0.080556
4 0.515104 0.600000 0.011458 0.216667
4 0.505729 0.561806 0.311458 0.037500
4 0.806250 0.828472 0.327083 0.170833
4 0.431771 0.645833 0.176042 0.130556
4 0.783854 0.659028 0.021875 0.009722
4 0.344271 0.770139 0.078125 0.054167
4 0.722396 0.631250 0.019792 0.009722
4 0.425000 0.536806 0.164583 0.095833
4 0.792188 0.637500 0.023958 0.011111
4 0.596354 0.627778 0.151042 0.163889
4 0.590625 0.518056 0.160417 0.061111
4 0.733333 0.613194 0.018750 0.009722
5 0.515104 0.600000 0.011458 0.216667
5 0.505729 0.561806 0.311458 0.037500
5 0.806250 0.828472 0.327083 0.170833
5 0.431771 0.645833 0.176042 0.130556
5 0.783854 0.659028 0.021875 0.009722
5 0.344271 0.770139 0.078125 0.054167
5 0.722396 0.631250 0.019792 0.009722
5 0.425000 0.536806 0.164583 0.095833
5 0.792188 0.637500 0.023958 0.011111
5 0.596354 0.627778 0.151042 0.163889
5 0.590625 0.518056 0.160417 0.061111
5 0.733333 0.613194 0.018750 0.009722
