0 0.134766 0.559028 0.075781 0.098611
0 0.191406 0.477083 0.067187 0.037500
0 0.641016 0.220833 0.047656 0.072222
0 0.679297 0.465278 0.078906 0.094444
0 0.605078 0.369444 0.038281 0.038889
0 0.119922 0.470833 0.100781 0.088889
0 0.556250 0.352083 0.043750 0.045833
0 0.556250 0.315972 0.040625 0.059722
0 0.576562 0.279861 0.021875 0.045833
0 0.014453 0.492361 0.028906 0.059722
0 0.603906 0.421528 0.053125 0.098611
0 0.732812 0.278472 0.053125 0.056944
0 0.286719 0.286806 0.025000 0.031944
0 0.556250 0.377778 0.040625 0.066667
0 0.327344 0.518750 0.051562 0.065278
0 0.807031 0.902778 0.093750 0.191667
0 0.256250 0.311111 0.026562 0.052778
0 0.573828 0.685417 0.083594 0.143056
0 0.617188 0.352083 0.040625 0.062500
0 0.124219 0.509722 0.078125 0.063889
0 0.421875 0.640972 0.087500 0.137500
0 0.198047 0.502778 0.071094 0.055556
0 0.665625 0.296528 0.062500 0.079167
0 0.498437 0.507639 0.060937 0.115278
0 0.717187 0.542361 0.079687 0.145833
0 0.511328 0.272222 0.027344 0.055556
0 0.690234 0.465278 0.047656 0.058333
0 0.492969 0.299306 0.029687 0.015278
0 0.270703 0.374306 0.046094 0.040278
0 0.109375 0.426389 0.079687 0.033333
0 0.892578 0.697222 0.038281 0.094444
0 0.189062 0.677778 0.098437 0.122222
0 0.675391 0.250694 0.027344 0.029167
0 0.757031 0.448611 0.046875 0.086111
0 0.484375 0.768750 0.110937 0.223611
0 0.601953 0.559722 0.066406 0.119444
0 0.089453 0.760417 0.141406 0.195833
0 0.518359 0.347222 0.016406 0.069444
0 0.446094 0.562500 0.070312 0.108333
0 0.689453 0.248611 0.017969 0.030556
0 0.555469 0.198611 0.020313 0.036111
0 0.207813 0.387500 0.057813 0.063889
0 0.152344 0.611806 0.089063 0.098611
0 0.696875 0.850000 0.087500 0.294444
0 0.480469 0.401389 0.046875 0.077778
0 0.680469 0.400000 0.087500 0.205556
0 0.029687 0.634722 0.045312 0.055556
0 0.211719 0.447917 0.067187 0.059722
0 0.189062 0.563194 0.070312 0.073611
0 0.490625 0.350694 0.042188 0.090278
0 0.309375 0.445833 0.084375 0.038889
0 0.323828 0.347222 0.085156 0.161111
0 0.504297 0.295833 0.028906 0.030556
0 0.050000 0.574306 0.100000 0.118056
0 0.030859 0.678472 0.061719 0.640278
0 0.029297 0.428472 0.058594 0.145833
0 0.739062 0.342361 0.029687 0.045833
0 0.550391 0.244444 0.032031 0.055556
0 0.594531 0.459722 0.037500 0.077778
0 0.866406 0.500694 0.128125 0.090278
0 0.708594 0.666667 0.079687 0.136111
0 0.087109 0.652778 0.086719 0.061111
0 0.509766 0.453472 0.052344 0.084722
0 0.649219 0.594444 0.056250 0.111111
0 0.545312 0.418750 0.045312 0.109722
0 0.365234 0.264583 0.019531 0.048611
0 0.518359 0.581944 0.072656 0.116667
0 0.565625 0.487500 0.057813 0.125000
0 0.617188 0.282639 0.043750 0.073611
0 0.632031 0.761806 0.103125 0.223611
0 0.561328 0.258333 0.027344 0.036111
0 0.057031 0.895833 0.114062 0.205556
0 0.589844 0.283333 0.014063 0.069444
0 0.546875 0.895833 0.142187 0.205556
0 0.742578 0.397222 0.047656 0.066667
0 0.278125 0.479167 0.092188 0.052778
0 0.513281 0.251389 0.028125 0.033333
0 0.351953 0.843750 0.124219 0.190278
0 0.502344 0.279167 0.035937 0.041667
1 0.851562 0.370833 0.015625 0.055556
1 0.818750 0.381250 0.012500 0.073611
1 0.791797 0.391667 0.014844 0.072222
1 0.843359 0.501389 0.019531 0.100000
1 0.930078 0.811806 0.030469 0.165278
1 0.933984 0.548611 0.021094 0.088889
1 0.840625 0.370833 0.012500 0.075000
1 0.944531 0.572222 0.020313 0.083333
1 0.792188 0.512500 0.018750 0.108333
1 0.167969 0.294444 0.012500 0.033333
1 0.833203 0.454167 0.013281 0.036111
1 0.991797 0.775694 0.014844 0.098611
1 0.936719 0.661806 0.028125 0.129167
1 0.800000 0.509028 0.014063 0.101389
1 0.418750 0.398611 0.020313 0.097222
1 0.805078 0.375000 0.013281 0.072222
1 0.912109 0.527083 0.041406 0.129167
3 0.266797 0.591667 0.282031 0.538889
3 0.612109 0.645833 0.760156 0.705556
4 0.304297 0.838194 0.147656 0.320833
4 0.912500 0.785417 0.167187 0.426389
4 0.185156 0.376389 0.114062 0.105556
4 0.457813 0.386806 0.021875 0.098611
5 0.912109 0.785417 0.166406 0.426389
5 0.420703 0.495833 0.055469 0.013889
5 0.184766 0.376389 0.113281 0.102778
5 0.303516 0.838889 0.147656 0.319444
5 0.457813 0.386806 0.021875 0.098611
