0 0.458203 0.439583 0.017969 0.026389
0 0.297266 0.652083 0.063281 0.093056
0 0.560156 0.378472 0.010937 0.015278
0 0.528516 0.393750 0.013281 0.018056
0 0.486328 0.367361 0.010156 0.018056
0 0.520703 0.353472 0.008594 0.015278
0 0.431641 0.382639 0.021094 0.020833
0 0.465234 0.412500 0.017969 0.022222
0 0.422266 0.432639 0.021094 0.023611
0 0.439063 0.381250 0.009375 0.020833
0 0.318359 0.517361 0.036719 0.043056
0 0.448437 0.355556 0.017188 0.030556
0 0.686719 0.617361 0.056250 0.076389
0 0.550000 0.361806 0.009375 0.012500
0 0.405469 0.413889 0.017188 0.022222
0 0.671094 0.512500 0.034375 0.050000
0 0.368359 0.535417 0.038281 0.048611
0 0.537500 0.432639 0.017188 0.026389
0 0.449219 0.386806 0.010937 0.023611
0 0.384766 0.437500 0.021094 0.027778
0 0.416406 0.401389 0.010937 0.019444
0 0.389453 0.480556 0.030469 0.036111
0 0.523438 0.372222 0.010937 0.013889
0 0.553125 0.395139 0.012500 0.018056
0 0.441406 0.402778 0.015625 0.022222
0 0.478906 0.371528 0.010937 0.015278
0 0.153125 0.718056 0.092188 0.100000
0 0.086328 0.972917 0.132031 0.051389
0 0.925000 0.915278 0.148438 0.166667
0 0.542188 0.375000 0.010937 0.016667
0 0.471875 0.395833 0.012500 0.019444
0 0.459375 0.375694 0.010937 0.018056
0 0.439844 0.511806 0.029687 0.043056
0 0.442969 0.469444 0.025000 0.036111
0 0.585156 0.604861 0.045312 0.073611
0 0.581641 0.403472 0.013281 0.020833
0 0.572656 0.429167 0.017188 0.025000
0 0.302734 0.910417 0.110156 0.176389
0 0.466016 0.340278 0.021094 0.027778
3 0.793750 0.648611 0.410938 0.480556
3 0.764844 0.700694 0.462500 0.587500
3 0.198437 0.630556 0.396875 0.455556
3 0.236719 0.707639 0.473438 0.576389
3 0.678906 0.701389 0.315625 0.588889
4 0.610547 0.481944 0.005469 0.008333
4 0.578516 0.503472 0.005469 0.009722
4 0.777734 0.968056 0.032031 0.061111
4 0.626563 0.506944 0.006250 0.008333
4 0.384766 0.570833 0.007031 0.013889
4 0.208594 0.738889 0.023438 0.033333
4 0.450000 0.707639 0.137500 0.581944
4 0.796875 0.650000 0.404687 0.469444
4 0.721875 0.651389 0.014063 0.022222
4 0.080078 0.935417 0.042969 0.059722
4 0.684375 0.752778 0.018750 0.038889
4 0.788281 0.752778 0.025000 0.036111
4 0.315234 0.732639 0.016406 0.031944
4 0.637891 0.645139 0.011719 0.023611
4 0.404687 0.525694 0.006250 0.009722
4 0.569141 0.479167 0.003906 0.008333
4 0.357812 0.632639 0.010937 0.020833
4 0.319141 0.573611 0.010156 0.013889
4 0.646875 0.538889 0.007812 0.011111
4 0.186719 0.650000 0.373437 0.413889
4 0.610156 0.579861 0.009375 0.015278
4 0.503516 0.706250 0.241406 0.584722
4 0.591406 0.534722 0.006250 0.011111
4 0.598828 0.463194 0.003906 0.006944
4 0.235156 0.922222 0.032813 0.063889
5 0.610547 0.481944 0.005469 0.008333
5 0.450000 0.700694 0.137500 0.595833
5 0.561328 0.460417 0.003906 0.006944
5 0.555859 0.446528 0.003906 0.006944
5 0.777734 0.968056 0.032031 0.061111
5 0.404297 0.525694 0.005469 0.009722
5 0.626563 0.506944 0.006250 0.008333
5 0.384766 0.570833 0.007031 0.013889
5 0.208594 0.738889 0.023438 0.033333
5 0.795312 0.647222 0.407813 0.472222
5 0.721875 0.651389 0.014063 0.022222
5 0.080469 0.935417 0.042188 0.059722
5 0.684375 0.752083 0.018750 0.037500
5 0.788281 0.752778 0.025000 0.036111
5 0.315234 0.732639 0.016406 0.031944
5 0.637891 0.645139 0.011719 0.023611
5 0.569141 0.479861 0.003906 0.006944
5 0.370312 0.497222 0.006250 0.008333
5 0.357812 0.632639 0.010937 0.020833
5 0.318750 0.573611 0.009375 0.013889
5 0.646875 0.538889 0.007812 0.011111
5 0.417187 0.495833 0.004687 0.008333
5 0.589063 0.447222 0.004687 0.005556
5 0.186719 0.650694 0.373437 0.412500
5 0.610156 0.579861 0.009375 0.015278
5 0.578516 0.503472 0.005469 0.009722
5 0.503906 0.709722 0.240625 0.577778
5 0.591406 0.534722 0.006250 0.011111
5 0.598437 0.463194 0.004687 0.006944
5 0.235156 0.922222 0.032813 0.063889
