0 0.371094 0.408333 0.052604 0.098148
0 0.393490 0.177778 0.015104 0.022222
1 0.763021 0.407870 0.013542 0.058333
1 0.246094 0.303241 0.005729 0.025000
1 0.672917 0.347685 0.010417 0.049074
3 0.477865 0.615278 0.322396 0.756481
3 0.731510 0.722685 0.359896 0.530556
3 0.195052 0.740741 0.217188 0.509259
3 0.548958 0.310648 0.256250 0.252778
3 0.500260 0.614815 0.823438 0.759259
3 0.535937 0.617130 0.340625 0.750926
4 0.465104 0.364815 0.013542 0.025926
4 0.641667 0.431944 0.025000 0.028704
5 0.861979 0.518519 0.104167 0.087037
5 0.171094 0.794907 0.170313 0.402778
5 0.434896 0.530556 0.434375 0.220370
7 0.861719 0.518519 0.103646 0.087037
7 0.399479 0.537037 0.507292 0.235185
7 0.171354 0.796759 0.169792 0.404630
