0 0.138561 0.360879 0.024764 0.031381
0 0.453420 0.324268 0.012972 0.020921
0 0.546580 0.347280 0.017689 0.037657
0 0.883844 0.621339 0.079009 0.133891
0 0.351415 0.251046 0.009434 0.016736
0 0.478184 0.420502 0.024764 0.041841
0 0.456958 0.291841 0.010613 0.018828
0 0.439269 0.329498 0.012972 0.023013
0 0.778892 0.813808 0.090802 0.104603
0 0.458726 0.400628 0.009434 0.031381
0 0.966392 0.718619 0.027123 0.064854
0 0.435142 0.559623 0.021226 0.052301
0 0.932193 0.697699 0.022406 0.056485
0 0.528892 0.584728 0.015330 0.052301
0 0.126769 0.893305 0.062500 0.112971
0 0.465802 0.337866 0.014151 0.023013
0 0.258255 0.655858 0.042453 0.077406
0 0.592571 0.516736 0.090802 0.192469
0 0.248231 0.416318 0.008255 0.025105
0 0.131486 0.677824 0.067217 0.087866
0 0.125000 0.972803 0.125000 0.046025
0 0.514741 0.383891 0.031840 0.064854
0 0.516509 0.428870 0.009434 0.025105
0 0.491156 0.406904 0.008255 0.027197
0 0.381486 0.243724 0.008255 0.010460
0 0.469929 0.611925 0.024764 0.043933
0 0.477005 0.538703 0.050708 0.140167
0 0.567217 0.803347 0.099057 0.112971
0 0.447524 0.373431 0.024764 0.060669
0 0.792453 0.687238 0.044811 0.094142
1 0.470519 0.577406 0.021226 0.087866
1 0.512972 0.480126 0.009434 0.027197
1 0.489387 0.357741 0.004717 0.020921
1 0.784788 0.785565 0.031840 0.119247
1 0.474646 0.384937 0.008255 0.025105
1 0.247642 0.397490 0.009434 0.025105
1 0.969340 0.683054 0.030660 0.081590
1 0.932783 0.655858 0.025943 0.073222
1 0.527123 0.562762 0.018868 0.066946
1 0.119693 0.866109 0.036557 0.138075
1 0.491156 0.398536 0.008255 0.027197
1 0.442807 0.496862 0.017689 0.048117
1 0.247642 0.406904 0.009434 0.043933
1 0.433373 0.532427 0.022406 0.069038
1 0.282429 0.517782 0.022406 0.031381
1 0.790094 0.662134 0.030660 0.089958
1 0.265330 0.638075 0.021226 0.058577
1 0.458726 0.399582 0.009434 0.029289
1 0.134434 0.652720 0.025943 0.100418
1 0.510024 0.514644 0.017689 0.046025
1 0.510613 0.535565 0.018868 0.083682
1 0.570165 0.775105 0.036557 0.119247
1 0.533019 0.458159 0.014151 0.033473
3 0.755307 0.651674 0.482311 0.671548
3 0.906840 0.770921 0.183962 0.420502
3 0.474646 0.812762 0.621462 0.353556
3 0.202241 0.603556 0.404481 0.767782
3 0.490566 0.620293 0.981132 0.738494
4 0.695755 0.650628 0.051887 0.008368
4 0.513561 0.611925 0.024764 0.056485
4 0.339033 0.675732 0.017689 0.046025
4 0.762972 0.917364 0.033019 0.060669
4 0.755307 0.688285 0.029481 0.033473
4 0.625590 0.631799 0.017689 0.029289
4 0.505307 0.640167 0.281840 0.020921
4 0.222877 0.677824 0.033019 0.046025
4 0.683373 0.752092 0.020047 0.031381
4 0.228774 0.584728 0.009434 0.014644
4 0.516509 0.683054 0.021226 0.043933
4 0.183962 0.679916 0.037736 0.041841
4 0.372052 0.676778 0.029481 0.043933
4 0.410377 0.677824 0.028302 0.041841
4 0.230542 0.441423 0.338443 0.439331
4 0.438090 0.616109 0.005896 0.035565
4 0.660967 0.691423 0.027123 0.043933
4 0.393868 0.519874 0.068396 0.223849
4 0.443986 0.679916 0.020047 0.041841
4 0.202830 0.635983 0.011792 0.016736
4 0.547170 0.687238 0.011792 0.043933
4 0.718160 0.822176 0.021226 0.041841
4 0.482311 0.680962 0.016509 0.039749
4 0.251179 0.544979 0.007075 0.010460
4 0.300118 0.675732 0.027123 0.046025
4 0.701651 0.693515 0.030660 0.043933
5 0.466981 0.677824 0.601415 0.075314
7 0.466981 0.682008 0.601415 0.066946
