0 0.522406 0.502092 0.016509 0.054393
0 0.556604 0.290795 0.018868 0.041841
0 0.150354 0.303347 0.024764 0.033473
0 0.470519 0.294979 0.016509 0.025105
0 0.471698 0.231172 0.011792 0.023013
0 0.650943 0.376569 0.028302 0.020921
0 0.603184 0.461297 0.090802 0.194561
0 0.877948 0.865063 0.107311 0.140167
0 0.877358 0.585774 0.023585 0.041841
0 0.454599 0.296025 0.015330 0.023013
0 0.362028 0.196653 0.011792 0.016736
0 0.929245 0.593096 0.023585 0.048117
0 0.512382 0.263598 0.015330 0.025105
0 0.497642 0.397490 0.030660 0.041841
0 0.461675 0.358787 0.027123 0.052301
0 0.540094 0.530335 0.016509 0.052301
0 0.089623 0.735356 0.094340 0.089958
0 0.484670 0.306485 0.014151 0.027197
0 0.461675 0.344142 0.029481 0.077406
0 0.148585 0.697699 0.080189 0.094142
0 0.176297 0.447699 0.012972 0.033473
0 0.511203 0.348326 0.008255 0.023013
0 0.856132 0.535565 0.016509 0.037657
0 0.550118 0.353556 0.043632 0.079498
0 0.474646 0.382845 0.010613 0.029289
0 0.714623 0.580544 0.025943 0.064854
0 0.392689 0.185146 0.009434 0.014644
0 0.452241 0.543933 0.017689 0.058577
0 0.489387 0.483264 0.049528 0.138075
0 0.500590 0.359833 0.010613 0.033473
0 0.467571 0.274059 0.020047 0.037657
0 0.471108 0.246862 0.012972 0.016736
0 0.482311 0.548117 0.023585 0.058577
0 0.308962 0.705021 0.084906 0.087866
0 0.452241 0.254184 0.010613 0.014644
0 0.450472 0.163180 0.009434 0.012552
1 0.910967 0.530335 0.012972 0.064854
1 0.922759 0.525105 0.010613 0.062762
1 0.936321 0.526151 0.014151 0.048117
3 0.819575 0.731172 0.358491 0.516736
3 0.451061 0.421548 0.156840 0.311715
3 0.509434 0.419456 0.268868 0.336820
3 0.915094 0.721757 0.167453 0.393305
3 0.206958 0.573222 0.413915 0.832636
3 0.584906 0.660042 0.476415 0.658996
4 0.693986 0.696653 0.020047 0.033473
4 0.408019 0.444561 0.075472 0.257322
4 0.518868 0.582636 0.297170 0.027197
4 0.243514 0.378661 0.340802 0.443515
5 0.461085 0.624477 0.676887 0.069038
7 0.469929 0.625523 0.654481 0.062762
