0 0.659788 0.376569 0.064858 0.050209
0 0.536557 0.423640 0.033019 0.064854
0 0.239976 0.357741 0.022406 0.029289
0 0.537736 0.310669 0.011792 0.014644
0 0.544222 0.344142 0.017689 0.031381
0 0.524175 0.351464 0.017689 0.029289
0 0.432193 0.246862 0.008255 0.016736
0 0.357311 0.406904 0.009434 0.023013
0 0.528892 0.453975 0.012972 0.037657
0 0.664505 0.474895 0.086085 0.175732
0 0.567217 0.429916 0.023585 0.027197
0 0.617335 0.315900 0.017689 0.037657
0 0.550118 0.563808 0.017689 0.052301
0 0.063679 0.726987 0.070755 0.077406
0 0.518868 0.306485 0.014151 0.018828
0 0.369693 0.827406 0.090802 0.102510
0 0.534788 0.277197 0.015330 0.031381
0 0.537146 0.327406 0.015330 0.023013
0 0.554245 0.330544 0.011792 0.025105
0 0.527712 0.563808 0.017689 0.056485
0 0.558962 0.360879 0.018868 0.031381
0 0.906250 0.451883 0.053066 0.092050
0 0.607311 0.540795 0.014151 0.048117
0 0.557783 0.501046 0.047170 0.131799
0 0.589623 0.516736 0.016509 0.054393
0 0.535377 0.397490 0.035377 0.079498
0 0.460495 0.233264 0.008255 0.010460
0 0.544222 0.792887 0.102594 0.108787
0 0.552476 0.303347 0.015330 0.025105
0 0.515920 0.290795 0.012972 0.012552
1 0.133844 0.490586 0.012972 0.056485
1 0.951061 0.504184 0.012972 0.058577
1 0.080778 0.544979 0.015330 0.069038
3 0.521226 0.443515 0.146226 0.297071
3 0.879717 0.823222 0.238208 0.332636
3 0.330778 0.439331 0.300708 0.460251
3 0.808962 0.688285 0.379717 0.602510
3 0.238208 0.598326 0.476415 0.782427
3 0.683962 0.443515 0.240566 0.288703
3 0.497052 0.733264 0.994104 0.512552
3 0.626179 0.660042 0.566038 0.658996
4 0.327830 0.421548 0.301887 0.433054
5 0.837264 0.841004 0.030660 0.054393
5 0.232311 0.647490 0.018868 0.027197
5 0.346108 0.523013 0.008255 0.012552
5 0.037736 0.811715 0.035377 0.041841
5 0.327830 0.561715 0.009434 0.014644
5 0.304835 0.608787 0.010613 0.016736
5 0.791863 0.754184 0.022406 0.035565
5 0.598467 0.574268 0.012972 0.039749
5 0.757665 0.689331 0.020047 0.031381
5 0.594340 0.594142 0.287736 0.012552
5 0.477005 0.482218 0.062500 0.223849
5 0.699882 0.579498 0.017689 0.025105
5 0.327241 0.421548 0.300708 0.433054
7 0.534788 0.642259 0.649764 0.066946
