0 0.793632 0.416318 0.037736 0.075314
0 0.523585 0.396444 0.021226 0.023013
0 0.523585 0.308577 0.014151 0.031381
0 0.506486 0.325314 0.017689 0.023013
0 0.602005 0.433054 0.071934 0.146444
0 0.524175 0.358787 0.020047 0.035565
0 0.494104 0.345188 0.021226 0.020921
0 0.048349 0.498954 0.011792 0.031381
0 0.485849 0.309623 0.011792 0.016736
0 0.499410 0.397490 0.027123 0.054393
0 0.514741 0.339958 0.020047 0.023013
0 0.979953 0.594142 0.028302 0.075314
0 0.490566 0.505230 0.014151 0.048117
0 0.554835 0.486402 0.012972 0.039749
0 0.504127 0.287657 0.012972 0.018828
0 0.063090 0.675732 0.064858 0.079498
0 0.514741 0.452929 0.041274 0.106695
0 0.504717 0.300209 0.016509 0.023013
0 0.013561 0.734310 0.027123 0.058577
0 0.508844 0.510460 0.015330 0.033473
0 0.635024 0.405858 0.057783 0.108787
1 0.867925 0.467573 0.011792 0.048117
1 0.541274 0.352510 0.007075 0.035565
1 0.984080 0.560669 0.024764 0.058577
1 0.823703 0.459205 0.012972 0.043933
1 0.041274 0.651674 0.014151 0.085774
1 0.394458 0.327406 0.005896 0.031381
1 0.486439 0.468619 0.017689 0.075314
1 0.058962 0.652720 0.023585 0.100418
1 0.051887 0.490586 0.018868 0.052301
1 0.510024 0.485356 0.017689 0.066946
1 0.555425 0.359833 0.007075 0.029289
3 0.887972 0.640167 0.221698 0.355649
3 0.226415 0.600418 0.452830 0.774059
3 0.499410 0.680962 0.998821 0.617155
3 0.678656 0.683054 0.640330 0.612971
4 0.326061 0.387029 0.248821 0.351464
5 0.493514 0.564854 0.529481 0.058577
7 0.494104 0.567992 0.530660 0.052301
