0 0.530660 0.303347 0.018868 0.041841
0 0.483491 0.304393 0.016509 0.023013
0 0.790684 0.457113 0.015330 0.043933
0 0.485849 0.488494 0.016509 0.048117
0 0.493514 0.365063 0.029481 0.085774
0 0.548939 0.468619 0.012972 0.041841
0 0.014741 0.607741 0.029481 0.131799
0 0.247052 0.312762 0.015330 0.023013
0 0.640920 0.683054 0.079009 0.089958
0 0.531250 0.328452 0.017689 0.025105
0 0.596698 0.414226 0.068396 0.146444
0 0.525354 0.270921 0.012972 0.018828
0 0.529481 0.355649 0.023585 0.033473
0 0.488797 0.277197 0.015330 0.031381
0 0.787146 0.399582 0.036557 0.071130
0 0.510613 0.322176 0.023585 0.058577
0 0.510024 0.435146 0.038915 0.108787
0 0.508255 0.286611 0.016509 0.016736
0 0.557783 0.287657 0.014151 0.031381
0 0.506486 0.269874 0.010613 0.016736
0 0.653892 0.413180 0.069575 0.131799
1 0.504127 0.453975 0.015330 0.037657
1 0.643278 0.663180 0.029481 0.108787
1 0.625590 0.662134 0.017689 0.098326
1 0.481722 0.458159 0.015330 0.062762
1 0.416274 0.290795 0.004717 0.016736
1 0.504127 0.466527 0.015330 0.062762
3 0.884434 0.624477 0.228774 0.357741
3 0.219929 0.597280 0.439858 0.784519
3 0.617335 0.387029 0.163915 0.251046
3 0.499410 0.710251 0.998821 0.558577
3 0.619693 0.751046 0.758255 0.476987
3 0.323703 0.383891 0.251179 0.361925
4 0.318986 0.377615 0.246462 0.332636
5 0.489387 0.547071 0.525943 0.056485
7 0.488208 0.549163 0.523585 0.052301
