0 0.787146 0.395397 0.038915 0.058577
0 0.506486 0.394351 0.038915 0.039749
0 0.545401 0.313808 0.022406 0.041841
0 0.593750 0.416318 0.069575 0.146444
0 0.532429 0.361925 0.020047 0.025105
0 0.485259 0.316946 0.020047 0.023013
0 0.520637 0.335774 0.024764 0.052301
0 0.495873 0.293933 0.017689 0.031381
0 0.009434 0.616109 0.018868 0.056485
0 0.911557 0.524059 0.021226 0.056485
0 0.482901 0.487448 0.015330 0.050209
0 0.507665 0.441423 0.036557 0.100418
0 0.546580 0.462343 0.012972 0.054393
0 0.491156 0.346234 0.029481 0.048117
0 0.491745 0.381799 0.028302 0.056485
0 0.116156 0.586820 0.192217 0.165272
0 0.552476 0.355649 0.020047 0.029289
0 0.479953 0.297071 0.014151 0.016736
0 0.475825 0.266736 0.012972 0.014644
0 0.521816 0.303347 0.022406 0.033473
0 0.499410 0.491632 0.020047 0.033473
0 0.661557 0.427824 0.070755 0.135983
1 0.857901 0.452929 0.010613 0.048117
1 0.910377 0.502092 0.021226 0.058577
1 0.143868 0.429916 0.014151 0.043933
1 0.168632 0.413180 0.009434 0.052301
1 0.501179 0.459205 0.016509 0.048117
3 0.692807 0.728033 0.612028 0.523013
3 0.831368 0.730126 0.334906 0.518828
3 0.222877 0.480126 0.445755 0.571130
3 0.883844 0.634937 0.229953 0.336820
3 0.327241 0.380753 0.239387 0.364017
3 0.221698 0.596234 0.443396 0.786611
3 0.499410 0.710251 0.998821 0.558577
3 0.571934 0.379707 0.141509 0.269874
3 0.540684 0.757322 0.628538 0.464435
4 0.326061 0.366109 0.241745 0.326360
5 0.485849 0.544979 0.521226 0.056485
7 0.486439 0.549163 0.520047 0.048117
