0 0.426297 0.222803 0.005896 0.010460
0 0.591392 0.421548 0.071934 0.144351
0 0.440448 0.948745 0.041274 0.089958
0 0.483491 0.327406 0.021226 0.014644
0 0.489976 0.388075 0.027123 0.056485
0 0.525354 0.347280 0.027123 0.037657
0 0.966981 0.619247 0.035377 0.092050
0 0.806014 0.478033 0.015330 0.039749
0 0.544222 0.475941 0.012972 0.039749
0 0.320755 0.589958 0.058962 0.075314
0 0.482901 0.317992 0.017689 0.020921
0 0.507665 0.313808 0.022406 0.033473
0 0.478774 0.493724 0.016509 0.046025
0 0.281250 0.474895 0.062500 0.108787
0 0.477005 0.284519 0.012972 0.020921
0 0.498231 0.494770 0.020047 0.043933
0 0.505307 0.442469 0.038915 0.106695
0 0.530660 0.315900 0.021226 0.025105
0 0.557193 0.328452 0.031840 0.046025
0 0.530660 0.370293 0.023585 0.020921
0 0.487618 0.348326 0.029481 0.039749
0 0.659198 0.435146 0.070755 0.138075
1 0.122642 0.458159 0.014151 0.058577
1 0.209906 0.569038 0.025943 0.092050
1 0.252948 0.966527 0.022406 0.062762
3 0.882075 0.641213 0.233491 0.341004
3 0.486439 0.558577 0.520047 0.083682
3 0.221108 0.595188 0.442217 0.788703
3 0.836675 0.780335 0.324292 0.418410
3 0.499410 0.714435 0.998821 0.550209
3 0.673939 0.697699 0.649764 0.583682
3 0.471698 0.387029 0.115566 0.259414
3 0.639151 0.755230 0.719340 0.468619
4 0.619693 0.509414 0.015330 0.023013
4 0.537146 0.505230 0.012972 0.027197
4 0.843160 0.952929 0.044811 0.077406
4 0.725825 0.723849 0.024764 0.041841
4 0.523585 0.521967 0.216981 0.014644
4 0.331958 0.457113 0.005896 0.010460
4 0.664505 0.598326 0.015330 0.025105
4 0.015330 0.766736 0.030660 0.039749
4 0.238797 0.554393 0.017689 0.025105
4 0.438090 0.434100 0.045991 0.169456
4 0.316038 0.377615 0.247642 0.341004
4 0.316627 0.487448 0.008255 0.012552
4 0.691627 0.652720 0.017689 0.029289
4 0.074292 0.691423 0.030660 0.035565
4 0.727594 0.552301 0.037736 0.033473
5 0.487028 0.553347 0.518868 0.052301
7 0.486439 0.555439 0.520047 0.048117
