0 0.780660 0.410042 0.035377 0.071130
0 0.520047 0.353556 0.033019 0.037657
0 0.495873 0.502092 0.015330 0.029289
0 0.540684 0.334728 0.027123 0.041841
0 0.487028 0.388075 0.028302 0.056485
0 0.802476 0.560669 0.041274 0.054393
0 0.765330 0.491632 0.014151 0.037657
0 0.891509 0.535565 0.021226 0.058577
0 0.478184 0.493724 0.015330 0.050209
0 0.541863 0.478033 0.012972 0.039749
0 0.472288 0.294979 0.010613 0.020921
0 0.465212 0.367155 0.008255 0.027197
0 0.484080 0.302301 0.015330 0.027197
0 0.317807 0.397490 0.036557 0.071130
0 0.529481 0.376569 0.023585 0.033473
0 0.589623 0.423640 0.070755 0.140167
0 0.425118 0.222803 0.005896 0.010460
0 0.502358 0.443515 0.040094 0.104603
0 0.511792 0.321130 0.023585 0.035565
0 0.574292 0.332636 0.042453 0.041841
0 0.486439 0.348326 0.029481 0.039749
0 0.656840 0.436192 0.070755 0.135983
1 0.371462 0.555439 0.025943 0.085774
3 0.317217 0.395397 0.250000 0.364017
3 0.544811 0.395397 0.254717 0.255230
3 0.882665 0.645397 0.232311 0.336820
3 0.537146 0.757322 0.619104 0.464435
3 0.219340 0.596234 0.438679 0.786611
3 0.834316 0.780335 0.329009 0.418410
3 0.499410 0.663180 0.998821 0.652720
4 0.725825 0.553347 0.036557 0.031381
4 0.435731 0.437238 0.045991 0.167364
4 0.534788 0.506276 0.010613 0.029289
4 0.841392 0.951883 0.045991 0.079498
4 0.330189 0.457113 0.007075 0.010460
4 0.101415 0.571130 0.035377 0.037657
4 0.389741 0.287657 0.097877 0.169456
4 0.724057 0.724895 0.023585 0.039749
4 0.524175 0.520921 0.211085 0.012552
4 0.013561 0.765690 0.027123 0.033473
4 0.244104 0.483264 0.110849 0.133891
4 0.235259 0.558577 0.017689 0.025105
4 0.314269 0.488494 0.008255 0.010460
4 0.311910 0.380753 0.246462 0.338912
4 0.294222 0.528243 0.008255 0.014644
4 0.556014 0.553347 0.008255 0.031381
4 0.689269 0.654812 0.017689 0.033473
4 0.662736 0.601464 0.016509 0.027197
4 0.072524 0.689331 0.031840 0.039749
4 0.644458 0.554393 0.022406 0.033473
4 0.617925 0.510460 0.014151 0.025105
5 0.480542 0.555439 0.527123 0.056485
7 0.484080 0.556485 0.520047 0.050209
