0 0.790684 0.416318 0.034198 0.066946
0 0.500000 0.315900 0.018868 0.041841
0 0.531250 0.360879 0.029481 0.039749
0 0.481722 0.296025 0.008255 0.018828
0 0.484670 0.317992 0.011792 0.025105
0 0.497052 0.379707 0.029481 0.085774
0 0.488797 0.502092 0.017689 0.046025
0 0.784198 0.509414 0.016509 0.035565
0 0.497642 0.395397 0.028302 0.054393
0 0.553066 0.483264 0.014151 0.041841
0 0.160967 0.445607 0.012972 0.033473
0 0.682783 0.643305 0.063679 0.098326
0 0.500590 0.323222 0.017689 0.031381
0 0.465212 0.395397 0.010613 0.037657
0 0.565448 0.345188 0.029481 0.050209
0 0.366156 0.358787 0.027123 0.048117
0 0.599646 0.347280 0.045991 0.046025
0 0.992925 0.620293 0.011792 0.052301
0 0.540094 0.378661 0.025943 0.025105
0 0.600236 0.436192 0.068396 0.135983
0 0.435142 0.229079 0.007075 0.010460
0 0.512382 0.449791 0.038915 0.108787
0 0.528892 0.330544 0.031840 0.041841
0 0.596698 0.371339 0.051887 0.023013
0 0.668042 0.441423 0.074292 0.138075
1 0.797170 0.461297 0.009434 0.048117
1 0.533608 0.557531 0.027123 0.089958
3 0.327830 0.400628 0.250000 0.357741
3 0.557193 0.404812 0.267689 0.248954
3 0.893278 0.653766 0.211085 0.328452
3 0.223467 0.494770 0.446934 0.575314
3 0.499410 0.661088 0.998821 0.656904
4 0.322524 0.397490 0.246462 0.317992
5 0.488797 0.561715 0.531840 0.056485
7 0.488797 0.563808 0.531840 0.048117
