0 0.812500 0.399219 0.019444 0.019792
0 0.482639 0.450130 0.068056 0.040885
0 0.528241 0.368620 0.041667 0.028385
0 0.583102 0.375521 0.031019 0.012500
0 0.412500 0.428385 0.057407 0.028646
0 0.307407 0.480859 0.028704 0.025781
0 0.416204 0.400260 0.045370 0.029167
0 0.480787 0.424479 0.055093 0.016146
0 0.503704 0.344401 0.014815 0.008594
0 0.532639 0.410156 0.016204 0.020313
0 0.440046 0.380990 0.031944 0.018229
0 0.478241 0.377995 0.020370 0.016927
0 0.460185 0.392318 0.024074 0.020052
0 0.025463 0.475651 0.050926 0.031510
0 0.934259 0.446094 0.021296 0.022396
0 0.416435 0.461198 0.033796 0.035937
0 0.882176 0.453125 0.026389 0.019271
0 0.486574 0.565365 0.117593 0.088021
0 0.522222 0.483464 0.084259 0.049740
0 0.178935 0.584115 0.189352 0.105729
0 0.500231 0.383203 0.028241 0.017448
0 0.406019 0.407943 0.049074 0.018490
0 0.369907 0.490365 0.085185 0.055729
0 0.810880 0.951432 0.106944 0.096615
0 0.488657 0.389453 0.037500 0.021615
0 0.838657 0.425521 0.063426 0.028125
0 0.602778 0.362891 0.027778 0.014323
0 0.323611 0.467969 0.015741 0.031771
0 0.592361 0.405469 0.081019 0.051562
0 0.935417 0.872526 0.119907 0.113802
0 0.594676 0.355078 0.023611 0.011198
0 0.274074 0.510677 0.051852 0.039062
0 0.897222 0.426432 0.021296 0.019531
0 0.491435 0.363802 0.026389 0.019792
0 0.950926 0.433594 0.019444 0.020833
0 0.532639 0.398047 0.038426 0.022135
0 0.489815 0.415365 0.050926 0.033854
0 0.448380 0.370703 0.025463 0.010156
0 0.644444 0.854688 0.112037 0.116667
0 0.550694 0.376172 0.043056 0.028906
0 0.640741 0.430859 0.067593 0.051823
0 0.651852 0.397266 0.087963 0.046094
0 0.492361 0.699870 0.080093 0.073177
0 0.393287 0.863151 0.335648 0.273177
1 0.768981 0.427214 0.016667 0.022656
1 0.737037 0.423307 0.016667 0.025781
1 0.935648 0.601302 0.019444 0.033333
1 0.692361 0.435677 0.015278 0.030208
1 0.860185 0.580859 0.044444 0.061198
1 0.930556 0.585026 0.032407 0.054427
1 0.818750 0.517448 0.033796 0.033854
1 0.792593 0.439063 0.015741 0.030729
1 0.895602 0.582422 0.020833 0.036719
1 0.861574 0.397526 0.012037 0.027344
1 0.904398 0.592187 0.020833 0.034375
1 0.709491 0.426693 0.015278 0.029427
1 0.682176 0.438021 0.018056 0.029687
1 0.722454 0.427734 0.013426 0.029427
1 0.727315 0.407552 0.013889 0.020833
1 0.799074 0.387109 0.009259 0.018490
1 0.840278 0.390885 0.012037 0.020313
1 0.776852 0.836458 0.082407 0.072396
1 0.886343 0.402474 0.018056 0.024740
1 0.831481 0.509766 0.020370 0.046615
3 0.770602 0.710547 0.457870 0.578385
3 0.499769 0.701953 0.999537 0.595573
4 0.716667 0.743490 0.083333 0.156771
4 0.539583 0.447396 0.006944 0.007812
4 0.049074 0.679427 0.098148 0.080729
4 0.414120 0.536979 0.012500 0.015104
4 0.316667 0.762109 0.041667 0.061719
4 0.292130 0.759245 0.043519 0.059635
4 0.423380 0.493099 0.010648 0.010677
4 0.382870 0.611198 0.020370 0.026562
4 0.365972 0.609505 0.022685 0.026823
4 0.433565 0.493359 0.009722 0.010156
4 0.534259 0.426823 0.006481 0.006250
4 0.847917 0.704427 0.032870 0.029167
4 0.403009 0.536198 0.013426 0.014063
4 0.558796 0.525911 0.012037 0.017969
4 0.567593 0.564323 0.014815 0.023438
4 0.595370 0.683464 0.048148 0.160156
4 0.665509 0.954297 0.041204 0.090885
4 0.628704 0.801693 0.114815 0.396094
4 0.536574 0.436198 0.006481 0.006771
5 0.716667 0.743490 0.083333 0.156250
5 0.539352 0.447396 0.006481 0.007812
5 0.048843 0.679297 0.097685 0.080469
5 0.414120 0.536979 0.012500 0.015104
5 0.881481 0.703646 0.105556 0.108333
5 0.316435 0.762109 0.041204 0.061719
5 0.847685 0.704427 0.032407 0.028646
5 0.292130 0.759245 0.043519 0.059635
5 0.382639 0.611198 0.019907 0.026562
5 0.365972 0.609635 0.022685 0.026562
5 0.433796 0.493359 0.009259 0.010156
5 0.534259 0.426823 0.006481 0.006250
5 0.423611 0.493099 0.010185 0.010677
5 0.403009 0.536198 0.013426 0.014063
5 0.558796 0.525911 0.012037 0.017969
5 0.567593 0.564323 0.014815 0.023438
5 0.595370 0.683594 0.048148 0.160417
5 0.665741 0.954557 0.040741 0.090365
5 0.438194 0.464583 0.010648 0.006771
5 0.628472 0.801693 0.114352 0.396094
5 0.536574 0.436198 0.006481 0.006771
