0 0.424740 0.360185 0.034896 0.055556
0 0.385417 0.231944 0.027083 0.037963
0 0.805208 0.095833 0.019792 0.032407
0 0.557813 0.151852 0.021875 0.029630
0 0.587500 0.056944 0.018750 0.025000
0 0.438021 0.041204 0.010417 0.021296
0 0.557031 0.035185 0.023438 0.024074
0 0.576823 0.259722 0.032813 0.049074
0 0.431510 0.432870 0.044271 0.063889
0 0.794531 0.131019 0.022396 0.028704
0 0.900000 0.274537 0.035417 0.052778
0 0.477083 0.133796 0.026042 0.036111
0 0.455208 0.884259 0.135417 0.212963
0 0.644531 0.133796 0.023438 0.037963
0 0.098437 0.222222 0.037500 0.055556
0 0.430469 0.253241 0.031771 0.041667
0 0.345833 0.430556 0.047917 0.062963
0 0.527344 0.273148 0.032813 0.042593
0 0.750000 0.066667 0.023958 0.040741
0 0.647917 0.156944 0.026042 0.032407
0 0.526302 0.051852 0.018229 0.027778
0 0.672917 0.405093 0.045833 0.062037
0 0.574740 0.229630 0.026562 0.018519
0 0.264062 0.210185 0.017708 0.042593
0 0.910937 0.341667 0.037500 0.051852
0 0.476823 0.164352 0.022396 0.036111
0 0.776823 0.647222 0.090104 0.135185
0 0.939844 0.367130 0.046354 0.069444
0 0.416146 0.484259 0.059375 0.085185
0 0.778125 0.061574 0.014583 0.025000
0 0.814063 0.062963 0.022917 0.031481
0 0.586719 0.433333 0.047396 0.061111
0 0.994010 0.294444 0.010937 0.009259
0 0.412240 0.436111 0.049479 0.048148
0 0.637760 0.650000 0.084896 0.109259
0 0.233333 0.598148 0.073958 0.096296
0 0.405469 0.238889 0.027604 0.029630
0 0.390625 0.500926 0.083333 0.166667
0 0.595573 0.138889 0.022396 0.031481
0 0.446354 0.373611 0.040625 0.056481
0 0.823698 0.137963 0.025521 0.029630
0 0.579427 0.035648 0.018229 0.021296
0 0.289062 0.225000 0.034375 0.037037
0 0.519531 0.139352 0.029687 0.045370
0 0.722396 0.062500 0.016667 0.026852
0 0.559115 0.112963 0.022396 0.038889
0 0.366146 0.384259 0.041667 0.055556
0 0.747917 0.042593 0.014583 0.016667
0 0.700000 0.465278 0.064583 0.097222
0 0.445573 0.963426 0.108854 0.060185
0 0.856510 0.559722 0.071354 0.089815
0 0.551302 0.119907 0.026562 0.049074
0 0.553906 0.094444 0.018229 0.020370
0 0.075781 0.280093 0.049479 0.075000
0 0.045312 0.924074 0.090625 0.135185
0 0.788021 0.067593 0.021875 0.031481
0 0.070052 0.131019 0.039062 0.026852
0 0.929167 0.202315 0.026042 0.034259
0 0.991146 0.369444 0.016667 0.051852
0 0.581771 0.395370 0.043750 0.055556
0 0.568490 0.217130 0.027604 0.037963
0 0.461979 0.034722 0.013542 0.028704
0 0.811198 0.054630 0.026562 0.038889
0 0.623177 0.232407 0.028646 0.038889
0 0.516406 0.103241 0.021354 0.032407
0 0.969531 0.285185 0.033854 0.042593
0 0.717448 0.533333 0.066146 0.100000
0 0.661198 0.819907 0.106771 0.143519
0 0.490625 0.056019 0.020833 0.030556
0 0.497656 0.546759 0.064062 0.082407
0 0.722396 0.039815 0.015625 0.020370
0 0.508333 0.398611 0.050000 0.075000
0 0.115885 0.186111 0.040104 0.061111
0 0.557552 0.335648 0.044271 0.062037
0 0.595313 0.746759 0.090625 0.126852
0 0.590104 0.089815 0.026042 0.033333
0 0.594271 0.112500 0.022917 0.030556
0 0.314583 0.721759 0.096875 0.141667
0 0.813802 0.104630 0.022396 0.027778
0 0.778646 0.173611 0.023958 0.032407
0 0.861198 0.166667 0.032813 0.044444
0 0.397656 0.277778 0.034896 0.055556
0 0.532552 0.038889 0.018229 0.022222
0 0.978125 0.336574 0.042708 0.078704
0 0.853906 0.209722 0.026562 0.049074
0 0.744010 0.590741 0.073438 0.096296
0 0.503646 0.036574 0.020833 0.023148
3 0.857031 0.327778 0.284896 0.433333
3 0.446354 0.554630 0.194792 0.868519
3 0.329167 0.590741 0.331250 0.798148
3 0.816667 0.578704 0.360417 0.803704
3 0.649740 0.556481 0.213021 0.868519
3 0.120052 0.378704 0.240104 0.577778
3 0.234635 0.618519 0.417187 0.740741
3 0.511719 0.553241 0.965104 0.871296
3 0.767708 0.579630 0.358333 0.820370
4 0.797135 0.519907 0.397396 0.941667
4 0.186458 0.555093 0.294792 0.613889
4 0.155990 0.982407 0.015104 0.018519
5 0.556771 0.863889 0.007292 0.014815
5 0.262500 0.746759 0.008333 0.012037
5 0.796875 0.520370 0.396875 0.940741
5 0.382552 0.865278 0.009896 0.015741
5 0.393229 0.818981 0.009375 0.013889
5 0.168490 0.316204 0.084896 0.380556
5 0.733333 0.859722 0.010417 0.015741
5 0.369010 0.917130 0.010937 0.017593
5 0.555729 0.974537 0.009375 0.019444
5 0.209896 0.869444 0.012500 0.016667
5 0.186198 0.555093 0.294271 0.613889
5 0.760677 0.968519 0.011979 0.020370
5 0.230990 0.822222 0.010937 0.014815
5 0.155990 0.981944 0.015104 0.017593
5 0.254167 0.766204 0.021875 0.043519
5 0.556250 0.914815 0.008333 0.016667
5 0.185417 0.921759 0.013542 0.017593
5 0.354427 0.975463 0.011979 0.019444
5 0.746354 0.909722 0.010417 0.017593
