0 0.900943 0.502092 0.054245 0.062762
0 0.544811 0.417364 0.028302 0.048117
0 0.534788 0.539749 0.012972 0.041841
0 0.573703 0.343096 0.015330 0.020921
0 0.556604 0.368201 0.016509 0.025105
0 0.892689 0.612971 0.115566 0.121339
0 0.576061 0.360879 0.017689 0.027197
0 0.679245 0.518828 0.016509 0.046025
0 0.523585 0.414226 0.014151 0.037657
0 0.970519 0.563808 0.056604 0.152720
0 0.554245 0.436192 0.033019 0.052301
0 0.597288 0.515690 0.020047 0.064854
0 0.628538 0.507322 0.016509 0.069038
0 0.541274 0.381799 0.030660 0.031381
0 0.325472 0.470711 0.042453 0.083682
0 0.492335 0.439331 0.010613 0.037657
0 0.611439 0.412134 0.053066 0.083682
0 0.524175 0.371339 0.020047 0.052301
0 0.511792 0.520921 0.016509 0.037657
0 0.435731 0.359833 0.020047 0.041841
0 0.016509 0.717573 0.033019 0.058577
0 0.844929 0.482218 0.057783 0.060669
0 0.573113 0.399582 0.025943 0.046025
0 0.612618 0.467573 0.041274 0.073222
0 0.468160 0.263598 0.007075 0.008368
0 0.289505 0.376569 0.017689 0.025105
0 0.543632 0.407950 0.028302 0.062762
0 0.651533 0.509414 0.017689 0.052301
0 0.553656 0.345188 0.017689 0.025105
0 0.086675 0.670502 0.057783 0.056485
0 0.515330 0.317992 0.011792 0.020921
1 0.851415 0.528243 0.021226 0.089958
1 0.892099 0.519874 0.015330 0.060669
1 0.071344 0.521967 0.010613 0.060669
1 0.062500 0.520921 0.014151 0.062762
1 0.521226 0.554393 0.021226 0.083682
1 0.836085 0.508368 0.016509 0.066946
3 0.848467 0.743724 0.300708 0.491632
3 0.455189 0.767782 0.910377 0.443515
3 0.243514 0.588912 0.487028 0.705021
3 0.499410 0.678870 0.998821 0.621339
4 0.782429 0.569038 0.043632 0.033473
4 0.911557 0.959205 0.044811 0.069038
4 0.364387 0.532427 0.007075 0.014644
4 0.130896 0.746862 0.028302 0.037657
4 0.502358 0.585774 0.018868 0.033473
4 0.785377 0.738494 0.023585 0.037657
4 0.559552 0.551255 0.192217 0.014644
4 0.722288 0.539749 0.045991 0.008368
4 0.387972 0.599372 0.023585 0.035565
4 0.068396 0.830544 0.040094 0.054393
4 0.419222 0.594142 0.017689 0.033473
4 0.274175 0.560669 0.064858 0.083682
4 0.363208 0.602510 0.023585 0.033473
4 0.288915 0.606695 0.014151 0.020921
4 0.346108 0.573222 0.008255 0.016736
4 0.332547 0.606695 0.030660 0.037657
4 0.698113 0.574268 0.023585 0.031381
4 0.831958 0.816946 0.022406 0.035565
4 0.362028 0.423640 0.238208 0.353556
4 0.306014 0.609833 0.029481 0.035565
4 0.557783 0.582636 0.016509 0.031381
4 0.003538 0.919456 0.007075 0.014644
4 0.642099 0.581590 0.017689 0.033473
4 0.445165 0.591004 0.020047 0.035565
4 0.584316 0.581590 0.017689 0.033473
4 0.716981 0.618201 0.016509 0.027197
4 0.746462 0.671548 0.018868 0.029289
4 0.728774 0.571130 0.023585 0.029289
5 0.543042 0.586820 0.524764 0.081590
7 0.543042 0.589958 0.522406 0.075314
