0 0.798611 0.649219 0.175000 0.057813
0 0.641667 0.551562 0.027778 0.015625
0 0.963889 0.831250 0.066667 0.112500
0 0.872222 0.567187 0.044444 0.021875
0 0.923611 0.585156 0.019444 0.017188
0 0.430556 0.623437 0.150000 0.028125
0 0.452778 0.642188 0.144444 0.034375
0 0.569444 0.658594 0.044444 0.029687
0 0.563889 0.591406 0.311111 0.057813
0 0.580556 0.525781 0.016667 0.010937
0 0.850000 0.435937 0.222222 0.028125
0 0.205556 0.617188 0.083333 0.021875
0 0.891667 0.583594 0.016667 0.017188
0 0.783333 0.682813 0.150000 0.065625
0 0.958333 0.585156 0.016667 0.017188
0 0.515278 0.711719 0.113889 0.070312
0 0.645833 0.658594 0.041667 0.032813
0 0.069444 0.905469 0.138889 0.082812
0 0.411111 0.671875 0.122222 0.046875
0 0.250000 0.645312 0.122222 0.034375
0 0.920833 0.982031 0.152778 0.032813
0 0.569444 0.553906 0.027778 0.017188
0 0.552778 0.539062 0.022222 0.012500
0 0.806944 0.546875 0.030556 0.018750
0 0.943056 0.550000 0.052778 0.018750
0 0.575000 0.545312 0.027778 0.015625
0 0.819444 0.586719 0.016667 0.017188
0 0.273611 0.915625 0.297222 0.159375
0 0.981944 0.581250 0.030556 0.034375
0 0.856944 0.582812 0.019444 0.018750
1 0.563889 0.647656 0.027778 0.023438
1 0.179167 0.653125 0.030556 0.031250
1 0.006944 0.668750 0.013889 0.037500
1 0.101389 0.432812 0.019444 0.021875
1 0.019444 0.856250 0.038889 0.043750
1 0.636111 0.646094 0.027778 0.026562
1 0.609722 0.546875 0.008333 0.012500
1 0.056944 0.903125 0.063889 0.081250
3 0.498611 0.797656 0.997222 0.401562
4 0.870833 0.730469 0.036111 0.007812
4 0.612500 0.808594 0.013889 0.014063
4 0.216667 0.725781 0.027778 0.007812
4 0.137500 0.772656 0.052778 0.010937
4 0.736111 0.727344 0.027778 0.010937
4 0.444444 0.839063 0.044444 0.018750
4 0.641667 0.762500 0.027778 0.012500
4 0.023611 0.721875 0.047222 0.006250
4 0.616667 0.758594 0.011111 0.010937
4 0.586111 0.721094 0.016667 0.010937
4 0.077778 0.716406 0.022222 0.007812
4 0.730556 0.850781 0.044444 0.020313
4 0.954167 0.728125 0.019444 0.009375
4 0.581944 0.786719 0.036111 0.014063
4 0.793056 0.903125 0.030556 0.025000
4 0.476389 0.984375 0.063889 0.028125
4 0.693056 0.742969 0.025000 0.010937
4 0.019444 0.735156 0.033333 0.010937
4 0.401389 0.772656 0.030556 0.007812
4 0.172222 0.692969 0.038889 0.004687
4 0.844444 0.790625 0.027778 0.012500
4 0.402778 0.710938 0.016667 0.009375
4 0.169444 0.687500 0.016667 0.009375
4 0.051389 0.789844 0.047222 0.010937
4 0.323611 0.737500 0.041667 0.009375
4 0.212500 0.709375 0.047222 0.006250
4 0.890278 0.766406 0.025000 0.010937
4 0.300000 0.796094 0.050000 0.014063
4 0.661111 0.888281 0.044444 0.020313
4 0.305556 0.702344 0.044444 0.007812
4 0.266667 0.709375 0.027778 0.009375
4 0.791667 0.744531 0.038889 0.007812
4 0.115278 0.717187 0.052778 0.006250
4 0.231944 0.753906 0.052778 0.010937
4 0.406944 0.722656 0.041667 0.010937
4 0.800000 0.769531 0.016667 0.014063
4 0.094444 0.764844 0.038889 0.014063
4 0.716667 0.759375 0.044444 0.009375
4 0.391667 0.978125 0.061111 0.034375
4 0.825000 0.823438 0.011111 0.018750
4 0.437500 0.704688 0.019444 0.009375
4 0.415278 0.791406 0.019444 0.014063
4 0.158333 0.743750 0.038889 0.012500
4 0.029167 0.785937 0.041667 0.012500
4 0.083333 0.982812 0.072222 0.031250
4 0.937500 0.719531 0.030556 0.004687
4 0.958333 0.958594 0.033333 0.023438
4 0.272222 0.685937 0.105556 0.009375
4 0.026389 0.982031 0.047222 0.032813
4 0.472222 0.821875 0.055556 0.015625
4 0.925000 0.746875 0.022222 0.009375
4 0.430556 0.744531 0.011111 0.010937
4 0.477778 0.756250 0.044444 0.009375
4 0.308333 0.696875 0.022222 0.009375
4 0.548611 0.877344 0.036111 0.023438
4 0.538889 0.805469 0.072222 0.023438
4 0.088889 0.697656 0.038889 0.004687
4 0.637500 0.777344 0.041667 0.010937
4 0.640278 0.725000 0.041667 0.009375
4 0.576389 0.932813 0.052778 0.025000
4 0.793056 0.818750 0.030556 0.015625
4 0.705556 0.713281 0.038889 0.007812
4 0.145833 0.835156 0.158333 0.042188
5 0.870833 0.730469 0.036111 0.007812
5 0.612500 0.808594 0.013889 0.014063
5 0.216667 0.725781 0.027778 0.007812
5 0.137500 0.772656 0.052778 0.010937
5 0.444444 0.839063 0.044444 0.018750
5 0.640278 0.762500 0.030556 0.012500
5 0.023611 0.721875 0.047222 0.006250
5 0.616667 0.758594 0.011111 0.010937
5 0.586111 0.721094 0.016667 0.010937
5 0.077778 0.716406 0.022222 0.007812
5 0.984722 0.714844 0.025000 0.004687
5 0.729167 0.850781 0.041667 0.020313
5 0.954167 0.728125 0.019444 0.009375
5 0.581944 0.786719 0.036111 0.014063
5 0.793056 0.903125 0.030556 0.025000
5 0.476389 0.984375 0.063889 0.028125
5 0.693056 0.742969 0.025000 0.010937
5 0.019444 0.735156 0.033333 0.010937
5 0.172222 0.692969 0.038889 0.004687
5 0.844444 0.790625 0.027778 0.012500
5 0.402778 0.710938 0.016667 0.009375
5 0.169444 0.687500 0.016667 0.009375
5 0.051389 0.789844 0.047222 0.010937
5 0.323611 0.737500 0.041667 0.009375
5 0.212500 0.709375 0.047222 0.006250
5 0.888889 0.766406 0.022222 0.010937
5 0.300000 0.796094 0.050000 0.014063
5 0.231944 0.753906 0.052778 0.010937
5 0.662500 0.888281 0.041667 0.020313
5 0.305556 0.702344 0.044444 0.007812
5 0.266667 0.709375 0.027778 0.009375
5 0.145833 0.834375 0.158333 0.040625
5 0.401389 0.772656 0.030556 0.007812
5 0.790278 0.744531 0.036111 0.007812
5 0.115278 0.717187 0.052778 0.006250
5 0.406944 0.721875 0.041667 0.009375
5 0.800000 0.769531 0.016667 0.014063
5 0.094444 0.764844 0.038889 0.014063
5 0.716667 0.759375 0.044444 0.009375
5 0.391667 0.978125 0.061111 0.034375
5 0.825000 0.823438 0.011111 0.018750
5 0.670833 0.672656 0.025000 0.051562
5 0.437500 0.704688 0.019444 0.009375
5 0.415278 0.791406 0.019444 0.014063
5 0.470833 0.821875 0.052778 0.015625
5 0.158333 0.743750 0.038889 0.012500
5 0.029167 0.785937 0.041667 0.012500
5 0.081944 0.982812 0.075000 0.031250
5 0.937500 0.719531 0.030556 0.004687
5 0.956944 0.958594 0.030556 0.023438
5 0.270833 0.685937 0.102778 0.009375
5 0.026389 0.982031 0.047222 0.032813
5 0.925000 0.746875 0.022222 0.009375
5 0.637500 0.777344 0.041667 0.010937
5 0.430556 0.744531 0.011111 0.010937
5 0.477778 0.756250 0.044444 0.009375
5 0.308333 0.696875 0.022222 0.009375
5 0.548611 0.877344 0.036111 0.023438
5 0.538889 0.805469 0.072222 0.023438
5 0.088889 0.697656 0.038889 0.004687
5 0.640278 0.725000 0.041667 0.009375
5 0.576389 0.932813 0.052778 0.025000
5 0.793056 0.818750 0.030556 0.015625
5 0.705556 0.713281 0.038889 0.007812
