0 0.783608 0.411088 0.036557 0.069038
0 0.594929 0.430962 0.067217 0.146444
0 0.525354 0.356695 0.029481 0.035565
0 0.862028 0.549163 0.023585 0.043933
0 0.599057 0.351464 0.047170 0.050209
0 0.500000 0.500000 0.018868 0.041841
0 0.567807 0.344142 0.029481 0.043933
0 0.382665 0.334728 0.020047 0.037657
0 0.491745 0.383891 0.028302 0.035565
0 0.002948 0.740586 0.005896 0.041841
0 0.482901 0.321130 0.012972 0.018828
0 0.506486 0.449791 0.038915 0.100418
0 0.546580 0.479079 0.012972 0.041841
0 0.070755 0.757322 0.103774 0.104603
0 0.497642 0.326360 0.016509 0.016736
0 0.490566 0.352510 0.030660 0.043933
0 0.487618 0.299163 0.012972 0.016736
0 0.481722 0.500000 0.015330 0.046025
0 0.487028 0.286611 0.014151 0.025105
0 0.506486 0.445607 0.038915 0.108787
0 0.531840 0.331590 0.037736 0.043933
0 0.660377 0.439331 0.073113 0.133891
1 0.805425 0.462343 0.011792 0.050209
1 0.669811 0.557531 0.018868 0.089958
3 0.835495 0.733264 0.326651 0.512552
3 0.883255 0.633891 0.231132 0.355649
3 0.479953 0.556485 0.535377 0.075314
3 0.541274 0.760460 0.617925 0.458159
3 0.222288 0.598326 0.444575 0.782427
3 0.499410 0.679916 0.998821 0.623431
3 0.320755 0.384937 0.250000 0.355649
4 0.317807 0.384937 0.251179 0.343096
5 0.484080 0.559623 0.527123 0.056485
7 0.482311 0.561715 0.518868 0.048117
