0 0.543632 0.319038 0.035377 0.048117
0 0.253538 0.311715 0.018868 0.025105
0 0.510024 0.310669 0.027123 0.031381
0 0.603774 0.418410 0.066038 0.142259
0 0.534198 0.343096 0.025943 0.046025
0 0.499410 0.357741 0.031840 0.066946
0 0.669222 0.421548 0.074292 0.135983
0 0.515330 0.269874 0.011792 0.020921
0 0.499410 0.338912 0.031840 0.033473
0 0.489976 0.312762 0.015330 0.023013
0 0.961675 0.558577 0.041274 0.071130
0 0.515330 0.432008 0.037736 0.106695
0 0.554835 0.463389 0.012972 0.043933
0 0.373821 0.691423 0.073113 0.077406
0 0.481132 0.268828 0.009434 0.014644
0 0.498821 0.370293 0.028302 0.041841
0 0.507075 0.320084 0.018868 0.025105
0 0.497052 0.289749 0.017689 0.018828
0 0.490566 0.485356 0.016509 0.046025
0 0.409788 0.301255 0.015330 0.029289
0 0.540094 0.352510 0.028302 0.056485
0 0.578420 0.327406 0.036557 0.048117
0 0.498821 0.271967 0.016509 0.029289
0 0.436321 0.211297 0.007075 0.012552
0 0.557783 0.269874 0.018868 0.020921
0 0.617925 0.336820 0.040094 0.041841
0 0.564269 0.281381 0.012972 0.031381
1 0.815448 0.554393 0.017689 0.092050
1 0.014151 0.576360 0.021226 0.085774
1 0.841981 0.450837 0.009434 0.052301
3 0.841392 0.736402 0.314858 0.506276
3 0.330189 0.385983 0.250000 0.345188
3 0.557783 0.423640 0.264151 0.173640
3 0.888561 0.624477 0.220519 0.341004
3 0.225825 0.592050 0.451651 0.794979
3 0.499410 0.693515 0.998821 0.592050
4 0.323703 0.382845 0.244104 0.322176
5 0.498231 0.544979 0.520047 0.056485
7 0.498231 0.544979 0.520047 0.052301
