0 0.767099 0.413180 0.034198 0.069038
0 0.598467 0.358787 0.043632 0.039749
0 0.228184 0.326360 0.017689 0.020921
0 0.505896 0.357741 0.028302 0.037657
0 0.849057 0.549163 0.030660 0.039749
0 0.474646 0.354603 0.029481 0.039749
0 0.479363 0.343096 0.022406 0.025105
0 0.936321 0.564854 0.035377 0.050209
0 0.466392 0.502092 0.015330 0.046025
0 0.475825 0.383891 0.027123 0.035565
0 0.530071 0.481172 0.012972 0.041841
0 0.193986 0.615063 0.069575 0.066946
0 0.576651 0.370293 0.049528 0.029289
0 0.479363 0.327406 0.024764 0.031381
0 0.479363 0.311715 0.024764 0.029289
0 0.399175 0.300209 0.012972 0.023013
0 0.517099 0.379707 0.024764 0.031381
0 0.579599 0.442469 0.064858 0.127615
0 0.481132 0.506276 0.025943 0.037657
0 0.491156 0.447699 0.038915 0.108787
0 0.554835 0.343096 0.034198 0.041841
0 0.643868 0.440377 0.073113 0.135983
0 0.790094 0.493724 0.018868 0.054393
1 0.933962 0.610879 0.033019 0.087866
1 0.137972 0.561715 0.018868 0.085774
3 0.830778 0.787657 0.336085 0.403766
3 0.875590 0.632845 0.246462 0.357741
3 0.214623 0.479079 0.429245 0.548117
3 0.538915 0.438285 0.275943 0.177824
3 0.522406 0.784519 0.625000 0.410042
3 0.214033 0.599372 0.428066 0.780335
3 0.499410 0.634937 0.998821 0.713389
4 0.307193 0.374477 0.234670 0.330544
5 0.474057 0.559623 0.516509 0.056485
7 0.474057 0.561715 0.516509 0.056485
