0 0.760613 0.419456 0.037736 0.073222
0 0.590802 0.365063 0.044811 0.039749
0 0.220519 0.335774 0.018868 0.027197
0 0.477005 0.312762 0.015330 0.023013
0 0.501179 0.364017 0.025943 0.041841
0 0.484080 0.452929 0.038915 0.106695
0 0.801297 0.559623 0.020047 0.056485
0 0.882075 0.531381 0.016509 0.050209
0 0.460495 0.508368 0.015330 0.046025
0 0.523585 0.488494 0.011792 0.039749
0 0.513561 0.335774 0.036557 0.035565
0 0.468160 0.391213 0.028302 0.037657
0 0.690448 0.583682 0.053066 0.062762
0 0.509434 0.383891 0.023585 0.027197
0 0.547170 0.349372 0.037736 0.041841
0 0.571934 0.437238 0.066038 0.146444
0 0.472288 0.341004 0.027123 0.033473
0 0.450472 0.283473 0.011792 0.014644
0 0.637382 0.443515 0.071934 0.133891
0 0.468160 0.360879 0.030660 0.039749
1 0.989976 0.649582 0.017689 0.119247
1 0.285967 0.546025 0.020047 0.079498
1 0.863797 0.489540 0.012972 0.066946
3 0.455189 0.435146 0.120283 0.188285
3 0.869104 0.648536 0.252358 0.338912
3 0.519458 0.764644 0.614387 0.449791
3 0.211085 0.600418 0.422170 0.778243
3 0.823703 0.784519 0.350236 0.410042
3 0.538325 0.436192 0.286557 0.190377
3 0.499410 0.648536 0.998821 0.682008
3 0.537736 0.438285 0.285377 0.186192
3 0.550708 0.761506 0.891509 0.456067
4 0.704599 0.730126 0.024764 0.041841
4 0.821934 0.955021 0.044811 0.073222
4 0.050118 0.710251 0.031840 0.039749
4 0.293042 0.396444 0.251179 0.341004
4 0.643278 0.608787 0.015330 0.025105
4 0.417453 0.441423 0.051887 0.179916
4 0.670401 0.663180 0.017689 0.029289
5 0.433962 0.566946 0.483491 0.058577
7 0.433373 0.570084 0.482311 0.052301
