0 0.750590 0.413180 0.034198 0.060669
0 0.459316 0.392259 0.027123 0.043933
0 0.583726 0.362971 0.042453 0.035565
0 0.210495 0.332636 0.015330 0.020921
0 0.507075 0.347280 0.040094 0.058577
0 0.491745 0.365063 0.028302 0.035565
0 0.860849 0.696653 0.037736 0.100418
0 0.476415 0.453975 0.037736 0.104603
0 0.793632 0.553347 0.033019 0.069038
0 0.515920 0.487448 0.012972 0.041841
0 0.459316 0.379707 0.029481 0.069038
0 0.469340 0.509414 0.021226 0.035565
0 0.397406 0.275105 0.009434 0.018828
0 0.502948 0.385983 0.024764 0.035565
0 0.744104 0.456067 0.021226 0.037657
0 0.564858 0.439331 0.063679 0.146444
0 0.464033 0.342050 0.024764 0.031381
0 0.396816 0.235356 0.005896 0.010460
0 0.543042 0.350418 0.031840 0.039749
0 0.544222 0.570084 0.060142 0.060669
0 0.629127 0.443515 0.071934 0.133891
0 0.452241 0.505230 0.015330 0.048117
0 0.561910 0.374477 0.048349 0.025105
1 0.419222 0.530335 0.012972 0.077406
1 0.908019 0.584728 0.021226 0.102510
1 0.003538 0.458159 0.007075 0.046025
1 0.882075 0.498954 0.016509 0.073222
1 0.011203 0.458159 0.008255 0.046025
1 0.886792 0.502092 0.011792 0.066946
3 0.290684 0.405858 0.248821 0.368201
3 0.862028 0.648536 0.254717 0.338912
3 0.454009 0.566946 0.542453 0.071130
3 0.206368 0.599372 0.412736 0.776151
3 0.813679 0.783473 0.370283 0.412134
3 0.530660 0.443515 0.287736 0.175732
3 0.499410 0.675732 0.998821 0.627615
3 0.518278 0.762552 0.961085 0.453975
4 0.814858 0.953975 0.044811 0.075314
4 0.040684 0.712343 0.031840 0.039749
4 0.285377 0.392259 0.252358 0.349372
4 0.635613 0.607741 0.016509 0.027197
4 0.410967 0.444561 0.050708 0.169456
4 0.662146 0.660042 0.017689 0.031381
5 0.456368 0.566946 0.523585 0.062762
7 0.456368 0.571130 0.521226 0.054393
