0 0.752948 0.420502 0.034198 0.066946
0 0.531840 0.383891 0.016509 0.027197
0 0.508255 0.347280 0.040094 0.046025
0 0.212264 0.338912 0.016509 0.025105
0 0.494693 0.366109 0.029481 0.033473
0 0.746462 0.699791 0.075472 0.085774
0 0.445755 0.404812 0.035377 0.048117
0 0.749410 0.517782 0.017689 0.039749
0 0.467571 0.355649 0.017689 0.025105
0 0.403892 0.263598 0.008255 0.016736
0 0.810731 0.526151 0.017689 0.039749
0 0.784198 0.488494 0.016509 0.039749
0 0.517099 0.490586 0.012972 0.039749
0 0.061910 0.626569 0.069575 0.056485
0 0.503538 0.390167 0.025943 0.031381
0 0.445755 0.296025 0.011792 0.027197
0 0.567217 0.440377 0.063679 0.135983
0 0.466981 0.346234 0.025943 0.031381
0 0.399175 0.239540 0.005896 0.010460
0 0.472877 0.513598 0.016509 0.035565
0 0.477594 0.451883 0.040094 0.117155
0 0.548349 0.349372 0.040094 0.037657
0 0.432193 0.489540 0.012972 0.041841
0 0.587854 0.369247 0.038915 0.035565
0 0.564269 0.377615 0.045991 0.027197
0 0.454599 0.379707 0.038915 0.060669
0 0.452830 0.511506 0.014151 0.048117
0 0.630896 0.447699 0.075472 0.133891
1 0.830189 0.548117 0.021226 0.087866
1 0.920401 0.518828 0.015330 0.071130
3 0.819575 0.785565 0.358491 0.407950
3 0.871462 0.657950 0.240566 0.328452
3 0.449292 0.573222 0.540094 0.079498
3 0.484080 0.783473 0.673349 0.412134
3 0.206958 0.602510 0.413915 0.769874
3 0.499410 0.652720 0.998821 0.673640
4 0.285967 0.398536 0.248821 0.345188
5 0.457547 0.572176 0.518868 0.056485
7 0.458137 0.574268 0.515330 0.052301
