0 0.564269 0.548117 0.017689 0.058577
0 0.532429 0.578452 0.015330 0.056485
0 0.542453 0.355649 0.016509 0.029289
0 0.558962 0.369247 0.018868 0.031381
0 0.704599 0.534519 0.015330 0.052301
0 0.548939 0.430962 0.027123 0.037657
0 0.891509 0.600418 0.075472 0.112971
0 0.916274 0.526151 0.054245 0.077406
0 0.510613 0.471757 0.011792 0.035565
0 0.557783 0.452929 0.033019 0.052301
0 0.733491 0.536611 0.016509 0.052301
0 0.526533 0.436192 0.015330 0.031381
0 0.029481 0.694561 0.028302 0.062762
0 0.452830 0.362971 0.016509 0.031381
0 0.055425 0.535565 0.021226 0.029289
0 0.968750 0.585774 0.060142 0.163180
0 0.485259 0.516736 0.012972 0.046025
0 0.585495 0.567992 0.015330 0.048117
0 0.632665 0.537657 0.015330 0.041841
0 0.097288 0.685146 0.057783 0.060669
0 0.559552 0.383891 0.020047 0.039749
0 0.294222 0.395397 0.020047 0.025105
0 0.360259 0.446653 0.031840 0.064854
0 0.580189 0.371339 0.021226 0.031381
0 0.574292 0.413180 0.023585 0.043933
0 0.585495 0.382845 0.022406 0.020921
0 0.615566 0.430962 0.054245 0.083682
0 0.528892 0.392259 0.022406 0.052301
0 0.031250 0.611925 0.062500 0.073222
0 0.863208 0.496862 0.061321 0.048117
0 0.614976 0.488494 0.045991 0.081590
0 0.546580 0.418410 0.029481 0.058577
0 0.472288 0.281381 0.008255 0.010460
0 0.681014 0.558577 0.017689 0.050209
0 0.659788 0.535565 0.017689 0.054393
1 0.104363 0.521967 0.010613 0.043933
1 0.850825 0.539749 0.017689 0.071130
1 0.097288 0.535565 0.012972 0.050209
1 0.087264 0.530335 0.011792 0.060669
1 0.597877 0.564854 0.016509 0.079498
3 0.736439 0.724895 0.524764 0.529289
3 0.850825 0.766736 0.295991 0.445607
3 0.244693 0.623431 0.489387 0.728033
3 0.499410 0.686192 0.998821 0.606695
4 0.913325 0.966527 0.034198 0.054393
4 0.135613 0.767782 0.028302 0.037657
4 0.790094 0.754184 0.025943 0.039749
4 0.751179 0.686192 0.021226 0.029289
4 0.005896 0.943515 0.011792 0.020921
4 0.072524 0.851464 0.041274 0.054393
4 0.300708 0.552301 0.108491 0.138075
4 0.350236 0.592050 0.009434 0.016736
4 0.363208 0.453975 0.233491 0.334728
4 0.722877 0.633891 0.016509 0.025105
5 0.488208 0.491632 0.040094 0.163180
5 0.913325 0.966527 0.034198 0.054393
5 0.350236 0.592050 0.009434 0.016736
5 0.368514 0.552301 0.008255 0.012552
5 0.135613 0.767782 0.028302 0.037657
5 0.436321 0.573222 0.007075 0.016736
5 0.790094 0.754184 0.025943 0.039749
5 0.492925 0.571130 0.051887 0.008368
5 0.751179 0.686192 0.021226 0.029289
5 0.005307 0.943515 0.010613 0.020921
5 0.072524 0.851464 0.038915 0.054393
5 0.423349 0.404812 0.044811 0.048117
5 0.702830 0.589958 0.023585 0.029289
5 0.837854 0.834728 0.024764 0.037657
5 0.292453 0.625523 0.016509 0.025105
5 0.622052 0.586820 0.005896 0.014644
5 0.722288 0.633891 0.015330 0.025105
5 0.300708 0.552301 0.108491 0.138075
5 0.382665 0.520921 0.005896 0.012552
7 0.544222 0.608787 0.517689 0.079498
