0 0.888021 0.211574 0.028125 0.041667
0 0.759375 0.135185 0.025000 0.035185
0 0.092448 0.188426 0.035937 0.050926
0 0.594010 0.126389 0.022396 0.056481
0 0.638802 0.289815 0.033854 0.048148
0 0.777083 0.065278 0.020833 0.030556
0 0.507031 0.046296 0.016146 0.020370
0 0.917969 0.195833 0.020313 0.034259
0 0.580729 0.297222 0.040625 0.046296
0 0.798438 0.143056 0.042708 0.054630
0 0.615625 0.600926 0.072917 0.087037
0 0.939844 0.323611 0.036979 0.056481
0 0.487240 0.086111 0.022396 0.042593
0 0.087240 0.263889 0.041146 0.059259
0 0.363802 0.343056 0.047396 0.084259
0 0.483073 0.039815 0.018229 0.029630
0 0.497656 0.345370 0.043229 0.074074
0 0.515104 0.324074 0.040625 0.068519
0 0.759896 0.430093 0.050000 0.065741
0 0.550260 0.055093 0.018229 0.025000
0 0.809896 0.052315 0.015625 0.017593
0 0.391406 0.093519 0.018229 0.025926
0 0.885938 0.328704 0.032292 0.046296
0 0.034375 0.548611 0.068750 0.099074
0 0.748698 0.614352 0.073438 0.100926
0 0.470052 0.184259 0.027604 0.044444
0 0.519010 0.318056 0.035937 0.082407
0 0.011979 0.009259 0.023958 0.018519
0 0.933854 0.371296 0.042708 0.055556
0 0.740625 0.076389 0.022917 0.039815
0 0.815104 0.072685 0.016667 0.017593
0 0.580208 0.382407 0.041667 0.057407
0 0.431771 0.330556 0.039583 0.057407
0 0.603125 0.525000 0.060417 0.079630
0 0.650000 0.376389 0.038542 0.052778
0 0.085156 0.007870 0.038021 0.015741
0 0.548958 0.091667 0.016667 0.022222
0 0.425000 0.400463 0.048958 0.076852
0 0.854948 0.118981 0.020313 0.028704
0 0.585677 0.056019 0.019271 0.023148
0 0.400781 0.251389 0.032813 0.050926
0 0.520312 0.175463 0.023958 0.034259
0 0.445833 0.312500 0.036458 0.054630
0 0.776563 0.151389 0.020833 0.039815
0 0.785156 0.176852 0.026562 0.042593
0 0.513542 0.095833 0.020833 0.036111
0 0.493490 0.528704 0.061979 0.081481
0 0.788802 0.118056 0.018229 0.017593
0 0.509896 0.374074 0.037500 0.059259
0 0.549219 0.146759 0.024479 0.036111
0 0.125000 0.349074 0.043750 0.061111
0 0.137500 0.959259 0.131250 0.064815
0 0.903906 0.946296 0.140104 0.092593
0 0.646094 0.326389 0.039062 0.052778
0 0.883333 0.266204 0.030208 0.039815
0 0.004427 0.606019 0.008854 0.075000
0 0.649219 0.349074 0.039062 0.046296
0 0.522396 0.059259 0.020833 0.029630
0 0.954688 0.282870 0.032292 0.047222
0 0.612760 0.483796 0.055729 0.075000
0 0.409115 0.374074 0.033854 0.055556
0 0.520052 0.287037 0.034896 0.057407
0 0.583073 0.330556 0.042188 0.064815
0 0.590885 0.118519 0.022396 0.050000
0 0.623698 0.800463 0.091146 0.380556
0 0.585938 0.086111 0.020833 0.031481
0 0.574219 0.277778 0.031771 0.050000
0 0.740365 0.366667 0.041146 0.068519
0 0.868229 0.138426 0.020833 0.028704
0 0.377083 0.510185 0.116667 0.288889
0 0.808333 0.218981 0.030208 0.043519
0 0.694271 0.554167 0.064583 0.086111
3 0.801042 0.519444 0.396875 0.920370
3 0.330469 0.629630 0.282813 0.722222
3 0.655469 0.555556 0.227604 0.868519
3 0.401562 0.083333 0.076042 0.050000
3 0.119271 0.344444 0.238542 0.688889
3 0.234115 0.623148 0.468229 0.733333
3 0.855469 0.337500 0.288021 0.441667
3 0.497135 0.536111 0.994271 0.905556
3 0.901563 0.288426 0.195833 0.325000
3 0.443490 0.555556 0.217188 0.870370
4 0.812760 0.284722 0.373437 0.456481
4 0.814583 0.403241 0.369792 0.675000
4 0.794010 0.523611 0.392188 0.936111
4 0.200781 0.322685 0.101562 0.380556
4 0.166146 0.589815 0.332292 0.677778
5 0.823438 0.314815 0.352083 0.394444
5 0.793229 0.523611 0.391667 0.934259
5 0.200000 0.322222 0.100000 0.379630
5 0.166146 0.589815 0.332292 0.677778
5 0.813021 0.399074 0.372917 0.685185
