0 0.612731 0.392057 0.029167 0.014323
0 0.533565 0.419531 0.040278 0.021354
0 0.447454 0.392057 0.023611 0.013281
0 0.946759 0.472786 0.021296 0.020052
0 0.814815 0.433984 0.053704 0.024740
0 0.584028 0.395964 0.024537 0.010677
0 0.407639 0.431120 0.042130 0.020573
0 0.238657 0.558854 0.033796 0.036979
0 0.461574 0.412760 0.024074 0.020833
0 0.439583 0.404557 0.029167 0.023698
0 0.350231 0.458854 0.014352 0.021875
0 0.426620 0.572656 0.039352 0.041667
0 0.592593 0.376693 0.021296 0.009635
0 0.481250 0.478906 0.071759 0.047396
0 0.849306 0.450260 0.021759 0.026042
0 0.478472 0.776823 0.214352 0.203125
0 0.542130 0.450781 0.019444 0.020313
0 0.143750 0.648828 0.068056 0.066927
0 0.480787 0.397005 0.025463 0.015365
0 0.415509 0.422786 0.045833 0.032552
0 0.499074 0.402474 0.029630 0.016927
0 0.403009 0.457813 0.064352 0.033333
0 0.487269 0.412240 0.035648 0.017188
0 0.519676 0.374219 0.006944 0.009375
0 0.360880 0.483854 0.025463 0.033854
0 0.339815 0.507812 0.031481 0.033333
0 0.593287 0.425000 0.078241 0.050521
0 0.291204 0.510938 0.027778 0.030729
0 0.018981 0.463151 0.037963 0.016406
0 0.849306 0.409766 0.033796 0.014844
0 0.480787 0.448437 0.050463 0.016667
0 0.489352 0.382682 0.026852 0.014844
0 0.873148 0.436198 0.020370 0.018750
0 0.526157 0.534635 0.103241 0.061458
0 0.489815 0.437891 0.053704 0.033073
0 0.552315 0.398958 0.039815 0.028646
0 0.527315 0.392188 0.037963 0.030729
0 0.639352 0.451172 0.064815 0.050781
0 0.328935 0.536979 0.030093 0.022396
0 0.672454 0.400130 0.031019 0.011719
0 0.603935 0.383854 0.030093 0.015104
0 0.503704 0.368620 0.016667 0.009635
0 0.328241 0.596484 0.139815 0.095052
0 0.656713 0.420573 0.082870 0.044271
0 0.411806 0.514062 0.032870 0.028646
1 0.822917 0.407813 0.017130 0.023438
1 0.868981 0.615365 0.033333 0.064583
1 0.982407 0.610286 0.034259 0.056510
1 0.687963 0.455599 0.019444 0.029427
1 0.697454 0.431901 0.011574 0.023177
1 0.829167 0.463151 0.025000 0.028385
1 0.831019 0.516667 0.022222 0.021875
1 0.918750 0.620052 0.027315 0.046354
1 0.711343 0.445182 0.013426 0.027344
1 0.894444 0.609766 0.020370 0.035677
1 0.721759 0.448958 0.012963 0.028125
1 0.831250 0.538672 0.023611 0.033073
1 0.765278 0.450391 0.017593 0.029427
1 0.809259 0.410807 0.011111 0.019010
3 0.328935 0.714323 0.652315 0.567187
3 0.774537 0.722266 0.450000 0.549740
3 0.499769 0.712240 0.999537 0.575000
4 0.754398 0.842578 0.160648 0.314323
4 0.541898 0.480208 0.007870 0.009375
4 0.054861 0.691536 0.109722 0.094531
4 0.850000 0.725651 0.032407 0.028906
4 0.437731 0.484375 0.007870 0.007292
4 0.290046 0.782552 0.044907 0.061458
4 0.400694 0.556641 0.011574 0.013802
4 0.216898 0.566016 0.118981 0.088281
4 0.139120 0.628906 0.278241 0.219792
4 0.545602 0.496745 0.008796 0.011719
4 0.559259 0.545312 0.032407 0.101042
4 0.627315 0.811849 0.111111 0.375781
4 0.314583 0.785937 0.043056 0.063542
4 0.539120 0.466536 0.006019 0.007552
5 0.896065 0.734245 0.131019 0.128385
5 0.322685 0.484635 0.032407 0.028125
5 0.755093 0.842839 0.159259 0.313802
5 0.541667 0.480078 0.007407 0.009115
5 0.054861 0.691667 0.109722 0.093750
5 0.850000 0.725651 0.032407 0.028906
5 0.437731 0.484375 0.007870 0.007292
5 0.290046 0.782552 0.044907 0.061458
5 0.400694 0.556641 0.011574 0.013802
5 0.190741 0.585807 0.066667 0.048698
5 0.138657 0.629167 0.277315 0.219271
5 0.545833 0.496745 0.008333 0.011719
5 0.560417 0.546484 0.030093 0.098698
5 0.448148 0.464844 0.008333 0.006771
5 0.690046 0.831641 0.046759 0.120052
5 0.627083 0.811849 0.110648 0.375781
5 0.314583 0.785807 0.043056 0.063281
5 0.539120 0.466406 0.006019 0.007292
