0 0.761792 0.278243 0.070755 0.104603
0 0.478184 0.167364 0.005896 0.020921
0 0.428656 0.225941 0.008255 0.020921
0 0.987618 0.354603 0.022406 0.110879
0 0.807193 0.292887 0.015330 0.041841
0 0.364387 0.359833 0.018868 0.062762
0 0.142099 0.736402 0.284198 0.514644
0 0.439269 0.184100 0.008255 0.020921
0 0.495283 0.143305 0.007075 0.023013
0 0.405660 0.355649 0.016509 0.054393
0 0.198113 0.228033 0.037736 0.041841
0 0.035967 0.324268 0.071934 0.142259
0 0.560142 0.248954 0.070755 0.112971
0 0.459316 0.161088 0.005896 0.020921
0 0.583726 0.367155 0.099057 0.236402
0 0.449882 0.327406 0.041274 0.102510
0 0.612618 0.260460 0.036557 0.102510
1 0.712854 0.398536 0.020047 0.089958
1 0.706368 0.336820 0.016509 0.058577
1 0.472877 0.459205 0.023585 0.102510
1 0.992925 0.559623 0.011792 0.119247
1 0.453420 0.981172 0.017689 0.025105
1 0.795991 0.445607 0.025943 0.092050
1 0.638561 0.420502 0.012972 0.100418
1 0.689858 0.345188 0.016509 0.071130
3 0.539505 0.562762 0.652123 0.857741
3 0.116156 0.383891 0.232311 0.299163
4 0.383844 0.721757 0.017689 0.071130
4 0.516509 0.312762 0.004717 0.014644
4 0.055425 0.423640 0.028302 0.027197
4 0.419222 0.416318 0.008255 0.025105
4 0.520047 0.348326 0.004717 0.014644
4 0.455778 0.242678 0.005896 0.008368
4 0.399175 0.520921 0.012972 0.037657
4 0.359080 0.720711 0.020047 0.064854
4 0.340212 0.387029 0.130896 0.288703
4 0.413915 0.526151 0.009434 0.035565
4 0.114976 0.439331 0.024764 0.025105
4 0.512382 0.265690 0.003538 0.012552
4 0.431604 0.417364 0.007075 0.023013
4 0.514151 0.278243 0.004717 0.033473
5 0.370873 0.722803 0.043632 0.073222
5 0.413325 0.473849 0.045991 0.140167
