0 0.483333 0.795312 0.172222 0.112500
0 0.581944 0.535156 0.030556 0.014063
0 0.954167 0.923438 0.086111 0.150000
0 0.391667 0.628125 0.138889 0.034375
0 0.923611 0.675781 0.147222 0.079687
0 0.662500 0.603906 0.136111 0.029687
0 0.025000 0.885938 0.050000 0.043750
0 0.511111 0.715625 0.111111 0.065625
0 0.088889 0.901563 0.155556 0.075000
0 0.459722 0.661719 0.125000 0.048438
0 0.966667 0.540625 0.061111 0.015625
0 0.270833 0.606250 0.141667 0.031250
0 0.250000 0.632031 0.105556 0.032813
0 0.947222 0.578906 0.100000 0.057813
0 0.906944 0.752344 0.130556 0.101562
0 0.681944 0.658594 0.141667 0.045312
0 0.715278 0.785937 0.041667 0.046875
0 0.723611 0.726562 0.030556 0.034375
0 0.638889 0.526563 0.022222 0.012500
0 0.825000 0.537500 0.033333 0.015625
0 0.884722 0.557813 0.036111 0.025000
0 0.834722 0.578125 0.019444 0.015625
1 0.018056 0.654687 0.030556 0.031250
1 0.713889 0.758594 0.044444 0.054688
1 0.604167 0.542188 0.008333 0.012500
1 0.006944 0.844531 0.013889 0.042188
1 0.111111 0.643750 0.022222 0.025000
1 0.036111 0.843750 0.038889 0.043750
1 0.194444 0.642188 0.033333 0.028125
1 0.831944 0.574219 0.013889 0.017188
1 0.055556 0.648438 0.016667 0.018750
1 0.718056 0.698438 0.036111 0.028125
1 0.152778 0.647656 0.022222 0.023438
1 0.081944 0.887500 0.052778 0.081250
3 0.495833 0.767969 0.991667 0.460938
4 0.165278 0.925000 0.047222 0.037500
4 0.804167 0.734375 0.036111 0.009375
4 0.230556 0.714063 0.027778 0.009375
4 0.359722 0.864062 0.052778 0.018750
4 0.095833 0.706250 0.019444 0.006250
4 0.744444 0.839844 0.044444 0.020313
4 0.315278 0.785156 0.052778 0.014063
4 0.230556 0.698438 0.050000 0.006250
4 0.036111 0.724219 0.033333 0.010937
4 0.283333 0.698438 0.027778 0.009375
4 0.355556 0.839063 0.033333 0.018750
4 0.443056 0.733594 0.008333 0.010937
4 0.580556 0.728906 0.027778 0.007812
4 0.144444 0.690625 0.022222 0.009375
4 0.806944 0.807813 0.030556 0.015625
4 0.044444 0.775000 0.038889 0.012500
4 0.337500 0.726562 0.047222 0.009375
4 0.036111 0.710938 0.055556 0.006250
4 0.838889 0.813281 0.011111 0.017188
4 0.562500 0.866406 0.036111 0.023438
4 0.675000 0.877344 0.038889 0.020313
4 0.069444 0.777344 0.050000 0.010937
4 0.323611 0.685156 0.025000 0.007812
4 0.162500 0.822656 0.158333 0.039062
4 0.600000 0.712500 0.016667 0.009375
4 0.130556 0.705469 0.055556 0.004687
4 0.694444 0.991406 0.027778 0.014063
4 0.155556 0.760938 0.050000 0.012500
4 0.652778 0.766406 0.038889 0.010937
4 0.405556 0.964844 0.061111 0.032813
4 0.805556 0.892188 0.027778 0.025000
4 0.252778 0.677344 0.044444 0.004687
4 0.175000 0.732812 0.033333 0.012500
4 0.040278 0.974219 0.047222 0.045312
4 0.626389 0.797656 0.013889 0.014063
4 0.813889 0.760156 0.016667 0.014063
4 0.654167 0.714844 0.041667 0.007812
4 0.630556 0.749219 0.011111 0.010937
4 0.419444 0.700000 0.016667 0.009375
4 0.111111 0.753125 0.038889 0.012500
4 0.418056 0.761719 0.030556 0.007812
4 0.372222 0.842969 0.038889 0.014063
4 0.105556 0.685937 0.038889 0.006250
4 0.595833 0.775781 0.036111 0.014063
4 0.588889 0.921875 0.055556 0.025000
4 0.655556 0.752344 0.027778 0.010937
4 0.488889 0.974219 0.066667 0.032813
4 0.248611 0.742188 0.052778 0.012500
5 0.165278 0.925000 0.047222 0.037500
5 0.804167 0.734375 0.036111 0.009375
5 0.230556 0.714063 0.027778 0.009375
5 0.359722 0.864062 0.052778 0.018750
5 0.095833 0.706250 0.019444 0.006250
5 0.744444 0.839844 0.044444 0.020313
5 0.315278 0.784375 0.052778 0.012500
5 0.230556 0.698438 0.050000 0.006250
5 0.630556 0.749219 0.011111 0.010937
5 0.037500 0.724219 0.030556 0.010937
5 0.283333 0.698438 0.027778 0.009375
5 0.355556 0.839063 0.033333 0.018750
5 0.443056 0.733594 0.008333 0.010937
5 0.580556 0.728906 0.027778 0.007812
5 0.144444 0.690625 0.022222 0.009375
5 0.806944 0.807813 0.030556 0.015625
5 0.336111 0.726562 0.044444 0.009375
5 0.036111 0.710156 0.055556 0.004687
5 0.838889 0.813281 0.011111 0.017188
5 0.562500 0.865625 0.036111 0.021875
5 0.675000 0.877344 0.038889 0.020313
5 0.070833 0.777344 0.047222 0.010937
5 0.323611 0.685156 0.025000 0.007812
5 0.130556 0.705469 0.055556 0.004687
5 0.162500 0.822656 0.158333 0.039062
5 0.693056 0.991406 0.025000 0.014063
5 0.154167 0.760156 0.047222 0.010937
5 0.652778 0.766406 0.038889 0.010937
5 0.405556 0.964844 0.061111 0.032813
5 0.805556 0.892188 0.027778 0.025000
5 0.252778 0.677344 0.044444 0.004687
5 0.175000 0.732812 0.033333 0.012500
5 0.044444 0.775000 0.038889 0.012500
5 0.041667 0.974219 0.044444 0.045312
5 0.770833 0.677344 0.058333 0.054688
5 0.626389 0.797656 0.013889 0.014063
5 0.813889 0.760156 0.016667 0.014063
5 0.655556 0.714844 0.038889 0.007812
5 0.419444 0.700000 0.016667 0.009375
5 0.109722 0.753125 0.036111 0.012500
5 0.188889 0.680469 0.038889 0.007812
5 0.418056 0.761719 0.030556 0.007812
5 0.372222 0.842969 0.038889 0.014063
5 0.105556 0.685937 0.038889 0.006250
5 0.595833 0.775781 0.036111 0.014063
5 0.588889 0.921875 0.055556 0.025000
5 0.598611 0.712500 0.013889 0.009375
5 0.655556 0.752344 0.027778 0.010937
5 0.488889 0.974219 0.066667 0.032813
5 0.248611 0.742188 0.052778 0.012500
5 0.136111 0.942187 0.272222 0.112500
