0 0.874410 0.519874 0.048349 0.060669
0 0.533019 0.643305 0.016509 0.056485
0 0.620283 0.505230 0.044811 0.081590
0 0.020047 0.569038 0.030660 0.046025
0 0.672170 0.512552 0.016509 0.037657
0 0.557783 0.474895 0.040094 0.087866
0 0.799528 0.669456 0.030660 0.087866
0 0.607311 0.666318 0.023585 0.064854
0 0.502948 0.550209 0.015330 0.046025
0 0.528892 0.384937 0.022406 0.020921
0 0.314269 0.635983 0.022406 0.075314
0 0.084316 0.700837 0.053066 0.071130
0 0.025943 0.713389 0.023585 0.058577
0 0.527712 0.414226 0.020047 0.046025
0 0.489976 0.361925 0.062500 0.025105
0 0.056604 0.551255 0.021226 0.027197
0 0.957547 0.630753 0.082547 0.190377
0 0.490566 0.650628 0.014151 0.062762
0 0.590212 0.399582 0.020047 0.020921
0 0.898585 0.589958 0.061321 0.096234
0 0.556014 0.692469 0.022406 0.083682
0 0.632075 0.575314 0.014151 0.046025
0 0.402123 0.425732 0.025943 0.043933
0 0.520637 0.364017 0.012972 0.020921
0 0.562500 0.402720 0.016509 0.027197
0 0.116745 0.805439 0.040094 0.096234
0 0.549528 0.438285 0.028302 0.056485
0 0.589033 0.391213 0.020047 0.033473
0 0.313090 0.653766 0.020047 0.039749
0 0.576061 0.430962 0.020047 0.041841
0 0.696934 0.554393 0.016509 0.041841
0 0.605542 0.371339 0.015330 0.031381
0 0.115566 0.564854 0.054245 0.066946
0 0.028302 0.923640 0.056604 0.140167
0 0.089033 0.537657 0.022406 0.037657
0 0.846698 0.496862 0.051887 0.048117
0 0.616745 0.446653 0.049528 0.077406
0 0.094929 0.917364 0.048349 0.106695
0 0.593750 0.585774 0.020047 0.046025
0 0.544222 0.367155 0.017689 0.027197
0 0.918042 0.530335 0.053066 0.056485
0 0.731722 0.675732 0.024764 0.071130
0 0.210495 0.882845 0.027123 0.075314
0 0.472877 0.294979 0.007075 0.008368
0 0.560142 0.608787 0.018868 0.050209
0 0.294811 0.411088 0.018868 0.023013
0 0.687500 0.612971 0.018868 0.062762
0 0.557783 0.379707 0.014151 0.023013
0 0.658019 0.553347 0.014151 0.052301
0 0.528302 0.445607 0.016509 0.046025
0 0.247052 0.912134 0.048349 0.142259
0 0.742335 0.619247 0.017689 0.062762
0 0.220519 0.769874 0.042453 0.092050
1 0.648585 0.581590 0.014151 0.071130
3 0.854363 0.771967 0.288915 0.435146
3 0.245283 0.630753 0.490566 0.721757
3 0.854363 0.770921 0.288915 0.437238
3 0.643868 0.716527 0.523585 0.546025
4 0.489387 0.509414 0.040094 0.161088
4 0.364387 0.469665 0.233491 0.336820
5 0.407429 0.627615 0.218160 0.062762
5 0.505896 0.622385 0.417453 0.073222
7 0.407429 0.630753 0.218160 0.056485
7 0.505896 0.626569 0.417453 0.064854
