0 0.757075 0.267782 0.063679 0.117155
0 0.485259 0.135983 0.003538 0.012552
0 0.581958 0.366109 0.097877 0.242678
0 0.497052 0.187238 0.008255 0.023013
0 0.211675 0.209205 0.015330 0.020921
0 0.419222 0.233264 0.010613 0.031381
0 0.985259 0.353556 0.027123 0.125523
0 0.290094 0.926778 0.056604 0.133891
0 0.459906 0.346234 0.016509 0.056485
0 0.454599 0.515690 0.074292 0.190377
0 0.193986 0.220711 0.038915 0.039749
0 0.418042 0.314854 0.015330 0.048117
0 0.139741 0.734310 0.279481 0.518828
0 0.370873 0.361925 0.017689 0.058577
0 0.509434 0.134937 0.004717 0.018828
0 0.575472 0.245816 0.084906 0.098326
0 0.487618 0.213389 0.010613 0.029289
0 0.470519 0.123431 0.009434 0.012552
0 0.609080 0.241632 0.036557 0.085774
1 0.709316 0.392259 0.020047 0.089958
1 0.636203 0.325314 0.010613 0.060669
1 0.878538 0.539749 0.037736 0.108787
1 0.633844 0.420502 0.010613 0.104603
1 0.380307 0.537657 0.029481 0.121339
1 0.685731 0.338912 0.015330 0.071130
1 0.701651 0.337866 0.018868 0.073222
1 0.880896 0.419456 0.014151 0.089958
1 0.622052 0.314854 0.010613 0.039749
1 0.634434 0.262552 0.014151 0.056485
3 0.533608 0.562762 0.652123 0.857741
3 0.114387 0.378661 0.228774 0.301255
4 0.428066 0.411088 0.007075 0.023013
4 0.440448 0.344142 0.005896 0.014644
4 0.380307 0.717573 0.017689 0.071130
4 0.051297 0.416318 0.027123 0.025105
4 0.395047 0.515690 0.011792 0.039749
4 0.354953 0.716527 0.018868 0.064854
4 0.452241 0.237448 0.005896 0.010460
4 0.364387 0.331590 0.191038 0.395397
4 0.446934 0.260460 0.004717 0.010460
4 0.458726 0.236402 0.004717 0.008368
4 0.429835 0.343096 0.005896 0.016736
4 0.512972 0.306485 0.004717 0.014644
4 0.415684 0.410042 0.008255 0.020921
4 0.510613 0.281381 0.004717 0.014644
4 0.440448 0.294979 0.005896 0.012552
4 0.410377 0.521967 0.009434 0.031381
4 0.109670 0.435146 0.023585 0.025105
4 0.520047 0.380753 0.007075 0.029289
4 0.457547 0.216527 0.004717 0.006276
4 0.509434 0.258368 0.004717 0.014644
5 0.366745 0.717573 0.044811 0.071130
