0 0.463657 0.553255 0.087500 0.057552
0 0.488889 0.425911 0.013889 0.010156
0 0.431019 0.444792 0.025000 0.012500
0 0.918750 0.489063 0.032870 0.026562
0 0.455556 0.439323 0.016667 0.013021
0 0.416204 0.787500 0.085185 0.092188
0 0.571065 0.449479 0.026389 0.013021
0 0.122917 0.691536 0.063426 0.064323
0 0.462037 0.427604 0.016667 0.012500
0 0.464583 0.512500 0.059722 0.025521
0 0.476389 0.439323 0.024074 0.016146
0 0.534028 0.479687 0.016204 0.022396
0 0.448843 0.465755 0.024537 0.020573
0 0.427083 0.455469 0.030093 0.018750
0 0.475231 0.477344 0.043981 0.014583
0 0.392361 0.704036 0.067130 0.069010
0 0.878241 0.510547 0.019444 0.022135
0 0.569676 0.556250 0.027315 0.027604
0 0.110648 0.841797 0.221296 0.306510
0 0.467824 0.450911 0.020833 0.015365
0 0.486343 0.454818 0.030093 0.015365
0 0.360185 0.537630 0.080556 0.047135
0 0.612731 0.915885 0.099537 0.136979
0 0.473843 0.466536 0.036574 0.019010
0 0.781481 0.479687 0.050926 0.023438
0 0.378241 0.498568 0.051852 0.032031
0 0.342361 0.600130 0.035648 0.046094
0 0.580324 0.478255 0.079167 0.050781
0 0.399074 0.477734 0.051852 0.032552
0 0.287963 0.551172 0.028704 0.027344
0 0.963426 0.665495 0.072222 0.040365
0 0.519676 0.472917 0.037500 0.021354
0 0.817130 0.493750 0.020370 0.018229
0 0.019213 0.777083 0.030093 0.066146
0 0.475694 0.497656 0.057870 0.034375
0 0.537963 0.451172 0.039815 0.024740
0 0.535417 0.653906 0.141204 0.091667
0 0.514583 0.444531 0.035648 0.031250
0 0.630324 0.503776 0.075463 0.050781
0 0.637731 0.474740 0.085648 0.054167
0 0.146991 0.903255 0.293981 0.192969
0 0.934491 0.518750 0.018981 0.021354
1 0.876852 0.482161 0.012963 0.021615
1 0.827315 0.466797 0.013889 0.021615
1 0.927778 0.697526 0.025926 0.053385
1 0.826389 0.578646 0.030556 0.037500
1 0.908102 0.570573 0.008796 0.034375
1 0.818287 0.590625 0.020833 0.035417
1 0.696991 0.493620 0.012500 0.030990
1 0.882870 0.679036 0.037963 0.047656
1 0.684722 0.485026 0.011111 0.026302
1 0.832870 0.511719 0.018519 0.032292
1 0.820139 0.571224 0.018056 0.022656
1 0.794213 0.459115 0.012500 0.020833
1 0.909722 0.688151 0.025000 0.043490
1 0.752315 0.499870 0.016667 0.024219
1 0.771296 0.512760 0.020370 0.031250
1 0.707639 0.502344 0.013426 0.027083
1 0.843287 0.471615 0.014352 0.022396
1 0.815046 0.467318 0.012500 0.019531
3 0.313889 0.737370 0.627778 0.520573
3 0.763657 0.746745 0.467130 0.505990
3 0.498380 0.738021 0.996759 0.523438
4 0.544907 0.598568 0.012037 0.017969
4 0.216435 0.607292 0.120833 0.088542
4 0.519213 0.491146 0.006019 0.006250
4 0.528472 0.532422 0.007870 0.009115
4 0.728472 0.870182 0.131944 0.259115
4 0.525694 0.518750 0.006019 0.006771
4 0.089583 0.701823 0.143056 0.109375
4 0.416204 0.565755 0.008333 0.010677
4 0.845370 0.786068 0.034259 0.031510
4 0.424074 0.536458 0.008333 0.007812
4 0.398148 0.610417 0.013889 0.016146
4 0.386343 0.609245 0.013426 0.014323
4 0.409028 0.565495 0.010648 0.011198
4 0.346991 0.685026 0.023611 0.028906
4 0.147454 0.659115 0.257870 0.192188
4 0.532407 0.548958 0.008333 0.010417
4 0.537731 0.570312 0.009722 0.013542
4 0.640046 0.989974 0.028241 0.019531
4 0.580324 0.747786 0.032870 0.085677
4 0.522917 0.507812 0.006019 0.006771
4 0.278704 0.823177 0.022222 0.018750
4 0.300000 0.836719 0.028704 0.042708
5 0.544907 0.598568 0.012037 0.017969
5 0.518981 0.491016 0.006481 0.005990
5 0.528472 0.532292 0.007870 0.008854
5 0.729398 0.871745 0.130093 0.255990
5 0.525694 0.518620 0.006019 0.007031
5 0.089815 0.701823 0.142593 0.108854
5 0.416204 0.565755 0.008333 0.010677
5 0.845139 0.786068 0.034722 0.031510
5 0.423843 0.536458 0.007870 0.007812
5 0.398148 0.610417 0.013889 0.016146
5 0.216435 0.606901 0.120833 0.088281
5 0.386343 0.609245 0.013426 0.014323
5 0.409028 0.565495 0.010648 0.011198
5 0.346991 0.685026 0.023611 0.028906
5 0.147454 0.658854 0.257870 0.192188
5 0.532407 0.548958 0.008333 0.010417
5 0.537731 0.570312 0.009722 0.013542
5 0.682870 0.901953 0.050000 0.127344
5 0.640046 0.989974 0.028241 0.019531
5 0.580093 0.747656 0.032407 0.085417
5 0.522917 0.507812 0.006019 0.006771
5 0.278704 0.823177 0.022222 0.018750
5 0.300000 0.836849 0.028704 0.042448
