0 0.801562 0.096296 0.017708 0.033333
0 0.465885 0.650463 0.084896 0.132407
0 0.445312 0.778241 0.135417 0.217593
0 0.085938 0.159722 0.038542 0.058333
0 0.584896 0.081944 0.020833 0.030556
0 0.556510 0.058796 0.022396 0.025000
0 0.798958 0.056019 0.017708 0.025000
0 0.470313 0.050000 0.015625 0.014815
0 0.564323 0.201389 0.028646 0.041667
0 0.852344 0.845833 0.103646 0.145370
0 0.131250 0.495370 0.165625 0.990741
0 0.756510 0.131019 0.023438 0.028704
0 0.618750 0.762037 0.081250 0.138889
0 0.083594 0.309722 0.041146 0.056481
0 0.471354 0.238426 0.032292 0.045370
0 0.489583 0.058333 0.018750 0.020370
0 0.720052 0.046296 0.016146 0.018519
0 0.764062 0.686574 0.087500 0.130556
0 0.570052 0.264815 0.033854 0.053704
0 0.399740 0.040278 0.023438 0.043519
0 0.857552 0.349537 0.017188 0.052778
0 0.117969 0.400926 0.043229 0.064815
0 0.471354 0.208333 0.025000 0.020370
0 0.511458 0.128704 0.025000 0.038889
0 0.093750 0.208796 0.039583 0.069444
0 0.945312 0.381481 0.046875 0.070370
0 0.741406 0.087037 0.021354 0.022222
0 0.582552 0.303241 0.032813 0.043519
0 0.878125 0.264352 0.031250 0.037963
0 0.421354 0.418519 0.054167 0.085185
0 0.284375 0.773611 0.112500 0.160185
0 0.520573 0.066667 0.018229 0.025926
0 0.559635 0.172222 0.025521 0.044444
0 0.745052 0.050000 0.016146 0.014815
0 0.370052 0.275000 0.061979 0.135185
0 0.527083 0.087037 0.019792 0.025926
0 0.811719 0.231481 0.029687 0.046296
0 0.628125 0.279630 0.031250 0.042593
0 0.585938 0.055093 0.018750 0.023148
0 0.335938 0.252315 0.010417 0.045370
0 0.603385 0.166204 0.023438 0.028704
0 0.402604 0.377778 0.043750 0.066667
0 0.600521 0.188889 0.022917 0.031481
0 0.803906 0.149074 0.023438 0.035185
0 0.519271 0.214352 0.037500 0.052778
0 0.428125 0.956019 0.133333 0.075000
0 0.814844 0.770370 0.102604 0.151852
0 0.504167 0.431944 0.051042 0.073148
0 0.403385 0.300926 0.026562 0.044444
0 0.189583 0.983333 0.089583 0.018519
0 0.856510 0.111111 0.028646 0.035185
0 0.866927 0.252778 0.027604 0.038889
0 0.507812 0.048148 0.019792 0.024074
0 0.744792 0.111111 0.016667 0.029630
0 0.521875 0.272685 0.033333 0.071296
0 0.943229 0.274537 0.033333 0.047222
0 0.575260 0.045833 0.010937 0.023148
0 0.520833 0.251852 0.030208 0.037037
0 0.619531 0.628241 0.080729 0.121296
0 0.523958 0.050926 0.018750 0.020370
0 0.499219 0.488426 0.056771 0.075000
0 0.580469 0.386111 0.050521 0.072222
0 0.647656 0.799537 0.113021 0.182407
0 0.650521 0.377315 0.043750 0.056481
0 0.610677 0.066667 0.019271 0.025926
0 0.780469 0.116667 0.016146 0.033333
0 0.610938 0.209259 0.029167 0.051852
0 0.762500 0.054167 0.016667 0.023148
0 0.839323 0.148148 0.022396 0.029630
0 0.601302 0.043056 0.017188 0.026852
0 0.392708 0.900926 0.130208 0.179630
0 0.990104 0.272685 0.018750 0.041667
0 0.551042 0.040278 0.016667 0.028704
3 0.855990 0.315278 0.286979 0.482407
3 0.247396 0.557870 0.494792 0.863889
3 0.804167 0.553241 0.390625 0.869444
3 0.653385 0.555093 0.216146 0.873148
3 0.400000 0.082870 0.072917 0.050926
3 0.118750 0.391204 0.237500 0.587963
3 0.469531 0.534722 0.939063 0.908333
3 0.754687 0.553704 0.371875 0.870370
4 0.823177 0.313889 0.352604 0.396296
4 0.822917 0.430556 0.353125 0.622222
4 0.796875 0.527315 0.383333 0.926852
4 0.199479 0.322685 0.101042 0.386111
4 0.166406 0.592130 0.332813 0.680556
5 0.860677 0.313889 0.277604 0.396296
5 0.821875 0.429167 0.355208 0.625000
5 0.796875 0.523611 0.382292 0.934259
5 0.182292 0.929167 0.013542 0.017593
5 0.417969 0.259722 0.044271 0.025000
5 0.199219 0.322222 0.099479 0.385185
5 0.166406 0.592593 0.332813 0.679630
5 0.757812 0.976389 0.011458 0.019444
5 0.457813 0.171296 0.038542 0.201852
5 0.207031 0.876852 0.011979 0.014815
