0 0.886111 0.554688 0.044444 0.021875
0 0.411111 0.828906 0.205556 0.117188
0 0.580556 0.529687 0.022222 0.012500
0 0.623611 0.512500 0.019444 0.009375
0 0.591667 0.646875 0.133333 0.043750
0 0.879167 0.836719 0.169444 0.148438
0 0.179167 0.652344 0.069444 0.029687
0 0.025000 0.880469 0.050000 0.045312
0 0.240278 0.627344 0.086111 0.032813
0 0.900000 0.721875 0.144444 0.106250
0 0.938889 0.573438 0.016667 0.015625
0 0.377778 0.644531 0.138889 0.045312
0 0.088889 0.895312 0.155556 0.075000
0 0.412500 0.621094 0.147222 0.039062
0 0.870833 0.571094 0.019444 0.017188
0 0.125000 0.649219 0.050000 0.035937
0 0.819444 0.602344 0.172222 0.032813
0 0.300000 0.591406 0.200000 0.054688
0 0.927778 0.985156 0.138889 0.026562
0 0.550000 0.713281 0.105556 0.067187
0 0.759722 0.686719 0.130556 0.057813
0 0.833333 0.575781 0.016667 0.017188
0 0.547222 0.942969 0.077778 0.098437
0 0.823611 0.534375 0.030556 0.018750
0 0.115278 0.964063 0.230556 0.068750
1 0.606944 0.525000 0.008333 0.012500
1 0.008333 0.839844 0.016667 0.042188
1 0.015278 0.644531 0.030556 0.020313
1 0.034722 0.838281 0.036111 0.042188
1 0.541667 0.910156 0.066667 0.070312
1 0.168056 0.641406 0.030556 0.020313
1 0.084722 0.873437 0.063889 0.059375
3 0.498611 0.760938 0.997222 0.475000
4 0.625000 0.794531 0.016667 0.014063
4 0.231944 0.710156 0.025000 0.007812
4 0.094444 0.700781 0.022222 0.007812
4 0.404167 0.960156 0.063889 0.032813
4 0.034722 0.706250 0.052778 0.006250
4 0.418056 0.707812 0.041667 0.009375
4 0.450000 0.689844 0.022222 0.007812
4 0.595833 0.771875 0.036111 0.012500
4 0.702778 0.728906 0.027778 0.010937
4 0.479167 0.970313 0.052778 0.031250
4 0.036111 0.719531 0.033333 0.010937
4 0.131944 0.700000 0.052778 0.006250
4 0.441667 0.729688 0.011111 0.012500
4 0.743056 0.835938 0.041667 0.018750
4 0.418056 0.695312 0.019444 0.009375
4 0.044444 0.770312 0.038889 0.012500
4 0.280556 0.694531 0.027778 0.010937
4 0.144444 0.685937 0.022222 0.009375
4 0.313889 0.780469 0.050000 0.014063
4 0.805556 0.803125 0.027778 0.015625
4 0.068056 0.772656 0.047222 0.010937
4 0.161111 0.817187 0.161111 0.040625
4 0.336111 0.721875 0.044444 0.009375
4 0.416667 0.757812 0.033333 0.009375
4 0.227778 0.693750 0.050000 0.006250
4 0.247222 0.738281 0.055556 0.010937
4 0.687500 0.989062 0.036111 0.018750
4 0.727778 0.745313 0.044444 0.009375
4 0.630556 0.744531 0.011111 0.010937
4 0.651389 0.763281 0.041667 0.010937
4 0.173611 0.728125 0.036111 0.012500
4 0.969444 0.946875 0.055556 0.031250
4 0.488889 0.742188 0.033333 0.009375
4 0.812500 0.755469 0.013889 0.014063
4 0.672222 0.872656 0.038889 0.020313
4 0.109722 0.748437 0.036111 0.012500
4 0.562500 0.861719 0.036111 0.023438
4 0.554167 0.790625 0.069444 0.021875
4 0.654167 0.710938 0.041667 0.009375
4 0.600000 0.912500 0.027778 0.015625
4 0.152778 0.756250 0.050000 0.012500
4 0.654167 0.748437 0.030556 0.012500
5 0.231944 0.710156 0.025000 0.007812
5 0.094444 0.700781 0.022222 0.007812
5 0.404167 0.960156 0.063889 0.032813
5 0.034722 0.706250 0.052778 0.006250
5 0.450000 0.689844 0.022222 0.007812
5 0.254167 0.672656 0.041667 0.004687
5 0.595833 0.771875 0.036111 0.012500
5 0.702778 0.728906 0.027778 0.010937
5 0.479167 0.970313 0.052778 0.031250
5 0.036111 0.719531 0.033333 0.010937
5 0.131944 0.700781 0.052778 0.004687
5 0.441667 0.729688 0.011111 0.012500
5 0.743056 0.835938 0.041667 0.018750
5 0.356944 0.671094 0.019444 0.007812
5 0.418056 0.695312 0.019444 0.009375
5 0.625000 0.794531 0.016667 0.014063
5 0.044444 0.770312 0.038889 0.012500
5 0.144444 0.685937 0.022222 0.009375
5 0.313889 0.780469 0.050000 0.014063
5 0.805556 0.803125 0.027778 0.015625
5 0.247222 0.738281 0.055556 0.010937
5 0.068056 0.772656 0.047222 0.010937
5 0.227778 0.693750 0.050000 0.006250
5 0.161111 0.817187 0.161111 0.040625
5 0.337500 0.721875 0.041667 0.009375
5 0.416667 0.757031 0.033333 0.007812
5 0.687500 0.989062 0.036111 0.018750
5 0.727778 0.745313 0.044444 0.009375
5 0.173611 0.728906 0.036111 0.010937
5 0.629167 0.744531 0.013889 0.010937
5 0.650000 0.763281 0.038889 0.010937
5 0.409722 0.706250 0.025000 0.009375
5 0.019444 0.685937 0.033333 0.006250
5 0.969444 0.947656 0.055556 0.029687
5 0.488889 0.742188 0.033333 0.009375
5 0.812500 0.755469 0.013889 0.014063
5 0.672222 0.872656 0.038889 0.020313
5 0.109722 0.748437 0.036111 0.012500
5 0.418056 0.707812 0.041667 0.009375
5 0.554167 0.790625 0.069444 0.021875
5 0.105556 0.682031 0.038889 0.004687
5 0.654167 0.710938 0.041667 0.009375
5 0.600000 0.911719 0.027778 0.014063
5 0.152778 0.755469 0.050000 0.010937
5 0.654167 0.748437 0.030556 0.012500
5 0.562500 0.861719 0.036111 0.023438
5 0.325000 0.681250 0.027778 0.009375
