0 0.436111 0.824219 0.194444 0.110937
0 0.125000 0.650781 0.050000 0.032813
0 0.345833 0.423438 0.208333 0.028125
0 0.800000 0.790625 0.233333 0.143750
0 0.563889 0.631250 0.144444 0.043750
0 0.025000 0.880469 0.050000 0.045312
0 0.244444 0.588281 0.083333 0.020313
0 0.090278 0.893750 0.152778 0.075000
0 0.391667 0.620313 0.127778 0.034375
0 0.411111 0.644531 0.122222 0.045312
0 0.570833 0.519531 0.025000 0.014063
0 0.275000 0.610156 0.116667 0.029687
0 0.780556 0.926562 0.261111 0.143750
0 0.477778 0.571875 0.088889 0.025000
0 0.813889 0.584375 0.366667 0.059375
0 0.219444 0.623437 0.072222 0.034375
0 0.177778 0.650781 0.072222 0.029687
0 0.063889 0.988281 0.127778 0.020313
0 0.651389 0.659375 0.130556 0.050000
0 0.483333 0.687500 0.127778 0.062500
0 0.577778 0.525000 0.022222 0.012500
0 0.784722 0.710938 0.108333 0.062500
1 0.009722 0.841406 0.019444 0.045312
1 0.033333 0.837500 0.033333 0.043750
1 0.008333 0.833594 0.016667 0.032813
1 0.166667 0.640625 0.027778 0.021875
1 0.598611 0.512500 0.008333 0.009375
1 0.009722 0.853906 0.019444 0.026562
1 0.081944 0.877344 0.052778 0.070312
3 0.498611 0.754687 0.997222 0.487500
4 0.168056 0.917969 0.047222 0.035937
4 0.230556 0.708594 0.027778 0.007812
4 0.629167 0.742969 0.013889 0.010937
4 0.254167 0.671094 0.036111 0.004687
4 0.573611 0.723437 0.041667 0.009375
4 0.726389 0.743750 0.036111 0.009375
4 0.488889 0.967187 0.066667 0.031250
4 0.036111 0.717969 0.033333 0.010937
4 0.145833 0.685156 0.025000 0.007812
4 0.044444 0.769531 0.038889 0.010937
4 0.672222 0.871094 0.038889 0.020313
4 0.036111 0.705469 0.055556 0.004687
4 0.315278 0.778906 0.052778 0.014063
4 0.595833 0.769531 0.036111 0.014063
4 0.247222 0.736719 0.055556 0.010937
4 0.069444 0.771875 0.044444 0.012500
4 0.280556 0.693750 0.027778 0.009375
4 0.229167 0.692187 0.047222 0.006250
4 0.358333 0.679688 0.094444 0.009375
4 0.161111 0.815625 0.161111 0.040625
4 0.600000 0.706250 0.016667 0.009375
4 0.336111 0.720313 0.044444 0.009375
4 0.415278 0.756250 0.030556 0.009375
4 0.131944 0.700000 0.052778 0.006250
4 0.111111 0.746875 0.033333 0.012500
4 0.154167 0.755469 0.047222 0.010937
4 0.094444 0.700000 0.022222 0.006250
4 0.405556 0.958594 0.061111 0.032813
4 0.175000 0.727344 0.033333 0.010937
4 0.040278 0.968750 0.052778 0.050000
4 0.651389 0.708594 0.041667 0.007812
4 0.443056 0.727344 0.013889 0.010937
4 0.651389 0.760156 0.041667 0.010937
4 0.493056 0.739062 0.047222 0.009375
4 0.561111 0.785937 0.055556 0.018750
4 0.587500 0.914844 0.052778 0.026562
4 0.702778 0.725781 0.027778 0.010937
4 0.654167 0.746094 0.030556 0.010937
4 0.562500 0.858594 0.036111 0.023438
4 0.169444 0.928906 0.205556 0.098437
4 0.625000 0.791406 0.016667 0.014063
5 0.168056 0.917969 0.047222 0.035937
5 0.868056 0.657031 0.013889 0.007812
5 0.745833 0.643750 0.025000 0.006250
5 0.094444 0.700000 0.022222 0.006250
5 0.629167 0.742969 0.013889 0.010937
5 0.572222 0.723437 0.038889 0.009375
5 0.726389 0.743750 0.036111 0.009375
5 0.488889 0.967187 0.066667 0.031250
5 0.036111 0.717969 0.033333 0.010937
5 0.181944 0.671094 0.019444 0.010937
5 0.145833 0.685156 0.025000 0.007812
5 0.044444 0.769531 0.038889 0.010937
5 0.230556 0.708594 0.027778 0.007812
5 0.672222 0.871094 0.038889 0.020313
5 0.036111 0.705469 0.055556 0.004687
5 0.936111 0.731250 0.016667 0.009375
5 0.315278 0.778906 0.052778 0.014063
5 0.822222 0.631250 0.022222 0.006250
5 0.595833 0.769531 0.036111 0.014063
5 0.247222 0.736719 0.055556 0.010937
5 0.069444 0.771875 0.044444 0.012500
5 0.281944 0.693750 0.025000 0.009375
5 0.229167 0.692187 0.047222 0.006250
5 0.359722 0.679688 0.097222 0.009375
5 0.161111 0.816406 0.161111 0.039062
5 0.600000 0.706250 0.016667 0.009375
5 0.336111 0.720313 0.044444 0.009375
5 0.415278 0.756250 0.030556 0.009375
5 0.131944 0.700000 0.052778 0.006250
5 0.111111 0.746875 0.033333 0.012500
5 0.154167 0.755469 0.047222 0.010937
5 0.405556 0.958594 0.061111 0.032813
5 0.320833 0.685937 0.041667 0.006250
5 0.175000 0.727344 0.033333 0.010937
5 0.040278 0.967969 0.052778 0.048438
5 0.019444 0.685156 0.038889 0.004687
5 0.652778 0.708594 0.038889 0.007812
5 0.411111 0.703125 0.027778 0.012500
5 0.950000 0.703125 0.038889 0.006250
5 0.902778 0.992188 0.027778 0.012500
5 0.441667 0.727344 0.011111 0.010937
5 0.651389 0.760156 0.041667 0.010937
5 0.493056 0.739062 0.047222 0.009375
5 0.561111 0.785937 0.055556 0.018750
5 0.105556 0.680469 0.038889 0.004687
5 0.587500 0.915625 0.052778 0.025000
5 0.702778 0.725781 0.027778 0.010937
5 0.654167 0.746094 0.030556 0.010937
5 0.562500 0.858594 0.036111 0.023438
5 0.169444 0.906250 0.205556 0.143750
5 0.254167 0.671094 0.036111 0.004687
5 0.625000 0.791406 0.016667 0.014063
