0 0.744693 0.325314 0.055425 0.089958
0 0.325472 0.677824 0.035377 0.112971
0 0.355542 0.802301 0.050708 0.173640
0 0.457547 0.183054 0.014151 0.023013
0 0.358491 0.484310 0.018868 0.060669
0 0.978184 0.395397 0.041274 0.138075
0 0.478774 0.425732 0.016509 0.039749
0 0.474057 0.503138 0.018868 0.089958
0 0.058373 0.936192 0.116745 0.115063
0 0.450472 0.198745 0.011792 0.020921
0 0.184552 0.291841 0.041274 0.039749
0 0.459316 0.256276 0.005896 0.018828
0 0.506486 0.213389 0.005896 0.020921
0 0.561910 0.297071 0.081368 0.087866
0 0.571934 0.420502 0.099057 0.242678
0 0.474646 0.213389 0.005896 0.020921
0 0.594340 0.283473 0.035377 0.060669
1 0.700472 0.442469 0.018868 0.081590
1 0.692217 0.381799 0.016509 0.060669
1 0.628538 0.371339 0.016509 0.064854
1 0.927476 0.710251 0.038915 0.144351
1 0.228774 0.720711 0.035377 0.144351
1 0.690448 0.413180 0.017689 0.123431
1 0.647406 0.406904 0.021226 0.089958
1 0.673939 0.387029 0.015330 0.071130
3 0.834316 0.465481 0.329009 0.433054
3 0.452241 0.595188 0.687500 0.792887
3 0.109670 0.453975 0.219340 0.309623
4 0.431014 0.403766 0.005896 0.016736
4 0.420991 0.470711 0.007075 0.020921
4 0.041863 0.497908 0.029481 0.029289
4 0.388561 0.576360 0.012972 0.039749
4 0.275354 0.583682 0.326651 0.748954
4 0.408608 0.471757 0.008255 0.023013
4 0.405071 0.580544 0.010613 0.039749
4 0.420991 0.401674 0.007075 0.016736
5 0.431014 0.403766 0.005896 0.016736
5 0.420991 0.470711 0.007075 0.020921
5 0.503538 0.364017 0.004717 0.016736
5 0.511792 0.436192 0.007075 0.027197
5 0.041863 0.496862 0.029481 0.027197
5 0.431014 0.355649 0.005896 0.012552
5 0.438090 0.321130 0.005896 0.010460
5 0.388561 0.576360 0.012972 0.039749
5 0.275354 0.582636 0.326651 0.751046
5 0.408019 0.470711 0.007075 0.020921
5 0.443396 0.321130 0.004717 0.010460
5 0.099646 0.512552 0.020047 0.025105
5 0.498821 0.317992 0.004717 0.012552
5 0.438090 0.354603 0.005896 0.014644
5 0.442807 0.294979 0.005896 0.008368
5 0.405071 0.580544 0.010613 0.039749
5 0.458137 0.885983 0.017689 0.156904
5 0.507665 0.398536 0.005896 0.014644
5 0.496462 0.299163 0.004717 0.016736
5 0.500590 0.337866 0.005896 0.014644
5 0.420991 0.401674 0.007075 0.016736
