0 0.920991 0.542887 0.056604 0.069038
0 0.553066 0.646444 0.018868 0.066946
0 0.586085 0.689331 0.021226 0.077406
0 0.209316 0.702929 0.022406 0.050209
0 0.780071 0.589958 0.029481 0.050209
0 0.162736 0.535565 0.037736 0.046025
0 0.547759 0.414226 0.029481 0.037657
0 0.783608 0.717573 0.031840 0.079498
0 0.877358 0.525105 0.047170 0.062762
0 0.562500 0.498954 0.040094 0.081590
0 0.865566 0.838912 0.049528 0.129707
0 0.397406 0.656904 0.018868 0.046025
0 0.471698 0.350418 0.009434 0.023013
0 0.018278 0.725941 0.020047 0.062762
0 0.563679 0.588912 0.014151 0.052301
0 0.623231 0.519874 0.050708 0.085774
0 0.545401 0.382845 0.012972 0.020921
0 0.588443 0.488494 0.014151 0.043933
0 0.295401 0.416318 0.020047 0.025105
0 0.533019 0.578452 0.016509 0.052301
0 0.044811 0.794979 0.058962 0.058577
0 0.528302 0.452929 0.016509 0.043933
0 0.426887 0.415272 0.018868 0.039749
0 0.951651 0.695607 0.087264 0.215481
0 0.291863 0.700837 0.017689 0.058577
0 0.857901 0.507322 0.071934 0.060669
0 0.899175 0.578452 0.060142 0.089958
0 0.355542 0.673640 0.020047 0.046025
0 0.575472 0.862971 0.030660 0.106695
0 0.645637 0.699791 0.024764 0.094142
0 0.061910 0.906904 0.123821 0.173640
0 0.227005 0.746862 0.029481 0.096234
0 0.789505 0.873431 0.048349 0.123431
0 0.593750 0.396444 0.022406 0.031381
0 0.324882 0.608787 0.015330 0.033473
0 0.576651 0.435146 0.021226 0.046025
0 0.662146 0.969665 0.027123 0.052301
0 0.558962 0.379707 0.014151 0.018828
0 0.528892 0.407950 0.020047 0.054393
0 0.514741 0.700837 0.020047 0.062762
0 0.245283 0.646444 0.018868 0.046025
0 0.342571 0.645397 0.008255 0.048117
0 0.074882 0.705021 0.050708 0.075314
0 0.597877 0.585774 0.018868 0.046025
0 0.984670 0.608787 0.028302 0.100418
0 0.541274 0.351464 0.014151 0.020921
0 0.727005 0.634937 0.017689 0.060669
0 0.549528 0.468619 0.028302 0.075314
0 0.472877 0.301255 0.007075 0.008368
0 0.531840 0.785565 0.023585 0.094142
0 0.617925 0.451883 0.054245 0.096234
0 0.706368 0.917364 0.051887 0.152720
0 0.747052 0.685146 0.020047 0.073222
0 0.561910 0.404812 0.017689 0.035565
0 0.173939 0.855649 0.041274 0.121339
0 0.739387 0.560669 0.014151 0.054393
0 0.652712 0.593096 0.017689 0.048117
0 0.619104 0.776151 0.028302 0.092050
0 0.519458 0.350418 0.010613 0.023013
1 0.778892 0.566946 0.027123 0.054393
1 0.516509 0.668410 0.028302 0.094142
1 0.597877 0.563808 0.023585 0.064854
1 0.531250 0.541841 0.017689 0.029289
1 0.782429 0.693515 0.029481 0.085774
1 0.719929 0.553347 0.024764 0.043933
1 0.783608 0.669456 0.027123 0.037657
1 0.397995 0.624477 0.024764 0.069038
1 0.549528 0.956067 0.051887 0.083682
1 0.020047 0.699791 0.030660 0.077406
1 0.383844 0.483264 0.008255 0.041841
1 0.206958 0.666318 0.024764 0.064854
1 0.504127 0.447699 0.008255 0.033473
1 0.712854 0.511506 0.015330 0.031381
1 0.033608 0.776151 0.029481 0.071130
1 0.345519 0.603556 0.021226 0.052301
1 0.705189 0.854603 0.037736 0.127615
1 0.324292 0.578452 0.021226 0.056485
1 0.516509 0.653766 0.028302 0.064854
1 0.866745 0.791841 0.033019 0.089958
1 0.357901 0.638075 0.022406 0.066946
1 0.574292 0.789749 0.035377 0.064854
1 0.229363 0.721757 0.024764 0.083682
1 0.562500 0.560669 0.018868 0.058577
1 0.285377 0.606695 0.023585 0.046025
1 0.724057 0.604603 0.023585 0.071130
1 0.683962 0.556485 0.016509 0.054393
1 0.294811 0.666318 0.025943 0.064854
1 0.597877 0.553347 0.023585 0.043933
1 0.624410 0.619247 0.017689 0.041841
1 0.531840 0.555439 0.018868 0.056485
1 0.245873 0.616109 0.022406 0.060669
1 0.066627 0.694561 0.020047 0.087866
1 0.014151 0.589958 0.016509 0.054393
1 0.943986 0.978033 0.034198 0.039749
1 0.582547 0.645397 0.025943 0.077406
1 0.788915 0.817992 0.044811 0.129707
1 0.614976 0.720711 0.024764 0.089958
1 0.176887 0.806485 0.028302 0.081590
1 0.551887 0.600418 0.018868 0.033473
1 0.531250 0.721757 0.031840 0.054393
1 0.631486 0.576360 0.015330 0.048117
1 0.616745 0.587866 0.016509 0.033473
1 0.652123 0.571130 0.016509 0.054393
1 0.172170 0.831590 0.042453 0.102510
1 0.747052 0.642259 0.027123 0.075314
3 0.817807 0.737448 0.362028 0.504184
3 0.250000 0.632845 0.481132 0.717573
4 0.317217 0.485356 0.339623 0.405858
5 0.369693 0.571130 0.008255 0.012552
5 0.383844 0.540795 0.005896 0.010460
5 0.137972 0.785565 0.030660 0.039749
5 0.484080 0.525105 0.029481 0.129707
5 0.317807 0.485356 0.338443 0.405858
7 0.439269 0.633891 0.262972 0.058577
