0 0.483594 0.150000 0.051562 0.136111
1 0.680469 0.043750 0.017188 0.045833
3 0.424609 0.498611 0.625781 0.997222
3 0.563672 0.498611 0.347656 0.991667
4 0.410547 0.965278 0.011719 0.066667
4 0.535156 0.105556 0.004687 0.022222
4 0.350000 0.447222 0.012500 0.047222
4 0.446484 0.445833 0.008594 0.050000
4 0.375000 0.296528 0.009375 0.034722
4 0.673828 0.499306 0.158594 0.998611
4 0.394141 0.187500 0.008594 0.025000
4 0.263281 0.968750 0.017188 0.059722
4 0.457031 0.297222 0.006250 0.036111
4 0.533203 0.038889 0.003906 0.019444
4 0.542969 0.297222 0.006250 0.036111
4 0.407813 0.104861 0.006250 0.020833
4 0.548047 0.443750 0.007031 0.051389
4 0.475781 0.038194 0.004687 0.018056
4 0.555469 0.659722 0.009375 0.069444
4 0.564844 0.966667 0.009375 0.063889
4 0.418750 0.037500 0.004687 0.016667
4 0.431641 0.664583 0.010156 0.073611
4 0.329297 0.563889 0.046094 0.266667
4 0.538281 0.188194 0.004687 0.026389
5 0.329297 0.568056 0.046094 0.258333
5 0.410547 0.965278 0.011719 0.066667
5 0.535156 0.105556 0.004687 0.022222
5 0.350000 0.447222 0.012500 0.047222
5 0.446484 0.445139 0.008594 0.048611
5 0.375000 0.296528 0.009375 0.034722
5 0.673828 0.499306 0.158594 0.998611
5 0.394141 0.187500 0.008594 0.025000
5 0.263281 0.968750 0.017188 0.059722
5 0.220703 0.497222 0.300781 0.994444
5 0.457031 0.297222 0.006250 0.036111
5 0.533203 0.038889 0.003906 0.019444
5 0.542969 0.297222 0.006250 0.036111
5 0.407813 0.104861 0.006250 0.020833
5 0.548047 0.443750 0.007031 0.051389
5 0.475781 0.038194 0.004687 0.018056
5 0.555469 0.659722 0.009375 0.069444
5 0.418750 0.037500 0.004687 0.016667
5 0.431641 0.664583 0.010156 0.073611
5 0.564844 0.966667 0.009375 0.063889
5 0.538281 0.188194 0.004687 0.026389
