0 0.432639 0.461068 0.029167 0.020573
0 0.581481 0.438411 0.034259 0.016927
0 0.436111 0.607161 0.120370 0.088281
0 0.454861 0.438021 0.026389 0.011979
0 0.746528 0.749870 0.076389 0.070052
0 0.778241 0.474219 0.018519 0.020313
0 0.457407 0.484896 0.052778 0.026562
0 0.321065 0.522917 0.070833 0.042708
0 0.128009 0.686068 0.075463 0.073177
0 0.396065 0.472135 0.024537 0.022917
0 0.504861 0.483854 0.022685 0.023438
0 0.414120 0.441276 0.025463 0.011719
0 0.461343 0.504818 0.062500 0.039844
0 0.366435 0.484766 0.061574 0.038802
0 0.282407 0.605339 0.130556 0.079427
0 0.466435 0.451693 0.031019 0.017448
0 0.560880 0.426302 0.019907 0.013021
0 0.552315 0.443880 0.027778 0.012240
0 0.618750 0.467448 0.088426 0.046875
0 0.581019 0.424219 0.016667 0.008854
0 0.971065 0.658333 0.056944 0.035937
0 0.562037 0.473698 0.077778 0.051562
0 0.980093 0.518359 0.038889 0.029948
0 0.455324 0.464714 0.037500 0.017969
0 0.441435 0.537500 0.077315 0.047396
0 0.501389 0.468359 0.038889 0.022656
0 0.553935 0.774740 0.213426 0.168229
0 0.609259 0.496875 0.064815 0.050000
0 0.497222 0.441406 0.035185 0.030729
0 0.750694 0.465365 0.031944 0.021875
0 0.902778 0.479036 0.039815 0.026823
0 0.224074 0.944922 0.111111 0.109635
0 0.455556 0.422266 0.013889 0.007552
1 0.867130 0.475130 0.012963 0.027344
1 0.762037 0.448958 0.011111 0.022917
1 0.919676 0.685807 0.038426 0.065885
1 0.811111 0.461458 0.011111 0.019271
1 0.873148 0.505469 0.017593 0.033333
1 0.866667 0.548307 0.029630 0.038802
1 0.750694 0.512370 0.019907 0.035677
1 0.681481 0.484375 0.012037 0.028646
1 0.667824 0.477604 0.012500 0.026562
1 0.956944 0.704688 0.028704 0.046354
1 0.802546 0.582943 0.020833 0.034635
1 0.690509 0.492057 0.014352 0.033073
1 0.800231 0.461458 0.011574 0.020313
1 0.804630 0.562760 0.026852 0.021875
1 0.821528 0.460156 0.014352 0.020833
3 0.312269 0.739453 0.624537 0.515885
3 0.757176 0.744922 0.480093 0.505469
3 0.498148 0.705990 0.996296 0.587500
4 0.516667 0.543620 0.009259 0.011198
4 0.506019 0.502734 0.006481 0.006510
4 0.353241 0.683854 0.021296 0.028125
4 0.725926 0.869792 0.138889 0.259896
4 0.512500 0.526693 0.007407 0.008073
4 0.834259 0.775521 0.035185 0.030208
4 0.553241 0.682031 0.014815 0.017708
4 0.393981 0.560807 0.011111 0.010677
4 0.372222 0.605859 0.012037 0.013802
4 0.335417 0.682422 0.021759 0.027865
4 0.142824 0.651823 0.285648 0.228646
4 0.530787 0.593359 0.011574 0.017969
4 0.522454 0.564583 0.009722 0.013542
4 0.679167 0.898307 0.047222 0.113281
4 0.540972 0.632422 0.015278 0.023698
4 0.273380 0.818490 0.018056 0.015625
4 0.418287 0.511719 0.009722 0.007292
4 0.624537 0.930599 0.056481 0.138281
4 0.509491 0.513802 0.006944 0.007292
4 0.290046 0.839974 0.033796 0.054427
5 0.216204 0.591667 0.137963 0.106771
5 0.516667 0.543620 0.009259 0.011198
5 0.506019 0.502734 0.006481 0.006510
5 0.353241 0.683854 0.021296 0.028125
5 0.725694 0.869922 0.138426 0.259635
5 0.512500 0.526563 0.007407 0.008333
5 0.834028 0.775521 0.034722 0.030208
5 0.553241 0.682031 0.014815 0.017708
5 0.393981 0.560807 0.011111 0.010677
5 0.372222 0.605859 0.012037 0.013802
5 0.335417 0.682422 0.021759 0.027865
5 0.142824 0.651823 0.285648 0.228646
5 0.530787 0.593359 0.011574 0.017969
5 0.522454 0.564583 0.009722 0.013542
5 0.678935 0.898438 0.046759 0.113021
5 0.540972 0.632552 0.015278 0.023438
5 0.273148 0.818490 0.018519 0.015625
5 0.418519 0.511719 0.010185 0.007292
5 0.624306 0.930599 0.056019 0.138281
5 0.509491 0.513672 0.006944 0.007031
5 0.290046 0.838932 0.033796 0.052344
