0 0.828646 0.188889 0.028125 0.038889
0 0.504427 0.469907 0.077604 0.104630
0 0.556510 0.380556 0.035937 0.074074
0 0.099740 0.287500 0.032813 0.058333
0 0.571875 0.201852 0.025000 0.035185
0 0.551042 0.121759 0.021875 0.028704
0 0.836719 0.100463 0.027604 0.034259
0 0.714844 0.057870 0.010937 0.028704
0 0.666146 0.403704 0.044792 0.061111
0 0.388021 0.052778 0.015625 0.025926
0 0.762240 0.143056 0.024479 0.036111
0 0.422917 0.406481 0.046875 0.046296
0 0.483333 0.099537 0.022917 0.060185
0 0.473177 0.661111 0.082812 0.111111
0 0.005990 0.332870 0.011979 0.062037
0 0.471354 0.204630 0.025000 0.035185
0 0.132292 0.350926 0.046875 0.061111
0 0.495312 0.055093 0.021875 0.030556
0 0.353125 0.373148 0.042708 0.064815
0 0.566406 0.218519 0.025521 0.035185
0 0.701823 0.512037 0.071354 0.109259
0 0.331510 0.223611 0.041146 0.047222
0 0.009635 0.478241 0.019271 0.065741
0 0.504948 0.413889 0.048438 0.022222
0 0.845313 0.278704 0.031250 0.044444
0 0.603125 0.467593 0.059375 0.087037
0 0.275000 0.511574 0.155208 0.271296
0 0.517969 0.103241 0.021354 0.028704
0 0.390104 0.506019 0.079167 0.112037
0 0.107292 0.438426 0.018750 0.086111
0 0.504687 0.271759 0.048958 0.160185
0 0.422656 0.444907 0.048438 0.080556
0 0.737760 0.048148 0.017188 0.018519
0 0.718229 0.128704 0.017708 0.031481
0 0.682292 0.937500 0.129167 0.108333
0 0.558594 0.173611 0.032813 0.076852
0 0.655990 0.279630 0.027604 0.048148
0 0.586979 0.092593 0.021875 0.022222
0 0.338542 0.435185 0.048958 0.072222
0 0.589323 0.114352 0.023438 0.034259
0 0.741927 0.078241 0.020313 0.036111
0 0.618229 0.218519 0.032292 0.081481
0 0.516927 0.209259 0.028646 0.044444
0 0.747917 0.656019 0.080208 0.106481
0 0.610156 0.046759 0.017188 0.025000
0 0.398177 0.237037 0.048438 0.116667
0 0.553385 0.106944 0.022396 0.026852
0 0.028125 0.556481 0.056250 0.103704
0 0.744271 0.068981 0.019792 0.023148
0 0.073177 0.007870 0.136979 0.015741
0 0.779948 0.068056 0.017188 0.021296
0 0.573698 0.288426 0.031771 0.045370
0 0.610677 0.194907 0.025521 0.039815
0 0.760156 0.049074 0.017188 0.018519
0 0.848177 0.158333 0.020313 0.037037
0 0.703646 0.444907 0.048958 0.028704
0 0.580990 0.393056 0.049479 0.086111
0 0.552083 0.062037 0.017708 0.014815
0 0.554427 0.047222 0.017188 0.022222
0 0.518229 0.080093 0.019792 0.023148
0 0.490625 0.543981 0.065625 0.084259
0 0.088542 0.182870 0.052083 0.087963
0 0.585417 0.337037 0.048958 0.075926
0 0.603125 0.157870 0.026042 0.041667
0 0.618229 0.660648 0.090625 0.147222
0 0.794792 0.049074 0.014583 0.020370
0 0.551042 0.082407 0.022917 0.033333
0 0.651563 0.337963 0.035417 0.055556
0 0.580729 0.052778 0.017708 0.024074
0 0.371094 0.611574 0.075521 0.097222
0 0.631771 0.266667 0.038542 0.100000
0 0.616927 0.076852 0.024479 0.038889
0 0.854688 0.235648 0.028125 0.039815
0 0.481250 0.118519 0.018750 0.031481
0 0.767708 0.220833 0.025000 0.047222
0 0.673438 0.445370 0.044792 0.064815
0 0.388281 0.437963 0.055729 0.035185
0 0.527344 0.043056 0.017188 0.026852
3 0.856250 0.339352 0.286458 0.434259
3 0.807552 0.550000 0.383854 0.864815
3 0.301302 0.616667 0.291146 0.748148
3 0.119271 0.343519 0.238542 0.687037
3 0.215885 0.622685 0.431771 0.734259
3 0.494531 0.554167 0.989062 0.869444
3 0.647135 0.556944 0.583854 0.863889
3 0.745833 0.560185 0.386458 0.857407
3 0.453385 0.556019 0.197396 0.869444
4 0.822656 0.315741 0.353646 0.392593
4 0.822656 0.430093 0.353646 0.621296
4 0.803906 0.551389 0.391146 0.878704
4 0.193229 0.315741 0.112500 0.372222
4 0.298438 0.348148 0.067708 0.194444
4 0.101562 0.775463 0.203125 0.310185
5 0.932552 0.198611 0.133854 0.152778
5 0.798698 0.537500 0.379688 0.906481
5 0.821615 0.428241 0.355729 0.626852
5 0.452083 0.195833 0.030208 0.152778
5 0.202865 0.315741 0.091146 0.372222
5 0.298438 0.347685 0.067708 0.193519
5 0.101562 0.775463 0.203125 0.310185
5 0.855729 0.324074 0.287500 0.375926
5 0.351302 0.981944 0.011979 0.019444
