0 0.470833 0.770312 0.147222 0.093750
0 0.572222 0.511719 0.022222 0.017188
0 0.566667 0.551562 0.044444 0.021875
0 0.819444 0.792188 0.150000 0.103125
0 0.863889 0.414062 0.088889 0.021875
0 0.237500 0.596875 0.080556 0.028125
0 0.027778 0.876563 0.055556 0.046875
0 0.525000 0.680469 0.116667 0.064062
0 0.095833 0.890625 0.152778 0.075000
0 0.456944 0.617969 0.130556 0.035937
0 0.504167 0.414062 0.230556 0.034375
0 0.773611 0.593750 0.141667 0.028125
0 0.297222 0.633594 0.100000 0.039062
0 0.963889 0.562500 0.066667 0.018750
0 0.573611 0.515625 0.019444 0.009375
0 0.623611 0.610156 0.141667 0.032813
0 0.612500 0.632031 0.141667 0.045312
0 0.465278 0.571094 0.097222 0.026562
0 0.240278 0.582812 0.075000 0.015625
0 0.497222 0.913281 0.400000 0.170313
0 0.702778 0.674219 0.127778 0.054688
0 0.823611 0.526563 0.030556 0.018750
0 0.884722 0.544531 0.041667 0.020313
0 0.283333 0.609375 0.150000 0.034375
0 0.981944 0.557031 0.030556 0.026562
1 0.316667 0.557031 0.011111 0.020313
3 0.498611 0.751563 0.997222 0.493750
4 0.170833 0.914062 0.047222 0.037500
4 0.383333 0.828906 0.055556 0.017188
4 0.233333 0.703906 0.027778 0.010937
4 0.656944 0.739844 0.030556 0.010937
4 0.095833 0.695312 0.019444 0.006250
4 0.419444 0.689063 0.016667 0.009375
4 0.704167 0.720313 0.025000 0.009375
4 0.937500 0.724219 0.019444 0.010937
4 0.231944 0.687500 0.047222 0.006250
4 0.363889 0.850781 0.050000 0.017188
4 0.038889 0.714844 0.033333 0.010937
4 0.252778 0.667188 0.038889 0.006250
4 0.806944 0.878125 0.025000 0.025000
4 0.415278 0.673438 0.047222 0.006250
4 0.145833 0.679688 0.025000 0.009375
4 0.338889 0.714844 0.044444 0.010937
4 0.037500 0.700781 0.052778 0.004687
4 0.598611 0.763281 0.036111 0.014063
4 0.902778 0.742969 0.022222 0.010937
4 0.250000 0.732031 0.055556 0.010937
4 0.627778 0.785156 0.016667 0.014063
4 0.070833 0.767188 0.047222 0.012500
4 0.283333 0.687500 0.027778 0.009375
4 0.165278 0.811719 0.158333 0.042188
4 0.126389 0.695312 0.069444 0.006250
4 0.156944 0.750781 0.047222 0.010937
4 0.898611 0.987500 0.041667 0.021875
4 0.318056 0.773438 0.052778 0.012500
4 0.176389 0.722656 0.030556 0.010937
4 0.048611 0.764062 0.036111 0.012500
4 0.048611 0.963281 0.047222 0.045312
4 0.630556 0.736719 0.011111 0.010937
4 0.737500 0.828906 0.030556 0.017188
4 0.652778 0.753906 0.038889 0.010937
4 0.113889 0.742969 0.038889 0.010937
4 0.325000 0.673438 0.022222 0.009375
4 0.358333 0.827344 0.033333 0.020313
4 0.565278 0.779687 0.058333 0.018750
4 0.688889 0.984375 0.038889 0.028125
4 0.652778 0.702344 0.044444 0.007812
4 0.600000 0.700000 0.016667 0.009375
4 0.144444 0.936719 0.266667 0.123438
4 0.731944 0.736719 0.047222 0.010937
5 0.172222 0.914062 0.044444 0.037500
5 0.383333 0.828906 0.055556 0.017188
5 0.234722 0.703906 0.025000 0.010937
5 0.787500 0.632031 0.025000 0.004687
5 0.363889 0.850781 0.050000 0.017188
5 0.095833 0.695312 0.019444 0.006250
5 0.419444 0.689063 0.016667 0.009375
5 0.188889 0.670312 0.038889 0.006250
5 0.704167 0.720313 0.025000 0.009375
5 0.937500 0.724219 0.019444 0.010937
5 0.231944 0.687500 0.047222 0.006250
5 0.038889 0.714063 0.033333 0.009375
5 0.283333 0.687500 0.027778 0.009375
5 0.252778 0.666406 0.038889 0.004687
5 0.806944 0.878125 0.025000 0.025000
5 0.580556 0.717969 0.027778 0.010937
5 0.415278 0.673438 0.047222 0.006250
5 0.145833 0.679688 0.025000 0.009375
5 0.340278 0.714844 0.041667 0.010937
5 0.037500 0.700781 0.052778 0.004687
5 0.597222 0.763281 0.033333 0.014063
5 0.902778 0.742969 0.022222 0.010937
5 0.250000 0.732031 0.055556 0.010937
5 0.627778 0.785156 0.016667 0.014063
5 0.070833 0.766406 0.047222 0.010937
5 0.165278 0.811719 0.158333 0.042188
5 0.127778 0.695312 0.066667 0.006250
5 0.156944 0.750781 0.047222 0.010937
5 0.630556 0.736719 0.011111 0.010937
5 0.898611 0.987500 0.041667 0.021875
5 0.019444 0.680469 0.038889 0.004687
5 0.323611 0.679688 0.041667 0.006250
5 0.318056 0.773438 0.052778 0.012500
5 0.451389 0.682031 0.025000 0.007812
5 0.176389 0.722656 0.030556 0.010937
5 0.048611 0.764062 0.036111 0.012500
5 0.048611 0.963281 0.047222 0.045312
5 0.108333 0.675000 0.044444 0.006250
5 0.970833 0.935937 0.052778 0.028125
5 0.395833 0.650781 0.019444 0.007812
5 0.737500 0.828906 0.030556 0.017188
5 0.652778 0.753906 0.038889 0.010937
5 0.112500 0.742969 0.036111 0.010937
5 0.325000 0.673438 0.022222 0.009375
5 0.358333 0.827344 0.033333 0.020313
5 0.565278 0.779687 0.058333 0.018750
5 0.688889 0.984375 0.038889 0.028125
5 0.652778 0.702344 0.044444 0.007812
5 0.600000 0.700000 0.016667 0.009375
5 0.656944 0.739844 0.030556 0.010937
5 0.883333 0.707812 0.038889 0.006250
5 0.144444 0.936719 0.266667 0.123438
5 0.730556 0.736719 0.044444 0.010937
5 0.691667 0.856250 0.011111 0.006250
