0 0.255556 0.593359 0.109259 0.069010
0 0.582639 0.445443 0.034722 0.017969
0 0.407639 0.615885 0.118056 0.078125
0 0.611574 0.505859 0.070370 0.051823
0 0.949537 0.661589 0.100000 0.041927
0 0.796296 0.475130 0.019444 0.018490
0 0.434722 0.469141 0.032407 0.021094
0 0.406250 0.762109 0.208796 0.189844
0 0.555093 0.450391 0.028704 0.012760
0 0.519676 0.454948 0.042130 0.032813
0 0.981713 0.574609 0.015278 0.036198
0 0.568519 0.435026 0.026852 0.012240
0 0.520833 0.504427 0.025926 0.023438
0 0.092361 0.883594 0.184722 0.232292
0 0.414583 0.453125 0.034722 0.015104
0 0.456250 0.509896 0.064352 0.036458
0 0.467824 0.459375 0.033796 0.019271
0 0.583102 0.431250 0.018981 0.009896
0 0.452778 0.451823 0.028704 0.016146
0 0.562269 0.429688 0.022685 0.009375
0 0.439120 0.442969 0.015278 0.018750
0 0.341204 0.514974 0.079630 0.047135
0 0.500694 0.476953 0.043056 0.024219
0 0.756944 0.472396 0.018519 0.019792
0 0.566204 0.479167 0.079630 0.050000
0 0.461111 0.439583 0.026852 0.017708
0 0.454861 0.482422 0.045833 0.027865
0 0.466435 0.541016 0.083796 0.055990
0 0.497917 0.445312 0.036574 0.027083
0 0.384491 0.487630 0.048611 0.025260
0 0.623843 0.474479 0.085648 0.048438
0 0.458796 0.424479 0.015741 0.011458
1 0.814815 0.469531 0.012963 0.024479
1 0.805787 0.548177 0.032870 0.031250
1 0.979630 0.710286 0.039815 0.072135
1 0.669676 0.483203 0.011574 0.026823
1 0.659491 0.439583 0.006944 0.014583
1 0.945370 0.516146 0.008333 0.029687
1 0.768056 0.529427 0.019444 0.037500
1 0.687037 0.488281 0.013889 0.029167
1 0.803241 0.581641 0.025000 0.047135
1 0.884028 0.485807 0.014352 0.028385
1 0.825926 0.469010 0.012037 0.025000
1 0.745139 0.487370 0.012500 0.024740
1 0.694444 0.500000 0.012963 0.028125
1 0.778009 0.458073 0.011574 0.021354
3 0.318981 0.745052 0.601852 0.509375
3 0.498843 0.710677 0.997685 0.578125
4 0.519444 0.549349 0.008333 0.011198
4 0.514815 0.532682 0.008333 0.008594
4 0.724074 0.870052 0.137963 0.259375
4 0.525463 0.570312 0.010185 0.013542
4 0.287269 0.542839 0.036574 0.029427
4 0.410417 0.537500 0.008796 0.007812
4 0.836574 0.782943 0.034259 0.029948
4 0.281019 0.855208 0.039815 0.066667
4 0.259028 0.850651 0.046759 0.066927
4 0.405787 0.566797 0.009722 0.010677
4 0.336806 0.688281 0.022685 0.027604
4 0.101852 0.689583 0.203704 0.164583
4 0.533102 0.598828 0.012500 0.017969
4 0.543519 0.638411 0.014815 0.024740
4 0.420139 0.517578 0.009722 0.007552
4 0.600000 0.839714 0.102778 0.320052
4 0.511806 0.519661 0.006019 0.007031
4 0.396065 0.566927 0.011574 0.010937
5 0.519444 0.549349 0.008333 0.011198
5 0.515046 0.532682 0.007870 0.008594
5 0.724306 0.870313 0.137500 0.258854
5 0.525463 0.570312 0.010185 0.013542
5 0.287269 0.542839 0.036574 0.028906
5 0.410417 0.537500 0.008796 0.007812
5 0.836574 0.782943 0.034259 0.029948
5 0.281250 0.856250 0.039352 0.064583
5 0.258796 0.850651 0.046296 0.066927
5 0.405787 0.566797 0.009722 0.010677
5 0.336806 0.688411 0.022685 0.027344
5 0.101852 0.689583 0.203704 0.164062
5 0.533102 0.598828 0.012500 0.017969
5 0.543519 0.638411 0.014815 0.024740
5 0.420139 0.517578 0.009722 0.007552
5 0.599769 0.839714 0.102315 0.320052
5 0.511806 0.519661 0.006019 0.007031
5 0.396065 0.566927 0.011574 0.010937
