0 0.849479 0.157870 0.022917 0.037963
0 0.589844 0.334722 0.045312 0.041667
0 0.316927 0.438889 0.086979 0.211111
0 0.440365 0.815741 0.141146 0.298148
0 0.586979 0.097222 0.020833 0.029630
0 0.089063 0.226389 0.038542 0.050926
0 0.559115 0.146296 0.023438 0.042593
0 0.552344 0.124537 0.023438 0.063889
0 0.634115 0.285185 0.038021 0.055556
0 0.442969 0.051389 0.036979 0.019444
0 0.532813 0.046759 0.017708 0.017593
0 0.848177 0.900926 0.116146 0.179630
0 0.394531 0.052778 0.019271 0.025926
0 0.653646 0.197222 0.027083 0.038889
0 0.460938 0.288426 0.030208 0.045370
0 0.470313 0.177778 0.021875 0.024074
0 0.634635 0.132870 0.021354 0.032407
0 0.085938 0.471759 0.052083 0.065741
0 0.492448 0.051852 0.018229 0.025926
0 0.428125 0.423148 0.050000 0.074074
0 0.522396 0.286574 0.034375 0.052778
0 0.715625 0.531019 0.061458 0.099074
0 0.566927 0.221296 0.026562 0.044444
0 0.521354 0.075000 0.017708 0.020370
0 0.569792 0.261574 0.026042 0.047222
0 0.682552 0.428704 0.058854 0.087037
0 0.052083 0.536111 0.057292 0.081481
0 0.068229 0.138426 0.035417 0.026852
0 0.423698 0.481019 0.053646 0.073148
0 0.947135 0.333333 0.036979 0.048148
0 0.399740 0.346759 0.034896 0.050926
0 0.487240 0.176389 0.021354 0.032407
0 0.515104 0.258333 0.035417 0.048148
0 0.729948 0.052315 0.021354 0.021296
0 0.731510 0.083333 0.027604 0.025926
0 0.895312 0.179630 0.018750 0.033333
0 0.552865 0.065278 0.019271 0.039815
0 0.370833 0.247685 0.051042 0.125000
0 0.693229 0.976852 0.142708 0.037037
0 0.569792 0.050000 0.015625 0.022222
0 0.341927 0.252315 0.011979 0.039815
0 0.549740 0.075926 0.020313 0.029630
0 0.466667 0.239352 0.030208 0.047222
0 0.370833 0.362037 0.033333 0.068519
0 0.746354 0.075926 0.015625 0.031481
0 0.597396 0.048148 0.014583 0.018519
0 0.464583 0.218056 0.027083 0.025000
0 0.477344 0.141667 0.023438 0.040741
0 0.491927 0.441667 0.044271 0.066667
0 0.408073 0.258796 0.027604 0.052778
0 0.104948 0.379167 0.047396 0.076852
0 0.072917 0.913426 0.123958 0.158333
0 0.933073 0.982407 0.093229 0.022222
0 0.605469 0.330093 0.039062 0.058333
0 0.811198 0.176389 0.025521 0.037963
0 0.749479 0.616667 0.081250 0.118519
0 0.590625 0.397222 0.055208 0.088889
0 0.629687 0.708796 0.106250 0.415741
0 0.519271 0.176852 0.027083 0.040741
0 0.506250 0.047222 0.011458 0.016667
0 0.503906 0.461574 0.054688 0.082407
0 0.014063 0.008796 0.028125 0.017593
0 0.580208 0.276389 0.038542 0.060185
0 0.595052 0.466204 0.056771 0.212037
0 0.642448 0.316667 0.035937 0.055556
0 0.583333 0.062963 0.019792 0.029630
0 0.672396 0.241204 0.039583 0.063889
0 0.870052 0.191667 0.024479 0.033333
0 0.470573 0.198611 0.024479 0.039815
0 0.523698 0.047222 0.019271 0.016667
0 0.988542 0.375463 0.021875 0.071296
0 0.673438 0.500926 0.048958 0.083333
3 0.856250 0.326389 0.286458 0.462037
3 0.795052 0.520370 0.408854 0.920370
3 0.663021 0.554630 0.244792 0.872222
3 0.118750 0.347685 0.237500 0.675000
3 0.227604 0.631019 0.455208 0.713889
3 0.497396 0.528241 0.994792 0.925000
3 0.454167 0.556481 0.194792 0.870370
4 0.798958 0.527315 0.401042 0.926852
5 0.793229 0.527315 0.389583 0.926852
5 0.814323 0.402778 0.370312 0.679630
5 0.365885 0.925463 0.010937 0.017593
5 0.182031 0.930093 0.013021 0.017593
5 0.228125 0.831019 0.010417 0.013889
5 0.743750 0.918056 0.010417 0.017593
5 0.140104 0.715278 0.280208 0.428704
5 0.155469 0.986574 0.010937 0.012037
5 0.200260 0.321296 0.096354 0.375926
5 0.207031 0.878241 0.011979 0.015741
5 0.552865 0.982407 0.009896 0.018519
5 0.351562 0.983333 0.011458 0.018519
