0 0.377734 0.086111 0.019531 0.061111
0 0.452344 0.058333 0.050000 0.105556
1 0.751172 0.079861 0.014844 0.062500
1 0.983203 0.985417 0.032031 0.026389
1 0.785156 0.243750 0.020313 0.045833
1 0.695312 0.093056 0.015625 0.050000
3 0.290625 0.499306 0.350000 0.990278
3 0.425000 0.498611 0.625000 0.997222
4 0.315625 0.666667 0.017188 0.069444
4 0.538281 0.049306 0.004687 0.018056
4 0.410156 0.968750 0.012500 0.059722
4 0.412891 0.113194 0.007031 0.020833
4 0.542969 0.197222 0.004687 0.027778
4 0.352734 0.452778 0.011719 0.047222
4 0.425000 0.046528 0.007812 0.015278
4 0.449609 0.452778 0.008594 0.050000
4 0.675000 0.497917 0.153125 0.995833
4 0.404687 0.156250 0.020313 0.101389
4 0.557031 0.668750 0.009375 0.070833
4 0.262891 0.970139 0.016406 0.056944
4 0.480469 0.047222 0.006250 0.019444
4 0.379297 0.303472 0.010156 0.034722
4 0.469531 0.196528 0.006250 0.026389
4 0.546094 0.306944 0.006250 0.036111
4 0.476172 0.113194 0.005469 0.020833
4 0.550391 0.452778 0.007031 0.050000
4 0.461328 0.304167 0.007031 0.036111
4 0.432812 0.670833 0.010937 0.075000
4 0.540234 0.115278 0.003906 0.022222
4 0.564844 0.971528 0.009375 0.054167
5 0.315625 0.666667 0.017188 0.069444
5 0.538281 0.049306 0.004687 0.018056
5 0.410156 0.968750 0.012500 0.059722
5 0.412891 0.113194 0.007031 0.020833
5 0.542969 0.197222 0.004687 0.027778
5 0.352734 0.452778 0.011719 0.047222
5 0.425000 0.046528 0.007812 0.015278
5 0.449609 0.452778 0.008594 0.050000
5 0.674609 0.497222 0.152344 0.994444
5 0.398438 0.194444 0.007812 0.025000
5 0.557031 0.668750 0.009375 0.070833
5 0.262891 0.970139 0.016406 0.056944
5 0.480469 0.047222 0.006250 0.019444
5 0.379297 0.303472 0.010156 0.034722
5 0.469531 0.196528 0.006250 0.026389
5 0.546094 0.306944 0.006250 0.036111
5 0.476172 0.113194 0.005469 0.020833
5 0.550391 0.452778 0.007031 0.050000
5 0.461328 0.304167 0.007031 0.036111
5 0.432812 0.670833 0.010937 0.075000
5 0.540234 0.115972 0.003906 0.020833
5 0.564844 0.971528 0.009375 0.054167
