0 0.495283 0.278243 0.007075 0.016736
0 0.458726 0.546025 0.021226 0.079498
0 0.599057 0.451883 0.096698 0.242678
0 0.514741 0.257322 0.008255 0.025105
0 0.773585 0.368201 0.063679 0.100418
0 0.519458 0.230126 0.005896 0.016736
0 0.468750 0.260460 0.017689 0.027197
0 0.097877 0.418410 0.021226 0.041841
0 0.238797 0.287657 0.017689 0.023013
0 0.487028 0.375523 0.014151 0.043933
0 0.027123 0.555439 0.054245 0.085774
0 0.505896 0.233264 0.007075 0.018828
0 0.220519 0.299163 0.037736 0.037657
0 0.582547 0.314854 0.063679 0.056485
0 0.482901 0.226987 0.015330 0.039749
0 0.043042 0.392259 0.086085 0.119247
0 0.535967 0.283473 0.008255 0.023013
0 0.495283 0.215481 0.011792 0.020921
0 0.494693 0.270921 0.008255 0.031381
0 0.623821 0.351464 0.033019 0.066946
0 0.624410 0.301255 0.029481 0.025105
1 0.666863 0.414226 0.012972 0.066946
1 0.721108 0.422594 0.017689 0.058577
1 0.086085 0.952929 0.049528 0.081590
1 0.103774 0.913180 0.051887 0.161088
1 0.681604 0.424686 0.014151 0.075314
1 0.816627 0.385983 0.008255 0.052301
1 0.727594 0.486402 0.018868 0.085774
1 0.698703 0.542887 0.022406 0.106695
1 0.703420 0.429916 0.015330 0.069038
3 0.454009 0.608787 0.665094 0.765690
3 0.139151 0.453975 0.231132 0.292887
4 0.427476 0.601464 0.010613 0.035565
4 0.392689 0.798117 0.018868 0.073222
4 0.531840 0.393305 0.004717 0.016736
4 0.459906 0.378661 0.007075 0.012552
4 0.433373 0.491632 0.008255 0.025105
4 0.528302 0.341004 0.004717 0.025105
4 0.076061 0.486402 0.029481 0.027197
4 0.449292 0.424686 0.007075 0.016736
4 0.458137 0.424686 0.005896 0.016736
4 0.411557 0.595188 0.014151 0.039749
4 0.290684 0.601464 0.333726 0.700837
4 0.133255 0.505230 0.023585 0.027197
4 0.537736 0.465481 0.007075 0.027197
4 0.472288 0.912134 0.020047 0.158996
4 0.534788 0.427824 0.005896 0.014644
4 0.368514 0.796025 0.020047 0.069038
4 0.530071 0.367155 0.005896 0.014644
5 0.426887 0.601464 0.009434 0.035565
5 0.392689 0.798117 0.018868 0.073222
5 0.531840 0.392259 0.004717 0.014644
5 0.459906 0.378661 0.007075 0.012552
5 0.433373 0.491632 0.008255 0.025105
5 0.528302 0.341004 0.004717 0.025105
5 0.076061 0.486402 0.029481 0.027197
5 0.449292 0.424686 0.007075 0.016736
5 0.458137 0.425732 0.005896 0.014644
5 0.410967 0.594142 0.012972 0.037657
5 0.538325 0.471757 0.005896 0.014644
5 0.472288 0.319038 0.005896 0.010460
5 0.291274 0.600418 0.334906 0.702929
5 0.468160 0.345188 0.007075 0.008368
5 0.419811 0.327406 0.007075 0.014644
5 0.133255 0.505230 0.023585 0.027197
5 0.537736 0.465481 0.007075 0.027197
5 0.472288 0.912134 0.020047 0.158996
5 0.534788 0.427824 0.005896 0.014644
5 0.368514 0.796025 0.020047 0.069038
5 0.530071 0.367155 0.005896 0.014644
