0 0.148585 0.961297 0.021226 0.069038
0 0.659198 0.733264 0.025943 0.089958
0 0.688679 0.619247 0.021226 0.066946
0 0.544222 0.427824 0.027123 0.035565
0 0.560142 0.390167 0.016509 0.035565
0 0.829009 0.538703 0.018868 0.035565
0 0.551887 0.486402 0.035377 0.081590
0 0.961675 0.786611 0.074292 0.263598
0 0.498821 0.511506 0.011792 0.039749
0 0.653892 0.479079 0.020047 0.058577
0 0.079599 0.715481 0.029481 0.066946
0 0.474646 0.345188 0.010613 0.020921
0 0.564269 0.554393 0.050708 0.104603
0 0.616745 0.476987 0.058962 0.112971
0 0.545401 0.397490 0.010613 0.025105
0 0.866156 0.515690 0.081368 0.060669
0 0.527712 0.425732 0.020047 0.039749
0 0.439858 0.408996 0.016509 0.031381
0 0.955778 0.672594 0.086085 0.135983
0 0.613797 0.699791 0.020047 0.085774
0 0.337854 0.601464 0.076651 0.119247
0 0.579009 0.917364 0.044811 0.140167
0 0.560731 0.410042 0.017689 0.029289
0 0.293632 0.426778 0.018868 0.025105
0 0.209906 0.713389 0.134434 0.200837
0 0.751769 0.944561 0.060142 0.102510
0 0.780660 0.602510 0.037736 0.058577
0 0.741156 0.585774 0.027123 0.054393
0 0.237028 0.607741 0.014151 0.014644
0 0.594929 0.408996 0.022406 0.031381
0 0.161557 0.532427 0.023585 0.031381
0 0.324292 0.604603 0.014151 0.033473
0 0.574292 0.444561 0.021226 0.048117
0 0.557783 0.375523 0.011792 0.023013
0 0.683962 0.508368 0.011792 0.041841
0 0.668042 0.969665 0.057783 0.056485
0 0.632665 0.551255 0.057783 0.094142
0 0.526533 0.399582 0.024764 0.025105
0 0.540094 0.719665 0.028302 0.087866
0 0.341392 0.527197 0.012972 0.033473
0 0.036557 0.738494 0.042453 0.066946
0 0.101415 0.868201 0.042453 0.125523
0 0.054245 0.566946 0.021226 0.029289
0 0.945165 0.556485 0.069575 0.075314
0 0.795401 0.793933 0.029481 0.102510
0 0.694575 0.803347 0.028302 0.112971
0 0.581958 0.746862 0.022406 0.075314
0 0.686321 0.692469 0.023585 0.075314
0 0.884434 0.566946 0.063679 0.075314
0 0.527123 0.461297 0.016509 0.043933
0 0.189269 0.896444 0.043632 0.135983
0 0.517099 0.371339 0.010613 0.023013
0 0.870283 0.616109 0.056604 0.043933
0 0.767689 0.700837 0.025943 0.087866
0 0.379127 0.537657 0.010613 0.025105
0 0.541274 0.365063 0.016509 0.023013
1 0.951061 0.564854 0.017689 0.046025
1 0.951651 0.970711 0.033019 0.054393
1 0.777123 0.571130 0.018868 0.046025
1 0.324292 0.582636 0.016509 0.048117
1 0.372052 0.500000 0.015330 0.046025
1 0.062500 0.705021 0.018868 0.087866
1 0.106132 0.831590 0.037736 0.089958
1 0.537736 0.664226 0.023585 0.039749
1 0.791863 0.747908 0.036557 0.106695
1 0.751769 0.900628 0.048349 0.127615
1 0.342571 0.507322 0.015330 0.035565
1 0.580189 0.836820 0.033019 0.066946
1 0.689269 0.769874 0.029481 0.087866
1 0.095519 0.844142 0.042453 0.094142
1 0.319575 0.548117 0.016509 0.033473
1 0.377358 0.513598 0.014151 0.035565
1 0.317217 0.523013 0.014151 0.025105
1 0.537736 0.676778 0.025943 0.064854
1 0.739976 0.557531 0.022406 0.064854
1 0.309552 0.611925 0.020047 0.064854
1 0.802476 0.980126 0.020047 0.035565
1 0.498231 0.480126 0.012972 0.031381
1 0.684552 0.642259 0.022406 0.037657
1 0.922170 0.959205 0.033019 0.069038
1 0.238797 0.587866 0.017689 0.046025
1 0.032429 0.712343 0.024764 0.077406
1 0.658019 0.696653 0.025943 0.083682
1 0.689269 0.569038 0.020047 0.054393
1 0.422759 0.438285 0.008255 0.027197
1 0.666863 0.932008 0.057783 0.127615
1 0.582547 0.698745 0.028302 0.092050
1 0.613797 0.669456 0.029481 0.096234
1 0.691627 0.540795 0.015330 0.035565
1 0.127948 0.946653 0.038915 0.098326
1 0.714623 0.579498 0.014151 0.071130
1 0.704599 0.493724 0.015330 0.033473
1 0.869693 0.592050 0.034198 0.058577
1 0.179245 0.860879 0.033019 0.106695
1 0.768278 0.669456 0.029481 0.079498
3 0.798349 0.752092 0.400943 0.474895
3 0.241156 0.642259 0.482311 0.698745
4 0.242335 0.647490 0.475236 0.658996
5 0.523585 0.550209 0.004717 0.020921
5 0.670401 0.575314 0.015330 0.029289
5 0.097877 0.847280 0.094340 0.129707
5 0.367925 0.581590 0.007075 0.012552
5 0.522406 0.523013 0.004717 0.025105
5 0.475236 0.552301 0.018868 0.096234
5 0.371462 0.488494 0.193396 0.257322
5 0.349646 0.620293 0.008255 0.014644
5 0.005307 0.975941 0.010613 0.018828
5 0.502948 0.600418 0.074292 0.008368
5 0.722288 0.663180 0.017689 0.025105
5 0.526533 0.582636 0.005896 0.023013
5 0.521226 0.519874 0.004717 0.023013
7 0.502948 0.643305 0.420991 0.069038
