0 0.521759 0.536198 0.020370 0.023438
0 0.585185 0.443620 0.017593 0.010156
0 0.515046 0.468229 0.049537 0.035937
0 0.949306 0.671354 0.100463 0.042708
0 0.851157 0.506641 0.018981 0.019010
0 0.428472 0.483073 0.036574 0.020313
0 0.437731 0.443620 0.019907 0.012760
0 0.452778 0.438411 0.015741 0.008594
0 0.453241 0.510156 0.053704 0.038021
0 0.495370 0.492188 0.042593 0.026562
0 0.934722 0.670964 0.072222 0.044010
0 0.019213 0.520052 0.038426 0.028646
0 0.987037 0.595443 0.025000 0.038281
0 0.462731 0.617708 0.127315 0.091146
0 0.065046 0.864583 0.130093 0.220312
0 0.409028 0.466667 0.025463 0.015625
0 0.456713 0.469401 0.038426 0.017969
0 0.401389 0.466146 0.028704 0.012500
0 0.283333 0.582031 0.127778 0.077604
0 0.356713 0.494661 0.019907 0.016927
0 0.399074 0.506510 0.018519 0.018750
0 0.551620 0.458854 0.025463 0.013021
0 0.764352 0.477214 0.017593 0.016406
0 0.567593 0.491667 0.077778 0.052604
0 0.357407 0.518750 0.067593 0.032292
0 0.580324 0.455078 0.028241 0.019010
0 0.460648 0.450911 0.033333 0.019010
0 0.561806 0.440755 0.026389 0.010156
0 0.415509 0.457422 0.030093 0.012760
0 0.445833 0.554688 0.085185 0.052083
0 0.567824 0.447917 0.023611 0.017708
0 0.545602 0.558854 0.029167 0.031771
0 0.496296 0.453776 0.037963 0.024219
0 0.612037 0.524479 0.072222 0.057813
0 0.623611 0.483203 0.084259 0.049740
0 0.320602 0.863542 0.250463 0.233333
0 0.794907 0.482422 0.018519 0.019531
1 0.845370 0.484245 0.015741 0.021094
1 0.804861 0.471875 0.014352 0.019792
1 0.692361 0.509635 0.014352 0.027604
1 0.746065 0.490495 0.015278 0.019531
1 0.756713 0.503385 0.014352 0.025000
1 0.968519 0.529687 0.020370 0.027083
1 0.736574 0.506641 0.016667 0.019531
1 0.800694 0.591536 0.027315 0.046094
1 0.995833 0.510677 0.007407 0.021354
1 0.781944 0.553646 0.025926 0.035937
1 0.811343 0.551693 0.020833 0.040365
1 0.833102 0.484115 0.013426 0.022396
1 0.888889 0.500781 0.017593 0.027083
3 0.311111 0.754818 0.612037 0.489844
3 0.500231 0.714063 0.993981 0.571354
4 0.352315 0.699870 0.021296 0.027865
4 0.513426 0.542188 0.007407 0.008854
4 0.517824 0.558724 0.008796 0.011719
4 0.372454 0.620964 0.014352 0.015365
4 0.720370 0.876953 0.128704 0.245573
4 0.524074 0.579818 0.010185 0.014844
4 0.836574 0.794010 0.034259 0.030729
4 0.122685 0.677865 0.204630 0.153646
4 0.394444 0.576042 0.011111 0.010937
4 0.383796 0.622005 0.012037 0.015885
4 0.506713 0.517969 0.006944 0.008333
4 0.541898 0.648568 0.015278 0.024219
4 0.596759 0.844922 0.099074 0.309635
4 0.531019 0.608594 0.012963 0.017708
4 0.334259 0.698438 0.022222 0.028125
5 0.352315 0.699740 0.021296 0.027604
5 0.513426 0.542188 0.007407 0.008854
5 0.517593 0.558724 0.008333 0.011719
5 0.372454 0.620964 0.014352 0.015365
5 0.720370 0.877083 0.127778 0.245312
5 0.523843 0.579818 0.009722 0.014844
5 0.122454 0.677995 0.204167 0.152865
5 0.394444 0.576042 0.011111 0.010937
5 0.383796 0.622005 0.012037 0.015885
5 0.506713 0.517969 0.006944 0.008333
5 0.836574 0.794010 0.034259 0.030729
5 0.531250 0.608594 0.012500 0.017708
5 0.541667 0.648568 0.014815 0.024219
5 0.420139 0.526302 0.008796 0.007812
5 0.596759 0.844922 0.099074 0.309635
5 0.334259 0.698438 0.022222 0.028125
