0 0.563889 0.553125 0.050000 0.021875
0 0.026389 0.875781 0.052778 0.045312
0 0.758333 0.720313 0.127778 0.071875
0 0.295833 0.598437 0.091667 0.031250
0 0.933333 0.589844 0.127778 0.032813
0 0.565278 0.625781 0.125000 0.039062
0 0.936111 0.561719 0.016667 0.017188
0 0.501389 0.768750 0.147222 0.096875
0 0.575000 0.535937 0.033333 0.018750
0 0.227778 0.586719 0.066667 0.023438
0 0.340278 0.628125 0.152778 0.037500
0 0.569444 0.507031 0.022222 0.014063
0 0.443056 0.570312 0.091667 0.021875
0 0.868056 0.559375 0.019444 0.015625
0 0.804167 0.589844 0.052778 0.017188
0 0.872222 0.642188 0.144444 0.050000
0 0.216667 0.610156 0.061111 0.029687
0 0.118056 0.667969 0.202778 0.051562
0 0.883333 0.542188 0.038889 0.021875
0 0.683333 0.650781 0.127778 0.051562
0 0.705556 0.960938 0.233333 0.075000
0 0.094444 0.887500 0.150000 0.075000
0 0.831944 0.562500 0.019444 0.015625
0 0.368056 0.607812 0.147222 0.031250
0 0.173611 0.932813 0.347222 0.131250
1 0.348611 0.553125 0.008333 0.018750
3 0.498611 0.750000 0.997222 0.496875
4 0.626389 0.782813 0.013889 0.012500
4 0.230556 0.685937 0.044444 0.006250
4 0.130556 0.693750 0.061111 0.006250
4 0.545833 0.671094 0.019444 0.007812
4 0.516667 0.654687 0.016667 0.006250
4 0.744444 0.824219 0.044444 0.020313
4 0.856944 0.764062 0.025000 0.012500
4 0.416667 0.747656 0.033333 0.007812
4 0.491667 0.957812 0.066667 0.031250
4 0.155556 0.748437 0.050000 0.012500
4 0.387500 0.826562 0.063889 0.018750
4 0.248611 0.729688 0.052778 0.012500
4 0.576389 0.714844 0.036111 0.010937
4 0.490278 0.665625 0.030556 0.009375
4 0.045833 0.762500 0.036111 0.012500
4 0.281944 0.685937 0.025000 0.009375
4 0.443056 0.720313 0.008333 0.009375
4 0.038889 0.712500 0.033333 0.009375
4 0.358333 0.825000 0.033333 0.018750
4 0.165278 0.810156 0.158333 0.042188
4 0.416667 0.687500 0.016667 0.009375
4 0.598611 0.696875 0.013889 0.009375
4 0.420833 0.698438 0.036111 0.009375
4 0.251389 0.664844 0.041667 0.004687
4 0.951389 0.693750 0.036111 0.006250
4 0.569444 0.656250 0.033333 0.006250
4 0.805556 0.875000 0.027778 0.025000
4 0.500000 0.686719 0.044444 0.007812
4 0.112500 0.741406 0.036111 0.010937
4 0.231944 0.701562 0.025000 0.009375
4 0.630556 0.733594 0.011111 0.010937
4 0.651389 0.752344 0.041667 0.010937
4 0.408333 0.949219 0.061111 0.032813
4 0.838889 0.796875 0.011111 0.015625
4 0.448611 0.681250 0.025000 0.009375
4 0.173611 0.720313 0.036111 0.012500
4 0.070833 0.765625 0.047222 0.012500
4 0.652778 0.700000 0.044444 0.009375
4 0.475000 0.651563 0.022222 0.006250
4 0.936111 0.721875 0.016667 0.009375
4 0.895833 0.985938 0.041667 0.025000
4 0.675000 0.860938 0.038889 0.018750
4 0.316667 0.771094 0.050000 0.014063
4 0.412500 0.671875 0.041667 0.006250
4 0.565278 0.850781 0.036111 0.023438
4 0.597222 0.762500 0.033333 0.015625
4 0.590278 0.906250 0.052778 0.025000
4 0.577778 0.667969 0.044444 0.020313
4 0.654167 0.738281 0.025000 0.010937
4 0.881944 0.705469 0.036111 0.007812
4 0.338889 0.713281 0.044444 0.010937
4 0.363889 0.849219 0.050000 0.017188
4 0.901389 0.740625 0.025000 0.012500
4 0.806944 0.792188 0.030556 0.015625
5 0.386111 0.826562 0.061111 0.018750
5 0.626389 0.782813 0.013889 0.012500
5 0.598611 0.696875 0.013889 0.009375
5 0.131944 0.693750 0.052778 0.006250
5 0.545833 0.671094 0.019444 0.007812
5 0.516667 0.654687 0.016667 0.006250
5 0.743056 0.824219 0.041667 0.020313
5 0.966667 0.703125 0.022222 0.009375
5 0.501389 0.686719 0.041667 0.007812
5 0.856944 0.764062 0.025000 0.012500
5 0.416667 0.747656 0.033333 0.007812
5 0.230556 0.685937 0.044444 0.006250
5 0.491667 0.957812 0.066667 0.031250
5 0.045833 0.762500 0.036111 0.012500
5 0.155556 0.748437 0.050000 0.012500
5 0.248611 0.729688 0.052778 0.012500
5 0.576389 0.714844 0.036111 0.010937
5 0.490278 0.665625 0.030556 0.009375
5 0.337500 0.714063 0.041667 0.009375
5 0.281944 0.685937 0.025000 0.009375
5 0.443056 0.720313 0.008333 0.009375
5 0.038889 0.712500 0.033333 0.009375
5 0.358333 0.825000 0.033333 0.018750
5 0.563889 0.850000 0.033333 0.021875
5 0.165278 0.810156 0.158333 0.042188
5 0.416667 0.687500 0.016667 0.009375
5 0.420833 0.698438 0.036111 0.009375
5 0.251389 0.664844 0.041667 0.004687
5 0.569444 0.656250 0.033333 0.006250
5 0.805556 0.875000 0.027778 0.025000
5 0.112500 0.741406 0.036111 0.010937
5 0.231944 0.701562 0.025000 0.009375
5 0.630556 0.733594 0.011111 0.010937
5 0.650000 0.752344 0.038889 0.010937
5 0.408333 0.949219 0.061111 0.032813
5 0.838889 0.796875 0.011111 0.015625
5 0.055556 0.697656 0.088889 0.010937
5 0.448611 0.681250 0.025000 0.009375
5 0.429167 0.767188 0.013889 0.012500
5 0.173611 0.720313 0.036111 0.012500
5 0.070833 0.765625 0.047222 0.012500
5 0.851389 0.670312 0.019444 0.006250
5 0.951389 0.693750 0.036111 0.006250
5 0.651389 0.700000 0.041667 0.009375
5 0.473611 0.651563 0.019444 0.006250
5 0.936111 0.721875 0.016667 0.009375
5 0.895833 0.985938 0.041667 0.025000
5 0.675000 0.860938 0.038889 0.018750
5 0.316667 0.771094 0.050000 0.014063
5 0.412500 0.671875 0.041667 0.006250
5 0.597222 0.761719 0.033333 0.014063
5 0.590278 0.906250 0.052778 0.025000
5 0.579167 0.667969 0.047222 0.020313
5 0.654167 0.738281 0.025000 0.010937
5 0.881944 0.705469 0.036111 0.007812
5 0.363889 0.849219 0.050000 0.017188
5 0.901389 0.740625 0.025000 0.012500
5 0.322222 0.678906 0.044444 0.004687
5 0.806944 0.792188 0.030556 0.015625
