0 0.885613 0.546025 0.115566 0.083682
0 0.557193 0.530335 0.041274 0.073222
0 0.189269 0.774059 0.029481 0.117155
0 0.627358 0.437238 0.040094 0.029289
0 0.096698 0.525105 0.028302 0.041841
0 0.598467 0.474895 0.012972 0.046025
0 0.545401 0.434100 0.022406 0.031381
0 0.109670 0.565900 0.054245 0.043933
0 0.581958 0.463389 0.020047 0.048117
0 0.261792 0.750000 0.028302 0.098326
0 0.504717 0.548117 0.014151 0.041841
0 0.674528 0.495816 0.025943 0.046025
0 0.023585 0.588912 0.030660 0.052301
0 0.322524 0.774059 0.097877 0.146444
0 0.937500 0.737448 0.115566 0.165272
0 0.693986 0.560669 0.015330 0.050209
0 0.770637 0.645397 0.022406 0.064854
0 0.008844 0.913180 0.017689 0.098326
0 0.456958 0.401674 0.012972 0.025105
0 0.531840 0.473849 0.016509 0.052301
0 0.060142 0.573222 0.021226 0.033473
0 0.929835 0.643305 0.045991 0.048117
0 0.586085 0.656904 0.073113 0.154812
0 0.113797 0.714435 0.185142 0.240586
0 0.530660 0.435146 0.018868 0.037657
0 0.566627 0.422594 0.015330 0.029289
0 0.298349 0.434100 0.018868 0.023013
0 0.483491 0.337866 0.009434 0.018828
0 0.821344 0.973849 0.055425 0.048117
0 0.866745 0.614017 0.066038 0.060669
0 0.606132 0.419456 0.023585 0.031381
0 0.147406 0.552301 0.035377 0.075314
0 0.376769 0.538703 0.012972 0.031381
0 0.242925 0.662134 0.018868 0.043933
0 0.580778 0.436192 0.022406 0.018828
0 0.635613 0.507322 0.061321 0.140167
0 0.272406 0.925732 0.037736 0.140167
0 0.531840 0.405858 0.023585 0.020921
0 0.119693 0.937238 0.045991 0.117155
0 0.860849 0.558577 0.066038 0.062762
0 0.911557 0.546025 0.063679 0.066946
0 0.994693 0.857741 0.008255 0.192469
0 0.657429 0.595188 0.067217 0.115063
0 0.971108 0.575314 0.055425 0.083682
0 0.720519 0.609833 0.021226 0.064854
0 0.553656 0.468619 0.029481 0.062762
0 0.512972 0.630753 0.016509 0.060669
0 0.695755 0.953975 0.056604 0.083682
0 0.566038 0.407950 0.016509 0.033473
0 0.219929 0.854603 0.041274 0.119247
0 0.324292 0.575314 0.075472 0.117155
0 0.524175 0.387029 0.012972 0.025105
0 0.738797 0.581590 0.020047 0.054393
0 0.750000 0.753138 0.028302 0.092050
1 0.274175 0.889121 0.043632 0.121339
1 0.517099 0.425732 0.008255 0.027197
1 0.504127 0.529289 0.015330 0.046025
1 0.263561 0.726987 0.027123 0.073222
1 0.864976 0.593096 0.029481 0.073222
1 0.678066 0.533473 0.016509 0.058577
1 0.096108 0.838912 0.034198 0.058577
1 0.819575 0.943515 0.044811 0.096234
1 0.449882 0.423640 0.005896 0.018828
1 0.369693 0.479079 0.010613 0.020921
1 0.080189 0.864017 0.037736 0.096234
1 0.931604 0.956067 0.054245 0.079498
1 0.223467 0.824268 0.027123 0.104603
1 0.676887 0.872385 0.014151 0.050209
1 0.435731 0.450837 0.008255 0.031381
1 0.457547 0.452929 0.009434 0.027197
1 0.322524 0.669456 0.020047 0.058577
1 0.761792 0.564854 0.014151 0.050209
1 0.717571 0.583682 0.020047 0.071130
1 0.909788 0.946653 0.020047 0.077406
1 0.409788 0.455021 0.010613 0.027197
1 0.243514 0.632845 0.022406 0.060669
1 0.189858 0.753138 0.028302 0.075314
1 0.120873 0.913180 0.045991 0.115063
1 0.719340 0.529289 0.018868 0.041841
1 0.926887 0.596234 0.021226 0.050209
1 0.745283 0.712343 0.030660 0.094142
1 0.510613 0.587866 0.018868 0.033473
1 0.586085 0.559623 0.016509 0.035565
1 0.692807 0.917364 0.048349 0.127615
1 0.501179 0.473849 0.011792 0.031381
1 0.301297 0.647490 0.020047 0.052301
1 0.771226 0.620293 0.025943 0.081590
1 0.210495 0.813808 0.029481 0.071130
3 0.800118 0.776151 0.390330 0.426778
3 0.115566 0.596234 0.231132 0.171548
3 0.246462 0.643305 0.492925 0.696653
4 0.528302 0.557531 0.004717 0.027197
4 0.796580 0.790795 0.027123 0.041841
4 0.373231 0.586820 0.008255 0.014644
4 0.354363 0.626569 0.008255 0.014644
4 0.274175 0.628661 0.027123 0.035565
4 0.007665 0.984310 0.015330 0.014644
4 0.531250 0.584728 0.005896 0.035565
4 0.492335 0.526151 0.041274 0.169456
4 0.726415 0.671548 0.014151 0.025105
4 0.372052 0.657950 0.024764 0.035565
5 0.442807 0.647490 0.215802 0.060669
7 0.441627 0.648536 0.215802 0.058577
