0 0.455078 0.009028 0.008594 0.018056
0 0.382422 0.182639 0.016406 0.051389
1 0.740234 0.050000 0.013281 0.072222
1 0.794531 0.308333 0.026562 0.086111
1 0.764844 0.025694 0.012500 0.051389
3 0.423047 0.497917 0.628906 0.995833
4 0.453125 0.452778 0.009375 0.050000
4 0.435547 0.670833 0.011719 0.075000
4 0.545312 0.117361 0.004687 0.020833
4 0.383984 0.302083 0.010156 0.034722
4 0.678516 0.499306 0.147656 0.998611
4 0.430859 0.046528 0.005469 0.015278
4 0.558203 0.569444 0.010156 0.275000
4 0.263672 0.968750 0.017969 0.059722
4 0.486719 0.048611 0.004687 0.016667
4 0.474609 0.197917 0.005469 0.026389
4 0.403906 0.194444 0.007812 0.025000
4 0.356641 0.451389 0.011719 0.047222
4 0.550781 0.309722 0.006250 0.036111
4 0.418750 0.113194 0.006250 0.020833
4 0.481250 0.115278 0.004687 0.022222
4 0.554297 0.454861 0.007031 0.051389
4 0.464453 0.318750 0.017969 0.226389
4 0.565625 0.973611 0.009375 0.050000
4 0.334375 0.567361 0.050000 0.262500
4 0.547656 0.200000 0.004687 0.027778
4 0.544141 0.051389 0.003906 0.019444
4 0.411328 0.968750 0.013281 0.059722
5 0.453125 0.452778 0.009375 0.050000
5 0.435547 0.670833 0.011719 0.075000
5 0.545312 0.117361 0.004687 0.020833
5 0.383984 0.302083 0.010156 0.034722
5 0.678125 0.499306 0.146875 0.998611
5 0.430859 0.046528 0.005469 0.015278
5 0.558203 0.568750 0.010156 0.273611
5 0.263672 0.968750 0.017969 0.059722
5 0.486719 0.048611 0.004687 0.016667
5 0.474609 0.197917 0.005469 0.026389
5 0.403906 0.194444 0.007812 0.025000
5 0.343359 0.530556 0.038281 0.205556
5 0.550781 0.309722 0.006250 0.036111
5 0.418750 0.113194 0.006250 0.020833
5 0.481250 0.115278 0.004687 0.022222
5 0.554297 0.454861 0.007031 0.051389
5 0.464453 0.319444 0.017969 0.227778
5 0.565625 0.973611 0.009375 0.050000
5 0.334766 0.565278 0.050781 0.266667
5 0.547656 0.199306 0.004687 0.026389
5 0.544141 0.051389 0.003906 0.019444
5 0.411328 0.968750 0.013281 0.059722
