0 0.602005 0.369247 0.097877 0.244770
0 0.501769 0.234310 0.010613 0.029289
0 0.744104 0.274059 0.132075 0.112971
0 0.533608 0.146444 0.005896 0.020921
0 0.404481 0.283473 0.014151 0.039749
0 0.043042 0.336820 0.086085 0.121339
0 0.445755 0.277197 0.033019 0.064854
0 0.521226 0.307531 0.011792 0.046025
0 0.504717 0.158996 0.007075 0.020921
0 0.216981 0.229079 0.037736 0.039749
0 0.594340 0.251046 0.084906 0.100418
0 0.518868 0.217573 0.009434 0.025105
0 0.526533 0.182008 0.008255 0.020921
0 0.488797 0.156904 0.017689 0.033473
0 0.469929 0.350418 0.015330 0.052301
0 0.499410 0.329498 0.015330 0.052301
0 0.633255 0.256276 0.042453 0.106695
0 0.469340 0.201883 0.030660 0.081590
0 0.623821 0.268828 0.028302 0.073222
1 0.731132 0.397490 0.018868 0.087866
1 0.803066 0.587866 0.033019 0.138075
1 0.724646 0.339958 0.015330 0.073222
1 0.675708 0.337866 0.018868 0.069038
1 0.652123 0.260460 0.011792 0.069038
1 0.680425 0.268828 0.011792 0.060669
1 0.683373 0.372385 0.017689 0.083682
1 0.659788 0.330544 0.012972 0.066946
1 0.655071 0.406904 0.010613 0.098326
1 0.705778 0.342050 0.015330 0.073222
1 0.767099 0.390167 0.017689 0.077406
3 0.459906 0.573222 0.780660 0.836820
3 0.126179 0.387029 0.252358 0.301255
4 0.400943 0.720711 0.016509 0.073222
4 0.435731 0.416318 0.008255 0.025105
4 0.077830 0.423640 0.028302 0.027197
4 0.431604 0.525105 0.009434 0.037657
4 0.415684 0.519874 0.012972 0.039749
4 0.274175 0.579498 0.364387 0.824268
4 0.591392 0.953975 0.015330 0.075314
4 0.540094 0.384937 0.007075 0.029289
4 0.450472 0.347280 0.007075 0.016736
4 0.136792 0.440377 0.023585 0.027197
4 0.449292 0.415272 0.007075 0.023013
4 0.376769 0.719665 0.020047 0.066946
5 0.373821 0.838912 0.318396 0.309623
