0 0.893750 0.171759 0.018750 0.034259
0 0.513021 0.453704 0.064583 0.092593
0 0.516927 0.400463 0.046354 0.041667
0 0.326042 0.351852 0.087500 0.079630
0 0.375521 0.288889 0.011458 0.048148
0 0.737240 0.054630 0.017188 0.024074
0 0.484896 0.599074 0.081250 0.114815
0 0.616927 0.230556 0.030729 0.051852
0 0.092708 0.309259 0.046875 0.075926
0 0.560677 0.174074 0.024479 0.033333
0 0.610938 0.048148 0.019792 0.027778
0 0.635156 0.298611 0.033854 0.043519
0 0.363542 0.152778 0.057292 0.127778
0 0.787760 0.475926 0.059896 0.085185
0 0.566927 0.255556 0.031771 0.051852
0 0.079687 0.009259 0.122917 0.018519
0 0.623437 0.582407 0.088542 0.212963
0 0.446354 0.350000 0.035417 0.050000
0 0.356510 0.156481 0.060937 0.124074
0 0.484635 0.726389 0.100521 0.156481
0 0.795833 0.176852 0.026042 0.031481
0 0.474479 0.182407 0.023958 0.038889
0 0.048958 0.419907 0.050000 0.063889
0 0.460417 0.056944 0.014583 0.017593
0 0.753125 0.050000 0.019792 0.024074
0 0.871094 0.553704 0.097396 0.224074
0 0.566406 0.206481 0.029687 0.050000
0 0.802865 0.063889 0.019271 0.024074
0 0.565625 0.227778 0.023958 0.012963
0 0.270573 0.221759 0.033854 0.043519
0 0.859375 0.304167 0.033333 0.047222
0 0.023177 0.575926 0.046354 0.083333
0 0.932292 0.437037 0.042708 0.079630
0 0.410156 0.502778 0.061979 0.088889
0 0.777865 0.069444 0.018229 0.022222
0 0.847917 0.158333 0.019792 0.029630
0 0.897396 0.332870 0.041667 0.062037
0 0.585938 0.410648 0.040625 0.139815
0 0.930469 0.310185 0.030729 0.046296
0 0.417448 0.429630 0.047396 0.055556
0 0.613802 0.571296 0.073438 0.194444
0 0.196094 0.734259 0.175521 0.155556
0 0.441927 0.372685 0.042188 0.058333
0 0.552344 0.044444 0.015104 0.025926
0 0.350521 0.290741 0.059375 0.146296
0 0.312240 0.435648 0.085938 0.210185
0 0.814323 0.788426 0.127604 0.180556
0 0.431250 0.398148 0.043750 0.059259
0 0.607031 0.188889 0.024479 0.033333
0 0.516667 0.100926 0.019792 0.048148
0 0.425260 0.468056 0.049479 0.067593
0 0.555990 0.077315 0.019271 0.028704
0 0.394792 0.294907 0.040625 0.060185
0 0.907031 0.285185 0.032813 0.040741
0 0.092188 0.452778 0.047917 0.090741
0 0.803125 0.153704 0.022917 0.048148
0 0.075781 0.138426 0.042188 0.026852
0 0.869010 0.136574 0.022396 0.030556
0 0.885156 0.270833 0.028646 0.045370
0 0.480729 0.052778 0.015625 0.018519
0 0.815365 0.238426 0.030729 0.052778
0 0.519271 0.090278 0.022917 0.056481
0 0.936979 0.247222 0.036458 0.070370
0 0.808073 0.618519 0.103646 0.237037
0 0.863542 0.898611 0.126042 0.184259
0 0.771354 0.735185 0.076042 0.124074
0 0.522656 0.050926 0.022396 0.024074
0 0.364844 0.439352 0.025521 0.091667
0 0.531771 0.253704 0.029167 0.038889
0 0.713802 0.533796 0.060937 0.091667
0 0.488281 0.074537 0.019271 0.028704
0 0.096875 0.180093 0.039583 0.076852
0 0.576302 0.321296 0.046354 0.062963
0 0.584635 0.092593 0.019271 0.022222
0 0.627344 0.765741 0.122396 0.188889
0 0.723698 0.363889 0.042188 0.061111
0 0.594792 0.148611 0.022917 0.034259
0 0.377344 0.585648 0.065104 0.095370
0 0.847917 0.215741 0.021875 0.037037
0 0.790885 0.136574 0.019271 0.030556
0 0.461719 0.299537 0.041146 0.058333
0 0.507031 0.047685 0.013021 0.019444
0 0.578125 0.043981 0.019792 0.023148
0 0.305208 0.763426 0.094792 0.128704
0 0.980729 0.358333 0.037500 0.051852
0 0.484115 0.136111 0.021354 0.029630
0 0.838802 0.277315 0.031771 0.043519
3 0.811458 0.315278 0.376042 0.489815
3 0.323698 0.595833 0.335938 0.789815
3 0.802344 0.525000 0.394271 0.909259
3 0.557813 0.556019 0.402083 0.867593
3 0.674740 0.556944 0.250521 0.869444
3 0.119271 0.390741 0.238542 0.588889
3 0.218229 0.622685 0.436458 0.736111
3 0.472135 0.556481 0.944271 0.866667
3 0.454688 0.546296 0.194792 0.888889
3 0.858073 0.339815 0.282813 0.433333
4 0.791927 0.525463 0.394271 0.930556
4 0.814583 0.404630 0.369792 0.674074
5 0.553385 0.922685 0.007812 0.017593
5 0.792969 0.528241 0.391146 0.925000
5 0.207031 0.877778 0.011979 0.016667
5 0.154688 0.986574 0.012500 0.012037
5 0.365885 0.925463 0.010937 0.017593
5 0.552604 0.981481 0.009375 0.018519
5 0.182292 0.929630 0.013542 0.016667
5 0.227865 0.830093 0.010937 0.013889
5 0.202344 0.321296 0.098437 0.375926
5 0.757812 0.975463 0.011458 0.019444
5 0.821615 0.428704 0.355729 0.625926
5 0.743490 0.917130 0.010937 0.017593
5 0.415104 0.224537 0.082292 0.099074
5 0.351302 0.982407 0.011979 0.018519
