0 0.586111 0.543750 0.033333 0.018750
0 0.572222 0.506250 0.022222 0.009375
0 0.548611 0.558594 0.047222 0.020313
0 0.308333 0.610156 0.150000 0.035937
0 0.027778 0.875000 0.055556 0.053125
0 0.975000 0.597656 0.044444 0.029687
0 0.370833 0.594531 0.036111 0.020313
0 0.279167 0.586719 0.152778 0.026562
0 0.254167 0.621094 0.113889 0.035937
0 0.726389 0.828906 0.169444 0.120313
0 0.888889 0.547656 0.044444 0.023438
0 0.462500 0.575000 0.091667 0.021875
0 0.445833 0.610938 0.047222 0.021875
0 0.976389 0.747656 0.041667 0.082812
0 0.654167 0.726562 0.141667 0.084375
0 0.497222 0.675781 0.127778 0.057813
0 0.533333 0.622656 0.144444 0.042188
0 0.579167 0.528906 0.030556 0.017188
0 0.708333 0.657813 0.127778 0.053125
0 0.093056 0.892188 0.152778 0.075000
0 0.834722 0.567187 0.019444 0.015625
0 0.752778 0.419531 0.105556 0.020313
0 0.186111 0.935156 0.322222 0.126562
0 0.938889 0.567969 0.016667 0.014063
1 0.195833 0.635156 0.036111 0.032813
1 0.019444 0.650000 0.033333 0.037500
1 0.426389 0.603125 0.008333 0.021875
1 0.015278 0.640625 0.025000 0.018750
1 0.036111 0.832812 0.050000 0.043750
1 0.437500 0.603125 0.013889 0.021875
1 0.090278 0.875781 0.063889 0.076563
3 0.498611 0.752344 0.997222 0.492188
4 0.459722 0.817187 0.047222 0.018750
4 0.233333 0.704688 0.027778 0.009375
4 0.097222 0.696875 0.022222 0.006250
4 0.416667 0.700781 0.038889 0.010937
4 0.858333 0.769531 0.022222 0.010937
4 0.230556 0.689063 0.050000 0.006250
4 0.038889 0.714844 0.033333 0.010937
4 0.255556 0.667969 0.038889 0.004687
4 0.386111 0.829688 0.066667 0.018750
4 0.429167 0.769531 0.013889 0.014063
4 0.805556 0.881250 0.027778 0.025000
4 0.419444 0.690625 0.016667 0.009375
4 0.147222 0.681250 0.022222 0.009375
4 0.048611 0.764844 0.036111 0.014063
4 0.037500 0.701562 0.052778 0.006250
4 0.838889 0.802344 0.011111 0.017188
4 0.358333 0.828125 0.033333 0.018750
4 0.490278 0.963281 0.069444 0.032813
4 0.565278 0.854688 0.036111 0.021875
4 0.070833 0.767969 0.047222 0.010937
4 0.283333 0.689063 0.027778 0.009375
4 0.165278 0.812500 0.158333 0.040625
4 0.134722 0.695312 0.052778 0.006250
4 0.687500 0.985156 0.041667 0.026562
4 0.418056 0.751563 0.030556 0.009375
4 0.112500 0.743750 0.036111 0.012500
4 0.736111 0.738281 0.038889 0.010937
4 0.338889 0.717187 0.044444 0.009375
4 0.408333 0.953906 0.061111 0.032813
4 0.898611 0.989062 0.036111 0.018750
4 0.444444 0.724219 0.011111 0.010937
4 0.176389 0.723437 0.030556 0.012500
4 0.627778 0.786719 0.016667 0.014063
4 0.488889 0.800000 0.055556 0.015625
4 0.902778 0.745313 0.022222 0.012500
4 0.495833 0.735156 0.047222 0.010937
4 0.323611 0.675000 0.025000 0.009375
4 0.551389 0.784375 0.069444 0.021875
4 0.590278 0.910156 0.052778 0.026562
4 0.598611 0.701562 0.013889 0.009375
4 0.155556 0.751563 0.050000 0.012500
4 0.813889 0.749219 0.016667 0.014063
4 0.250000 0.732812 0.055556 0.012500
4 0.363889 0.853125 0.050000 0.018750
4 0.818056 0.792969 0.013889 0.010937
4 0.316667 0.775000 0.050000 0.012500
5 0.233333 0.704688 0.027778 0.009375
5 0.363889 0.853125 0.050000 0.018750
5 0.097222 0.696875 0.022222 0.006250
5 0.573611 0.719531 0.036111 0.010937
5 0.416667 0.700781 0.038889 0.010937
5 0.787500 0.688281 0.019444 0.007812
5 0.751389 0.707031 0.025000 0.010937
5 0.858333 0.769531 0.022222 0.010937
5 0.230556 0.689063 0.050000 0.006250
5 0.038889 0.714844 0.033333 0.010937
5 0.255556 0.667969 0.038889 0.004687
5 0.384722 0.829688 0.063889 0.018750
5 0.429167 0.769531 0.013889 0.014063
5 0.805556 0.881250 0.027778 0.025000
5 0.495833 0.735156 0.047222 0.010937
5 0.419444 0.690625 0.016667 0.009375
5 0.147222 0.681250 0.022222 0.009375
5 0.037500 0.701562 0.052778 0.006250
5 0.358333 0.828125 0.033333 0.018750
5 0.459722 0.817187 0.047222 0.018750
5 0.491667 0.962500 0.066667 0.031250
5 0.565278 0.854688 0.036111 0.021875
5 0.070833 0.767969 0.047222 0.010937
5 0.283333 0.689063 0.027778 0.009375
5 0.165278 0.812500 0.158333 0.040625
5 0.133333 0.696094 0.050000 0.004687
5 0.687500 0.985156 0.041667 0.026562
5 0.418056 0.751563 0.030556 0.009375
5 0.155556 0.751563 0.050000 0.012500
5 0.736111 0.738281 0.038889 0.010937
5 0.338889 0.716406 0.044444 0.007812
5 0.408333 0.953906 0.061111 0.032813
5 0.898611 0.989062 0.036111 0.018750
5 0.323611 0.681250 0.041667 0.006250
5 0.444444 0.724219 0.011111 0.010937
5 0.176389 0.723437 0.030556 0.012500
5 0.940278 0.725781 0.025000 0.007812
5 0.048611 0.764844 0.036111 0.014063
5 0.044444 0.681250 0.088889 0.006250
5 0.970833 0.939063 0.052778 0.028125
5 0.627778 0.786719 0.016667 0.014063
5 0.488889 0.800000 0.055556 0.015625
5 0.902778 0.745313 0.022222 0.012500
5 0.838889 0.802344 0.011111 0.017188
5 0.113889 0.743750 0.033333 0.012500
5 0.325000 0.675000 0.022222 0.009375
5 0.108333 0.677344 0.044444 0.007812
5 0.551389 0.784375 0.069444 0.021875
5 0.590278 0.910156 0.052778 0.026562
5 0.598611 0.701562 0.013889 0.009375
5 0.250000 0.732812 0.055556 0.012500
5 0.813889 0.748437 0.016667 0.012500
5 0.818056 0.792969 0.013889 0.010937
5 0.316667 0.775000 0.050000 0.012500
