0 0.540625 0.501389 0.018750 0.077778
0 0.494922 0.695139 0.022656 0.093056
0 0.373047 0.792361 0.027344 0.106944
1 0.782031 0.053472 0.014063 0.048611
1 0.867578 0.564583 0.042969 0.118056
1 0.680859 0.030556 0.011719 0.061111
1 0.731250 0.319444 0.028125 0.100000
1 0.824219 0.558333 0.042188 0.111111
1 0.728125 0.115278 0.017188 0.050000
3 0.425391 0.499306 0.624219 0.998611
4 0.453516 0.455556 0.008594 0.050000
4 0.435547 0.673611 0.011719 0.072222
4 0.487500 0.052083 0.004687 0.018056
4 0.546094 0.120833 0.004687 0.022222
4 0.543359 0.004861 0.003906 0.009722
4 0.419141 0.115972 0.007031 0.020833
4 0.411328 0.970139 0.013281 0.056944
4 0.383984 0.304861 0.010156 0.034722
4 0.466016 0.308333 0.007031 0.036111
4 0.677734 0.499306 0.147656 0.998611
4 0.264062 0.970139 0.017188 0.056944
4 0.482031 0.118056 0.004687 0.022222
4 0.357031 0.454167 0.012500 0.047222
4 0.550781 0.312500 0.006250 0.036111
4 0.431250 0.050694 0.004687 0.015278
4 0.403906 0.197917 0.007812 0.023611
4 0.565234 0.975000 0.008594 0.047222
4 0.475000 0.200000 0.006250 0.027778
4 0.559375 0.675000 0.007812 0.069444
4 0.555078 0.457639 0.008594 0.051389
4 0.333984 0.575000 0.049219 0.252778
4 0.547656 0.202778 0.004687 0.027778
4 0.544141 0.054861 0.003906 0.018056
5 0.453516 0.455556 0.008594 0.050000
5 0.435547 0.673611 0.011719 0.072222
5 0.487109 0.052083 0.003906 0.018056
5 0.543359 0.004861 0.003906 0.009722
5 0.419141 0.115972 0.007031 0.020833
5 0.383984 0.304861 0.010156 0.034722
5 0.460938 0.383333 0.017188 0.186111
5 0.677344 0.499306 0.146875 0.998611
5 0.264062 0.970139 0.017188 0.056944
5 0.237109 0.498611 0.297656 0.991667
5 0.482031 0.118056 0.004687 0.022222
5 0.357031 0.454167 0.012500 0.047222
5 0.546094 0.120833 0.004687 0.022222
5 0.550781 0.312500 0.006250 0.036111
5 0.431250 0.050694 0.004687 0.015278
5 0.403906 0.197917 0.007812 0.023611
5 0.565234 0.975000 0.008594 0.047222
5 0.475000 0.200694 0.006250 0.026389
5 0.561328 0.810417 0.011719 0.340278
5 0.555469 0.457639 0.009375 0.051389
5 0.334766 0.570833 0.049219 0.261111
5 0.547656 0.202778 0.004687 0.027778
5 0.544141 0.054861 0.003906 0.018056
5 0.411719 0.970139 0.012500 0.056944
