0 0.745873 0.283473 0.123821 0.110879
0 0.545991 0.241632 0.009434 0.031381
0 0.604363 0.380753 0.104953 0.246862
0 0.509434 0.237448 0.009434 0.027197
0 0.123821 0.312762 0.016509 0.027197
0 0.415684 0.265690 0.010613 0.033473
0 0.448113 0.352510 0.058962 0.123431
0 0.235259 0.235356 0.017689 0.027197
0 0.445165 0.218619 0.010613 0.027197
0 0.515330 0.346234 0.016509 0.052301
0 0.481722 0.560669 0.024764 0.087866
0 0.532429 0.491632 0.024764 0.079498
0 0.216981 0.242678 0.037736 0.037657
0 0.367335 0.391213 0.022406 0.066946
0 0.046580 0.347280 0.093160 0.121339
0 0.523585 0.251046 0.009434 0.033473
0 0.580778 0.244770 0.060142 0.058577
0 0.482311 0.147490 0.016509 0.031381
0 0.909788 0.278243 0.024764 0.037657
0 0.481722 0.245816 0.027123 0.060669
0 0.520047 0.624477 0.033019 0.119247
0 0.501179 0.168410 0.014151 0.027197
0 0.629127 0.269874 0.036557 0.104603
0 0.622052 0.281381 0.029481 0.073222
0 0.414505 0.534519 0.074292 0.165272
1 0.666863 0.464435 0.017689 0.112971
1 0.678066 0.362971 0.014151 0.077406
1 0.797759 0.489540 0.022406 0.096234
1 0.706368 0.349372 0.016509 0.062762
1 0.729953 0.239540 0.009434 0.043933
1 0.836675 0.488494 0.020047 0.106695
1 0.724057 0.352510 0.014151 0.073222
1 0.663325 0.302301 0.012972 0.064854
1 0.701651 0.418410 0.018868 0.083682
1 0.734670 0.445607 0.021226 0.096234
1 0.679245 0.278243 0.011792 0.066946
1 0.729953 0.410042 0.018868 0.087866
1 0.722877 0.239540 0.009434 0.039749
3 0.476415 0.571130 0.806604 0.841004
3 0.125590 0.405858 0.251179 0.301255
4 0.400354 0.734310 0.015330 0.071130
4 0.077830 0.438285 0.028302 0.027197
4 0.250590 0.640167 0.312500 0.702929
4 0.590802 0.961297 0.014151 0.060669
4 0.375000 0.733264 0.018868 0.064854
4 0.135613 0.453975 0.023585 0.025105
5 0.386792 0.734310 0.042453 0.071130
