0 0.518868 0.705021 0.023585 0.079498
0 0.354953 0.579498 0.014151 0.033473
0 0.619104 0.449791 0.025943 0.025105
0 0.580778 0.480126 0.022406 0.056485
0 0.540684 0.446653 0.027123 0.035565
0 0.883844 0.658996 0.045991 0.071130
0 0.604363 0.502092 0.027123 0.087866
0 0.646226 0.460251 0.030660 0.033473
0 0.689269 0.677824 0.088443 0.154812
0 0.915094 0.831590 0.110849 0.207113
0 0.838443 0.559623 0.035377 0.056485
0 0.526533 0.946653 0.036557 0.098326
0 0.074292 0.736402 0.033019 0.054393
0 0.493514 0.569038 0.015330 0.041841
0 0.460495 0.399582 0.010613 0.025105
0 0.381486 0.614017 0.048349 0.081590
0 0.037146 0.755230 0.038915 0.066946
0 0.525943 0.496862 0.018868 0.060669
0 0.115566 0.555439 0.106132 0.077406
0 0.977594 0.606695 0.042453 0.100418
0 0.360849 0.698745 0.018868 0.054393
0 0.838443 0.508368 0.035377 0.041841
0 0.613797 0.751046 0.027123 0.096234
0 0.373821 0.510460 0.028302 0.071130
0 0.311321 0.798117 0.018868 0.060669
0 0.498231 0.625523 0.015330 0.058577
0 0.244693 0.592050 0.095519 0.146444
0 0.770637 0.832636 0.038915 0.112971
0 0.609670 0.435146 0.028302 0.037657
0 0.331368 0.645397 0.021226 0.048117
0 0.579009 0.455021 0.025943 0.035565
0 0.643868 0.542887 0.070755 0.156904
0 0.915684 0.708159 0.027123 0.035565
0 0.307783 0.565900 0.014151 0.027197
0 0.064858 0.959205 0.129717 0.069038
0 0.893278 0.528243 0.034198 0.039749
0 0.963443 0.752092 0.035377 0.089958
0 0.589623 0.563808 0.014151 0.043933
0 0.530660 0.435146 0.025943 0.054393
0 0.541863 0.398536 0.012972 0.023013
0 0.284198 0.767782 0.018868 0.058577
0 0.522995 0.486402 0.020047 0.043933
0 0.256486 0.492678 0.017689 0.048117
0 0.551297 0.506276 0.031840 0.092050
0 0.566627 0.608787 0.057783 0.104603
0 0.294811 0.442469 0.018868 0.023013
0 0.661557 0.920502 0.134434 0.150628
0 0.752948 0.689331 0.022406 0.064854
0 0.564269 0.435146 0.017689 0.041841
0 0.166274 0.802301 0.030660 0.056485
0 0.688090 0.541841 0.029481 0.071130
0 0.937500 0.563808 0.051887 0.073222
0 0.521226 0.400628 0.014151 0.023013
0 0.219929 0.893305 0.029481 0.071130
1 0.313679 0.751046 0.025943 0.092050
1 0.590212 0.544979 0.012972 0.052301
1 0.460495 0.455021 0.008255 0.027197
1 0.510613 0.441423 0.007075 0.020921
1 0.713443 0.588912 0.016509 0.048117
1 0.734080 0.569038 0.020047 0.041841
1 0.890330 0.631799 0.028302 0.075314
1 0.331368 0.621339 0.021226 0.058577
1 0.350236 0.505230 0.011792 0.039749
1 0.060142 0.717573 0.021226 0.079498
1 0.397995 0.458159 0.010613 0.016736
1 0.361439 0.660042 0.024764 0.069038
1 0.557193 0.546025 0.015330 0.029289
1 0.380307 0.553347 0.012972 0.035565
1 0.032429 0.732218 0.024764 0.079498
1 0.353774 0.556485 0.016509 0.041841
1 0.771816 0.779289 0.034198 0.098326
1 0.307783 0.546025 0.014151 0.041841
1 0.048349 0.540795 0.011792 0.052301
1 0.967571 0.717573 0.031840 0.100418
1 0.285967 0.718619 0.027123 0.073222
1 0.498821 0.594142 0.018868 0.037657
1 0.919811 0.690377 0.025943 0.066946
1 0.525943 0.907950 0.042453 0.138075
1 0.521226 0.669456 0.025943 0.083682
1 0.491745 0.537657 0.014151 0.029289
1 0.232901 0.682008 0.027123 0.062762
1 0.291274 0.654812 0.018868 0.037657
1 0.723467 0.607741 0.017689 0.048117
1 0.430425 0.446653 0.007075 0.027197
1 0.174528 0.692469 0.025943 0.050209
1 0.803656 0.587866 0.015330 0.062762
1 0.859670 0.574268 0.021226 0.056485
1 0.609670 0.710251 0.028302 0.089958
1 0.419222 0.448745 0.008255 0.027197
1 0.752358 0.671548 0.025943 0.058577
1 0.168042 0.758368 0.034198 0.081590
1 0.760024 0.592050 0.020047 0.041841
1 0.292453 0.620293 0.018868 0.052301
1 0.221698 0.839958 0.047170 0.098326
1 0.452241 0.427824 0.005896 0.027197
3 0.108491 0.665272 0.216981 0.288703
3 0.729363 0.732218 0.538915 0.514644
3 0.247642 0.644351 0.495283 0.690377
3 0.499410 0.673640 0.994104 0.631799
4 0.488797 0.532427 0.041274 0.156904
4 0.775943 0.769874 0.061321 0.100418
4 0.139151 0.812762 0.033019 0.043933
4 0.074292 0.899582 0.035377 0.046025
5 0.417453 0.662134 0.188679 0.056485
7 0.417453 0.663180 0.188679 0.054393
