0 0.914323 0.210648 0.049479 0.126852
0 0.515365 0.317593 0.034896 0.048148
0 0.375260 0.293519 0.033854 0.037037
0 0.359635 0.261111 0.031771 0.051852
0 0.314063 0.536111 0.121875 0.377778
0 0.446875 0.518981 0.058333 0.091667
0 0.563021 0.239815 0.027083 0.044444
0 0.517188 0.093519 0.017708 0.025926
0 0.581250 0.046759 0.017708 0.028704
0 0.004948 0.262963 0.009896 0.035185
0 0.649740 0.181481 0.027604 0.042593
0 0.181510 0.495370 0.169271 0.990741
0 0.711979 0.502778 0.069792 0.109259
0 0.600781 0.148611 0.024479 0.036111
0 0.396354 0.537500 0.047917 0.115741
0 0.852344 0.900000 0.118229 0.159259
0 0.833594 0.134259 0.022396 0.033333
0 0.935937 0.309722 0.038542 0.052778
0 0.772135 0.100000 0.024479 0.037037
0 0.398177 0.256019 0.028646 0.039815
0 0.102865 0.464815 0.051562 0.079630
0 0.450000 0.409722 0.044792 0.073148
0 0.368750 0.284722 0.033333 0.054630
0 0.518750 0.285185 0.031250 0.044444
0 0.550260 0.037500 0.024479 0.047222
0 0.803125 0.085185 0.022917 0.064815
0 0.383073 0.093519 0.018229 0.027778
0 0.027083 0.525000 0.054167 0.211111
0 0.470313 0.218519 0.029167 0.046296
0 0.720052 0.545833 0.078646 0.182407
0 0.092188 0.163426 0.036458 0.054630
0 0.947396 0.367130 0.052083 0.089815
0 0.390365 0.581944 0.034896 0.119444
0 0.879948 0.316667 0.038021 0.053704
0 0.495052 0.056944 0.013021 0.017593
0 0.352604 0.376852 0.054167 0.107407
0 0.598698 0.570833 0.064062 0.087963
0 0.506250 0.043981 0.014583 0.021296
0 0.011458 0.309722 0.022917 0.075000
0 0.290885 0.229167 0.039062 0.047222
0 0.546615 0.145833 0.021354 0.032407
0 0.857812 0.296759 0.030208 0.043519
0 0.007031 0.347222 0.014063 0.072222
0 0.603125 0.042130 0.018750 0.021296
0 0.341927 0.243056 0.028646 0.043519
0 0.376563 0.324074 0.036458 0.055556
0 0.790625 0.133796 0.020833 0.028704
0 0.515885 0.193981 0.029687 0.049074
0 0.789323 0.056019 0.017188 0.017593
0 0.716927 0.063426 0.016146 0.025000
0 0.479948 0.385648 0.046354 0.073148
0 0.547656 0.120370 0.023438 0.027778
0 0.099479 0.290278 0.034375 0.071296
0 0.185156 0.504167 0.172396 0.978704
0 0.860156 0.128704 0.021354 0.031481
0 0.648958 0.329630 0.044792 0.094444
0 0.881771 0.218056 0.019792 0.045370
0 0.764844 0.050926 0.015104 0.014815
0 0.520052 0.072685 0.018229 0.023148
0 0.947135 0.223611 0.018229 0.039815
0 0.758073 0.657407 0.078646 0.105556
0 0.592187 0.453241 0.048958 0.069444
0 0.487240 0.070833 0.018229 0.021296
0 0.742708 0.060648 0.018750 0.025000
0 0.026823 0.011574 0.040104 0.023148
0 0.572135 0.254630 0.031771 0.046296
0 0.741406 0.105556 0.021354 0.027778
0 0.671094 0.904167 0.151562 0.175000
0 0.590104 0.112963 0.021875 0.031481
0 0.655469 0.367130 0.043229 0.112037
0 0.633854 0.145833 0.022917 0.030556
0 0.327865 0.678241 0.131771 0.304630
0 0.751302 0.115741 0.023438 0.035185
0 0.739844 0.175000 0.022396 0.038889
0 0.603646 0.679630 0.094792 0.137037
0 0.288542 0.870370 0.114583 0.150000
0 0.979167 0.356019 0.020833 0.050926
0 0.684635 0.466667 0.046354 0.070370
0 0.524479 0.046296 0.016667 0.018519
3 0.855208 0.337963 0.288542 0.438889
3 0.804427 0.550926 0.390104 0.861111
3 0.118750 0.344444 0.237500 0.688889
3 0.218490 0.625926 0.436979 0.729630
3 0.497135 0.529167 0.994271 0.923148
3 0.747917 0.524074 0.393750 0.929630
3 0.453906 0.542593 0.196354 0.896296
3 0.856250 0.339815 0.286458 0.435185
4 0.351302 0.982407 0.011979 0.018519
4 0.822656 0.314815 0.353646 0.394444
4 0.798698 0.553241 0.380729 0.875000
4 0.125521 0.739815 0.251042 0.383333
5 0.351302 0.982407 0.011979 0.018519
5 0.823177 0.315741 0.352604 0.392593
5 0.798698 0.553241 0.379688 0.875000
5 0.822656 0.430093 0.353646 0.623148
5 0.227604 0.830093 0.010417 0.015741
5 0.206771 0.877315 0.011458 0.015741
5 0.154427 0.986574 0.011979 0.012037
5 0.425521 0.261111 0.029167 0.022222
5 0.379167 0.872222 0.009375 0.014815
5 0.181771 0.929630 0.013542 0.016667
5 0.365885 0.924537 0.010937 0.017593
5 0.201823 0.322222 0.101562 0.379630
5 0.318750 0.332407 0.025000 0.144444
5 0.757552 0.975463 0.011979 0.019444
5 0.125521 0.739352 0.251042 0.382407
5 0.453385 0.194444 0.030729 0.153704
5 0.552604 0.981481 0.009375 0.018519
