0 0.447917 0.539974 0.067130 0.050260
0 0.395602 0.494141 0.020833 0.021615
0 0.423380 0.636979 0.131019 0.089583
0 0.484028 0.443099 0.017130 0.009635
0 0.606713 0.465625 0.025463 0.008854
0 0.910417 0.503255 0.027315 0.025260
0 0.778241 0.487630 0.015741 0.016927
0 0.827315 0.505859 0.021296 0.017969
0 0.287963 0.548047 0.080556 0.046094
0 0.296296 0.579297 0.107407 0.053385
0 0.487037 0.511979 0.050000 0.029167
0 0.509491 0.478646 0.047685 0.038021
0 0.412500 0.468880 0.034259 0.019531
0 0.699306 0.737891 0.069907 0.074740
0 0.499769 0.687370 0.999537 0.061198
0 0.914352 0.539062 0.020370 0.022396
0 0.442130 0.834375 0.262963 0.254167
0 0.587963 0.645833 0.042593 0.052083
0 0.122222 0.790755 0.244444 0.220052
0 0.450694 0.471875 0.032870 0.017708
0 0.392593 0.482161 0.033333 0.020052
0 0.350926 0.547526 0.026852 0.026302
0 0.442130 0.483073 0.038889 0.025521
0 0.394676 0.526042 0.022685 0.023958
0 0.550694 0.467969 0.031019 0.018229
0 0.623380 0.492188 0.081019 0.051562
0 0.361806 0.516276 0.022685 0.020573
0 0.932870 0.677344 0.072222 0.044792
0 0.802315 0.495964 0.017593 0.019010
0 0.568519 0.503125 0.073148 0.058854
0 0.456944 0.456641 0.030556 0.021094
0 0.618981 0.548698 0.092593 0.068229
0 0.465278 0.494271 0.027778 0.020833
0 0.491204 0.460547 0.037963 0.023698
0 0.579167 0.460938 0.029630 0.016667
0 0.425463 0.497526 0.043519 0.023177
0 0.417824 0.526302 0.016204 0.032292
1 0.705787 0.508073 0.015278 0.028125
1 0.690509 0.514714 0.014352 0.028385
1 0.762269 0.496484 0.015278 0.013281
1 0.846065 0.493750 0.013426 0.022396
1 0.637269 0.456250 0.007870 0.014583
1 0.968981 0.597656 0.035185 0.038021
1 0.842593 0.596354 0.031481 0.046354
1 0.892361 0.512109 0.019907 0.029948
1 0.794213 0.477734 0.010648 0.016927
1 0.859028 0.493750 0.014352 0.023958
1 0.994676 0.516667 0.009722 0.021354
1 0.781944 0.553516 0.029630 0.035156
1 0.762037 0.510807 0.015741 0.032552
1 0.800694 0.598177 0.022685 0.047917
1 0.760185 0.473047 0.011111 0.019010
1 0.834259 0.572135 0.024074 0.041146
1 0.991667 0.551823 0.015741 0.040625
3 0.498843 0.756120 0.997685 0.487240
4 0.349537 0.705859 0.021296 0.028906
4 0.718056 0.880469 0.130556 0.238542
4 0.515741 0.564844 0.009259 0.011458
4 0.834491 0.801042 0.034722 0.031250
4 0.276620 0.873958 0.047685 0.072396
4 0.540046 0.654427 0.015278 0.024479
4 0.251389 0.870313 0.048148 0.068229
4 0.402315 0.581250 0.009259 0.009896
4 0.331250 0.704818 0.022685 0.027865
4 0.391898 0.581641 0.010648 0.010677
4 0.180787 0.636458 0.121759 0.093229
4 0.521296 0.585807 0.010185 0.014323
4 0.528935 0.614583 0.011574 0.017708
4 0.511806 0.547656 0.007870 0.008854
4 0.592824 0.847917 0.095833 0.303646
4 0.508333 0.534505 0.006481 0.007031
5 0.349537 0.705859 0.021296 0.028906
5 0.717824 0.880859 0.129167 0.237760
5 0.515509 0.564844 0.008796 0.011458
5 0.301157 0.545182 0.020833 0.014844
5 0.834491 0.801042 0.034722 0.031250
5 0.276620 0.873958 0.047685 0.072396
5 0.540046 0.654427 0.015278 0.024479
5 0.251389 0.870182 0.048148 0.067969
5 0.391898 0.581641 0.010648 0.010677
5 0.407407 0.552865 0.011111 0.007812
5 0.402315 0.581250 0.009259 0.009896
5 0.331250 0.704818 0.022685 0.027865
5 0.180787 0.636458 0.121759 0.093229
5 0.521296 0.585677 0.010185 0.014063
5 0.674769 0.919401 0.055093 0.134115
5 0.528935 0.614583 0.011574 0.017708
5 0.511574 0.547526 0.007407 0.009115
5 0.592824 0.847917 0.095833 0.303646
5 0.508333 0.534505 0.006481 0.007031
