0 0.948113 0.580544 0.049528 0.077406
0 0.566038 0.675732 0.025943 0.058577
0 0.627358 0.475941 0.028302 0.031381
0 0.311321 0.825314 0.091981 0.148536
0 0.582547 0.480126 0.030660 0.039749
0 0.158608 0.557531 0.036557 0.056485
0 0.541274 0.456067 0.023585 0.033473
0 0.088443 0.588912 0.021226 0.039749
0 0.613208 0.538703 0.035377 0.102510
0 0.911557 0.559623 0.063679 0.081590
0 0.944575 0.936192 0.108491 0.119247
0 0.294222 0.458159 0.017689 0.025105
0 0.527712 0.430962 0.022406 0.025105
0 0.653892 0.483264 0.031840 0.029289
0 0.860259 0.601464 0.022406 0.043933
0 0.906840 0.821130 0.040094 0.115063
0 0.825472 0.731172 0.025943 0.094142
0 0.033019 0.770921 0.035377 0.060669
0 0.746462 0.817992 0.127358 0.230126
0 0.055425 0.598326 0.021226 0.033473
0 0.853774 0.537657 0.047170 0.071130
0 0.880307 0.671548 0.045991 0.075314
0 0.329009 0.652720 0.077830 0.092050
0 0.593160 0.781381 0.091981 0.169456
0 0.586085 0.634937 0.018868 0.060669
0 0.097288 0.798117 0.112028 0.119247
0 0.413915 0.469665 0.033019 0.039749
0 0.564858 0.459205 0.018868 0.043933
0 0.525354 0.535565 0.020047 0.062762
0 0.378538 0.640167 0.014151 0.037657
0 0.561321 0.422594 0.014151 0.016736
0 0.519458 0.516736 0.027123 0.050209
0 0.255307 0.625523 0.015330 0.037657
0 0.231132 0.771967 0.101415 0.129707
0 0.581958 0.466527 0.027123 0.025105
0 0.047170 0.915272 0.044811 0.085774
0 0.663915 0.595188 0.091981 0.198745
0 0.535967 0.476987 0.027123 0.037657
0 0.962264 0.850418 0.047170 0.052301
0 0.581368 0.426778 0.023585 0.046025
0 0.525354 0.458159 0.017689 0.041841
0 0.214623 0.553347 0.033019 0.048117
0 0.965212 0.606695 0.029481 0.054393
0 0.063090 0.968619 0.126179 0.058577
0 0.584906 0.509414 0.025943 0.052301
0 0.904481 0.586820 0.023585 0.039749
0 0.608491 0.552301 0.023585 0.075314
0 0.800708 0.793933 0.021226 0.094142
0 0.546580 0.412134 0.015330 0.020921
0 0.767099 0.711297 0.020047 0.058577
0 0.466392 0.399582 0.010613 0.020921
0 0.494104 0.787657 0.021226 0.077406
0 0.555425 0.544979 0.040094 0.106695
0 0.735259 0.663180 0.022406 0.058577
0 0.125000 0.848326 0.042453 0.089958
0 0.709316 0.582636 0.029481 0.085774
0 0.527712 0.942469 0.045991 0.106695
0 0.613797 0.455021 0.038915 0.048117
0 0.316627 0.533473 0.064858 0.100418
0 0.522406 0.411088 0.018868 0.027197
0 0.983491 0.640167 0.030660 0.104603
0 0.519458 0.385983 0.010613 0.014644
1 0.492925 0.739540 0.033019 0.089958
1 0.761203 0.664226 0.024764 0.035565
1 0.469929 0.448745 0.005896 0.018828
1 0.507075 0.464435 0.007075 0.025105
1 0.586085 0.594142 0.016509 0.037657
1 0.885024 0.644351 0.017689 0.079498
1 0.736439 0.595188 0.017689 0.035565
1 0.058962 0.730126 0.021226 0.071130
1 0.353184 0.504184 0.010613 0.020921
1 0.311321 0.595188 0.018868 0.052301
1 0.905071 0.797071 0.038915 0.138075
1 0.865566 0.575314 0.016509 0.037657
1 0.818396 0.697699 0.028302 0.077406
1 0.030660 0.746862 0.028302 0.079498
1 0.381486 0.486402 0.008255 0.027197
1 0.382665 0.540795 0.008255 0.048117
1 0.748821 0.691423 0.023585 0.039749
1 0.121462 0.812762 0.044811 0.098326
1 0.369104 0.584728 0.016509 0.039749
1 0.378538 0.606695 0.016509 0.054393
1 0.995283 0.561715 0.007075 0.031381
1 0.795991 0.758368 0.033019 0.115063
1 0.451061 0.488494 0.008255 0.023013
1 0.254717 0.608787 0.018868 0.046025
1 0.775943 0.632845 0.025943 0.048117
1 0.961675 0.826360 0.038915 0.096234
1 0.353774 0.511506 0.011792 0.035565
1 0.045991 0.904812 0.042453 0.094142
1 0.903302 0.563808 0.018868 0.048117
1 0.824292 0.614017 0.018868 0.064854
1 0.446934 0.440377 0.007075 0.018828
1 0.982901 0.570084 0.020047 0.035565
1 0.794222 0.733264 0.027123 0.064854
1 0.451061 0.482218 0.008255 0.018828
1 0.567807 0.646444 0.017689 0.041841
1 0.451651 0.465481 0.007075 0.018828
1 0.733491 0.621339 0.021226 0.054393
1 0.525943 0.878661 0.037736 0.071130
1 0.439269 0.439331 0.005896 0.020921
1 0.301297 0.641213 0.029481 0.048117
3 0.914505 0.723849 0.168632 0.284519
3 0.247052 0.652720 0.489387 0.673640
3 0.663915 0.740586 0.471698 0.497908
3 0.663915 0.757322 0.471698 0.464435
4 0.311321 0.689331 0.033019 0.035565
4 0.268278 0.654812 0.043632 0.062762
4 0.528302 0.614017 0.007075 0.027197
4 0.391509 0.678870 0.025943 0.035565
4 0.723467 0.691423 0.015330 0.018828
4 0.081368 0.907950 0.025943 0.037657
4 0.351415 0.651674 0.009434 0.014644
4 0.508255 0.664226 0.018868 0.035565
4 0.534788 0.661088 0.015330 0.033473
4 0.524175 0.582636 0.005896 0.023013
4 0.424528 0.673640 0.018868 0.033473
4 0.367925 0.680962 0.028302 0.039749
4 0.336675 0.688285 0.029481 0.037657
4 0.543632 0.628661 0.150943 0.018828
4 0.449292 0.669456 0.021226 0.037657
4 0.479363 0.666318 0.020047 0.035565
4 0.485259 0.554393 0.034198 0.150628
4 0.591392 0.660042 0.015330 0.023013
5 0.455189 0.674686 0.318396 0.064854
7 0.453420 0.675732 0.314858 0.062762
