0 0.846354 0.143056 0.030208 0.054630
0 0.554948 0.347222 0.039062 0.053704
0 0.300260 0.529167 0.064062 0.093519
0 0.585156 0.074537 0.020313 0.032407
0 0.408594 0.518056 0.065104 0.097222
0 0.093490 0.242130 0.042188 0.067593
0 0.552083 0.125463 0.020833 0.032407
0 0.517708 0.101852 0.022917 0.031481
0 0.549479 0.087963 0.018750 0.024074
0 0.256771 0.224537 0.007292 0.032407
0 0.743490 0.114815 0.018229 0.027778
0 0.872917 0.252315 0.031250 0.045370
0 0.560417 0.199074 0.028125 0.044444
0 0.422396 0.293519 0.011458 0.040741
0 0.780469 0.450463 0.063021 0.091667
0 0.480208 0.217593 0.023958 0.040741
0 0.472396 0.825000 0.105208 0.144444
0 0.101302 0.348611 0.028646 0.058333
0 0.341146 0.419444 0.057292 0.081481
0 0.533073 0.265278 0.029687 0.039815
0 0.559375 0.149074 0.021875 0.033333
0 0.516667 0.070370 0.020833 0.031481
0 0.790625 0.075463 0.032292 0.069444
0 0.388281 0.095370 0.018229 0.022222
0 0.746615 0.396296 0.046354 0.059259
0 0.009896 0.581481 0.019792 0.098148
0 0.413021 0.259259 0.027083 0.050000
0 0.082031 0.168519 0.040104 0.050000
0 0.942448 0.323148 0.040104 0.059259
0 0.587760 0.091204 0.023438 0.032407
0 0.780729 0.116204 0.014583 0.034259
0 0.855208 0.290278 0.035417 0.043519
0 0.181250 0.705093 0.142708 0.269444
0 0.453646 0.211111 0.057292 0.074074
0 0.452344 0.274074 0.050521 0.127778
0 0.288802 0.231944 0.033854 0.041667
0 0.422917 0.483796 0.060417 0.091667
0 0.852083 0.104630 0.023958 0.033333
0 0.550000 0.041204 0.025000 0.052778
0 0.790625 0.282407 0.033333 0.046296
0 0.603646 0.181019 0.025000 0.037963
0 0.317448 0.489352 0.055729 0.073148
0 0.590625 0.114815 0.022917 0.038889
0 0.760677 0.143981 0.034896 0.050926
0 0.644271 0.322685 0.041667 0.058333
0 0.492708 0.059722 0.019792 0.034259
0 0.428125 0.450463 0.053125 0.073148
0 0.358333 0.287500 0.033333 0.045370
0 0.048698 0.375463 0.080729 0.199074
0 0.499740 0.480093 0.999479 0.269444
0 0.768229 0.056019 0.016667 0.026852
0 0.584635 0.374074 0.040104 0.072222
0 0.631250 0.652778 0.078125 0.127778
0 0.505729 0.046296 0.010417 0.016667
0 0.520833 0.152315 0.021875 0.030556
0 0.518229 0.226852 0.026042 0.037037
0 0.470313 0.048148 0.015625 0.014815
0 0.489583 0.648148 0.077083 0.101852
0 0.506250 0.456481 0.075000 0.101852
0 0.559635 0.110648 0.010937 0.017593
0 0.842969 0.102315 0.041146 0.034259
0 0.666146 0.387963 0.044792 0.070370
0 0.234115 0.615741 0.072396 0.098148
0 0.516667 0.198611 0.025000 0.036111
0 0.798958 0.144444 0.018750 0.029630
0 0.624740 0.092130 0.025521 0.037963
0 0.394010 0.271296 0.063021 0.046296
0 0.523177 0.049537 0.016146 0.021296
0 0.582812 0.041204 0.018750 0.025000
0 0.187500 0.883333 0.162500 0.218519
0 0.482812 0.094444 0.018750 0.029630
0 0.802344 0.183333 0.023438 0.100000
3 0.800781 0.552778 0.397396 0.868519
3 0.371094 0.598148 0.227604 0.785185
3 0.118229 0.349537 0.236458 0.678704
3 0.215885 0.619444 0.431771 0.742593
3 0.856250 0.339352 0.286458 0.434259
3 0.493750 0.554630 0.987500 0.870370
3 0.418490 0.083333 0.110937 0.051852
3 0.646875 0.556481 0.583333 0.864815
3 0.451562 0.556944 0.201042 0.869444
4 0.821615 0.314815 0.355729 0.396296
4 0.792708 0.526389 0.389583 0.928704
4 0.822917 0.430556 0.353125 0.622222
4 0.201823 0.321759 0.100521 0.375000
4 0.164583 0.595370 0.329167 0.672222
5 0.823177 0.315278 0.352604 0.395370
5 0.792969 0.526389 0.389062 0.926852
5 0.821875 0.429630 0.355208 0.624074
5 0.200521 0.321296 0.096875 0.374074
5 0.164583 0.595833 0.329167 0.671296
