0 0.887500 0.550781 0.047222 0.023438
0 0.313889 0.914844 0.344444 0.167187
0 0.593056 0.559375 0.052778 0.018750
0 0.897222 0.941406 0.200000 0.114062
0 0.894444 0.589844 0.133333 0.026562
0 0.025000 0.878125 0.050000 0.046875
0 0.777778 0.736719 0.122222 0.082812
0 0.231944 0.599219 0.063889 0.017188
0 0.844444 0.639062 0.055556 0.028125
0 0.669444 0.650781 0.133333 0.051562
0 0.093056 0.892188 0.152778 0.075000
0 0.397222 0.638281 0.133333 0.042188
0 0.580556 0.520312 0.022222 0.012500
0 0.729167 0.591406 0.163889 0.042188
0 0.577778 0.545312 0.033333 0.015625
0 0.468056 0.983594 0.197222 0.029687
0 0.127778 0.649219 0.050000 0.029687
0 0.176389 0.643750 0.075000 0.040625
0 0.902778 0.539062 0.027778 0.015625
0 0.981944 0.557813 0.030556 0.034375
0 0.536111 0.620313 0.155556 0.043750
0 0.494444 0.760156 0.133333 0.089063
0 0.761111 0.625781 0.055556 0.020313
0 0.583333 0.532813 0.027778 0.015625
0 0.834722 0.570312 0.019444 0.015625
0 0.823611 0.531250 0.030556 0.018750
0 0.245833 0.620313 0.091667 0.037500
0 0.572222 0.505469 0.016667 0.007812
0 0.938889 0.571094 0.016667 0.014063
1 0.054167 0.641406 0.019444 0.020313
1 0.015278 0.641406 0.025000 0.020313
1 0.038889 0.834375 0.050000 0.043750
1 0.081944 0.648438 0.036111 0.034375
1 0.195833 0.638281 0.030556 0.032813
1 0.175000 0.638281 0.022222 0.020313
1 0.747222 0.616406 0.027778 0.026562
1 0.819444 0.623437 0.016667 0.021875
1 0.088889 0.876563 0.066667 0.071875
3 0.498611 0.754687 0.997222 0.487500
4 0.626389 0.789844 0.013889 0.014063
4 0.233333 0.706250 0.027778 0.009375
4 0.156944 0.752344 0.047222 0.010937
4 0.704167 0.725000 0.025000 0.012500
4 0.455556 0.820312 0.038889 0.015625
4 0.097222 0.697656 0.022222 0.007812
4 0.502778 0.691406 0.038889 0.007812
4 0.519444 0.660156 0.016667 0.007812
4 0.630556 0.741406 0.011111 0.010937
4 0.743056 0.832031 0.041667 0.020313
4 0.937500 0.728906 0.019444 0.010937
4 0.579167 0.721094 0.030556 0.007812
4 0.804167 0.883594 0.025000 0.026562
4 0.255556 0.669531 0.038889 0.004687
4 0.406944 0.955469 0.058333 0.032813
4 0.038889 0.715625 0.033333 0.012500
4 0.133333 0.696875 0.055556 0.006250
4 0.419444 0.692969 0.016667 0.010937
4 0.070833 0.769531 0.047222 0.010937
4 0.338889 0.718750 0.044444 0.009375
4 0.230556 0.690625 0.050000 0.006250
4 0.416667 0.753906 0.027778 0.007812
4 0.036111 0.702344 0.055556 0.004687
4 0.405556 0.825781 0.027778 0.007812
4 0.562500 0.857031 0.036111 0.023438
4 0.675000 0.867969 0.038889 0.020313
4 0.165278 0.814063 0.158333 0.040625
4 0.283333 0.690625 0.027778 0.009375
4 0.450000 0.685937 0.022222 0.009375
4 0.316667 0.777344 0.050000 0.014063
4 0.250000 0.734375 0.055556 0.012500
4 0.859722 0.771875 0.025000 0.012500
4 0.112500 0.745313 0.036111 0.012500
4 0.145833 0.682813 0.025000 0.009375
4 0.652778 0.758594 0.038889 0.010937
4 0.838889 0.805469 0.011111 0.017188
4 0.173611 0.725000 0.036111 0.012500
4 0.045833 0.766406 0.036111 0.014063
4 0.044444 0.964844 0.050000 0.045312
4 0.497222 0.960156 0.050000 0.023438
4 0.652778 0.707031 0.038889 0.007812
4 0.597222 0.767188 0.033333 0.012500
4 0.356944 0.667188 0.019444 0.006250
4 0.902778 0.748437 0.022222 0.012500
4 0.686111 0.986719 0.038889 0.023438
4 0.420833 0.703906 0.041667 0.007812
4 0.577778 0.778125 0.027778 0.009375
4 0.588889 0.912500 0.055556 0.025000
4 0.580556 0.680469 0.038889 0.007812
4 0.600000 0.703906 0.016667 0.010937
4 0.168056 0.915625 0.047222 0.037500
4 0.547222 0.676562 0.016667 0.006250
4 0.655556 0.743750 0.027778 0.012500
4 0.322222 0.676562 0.022222 0.009375
4 0.806944 0.800000 0.030556 0.015625
4 0.361111 0.825781 0.022222 0.010937
5 0.168056 0.915625 0.047222 0.037500
5 0.455556 0.820312 0.038889 0.015625
5 0.626389 0.789844 0.013889 0.014063
5 0.233333 0.706250 0.027778 0.009375
5 0.156944 0.752344 0.047222 0.010937
5 0.097222 0.697656 0.022222 0.007812
5 0.502778 0.691406 0.038889 0.007812
5 0.519444 0.660156 0.016667 0.007812
5 0.630556 0.740625 0.011111 0.009375
5 0.952778 0.701562 0.033333 0.006250
5 0.718056 0.696875 0.036111 0.006250
5 0.743056 0.832031 0.041667 0.020313
5 0.937500 0.728906 0.019444 0.010937
5 0.579167 0.721094 0.030556 0.007812
5 0.804167 0.883594 0.025000 0.026562
5 0.704167 0.725000 0.025000 0.012500
5 0.255556 0.668750 0.038889 0.003125
5 0.406944 0.955469 0.058333 0.032813
5 0.038889 0.715625 0.033333 0.012500
5 0.133333 0.696875 0.055556 0.006250
5 0.419444 0.692969 0.016667 0.010937
5 0.070833 0.769531 0.047222 0.010937
5 0.338889 0.718750 0.044444 0.009375
5 0.230556 0.690625 0.050000 0.006250
5 0.416667 0.753906 0.027778 0.007812
5 0.036111 0.702344 0.050000 0.004687
5 0.562500 0.857031 0.036111 0.023438
5 0.250000 0.734375 0.055556 0.012500
5 0.675000 0.867969 0.038889 0.020313
5 0.165278 0.814063 0.158333 0.040625
5 0.283333 0.690625 0.027778 0.009375
5 0.316667 0.776563 0.050000 0.012500
5 0.859722 0.771875 0.025000 0.012500
5 0.145833 0.682813 0.025000 0.009375
5 0.547222 0.676562 0.016667 0.006250
5 0.652778 0.758594 0.038889 0.010937
5 0.408333 0.703125 0.022222 0.009375
5 0.838889 0.805469 0.011111 0.017188
5 0.322222 0.683594 0.044444 0.007812
5 0.405556 0.825781 0.027778 0.007812
5 0.450000 0.685937 0.022222 0.009375
5 0.361111 0.825781 0.022222 0.010937
5 0.175000 0.725000 0.033333 0.012500
5 0.045833 0.765625 0.036111 0.012500
5 0.044444 0.964844 0.050000 0.045312
5 0.019444 0.682031 0.038889 0.004687
5 0.497222 0.960156 0.050000 0.023438
5 0.652778 0.707031 0.038889 0.007812
5 0.597222 0.767188 0.033333 0.012500
5 0.355556 0.667188 0.016667 0.006250
5 0.902778 0.749219 0.022222 0.010937
5 0.686111 0.986719 0.038889 0.023438
5 0.112500 0.745313 0.036111 0.012500
5 0.223611 0.662500 0.108333 0.025000
5 0.419444 0.704688 0.038889 0.006250
5 0.577778 0.778125 0.027778 0.009375
5 0.106944 0.678906 0.041667 0.004687
5 0.581944 0.680469 0.036111 0.007812
5 0.590278 0.912500 0.052778 0.025000
5 0.600000 0.703906 0.016667 0.010937
5 0.655556 0.744531 0.027778 0.010937
5 0.413889 0.676562 0.044444 0.006250
5 0.323611 0.676562 0.019444 0.009375
5 0.806944 0.800000 0.030556 0.015625
5 0.476389 0.657031 0.019444 0.007812
7 0.106944 0.942969 0.202778 0.104688
7 0.618056 0.568750 0.252778 0.015625
