0 0.775943 0.285565 0.063679 0.106695
0 0.427476 0.691423 0.121462 0.332636
0 0.497052 0.224895 0.008255 0.027197
0 0.602005 0.382845 0.097877 0.246862
0 0.487618 0.263598 0.027123 0.058577
0 0.599057 0.266736 0.094340 0.098326
0 0.437500 0.276151 0.011792 0.037657
0 0.312500 0.527197 0.028302 0.079498
0 0.448113 0.435146 0.058962 0.142259
0 0.235259 0.231172 0.015330 0.018828
0 0.426297 0.253138 0.010613 0.025105
0 0.527712 0.473849 0.020047 0.073222
0 0.483491 0.203975 0.007075 0.023013
0 0.441038 0.347280 0.018868 0.037657
0 0.216392 0.243724 0.038915 0.035565
0 0.451061 0.217573 0.027123 0.050209
0 0.047170 0.348326 0.094340 0.135983
0 0.124410 0.975941 0.031840 0.039749
0 0.509434 0.426778 0.016509 0.062762
0 0.545991 0.921548 0.042453 0.144351
0 0.550708 0.602510 0.033019 0.104603
0 0.508255 0.161088 0.007075 0.025105
0 0.334906 0.679916 0.040094 0.129707
0 0.630307 0.271967 0.036557 0.104603
0 0.622642 0.281381 0.028302 0.073222
0 0.581958 0.244770 0.062500 0.058577
0 0.455189 0.188285 0.033019 0.029289
1 0.681604 0.319038 0.016509 0.039749
1 0.810731 0.512552 0.027123 0.100418
1 0.800708 0.626569 0.025943 0.127615
1 0.826061 0.615063 0.029481 0.138075
1 0.730542 0.408996 0.020047 0.089958
1 0.804245 0.467573 0.025943 0.073222
1 0.724646 0.350418 0.012972 0.060669
1 0.684552 0.383891 0.015330 0.085774
1 0.658019 0.444561 0.016509 0.110879
1 0.678656 0.277197 0.010613 0.064854
1 0.704009 0.351464 0.016509 0.066946
1 0.705778 0.220711 0.010613 0.039749
3 0.487028 0.573222 0.778302 0.836820
3 0.660967 0.574268 0.345519 0.834728
3 0.126179 0.405858 0.252358 0.309623
4 0.077241 0.440377 0.027123 0.027197
4 0.418042 0.521967 0.008255 0.014644
4 0.262972 0.618201 0.306604 0.692469
4 0.135613 0.455021 0.023585 0.027197
5 0.530071 0.299163 0.003538 0.016736
5 0.077830 0.440377 0.025943 0.027197
5 0.684552 0.575314 0.022406 0.054393
5 0.528302 0.273013 0.004717 0.023013
5 0.418042 0.521967 0.008255 0.014644
5 0.262972 0.619247 0.306604 0.694561
5 0.136203 0.455021 0.022406 0.027197
