0 0.405078 0.019444 0.013281 0.038889
0 0.510156 0.150000 0.051562 0.127778
1 0.795312 0.420139 0.035937 0.106944
1 0.932031 0.844444 0.037500 0.086111
1 0.706641 0.293750 0.019531 0.065278
1 0.700000 0.065278 0.009375 0.077778
1 0.685937 0.024306 0.012500 0.048611
1 0.822266 0.428472 0.032031 0.115278
3 0.426172 0.497917 0.622656 0.995833
4 0.453906 0.454167 0.009375 0.050000
4 0.487500 0.050694 0.004687 0.018056
4 0.546094 0.118056 0.004687 0.022222
4 0.357031 0.451389 0.012500 0.047222
4 0.475000 0.197917 0.004687 0.026389
4 0.678516 0.499306 0.147656 0.998611
4 0.561328 0.795139 0.011719 0.315278
4 0.263672 0.968750 0.017969 0.059722
4 0.543359 0.003472 0.003906 0.006944
4 0.419531 0.113194 0.007812 0.020833
4 0.550781 0.309722 0.006250 0.036111
4 0.431250 0.047917 0.004687 0.015278
4 0.482422 0.116667 0.005469 0.022222
4 0.404687 0.195139 0.007812 0.023611
4 0.384375 0.303472 0.009375 0.034722
4 0.554688 0.456250 0.006250 0.051389
4 0.466016 0.306250 0.007031 0.034722
4 0.436328 0.671528 0.011719 0.073611
4 0.566016 0.973611 0.008594 0.050000
4 0.334766 0.569444 0.049219 0.261111
4 0.548047 0.200000 0.005469 0.027778
4 0.545312 0.052778 0.004687 0.019444
4 0.411719 0.969444 0.012500 0.058333
5 0.453906 0.454167 0.009375 0.050000
5 0.487500 0.050694 0.004687 0.018056
5 0.419141 0.113194 0.007031 0.020833
5 0.546094 0.118056 0.004687 0.022222
5 0.357031 0.451389 0.012500 0.047222
5 0.475000 0.197917 0.004687 0.026389
5 0.678125 0.499306 0.146875 0.998611
5 0.561328 0.795833 0.011719 0.316667
5 0.263672 0.968750 0.017969 0.059722
5 0.232813 0.498611 0.282813 0.988889
5 0.384375 0.303472 0.009375 0.034722
5 0.543359 0.003472 0.003906 0.006944
5 0.550781 0.309722 0.006250 0.036111
5 0.431250 0.047917 0.004687 0.015278
5 0.482422 0.116667 0.005469 0.022222
5 0.404687 0.195139 0.007812 0.023611
5 0.554688 0.455556 0.006250 0.050000
5 0.466016 0.306250 0.007031 0.034722
5 0.436328 0.671528 0.011719 0.073611
5 0.566016 0.973611 0.008594 0.050000
5 0.334766 0.568750 0.049219 0.262500
5 0.548047 0.200000 0.005469 0.027778
5 0.544922 0.052778 0.003906 0.019444
5 0.411719 0.969444 0.012500 0.058333
