0 0.339583 0.526172 0.018056 0.019010
0 0.430324 0.604297 0.100463 0.080990
0 0.501852 0.488802 0.050926 0.041146
0 0.411806 0.467318 0.022685 0.015885
0 0.461574 0.513932 0.021296 0.017969
0 0.928704 0.684766 0.086111 0.044010
0 0.871065 0.536198 0.029167 0.022396
0 0.410880 0.514193 0.049537 0.027344
0 0.341204 0.882031 0.305556 0.235417
0 0.242130 0.594661 0.032407 0.032031
0 0.314352 0.578906 0.026852 0.022396
0 0.609954 0.461068 0.009722 0.011198
0 0.445139 0.467839 0.026389 0.026302
0 0.831944 0.521745 0.022222 0.022135
0 0.366204 0.517188 0.021296 0.018229
0 0.394444 0.478516 0.031481 0.021615
0 0.983796 0.577083 0.031481 0.029167
0 0.364583 0.583464 0.025463 0.029948
0 0.463426 0.542578 0.066667 0.038802
0 0.098611 0.792708 0.197222 0.187500
0 0.424306 0.497396 0.043981 0.026042
0 0.393287 0.551172 0.023611 0.028906
0 0.478704 0.452214 0.016667 0.008594
0 0.366435 0.497005 0.041204 0.021615
0 0.357407 0.534635 0.021296 0.020313
0 0.431713 0.484505 0.036574 0.023698
0 0.815046 0.509635 0.018981 0.019271
0 0.540509 0.473307 0.030093 0.016927
0 0.617361 0.499479 0.075463 0.050000
0 0.231713 0.640495 0.047685 0.045573
0 0.489583 0.520964 0.021759 0.022656
0 0.427083 0.459766 0.015278 0.017448
0 0.550694 0.520312 0.084722 0.071875
0 0.462963 0.493229 0.016667 0.021354
0 0.626157 0.576302 0.111574 0.083333
0 0.478241 0.472656 0.036111 0.032292
0 0.294676 0.610417 0.025463 0.032813
0 0.777083 0.495964 0.014352 0.016927
0 0.568981 0.467318 0.030556 0.015885
1 0.857176 0.505469 0.014352 0.023438
1 0.981944 0.698568 0.035185 0.080990
1 0.662963 0.495443 0.012963 0.020573
1 0.796296 0.488542 0.010185 0.022917
1 0.680093 0.521224 0.012037 0.027344
1 0.846991 0.591536 0.029167 0.048177
1 0.790741 0.590755 0.019444 0.023177
1 0.643981 0.471615 0.011111 0.022917
1 0.767130 0.510677 0.014815 0.026042
1 0.843056 0.504948 0.013889 0.023958
1 0.893287 0.524870 0.016204 0.028906
1 0.758796 0.526042 0.017593 0.027604
1 0.633333 0.463672 0.009259 0.015365
1 0.941898 0.523307 0.096759 0.026302
1 0.878704 0.599349 0.020370 0.045052
1 0.765509 0.552083 0.022685 0.034375
1 0.787500 0.603906 0.022222 0.047917
1 0.672917 0.562630 0.024537 0.022656
1 0.750463 0.483073 0.012037 0.019792
1 0.810648 0.598828 0.024074 0.045573
3 0.863657 0.575651 0.271759 0.167969
3 0.299074 0.765885 0.598148 0.467708
3 0.758796 0.763021 0.481481 0.473438
3 0.498843 0.757682 0.997685 0.484115
4 0.505093 0.569792 0.008333 0.011458
4 0.371528 0.633724 0.015278 0.015365
4 0.704630 0.883073 0.125926 0.233333
4 0.510648 0.591406 0.009259 0.014063
4 0.359259 0.632422 0.013889 0.014844
4 0.337500 0.712109 0.022222 0.028906
4 0.528472 0.660937 0.015278 0.024479
4 0.193519 0.623177 0.201852 0.154167
4 0.319444 0.710677 0.024074 0.028125
4 0.823843 0.808594 0.034722 0.031250
4 0.160417 0.650391 0.134722 0.099740
4 0.231713 0.877604 0.038426 0.068229
4 0.580093 0.851302 0.092593 0.296875
4 0.518287 0.620573 0.011574 0.018229
4 0.501620 0.553125 0.008796 0.010417
5 0.371759 0.633724 0.015741 0.015365
5 0.704398 0.883073 0.125463 0.233333
5 0.510648 0.591406 0.009259 0.014063
5 0.359259 0.632422 0.013889 0.014844
5 0.337500 0.712109 0.022222 0.028906
5 0.528472 0.660807 0.015278 0.024219
5 0.505093 0.569792 0.008333 0.011458
5 0.193519 0.622786 0.200926 0.154948
5 0.319444 0.710677 0.024074 0.028125
5 0.823611 0.808594 0.034259 0.031250
5 0.160417 0.650781 0.133796 0.098958
5 0.580093 0.851302 0.092593 0.296875
5 0.518287 0.620573 0.011574 0.018229
5 0.501389 0.553125 0.008333 0.010417
5 0.231713 0.877604 0.038426 0.068229
5 0.776389 0.704297 0.024074 0.025781
