0 0.771226 0.268828 0.063679 0.102510
0 0.400354 0.757322 0.114387 0.330544
0 0.181604 0.236402 0.042453 0.029289
0 0.481132 0.177824 0.007075 0.020921
0 0.605542 0.392259 0.112028 0.265690
0 0.496462 0.220711 0.009434 0.027197
0 0.383844 0.970711 0.180425 0.050209
0 0.042453 0.372385 0.084906 0.205021
0 0.436910 0.424686 0.020047 0.062762
0 0.426297 0.365063 0.020047 0.048117
0 0.151533 0.845188 0.036557 0.138075
0 0.210495 0.225941 0.036557 0.041841
0 0.449882 0.183054 0.008255 0.018828
0 0.507075 0.175732 0.007075 0.020921
0 0.311321 0.478033 0.120283 0.261506
0 0.413325 0.547071 0.034198 0.085774
0 0.587854 0.255230 0.083726 0.112971
0 0.479363 0.129707 0.012972 0.025105
0 0.504127 0.576360 0.083726 0.190377
0 0.473467 0.216527 0.015330 0.064854
0 0.623231 0.252092 0.038915 0.106695
1 0.703420 0.187238 0.008255 0.035565
1 0.717571 0.187238 0.010613 0.035565
1 0.678656 0.371339 0.015330 0.085774
1 0.846108 0.744770 0.038915 0.171548
1 0.811910 0.530335 0.038915 0.106695
1 0.949882 0.668410 0.036557 0.123431
1 0.695165 0.188285 0.008255 0.037657
1 0.724057 0.391213 0.018868 0.087866
1 0.699292 0.336820 0.016509 0.071130
1 0.717571 0.330544 0.017689 0.062762
1 0.836085 0.603556 0.030660 0.119247
1 0.663915 0.285565 0.014151 0.060669
1 0.672170 0.478033 0.018868 0.119247
3 0.123231 0.382845 0.246462 0.301255
3 0.466981 0.564854 0.811321 0.849372
4 0.522406 0.258368 0.004717 0.014644
4 0.069575 0.421548 0.028302 0.027197
4 0.454009 0.294979 0.004717 0.012552
4 0.461675 0.294979 0.005896 0.012552
4 0.534198 0.379707 0.007075 0.027197
4 0.169222 0.798117 0.170991 0.387029
4 0.443986 0.343096 0.005896 0.016736
4 0.275354 0.565900 0.383255 0.851464
4 0.524764 0.280335 0.004717 0.016736
4 0.418042 0.239540 0.102594 0.202929
4 0.128538 0.437238 0.023585 0.025105
4 0.527123 0.307531 0.004717 0.016736
4 0.530660 0.343096 0.004717 0.016736
5 0.520637 0.241632 0.003538 0.014644
5 0.069575 0.421548 0.028302 0.027197
5 0.454009 0.294979 0.004717 0.012552
5 0.461675 0.293933 0.005896 0.010460
5 0.475236 0.822176 0.018868 0.150628
5 0.169222 0.797071 0.170991 0.389121
5 0.276533 0.565900 0.383255 0.851464
5 0.443986 0.343096 0.005896 0.016736
5 0.524764 0.279289 0.004717 0.014644
5 0.418042 0.239540 0.100236 0.202929
5 0.128538 0.437238 0.023585 0.025105
5 0.527123 0.306485 0.004717 0.014644
5 0.534788 0.379707 0.005896 0.027197
5 0.453420 0.344142 0.005896 0.018828
5 0.530660 0.343096 0.004717 0.016736
5 0.522406 0.258368 0.004717 0.014644
