0 0.884722 0.553125 0.041667 0.021875
0 0.576389 0.536719 0.030556 0.014063
0 0.745833 0.649219 0.158333 0.057813
0 0.025000 0.800000 0.050000 0.040625
0 0.458333 0.616406 0.150000 0.026562
0 0.461111 0.636719 0.144444 0.039062
0 0.247222 0.620313 0.105556 0.040625
0 0.868056 0.569531 0.019444 0.017188
0 0.023611 0.875000 0.047222 0.043750
0 0.901389 0.570312 0.013889 0.015625
0 0.084722 0.892969 0.152778 0.073438
0 0.575000 0.516406 0.022222 0.014063
0 0.493056 0.604688 0.080556 0.021875
0 0.269444 0.585938 0.127778 0.025000
0 0.730556 0.725000 0.122222 0.087500
0 0.488889 0.688281 0.105556 0.060937
0 0.608333 0.607812 0.138889 0.028125
0 0.629167 0.914844 0.252778 0.167187
0 0.631944 0.541406 0.030556 0.014063
0 0.691667 0.599219 0.127778 0.026562
0 0.820833 0.532813 0.025000 0.018750
0 0.201389 0.931250 0.352778 0.134375
0 0.933333 0.572656 0.016667 0.014063
0 0.829167 0.571875 0.019444 0.015625
1 0.502778 0.593750 0.016667 0.018750
1 0.373611 0.412500 0.019444 0.021875
1 0.004167 0.788281 0.008333 0.039062
1 0.011111 0.642188 0.022222 0.018750
1 0.033333 0.835938 0.061111 0.043750
1 0.441667 0.571875 0.011111 0.021875
1 0.195833 0.639844 0.030556 0.032813
1 0.445833 0.571875 0.019444 0.021875
1 0.076389 0.648438 0.036111 0.034375
1 0.625000 0.586719 0.011111 0.014063
1 0.473611 0.592187 0.019444 0.018750
1 0.166667 0.641406 0.027778 0.026562
1 0.081944 0.879687 0.063889 0.081250
3 0.498611 0.754687 0.997222 0.487500
4 0.930556 0.732812 0.016667 0.009375
4 0.479167 0.803906 0.052778 0.014063
4 0.619444 0.791406 0.016667 0.014063
4 0.227778 0.707812 0.027778 0.009375
4 0.150000 0.753125 0.050000 0.009375
4 0.380556 0.833594 0.061111 0.017188
4 0.031944 0.703125 0.052778 0.006250
4 0.566667 0.725000 0.044444 0.012500
4 0.594444 0.706250 0.016667 0.009375
4 0.091667 0.697656 0.022222 0.007812
4 0.623611 0.742969 0.013889 0.010937
4 0.801389 0.801562 0.030556 0.015625
4 0.488889 0.739062 0.044444 0.009375
4 0.966667 0.945312 0.061111 0.028125
4 0.851389 0.775000 0.025000 0.012500
4 0.411111 0.755469 0.033333 0.007812
4 0.473611 0.967969 0.052778 0.029687
4 0.033333 0.716406 0.033333 0.010937
4 0.423611 0.772656 0.019444 0.014063
4 0.413889 0.693750 0.016667 0.009375
4 0.140278 0.683594 0.025000 0.007812
4 0.065278 0.769531 0.047222 0.010937
4 0.333333 0.719531 0.044444 0.007812
4 0.797222 0.885938 0.027778 0.025000
4 0.225000 0.692187 0.050000 0.006250
4 0.547222 0.788281 0.077778 0.023438
4 0.895833 0.751563 0.025000 0.012500
4 0.129167 0.803906 0.213889 0.064062
4 0.277778 0.692187 0.027778 0.009375
4 0.106944 0.745313 0.036111 0.012500
4 0.130556 0.697656 0.050000 0.004687
4 0.243056 0.735156 0.052778 0.010937
4 0.806944 0.753906 0.013889 0.014063
4 0.311111 0.778125 0.050000 0.012500
4 0.645833 0.760156 0.041667 0.010937
4 0.398611 0.957031 0.063889 0.032813
4 0.170833 0.725781 0.036111 0.010937
4 0.040278 0.767188 0.041667 0.012500
4 0.591667 0.769531 0.033333 0.014063
4 0.831944 0.807813 0.013889 0.018750
4 0.893056 0.992188 0.030556 0.012500
4 0.318056 0.678125 0.019444 0.009375
4 0.452778 0.821094 0.044444 0.017188
4 0.647222 0.708594 0.044444 0.007812
4 0.555556 0.859375 0.038889 0.021875
4 0.740278 0.833594 0.036111 0.017188
4 0.650000 0.746875 0.027778 0.012500
4 0.354167 0.856250 0.052778 0.018750
4 0.350000 0.831250 0.033333 0.018750
5 0.930556 0.732812 0.016667 0.009375
5 0.479167 0.803906 0.052778 0.014063
5 0.227778 0.707812 0.027778 0.009375
5 0.150000 0.753125 0.050000 0.009375
5 0.780556 0.695312 0.022222 0.009375
5 0.379167 0.833594 0.058333 0.017188
5 0.031944 0.703125 0.052778 0.006250
5 0.566667 0.724219 0.044444 0.010937
5 0.594444 0.706250 0.016667 0.009375
5 0.091667 0.697656 0.022222 0.007812
5 0.625000 0.742969 0.011111 0.010937
5 0.944444 0.705469 0.033333 0.004687
5 0.801389 0.801562 0.030556 0.015625
5 0.961111 0.714063 0.016667 0.009375
5 0.488889 0.739062 0.044444 0.009375
5 0.966667 0.945312 0.061111 0.028125
5 0.176389 0.669531 0.019444 0.007812
5 0.619444 0.791406 0.016667 0.014063
5 0.851389 0.775000 0.025000 0.012500
5 0.411111 0.755469 0.033333 0.007812
5 0.473611 0.967969 0.052778 0.029687
5 0.033333 0.716406 0.033333 0.010937
5 0.423611 0.772656 0.019444 0.014063
5 0.413889 0.693750 0.016667 0.009375
5 0.140278 0.683594 0.025000 0.007812
5 0.065278 0.769531 0.047222 0.010937
5 0.333333 0.719531 0.044444 0.007812
5 0.798611 0.885938 0.025000 0.025000
5 0.225000 0.691406 0.050000 0.004687
5 0.547222 0.788281 0.077778 0.023438
5 0.895833 0.751563 0.025000 0.012500
5 0.155556 0.814063 0.161111 0.040625
5 0.277778 0.692187 0.027778 0.009375
5 0.106944 0.745313 0.036111 0.012500
5 0.130556 0.697656 0.050000 0.004687
5 0.806944 0.753906 0.013889 0.014063
5 0.311111 0.778125 0.050000 0.012500
5 0.645833 0.760156 0.041667 0.010937
5 0.413889 0.705469 0.038889 0.007812
5 0.398611 0.957031 0.063889 0.032813
5 0.170833 0.725781 0.036111 0.010937
5 0.040278 0.767188 0.041667 0.012500
5 0.591667 0.769531 0.033333 0.014063
5 0.405556 0.703906 0.027778 0.010937
5 0.831944 0.807813 0.013889 0.018750
5 0.893056 0.992188 0.030556 0.012500
5 0.318056 0.678125 0.019444 0.009375
5 0.452778 0.821094 0.044444 0.017188
5 0.647222 0.708594 0.044444 0.007812
5 0.555556 0.859375 0.038889 0.021875
5 0.740278 0.833594 0.036111 0.017188
5 0.650000 0.746875 0.027778 0.012500
5 0.243056 0.735156 0.052778 0.010937
5 0.354167 0.856250 0.052778 0.018750
5 0.247222 0.670312 0.038889 0.006250
5 0.350000 0.831250 0.033333 0.018750
