0 0.848958 0.216204 0.022917 0.036111
0 0.525781 0.279630 0.034896 0.051852
0 0.363542 0.343519 0.042708 0.062963
0 0.644531 0.334259 0.038021 0.066667
0 0.552865 0.197222 0.026562 0.033333
0 0.594010 0.138889 0.022396 0.035185
0 0.616406 0.225000 0.029687 0.040741
0 0.733073 0.085648 0.026562 0.026852
0 0.479167 0.049537 0.017708 0.015741
0 0.562240 0.231944 0.027604 0.039815
0 0.427344 0.435185 0.018229 0.075926
0 0.820052 0.826852 0.117188 0.177778
0 0.858854 0.236111 0.030208 0.038889
0 0.607031 0.181019 0.030729 0.049074
0 0.077604 0.322222 0.041667 0.059259
0 0.716927 0.550926 0.077604 0.116667
0 0.554167 0.048148 0.018750 0.018519
0 0.792448 0.128704 0.023438 0.035185
0 0.582812 0.362500 0.039583 0.056481
0 0.391406 0.092130 0.020313 0.030556
0 0.812500 0.309259 0.038542 0.055556
0 0.515625 0.250463 0.036458 0.062037
0 0.047917 0.537500 0.062500 0.076852
0 0.516667 0.093981 0.018750 0.026852
0 0.471354 0.177778 0.028125 0.048148
0 0.331250 0.238889 0.035417 0.046296
0 0.960417 0.333796 0.039583 0.056481
0 0.438542 0.401389 0.039583 0.056481
0 0.751302 0.074537 0.018229 0.034259
0 0.573438 0.390741 0.040625 0.059259
0 0.864583 0.329167 0.075000 0.047222
0 0.437500 0.362963 0.039583 0.044444
0 0.530729 0.499537 0.069792 0.100926
0 0.611979 0.486111 0.052083 0.074074
0 0.087500 0.465741 0.054167 0.085185
0 0.469792 0.162037 0.029167 0.031481
0 0.512240 0.160648 0.025521 0.036111
0 0.375000 0.513889 0.105208 0.250000
0 0.462240 0.336111 0.040104 0.050000
0 0.883333 0.206944 0.023958 0.036111
0 0.550000 0.094907 0.020833 0.023148
0 0.357552 0.267130 0.030729 0.045370
0 0.514323 0.198611 0.027604 0.039815
0 0.773438 0.244907 0.030208 0.056481
0 0.099740 0.420833 0.029687 0.045370
0 0.548438 0.104630 0.018750 0.014815
0 0.576042 0.047222 0.019792 0.014815
0 0.633854 0.286574 0.034375 0.043519
0 0.464583 0.479630 0.055208 0.074074
0 0.470573 0.237500 0.027604 0.041667
0 0.488021 0.085185 0.022917 0.025926
0 0.383594 0.283796 0.029687 0.049074
0 0.126042 0.375463 0.046875 0.047222
0 0.011979 0.009259 0.023958 0.018519
0 0.836719 0.137963 0.022396 0.029630
0 0.984896 0.411574 0.029167 0.112037
0 0.574479 0.316667 0.035417 0.048148
0 0.496615 0.046296 0.015104 0.014815
0 0.628385 0.252778 0.032813 0.057407
0 0.576562 0.288426 0.032292 0.032407
0 0.479948 0.112500 0.021354 0.032407
0 0.677604 0.445833 0.052083 0.078704
0 0.594010 0.447685 0.051562 0.076852
0 0.354687 0.379167 0.043750 0.036111
0 0.405990 0.048611 0.017188 0.019444
0 0.716406 0.054167 0.014063 0.032407
0 0.507292 0.422685 0.048958 0.073148
0 0.085417 0.156944 0.045833 0.062037
0 0.555990 0.152315 0.034896 0.091667
0 0.260417 0.585185 0.069792 0.090741
0 0.803385 0.160185 0.023438 0.035185
0 0.703906 0.298611 0.040104 0.062037
0 0.617448 0.621759 0.073438 0.099074
0 0.402604 0.296296 0.031250 0.051852
0 0.525000 0.048611 0.017708 0.023148
3 0.855208 0.311111 0.288542 0.494444
3 0.455990 0.559259 0.203646 0.864815
3 0.801562 0.523611 0.395833 0.926852
3 0.554167 0.529167 0.395833 0.923148
3 0.118750 0.344444 0.237500 0.688889
3 0.219531 0.625926 0.439063 0.729630
3 0.494010 0.527778 0.988021 0.924074
3 0.743490 0.528241 0.395313 0.921296
3 0.856510 0.339352 0.285938 0.436111
4 0.854427 0.323148 0.290104 0.379630
4 0.791146 0.523611 0.394792 0.934259
4 0.822656 0.431481 0.353646 0.622222
4 0.206250 0.310185 0.091667 0.359259
4 0.165885 0.593981 0.331771 0.675000
5 0.791406 0.524074 0.393229 0.933333
5 0.402083 0.256019 0.075000 0.032407
5 0.205729 0.311111 0.089583 0.357407
5 0.166146 0.594444 0.332292 0.674074
5 0.814323 0.404167 0.370312 0.676852
5 0.854167 0.323148 0.290625 0.377778
