0 0.522995 0.544979 0.027123 0.077406
0 0.627358 0.438285 0.033019 0.060669
0 0.587264 0.474895 0.035377 0.050209
0 0.143868 0.581590 0.063679 0.075314
0 0.574292 0.445607 0.028302 0.037657
0 0.528302 0.419456 0.025943 0.048117
0 0.692217 0.610879 0.117925 0.246862
0 0.951651 0.922594 0.058962 0.138075
0 0.637972 0.465481 0.028302 0.043933
0 0.881486 0.635983 0.045991 0.062762
0 0.397995 0.606695 0.050708 0.075314
0 0.583137 0.958159 0.029481 0.079498
0 0.446934 0.459205 0.023585 0.039749
0 0.516509 0.516736 0.033019 0.062762
0 0.871462 0.757322 0.040094 0.108787
0 0.579009 0.453975 0.025943 0.041841
0 0.526533 0.404812 0.022406 0.027197
0 0.867335 0.509414 0.048349 0.073222
0 0.622642 0.538703 0.042453 0.119247
0 0.293042 0.433054 0.020047 0.025105
0 0.036557 0.750000 0.040094 0.064854
0 0.836085 0.910042 0.179245 0.167364
0 0.436321 0.424686 0.025943 0.041841
0 0.054245 0.578452 0.021226 0.027197
0 0.957547 0.630753 0.082547 0.115063
0 0.342571 0.729079 0.074292 0.135983
0 0.340802 0.594142 0.058962 0.079498
0 0.613208 0.736402 0.021226 0.096234
0 0.212854 0.754184 0.140330 0.194561
0 0.930425 0.514644 0.035377 0.041841
0 0.535967 0.442469 0.031840 0.039749
0 0.560731 0.396444 0.017689 0.018828
0 0.275943 0.646444 0.016509 0.041841
0 0.875000 0.858787 0.030660 0.064854
0 0.362028 0.463389 0.042453 0.077406
0 0.523585 0.389121 0.018868 0.025105
0 0.235849 0.616109 0.061321 0.077406
0 0.025354 0.915272 0.050708 0.156904
0 0.913325 0.558577 0.024764 0.046025
0 0.590212 0.493724 0.031840 0.062762
0 0.766509 0.596234 0.014151 0.054393
0 0.964033 0.549163 0.069575 0.073222
0 0.806604 0.736402 0.030660 0.079498
0 0.560142 0.569038 0.049528 0.133891
0 0.788915 0.812762 0.023585 0.035565
0 0.531840 0.469665 0.030660 0.052301
0 0.469340 0.361925 0.009434 0.020921
0 0.168042 0.531381 0.038915 0.041841
0 0.586085 0.404812 0.025943 0.048117
0 0.567807 0.435146 0.020047 0.041841
0 0.660377 0.469665 0.049528 0.048117
0 0.741156 0.595188 0.027123 0.102510
0 0.926297 0.817992 0.060142 0.096234
0 0.834906 0.798117 0.028302 0.052301
0 0.517099 0.367155 0.010613 0.018828
1 0.844929 0.586820 0.017689 0.073222
3 0.111439 0.628661 0.222877 0.232218
3 0.806604 0.758368 0.384434 0.462343
3 0.243514 0.646444 0.487028 0.686192
3 0.617335 0.724895 0.331368 0.533473
4 0.134434 0.809623 0.025943 0.037657
4 0.073113 0.896444 0.040094 0.056485
4 0.483491 0.533473 0.030660 0.142259
5 0.134434 0.810669 0.025943 0.035565
5 0.073113 0.896444 0.040094 0.056485
5 0.317217 0.566946 0.058962 0.079498
5 0.307193 0.665272 0.027123 0.037657
5 0.537146 0.602510 0.140330 0.016736
5 0.483491 0.532427 0.030660 0.140167
7 0.502358 0.639121 0.259434 0.060669
