0 0.337731 0.552083 0.026389 0.019271
0 0.375000 0.633984 0.039815 0.046094
0 0.276852 0.593229 0.026852 0.028646
0 0.485880 0.480208 0.037500 0.035417
0 0.601389 0.486458 0.030556 0.029687
0 0.600231 0.460286 0.017130 0.010156
0 0.514352 0.500391 0.055556 0.050781
0 0.973611 0.696745 0.051852 0.027865
0 0.630324 0.480078 0.033796 0.014844
0 0.862963 0.537370 0.025926 0.023177
0 0.395370 0.489583 0.037037 0.026042
0 0.577778 0.472656 0.029630 0.017708
0 0.415972 0.473568 0.028241 0.014323
0 0.550000 0.477083 0.030556 0.016667
0 0.473611 0.452865 0.017593 0.010937
0 0.403704 0.540104 0.065741 0.034896
0 0.064120 0.765104 0.071759 0.069792
0 0.655787 0.597526 0.135648 0.094531
0 0.357176 0.520052 0.050463 0.027083
0 0.986111 0.592057 0.026852 0.048177
0 0.287963 0.733984 0.066667 0.068490
0 0.464583 0.551432 0.031944 0.023177
0 0.912037 0.548958 0.025926 0.023958
0 0.421528 0.797526 0.210648 0.201823
0 0.415046 0.564323 0.025463 0.028125
0 0.908333 0.513542 0.025926 0.022917
0 0.252778 0.652865 0.042593 0.048958
0 0.437037 0.494141 0.039815 0.021094
0 0.559028 0.455990 0.023611 0.010417
0 0.388889 0.509375 0.019444 0.022917
0 0.342361 0.591406 0.030093 0.029167
0 0.633796 0.513411 0.076852 0.059635
0 0.934259 0.689063 0.072222 0.043750
0 0.454398 0.467448 0.033796 0.019271
0 0.453009 0.480729 0.028241 0.018750
0 0.069444 0.946094 0.129630 0.107292
0 0.830324 0.514844 0.017130 0.021875
0 0.983796 0.557552 0.031481 0.023958
0 0.549074 0.536589 0.092593 0.078385
0 0.468519 0.510807 0.018519 0.019531
0 0.429167 0.514583 0.050000 0.031771
0 0.435648 0.464062 0.021296 0.018229
0 0.464815 0.591536 0.094444 0.057552
0 0.564583 0.463672 0.022685 0.014844
0 0.180324 0.780469 0.163426 0.155208
0 0.811806 0.531120 0.020833 0.018490
1 0.871065 0.512760 0.013426 0.024479
1 0.769444 0.530339 0.018519 0.019531
1 0.793750 0.490885 0.011574 0.019271
1 0.833102 0.603125 0.024537 0.043229
1 0.899537 0.610286 0.023148 0.046094
1 0.690278 0.525000 0.014815 0.029167
1 0.815509 0.494271 0.013426 0.021354
1 0.994676 0.521224 0.009722 0.034635
1 0.794213 0.613672 0.018056 0.034115
1 0.766667 0.551823 0.021296 0.029167
1 0.784491 0.489063 0.011574 0.020833
1 0.775000 0.604427 0.033333 0.044271
1 0.804167 0.607682 0.017593 0.048177
1 0.781944 0.520573 0.017593 0.025000
1 0.885648 0.514323 0.016667 0.025000
3 0.303704 0.765234 0.607407 0.464844
3 0.498611 0.742839 0.997222 0.513802
4 0.520833 0.595964 0.010185 0.014844
4 0.715046 0.885286 0.127315 0.228906
4 0.528935 0.625391 0.011574 0.018490
4 0.391435 0.592057 0.009722 0.010677
4 0.348148 0.717318 0.021296 0.028385
4 0.835648 0.813542 0.036111 0.031771
4 0.273148 0.886589 0.050926 0.072656
4 0.247685 0.883073 0.049074 0.069792
4 0.330787 0.714583 0.021759 0.027604
4 0.400694 0.591406 0.011574 0.011458
4 0.150463 0.673568 0.300926 0.234115
4 0.538889 0.664974 0.015741 0.024740
4 0.656250 0.875130 0.091204 0.249219
4 0.590509 0.853646 0.093056 0.292187
4 0.505324 0.533464 0.006944 0.007552
5 0.520833 0.595964 0.010185 0.014844
5 0.174537 0.649349 0.161111 0.128906
5 0.715278 0.885547 0.125926 0.228385
5 0.528935 0.625391 0.011574 0.018490
5 0.014583 0.775130 0.029167 0.029427
5 0.391435 0.592057 0.009722 0.010677
5 0.347685 0.717187 0.020370 0.028125
5 0.835648 0.813542 0.036111 0.031771
5 0.273148 0.886589 0.050926 0.072656
5 0.247685 0.883073 0.049074 0.069792
5 0.330787 0.714583 0.021759 0.027604
5 0.400231 0.591406 0.011574 0.011458
5 0.147917 0.675391 0.295833 0.229948
5 0.538657 0.664974 0.016204 0.024219
5 0.590509 0.853646 0.093056 0.292187
5 0.505324 0.533333 0.006944 0.007812
5 0.656944 0.880599 0.090741 0.238281
