0 0.476953 0.142361 0.050781 0.131944
1 0.767969 0.093750 0.026562 0.059722
1 0.943750 0.908333 0.067187 0.119444
1 0.874609 0.611111 0.046094 0.111111
1 0.685156 0.025000 0.012500 0.050000
1 0.813281 0.328472 0.031250 0.109722
1 0.716797 0.337500 0.022656 0.088889
1 0.706641 0.102778 0.021094 0.047222
1 0.791797 0.319444 0.028906 0.102778
3 0.425000 0.498611 0.626563 0.997222
4 0.421484 0.115972 0.007031 0.020833
4 0.548438 0.120139 0.004687 0.020833
4 0.455078 0.454861 0.008594 0.048611
4 0.679688 0.498611 0.146875 0.997222
4 0.406250 0.197222 0.007812 0.025000
4 0.265234 0.969444 0.017969 0.058333
4 0.489844 0.052083 0.004687 0.018056
4 0.386328 0.304167 0.010156 0.036111
4 0.545703 0.004861 0.003906 0.009722
4 0.359375 0.452778 0.012500 0.047222
4 0.552734 0.311111 0.005469 0.036111
4 0.433203 0.050000 0.005469 0.016667
4 0.556641 0.458333 0.007031 0.050000
4 0.561328 0.674306 0.008594 0.070833
4 0.467969 0.307639 0.007812 0.034722
4 0.437109 0.674306 0.011719 0.076389
4 0.546875 0.054861 0.004687 0.018056
4 0.566797 0.975000 0.008594 0.047222
4 0.335156 0.579167 0.046875 0.241667
4 0.550391 0.202778 0.005469 0.027778
4 0.412500 0.969444 0.012500 0.058333
5 0.455078 0.454861 0.008594 0.048611
5 0.421484 0.115972 0.007031 0.020833
5 0.548438 0.120139 0.004687 0.020833
5 0.679688 0.498611 0.146875 0.997222
5 0.406250 0.197222 0.007812 0.025000
5 0.265234 0.969444 0.017969 0.058333
5 0.489844 0.052083 0.004687 0.018056
5 0.386328 0.304167 0.010156 0.036111
5 0.545703 0.004861 0.003906 0.009722
5 0.359375 0.452778 0.012500 0.047222
5 0.552734 0.311111 0.005469 0.036111
5 0.433203 0.050000 0.005469 0.016667
5 0.562109 0.800000 0.010156 0.322222
5 0.467969 0.307639 0.007812 0.034722
5 0.437109 0.674306 0.011719 0.076389
5 0.546875 0.054861 0.004687 0.018056
5 0.566797 0.975000 0.008594 0.047222
5 0.556641 0.458333 0.007031 0.050000
5 0.337109 0.565972 0.050781 0.268056
5 0.550391 0.202778 0.005469 0.027778
5 0.493359 0.002778 0.003906 0.005556
5 0.412500 0.969444 0.012500 0.058333
