0 0.873821 0.517782 0.051887 0.081590
0 0.589623 0.408996 0.033019 0.060669
0 0.183373 0.523013 0.034198 0.037657
0 0.541274 0.412134 0.011792 0.029289
0 0.743514 0.696653 0.173349 0.313808
0 0.973467 0.554393 0.050708 0.071130
0 0.916863 0.929916 0.057783 0.127615
0 0.485849 0.492678 0.011792 0.031381
0 0.035377 0.661088 0.070755 0.108787
0 0.063090 0.733264 0.041274 0.069038
0 0.384434 0.583682 0.018868 0.071130
0 0.525943 0.494770 0.033019 0.064854
0 0.576651 0.469665 0.030660 0.039749
0 0.524764 0.414226 0.028302 0.029289
0 0.287146 0.434100 0.020047 0.023013
0 0.877948 0.638075 0.041274 0.066946
0 0.525354 0.442469 0.027123 0.035565
0 0.945165 0.639121 0.107311 0.119247
0 0.308962 0.604603 0.080189 0.125523
0 0.442217 0.410042 0.023585 0.037657
0 0.454009 0.434100 0.018868 0.027197
0 0.028302 0.752092 0.040094 0.064854
0 0.682783 0.517782 0.049528 0.081590
0 0.683962 0.532427 0.051887 0.052301
0 0.555425 0.416318 0.018868 0.041841
0 0.373821 0.514644 0.011792 0.041841
0 0.929245 0.792887 0.025943 0.100418
0 0.386792 0.438285 0.033019 0.052301
0 0.311321 0.740586 0.021226 0.050209
0 0.307783 0.523013 0.040094 0.041841
0 0.169811 0.695607 0.115566 0.156904
0 0.087854 0.874477 0.053066 0.117155
0 0.833726 0.515690 0.037736 0.039749
0 0.598467 0.524059 0.038915 0.069038
0 0.543632 0.390167 0.016509 0.018828
0 0.631486 0.457113 0.038915 0.069038
0 0.026533 0.860879 0.048349 0.110879
0 0.583137 0.495816 0.034198 0.058577
0 0.862028 0.713389 0.040094 0.075314
0 0.530071 0.459205 0.031840 0.052301
0 0.622642 0.582636 0.058962 0.140167
0 0.467571 0.347280 0.008255 0.020921
0 0.521816 0.618201 0.048349 0.110879
0 0.512382 0.564854 0.045991 0.075314
0 0.580189 0.692469 0.077830 0.205021
0 0.567807 0.440377 0.024764 0.031381
0 0.644458 0.488494 0.031840 0.056485
0 0.252358 0.910042 0.129717 0.167364
0 0.251179 0.808577 0.028302 0.039749
0 0.512972 0.381799 0.014151 0.023013
1 0.840212 0.584728 0.015330 0.077406
3 0.784788 0.770921 0.428066 0.437238
3 0.239976 0.649582 0.479953 0.684100
3 0.498231 0.666318 0.996462 0.646444
3 0.597288 0.730126 0.595519 0.518828
4 0.447524 0.645397 0.012972 0.035565
4 0.567217 0.527197 0.009434 0.016736
4 0.550708 0.533473 0.009434 0.016736
4 0.255896 0.641213 0.030660 0.039749
4 0.481722 0.523013 0.041274 0.175732
4 0.581958 0.578452 0.008255 0.018828
4 0.362028 0.502092 0.021226 0.025105
4 0.385613 0.655858 0.025943 0.035565
4 0.362618 0.587866 0.008255 0.012552
4 0.494693 0.641213 0.008255 0.031381
4 0.132665 0.806485 0.036557 0.048117
4 0.417453 0.650628 0.018868 0.037657
4 0.337264 0.658996 0.018868 0.029289
4 0.469929 0.558577 0.017689 0.104603
4 0.053656 0.914226 0.015330 0.020921
4 0.478774 0.608787 0.030660 0.008368
4 0.472288 0.642259 0.020047 0.033473
4 0.573703 0.549163 0.008255 0.023013
4 0.359080 0.658996 0.027123 0.037657
5 0.393278 0.650628 0.208726 0.066946
7 0.393278 0.652720 0.208726 0.062762
