0 0.458137 0.468619 0.024764 0.083682
0 0.383844 0.809623 0.123821 0.347280
0 0.481722 0.176778 0.005896 0.018828
0 0.621462 0.466527 0.143868 0.343096
0 0.495873 0.286611 0.010613 0.037657
0 0.372642 0.981172 0.179245 0.025105
0 0.511792 0.164226 0.007075 0.018828
0 0.067217 0.382845 0.028302 0.041841
0 0.455189 0.162134 0.021226 0.035565
0 0.467571 0.187238 0.008255 0.027197
0 0.438679 0.369247 0.021226 0.056485
0 0.393278 0.591004 0.041274 0.089958
0 0.172170 0.239540 0.042453 0.035565
0 0.344929 0.385983 0.017689 0.056485
0 0.199882 0.220711 0.041274 0.043933
0 0.040094 0.315900 0.080189 0.146444
0 0.476415 0.420502 0.018868 0.062762
0 0.581958 0.264644 0.083726 0.131799
0 0.989387 0.339958 0.018868 0.106695
0 0.467571 0.267782 0.012972 0.037657
0 0.490566 0.179916 0.007075 0.025105
0 0.267689 0.957113 0.023585 0.077406
0 0.617335 0.251046 0.038915 0.108787
0 0.469340 0.707113 0.058962 0.146444
1 0.710495 0.196653 0.008255 0.037657
1 0.955189 0.695607 0.042453 0.140167
1 0.886203 0.612971 0.027123 0.075314
1 0.672170 0.371339 0.014151 0.085774
1 0.708137 0.333682 0.017689 0.073222
1 0.692217 0.334728 0.014151 0.071130
1 0.716392 0.390167 0.020047 0.089958
1 0.702241 0.195607 0.010613 0.043933
3 0.431604 0.565900 0.766509 0.847280
3 0.615566 0.566946 0.382075 0.845188
3 0.119104 0.378661 0.238208 0.301255
4 0.057193 0.418410 0.022406 0.020921
4 0.254717 0.581590 0.363208 0.820084
4 0.422170 0.408996 0.007075 0.018828
4 0.119104 0.433054 0.023585 0.025105
5 0.057193 0.418410 0.022406 0.020921
5 0.446344 0.292887 0.005896 0.012552
5 0.404481 0.507322 0.009434 0.027197
5 0.251179 0.592050 0.353774 0.799163
5 0.422170 0.408996 0.007075 0.018828
5 0.517689 0.279289 0.004717 0.014644
5 0.119104 0.433054 0.023585 0.025105
5 0.520047 0.304393 0.004717 0.014644
5 0.526533 0.377615 0.005896 0.027197
5 0.415684 0.524059 0.012972 0.043933
5 0.435142 0.411088 0.007075 0.023013
5 0.511792 0.215481 0.004717 0.012552
5 0.522406 0.337866 0.004717 0.014644
5 0.513561 0.241632 0.003538 0.035565
5 0.515330 0.256276 0.004717 0.014644
