0 0.570833 0.528125 0.025000 0.012500
0 0.573611 0.557813 0.013889 0.012500
0 0.897222 0.911719 0.055556 0.076563
0 0.434722 0.636719 0.175000 0.054688
0 0.504167 0.621094 0.136111 0.039062
0 0.891667 0.717187 0.155556 0.090625
0 0.740278 0.537500 0.019444 0.012500
0 0.570833 0.512500 0.019444 0.012500
0 0.841667 0.421094 0.155556 0.032813
0 0.861111 0.571875 0.022222 0.015625
0 0.815278 0.533594 0.030556 0.017188
0 0.897222 0.571094 0.016667 0.017188
0 0.927778 0.572656 0.016667 0.017188
0 0.077778 0.895312 0.155556 0.075000
0 0.258333 0.764844 0.111111 0.042188
0 0.823611 0.573438 0.019444 0.015625
0 0.350000 0.586719 0.122222 0.023438
0 0.269444 0.615625 0.155556 0.031250
0 0.565278 0.519531 0.019444 0.010937
0 0.951389 0.535937 0.041667 0.015625
0 0.641667 0.672656 0.144444 0.057813
0 0.516667 0.567969 0.083333 0.026562
0 0.413889 0.798438 0.177778 0.106250
0 0.588889 0.876563 0.255556 0.168750
0 0.613889 0.523438 0.022222 0.012500
0 0.719444 0.639844 0.161111 0.039062
0 0.963889 0.571875 0.016667 0.018750
0 0.876389 0.554688 0.041667 0.021875
1 0.258333 0.751563 0.044444 0.053125
1 0.912500 0.885156 0.063889 0.082812
1 0.030556 0.836719 0.061111 0.042188
1 0.195833 0.600781 0.013889 0.014063
1 0.159722 0.645312 0.019444 0.031250
1 0.076389 0.649219 0.030556 0.035937
1 0.570833 0.552344 0.013889 0.014063
1 0.615278 0.994531 0.030556 0.007812
1 0.209722 0.635156 0.030556 0.032813
1 0.077778 0.873437 0.072222 0.065625
3 0.500000 0.765625 0.994444 0.465625
4 0.084722 0.699219 0.019444 0.007812
4 0.144444 0.755469 0.050000 0.010937
4 0.393056 0.958594 0.063889 0.032813
4 0.026389 0.704688 0.052778 0.006250
4 0.619444 0.743750 0.011111 0.012500
4 0.694444 0.727344 0.022222 0.010937
4 0.026389 0.717969 0.030556 0.010937
4 0.058333 0.771094 0.044444 0.010937
4 0.173611 0.670312 0.019444 0.009375
4 0.122222 0.698438 0.050000 0.006250
4 0.793056 0.887500 0.030556 0.025000
4 0.561111 0.725000 0.044444 0.009375
4 0.134722 0.684375 0.025000 0.009375
4 0.218056 0.692187 0.047222 0.006250
4 0.327778 0.721094 0.038889 0.007812
4 0.951389 0.945312 0.041667 0.028125
4 0.155556 0.917969 0.050000 0.035937
4 0.586111 0.771094 0.033333 0.014063
4 0.826389 0.808594 0.013889 0.017188
4 0.473611 0.969531 0.063889 0.029687
4 0.272222 0.693750 0.027778 0.009375
4 0.438889 0.689063 0.022222 0.009375
4 0.151389 0.816406 0.158333 0.039062
4 0.588889 0.707031 0.016667 0.010937
4 0.409722 0.707031 0.041667 0.007812
4 0.491667 0.694531 0.044444 0.007812
4 0.795833 0.803125 0.030556 0.015625
4 0.220833 0.707812 0.025000 0.009375
4 0.719444 0.743750 0.044444 0.009375
4 0.336111 0.862500 0.033333 0.012500
4 0.165278 0.726562 0.036111 0.012500
4 0.036111 0.768750 0.038889 0.012500
4 0.030556 0.967187 0.050000 0.046875
4 0.888889 0.992969 0.027778 0.010937
4 0.484722 0.739062 0.041667 0.009375
4 0.845833 0.775781 0.025000 0.010937
4 0.640278 0.761719 0.041667 0.010937
4 0.675000 0.988281 0.033333 0.020313
4 0.101389 0.746875 0.036111 0.012500
4 0.540278 0.789844 0.069444 0.023438
4 0.641667 0.710156 0.038889 0.007812
4 0.802778 0.754687 0.016667 0.012500
4 0.644444 0.747656 0.027778 0.010937
4 0.131944 0.939063 0.258333 0.118750
4 0.736111 0.834375 0.033333 0.018750
5 0.084722 0.699219 0.019444 0.007812
5 0.394444 0.958594 0.061111 0.032813
5 0.026389 0.705469 0.052778 0.004687
5 0.619444 0.743750 0.011111 0.012500
5 0.773611 0.696094 0.019444 0.007812
5 0.243056 0.671094 0.036111 0.004687
5 0.694444 0.727344 0.022222 0.010937
5 0.026389 0.717969 0.030556 0.010937
5 0.058333 0.771094 0.044444 0.010937
5 0.173611 0.670312 0.019444 0.009375
5 0.122222 0.698438 0.050000 0.006250
5 0.793056 0.887500 0.030556 0.025000
5 0.561111 0.725000 0.044444 0.009375
5 0.134722 0.684375 0.025000 0.009375
5 0.218056 0.692187 0.047222 0.006250
5 0.327778 0.721094 0.038889 0.007812
5 0.951389 0.945312 0.041667 0.028125
5 0.155556 0.917969 0.050000 0.035937
5 0.586111 0.771094 0.033333 0.014063
5 0.826389 0.808594 0.013889 0.017188
5 0.144444 0.755469 0.050000 0.010937
5 0.473611 0.969531 0.063889 0.029687
5 0.406944 0.694531 0.013889 0.010937
5 0.272222 0.693750 0.027778 0.009375
5 0.440278 0.689063 0.019444 0.009375
5 0.151389 0.816406 0.158333 0.039062
5 0.588889 0.707031 0.016667 0.010937
5 0.409722 0.707031 0.041667 0.007812
5 0.480556 0.675000 0.033333 0.009375
5 0.491667 0.694531 0.044444 0.007812
5 0.795833 0.803125 0.030556 0.015625
5 0.219444 0.707812 0.027778 0.009375
5 0.719444 0.743750 0.044444 0.009375
5 0.398611 0.703906 0.025000 0.010937
5 0.336111 0.862500 0.033333 0.012500
5 0.312500 0.685937 0.041667 0.006250
5 0.350000 0.668750 0.022222 0.009375
5 0.537500 0.679688 0.019444 0.006250
5 0.165278 0.726562 0.036111 0.012500
5 0.036111 0.768750 0.038889 0.012500
5 0.030556 0.967969 0.050000 0.045312
5 0.486111 0.739062 0.038889 0.009375
5 0.845833 0.775781 0.025000 0.010937
5 0.640278 0.761719 0.041667 0.010937
5 0.888889 0.992969 0.027778 0.010937
5 0.675000 0.988281 0.033333 0.020313
5 0.101389 0.746875 0.036111 0.012500
5 0.540278 0.789844 0.069444 0.023438
5 0.095833 0.680469 0.041667 0.004687
5 0.641667 0.710156 0.038889 0.007812
5 0.802778 0.754687 0.016667 0.012500
5 0.644444 0.747656 0.027778 0.010937
5 0.131944 0.939063 0.258333 0.118750
5 0.736111 0.834375 0.033333 0.018750
5 0.405556 0.685156 0.050000 0.020313
