0 0.264062 0.536806 0.137500 0.440278
1 0.883203 0.674306 0.055469 0.076389
1 0.816406 0.262500 0.020313 0.063889
1 0.832422 0.243750 0.005469 0.026389
1 0.752344 0.436111 0.029687 0.083333
1 0.685156 0.025000 0.012500 0.050000
1 0.773438 0.252778 0.017188 0.044444
1 0.826172 0.439583 0.035156 0.101389
3 0.291406 0.500000 0.360938 0.994444
3 0.425781 0.499306 0.625000 0.998611
4 0.455078 0.455556 0.008594 0.050000
4 0.544922 0.004861 0.003906 0.009722
4 0.437109 0.674306 0.011719 0.076389
4 0.483594 0.118056 0.004687 0.022222
4 0.547656 0.120139 0.004687 0.020833
4 0.421094 0.115972 0.006250 0.020833
4 0.476562 0.200000 0.006250 0.027778
4 0.679297 0.499306 0.147656 0.998611
4 0.489063 0.052083 0.004687 0.018056
4 0.265234 0.970139 0.017969 0.056944
4 0.358984 0.453472 0.013281 0.045833
4 0.552734 0.311111 0.005469 0.036111
4 0.432812 0.050000 0.004687 0.016667
4 0.476172 0.198611 0.147656 0.027778
4 0.385937 0.304861 0.009375 0.034722
4 0.556641 0.457639 0.007031 0.051389
4 0.561328 0.675000 0.008594 0.072222
4 0.567187 0.975000 0.009375 0.047222
4 0.467578 0.308333 0.007031 0.036111
4 0.337109 0.565972 0.050781 0.268056
4 0.549609 0.202778 0.005469 0.027778
4 0.546484 0.054861 0.003906 0.018056
4 0.412500 0.970139 0.012500 0.056944
5 0.455078 0.455556 0.008594 0.050000
5 0.544922 0.004861 0.003906 0.009722
5 0.437109 0.674306 0.011719 0.076389
5 0.483594 0.118056 0.004687 0.022222
5 0.547656 0.120139 0.004687 0.020833
5 0.774609 0.033333 0.028906 0.066667
5 0.421094 0.115972 0.006250 0.020833
5 0.385937 0.304861 0.009375 0.034722
5 0.476562 0.200694 0.006250 0.026389
5 0.679297 0.498611 0.147656 0.997222
5 0.489063 0.052083 0.004687 0.018056
5 0.265234 0.970139 0.017969 0.056944
5 0.493359 0.002778 0.003906 0.005556
5 0.358984 0.452778 0.013281 0.047222
5 0.552734 0.311111 0.005469 0.036111
5 0.432812 0.050000 0.004687 0.016667
5 0.476172 0.198611 0.147656 0.027778
5 0.561328 0.800000 0.008594 0.322222
5 0.567187 0.975000 0.009375 0.047222
5 0.467578 0.308333 0.007031 0.036111
5 0.556250 0.457639 0.007812 0.051389
5 0.337109 0.565972 0.050781 0.268056
5 0.550000 0.202778 0.004687 0.027778
5 0.546484 0.054861 0.003906 0.018056
5 0.412500 0.970139 0.012500 0.056944
