0 0.210156 0.965741 0.109896 0.053704
0 0.501302 0.404167 0.057813 0.052778
0 0.500521 0.480093 0.067708 0.108333
0 0.751042 0.075463 0.023958 0.030556
0 0.631510 0.317130 0.036979 0.047222
0 0.121615 0.320370 0.042188 0.059259
0 0.567969 0.267130 0.035937 0.037963
0 0.547656 0.074074 0.019271 0.027778
0 0.009635 0.347685 0.019271 0.058333
0 0.766927 0.055556 0.016146 0.024074
0 0.477344 0.054167 0.015104 0.015741
0 0.555990 0.037963 0.032813 0.048148
0 0.555208 0.150463 0.022917 0.028704
0 0.813021 0.798148 0.104167 0.131481
0 0.399479 0.051389 0.015625 0.023148
0 0.822656 0.179167 0.021354 0.032407
0 0.617969 0.608796 0.079687 0.195370
0 0.901302 0.275926 0.035937 0.046296
0 0.385156 0.235648 0.017188 0.054630
0 0.448958 0.906944 0.123958 0.169444
0 0.091667 0.470833 0.045833 0.065741
0 0.370312 0.318519 0.033333 0.046296
0 0.500000 0.368981 0.045833 0.047222
0 0.777865 0.659259 0.094271 0.148148
0 0.579688 0.342593 0.067708 0.183333
0 0.658594 0.443519 0.024479 0.066667
0 0.391927 0.079167 0.017188 0.021296
0 0.857552 0.301852 0.033854 0.037037
0 0.431250 0.339815 0.051042 0.066667
0 0.515625 0.206481 0.035417 0.105556
0 0.430469 0.318056 0.049479 0.025000
0 0.353906 0.262963 0.031771 0.042593
0 0.974219 0.351852 0.039062 0.050000
0 0.884896 0.317593 0.036458 0.057407
0 0.928125 0.308333 0.036458 0.051852
0 0.763281 0.160648 0.018229 0.043519
0 0.402604 0.407870 0.044792 0.067593
0 0.488281 0.648611 0.083854 0.125000
0 0.239323 0.606481 0.068229 0.114815
0 0.519531 0.065741 0.019271 0.035185
0 0.552604 0.100926 0.020833 0.042593
0 0.436198 0.364815 0.049479 0.079630
0 0.407292 0.470370 0.052083 0.070370
0 0.800000 0.134259 0.017708 0.029630
0 0.921615 0.240278 0.024479 0.039815
0 0.350260 0.278241 0.030729 0.041667
0 0.675000 0.968519 0.097917 0.048148
0 0.470573 0.266667 0.031771 0.048148
0 0.584375 0.054167 0.015625 0.021296
0 0.570052 0.046296 0.013021 0.014815
0 0.295052 0.526852 0.060937 0.081481
0 0.594010 0.134722 0.024479 0.041667
0 0.719531 0.048148 0.017188 0.018519
0 0.694271 0.461574 0.064583 0.104630
0 0.520833 0.172222 0.027083 0.042593
0 0.855729 0.375000 0.048958 0.072222
0 0.743490 0.048611 0.020313 0.019444
0 0.415625 0.246759 0.044792 0.117593
0 0.449740 0.588426 0.072396 0.106481
0 0.358333 0.355556 0.035417 0.053704
0 0.054688 0.524074 0.058333 0.075926
0 0.049219 0.909722 0.098437 0.169444
0 0.810677 0.162037 0.026562 0.033333
0 0.119271 0.007870 0.044792 0.015741
0 0.846615 0.154630 0.017188 0.033333
0 0.855208 0.282870 0.030208 0.037963
0 0.498698 0.043056 0.017188 0.028704
0 0.754427 0.130556 0.022396 0.027778
0 0.517448 0.082870 0.019271 0.037963
0 0.599219 0.478241 0.055729 0.075000
0 0.553125 0.051389 0.020833 0.025000
0 0.335156 0.432870 0.047396 0.063889
0 0.521875 0.281481 0.031250 0.042593
0 0.475521 0.832870 0.114583 0.147222
0 0.495052 0.497222 0.070312 0.098148
0 0.093490 0.164352 0.042188 0.060185
0 0.582812 0.072222 0.018750 0.022222
0 0.634896 0.746759 0.096875 0.128704
0 0.660417 0.387500 0.043750 0.069444
0 0.610156 0.046759 0.017188 0.015741
0 0.774740 0.178704 0.026562 0.033333
0 0.848698 0.218981 0.022396 0.037963
0 0.524479 0.036111 0.019792 0.040741
0 0.307812 0.725926 0.103125 0.151852
0 0.483594 0.090278 0.021354 0.032407
0 0.721354 0.567130 0.069792 0.089815
0 0.519531 0.050463 0.019271 0.025000
3 0.855729 0.309259 0.287500 0.494444
3 0.302344 0.566667 0.448437 0.846296
3 0.808073 0.554167 0.382812 0.867593
3 0.649219 0.525463 0.219271 0.932407
3 0.409635 0.086111 0.094271 0.051852
3 0.117188 0.343056 0.234375 0.686111
3 0.257292 0.633333 0.400000 0.712963
3 0.515625 0.554630 0.877083 0.872222
3 0.768750 0.555093 0.348958 0.871296
3 0.454948 0.554630 0.198437 0.872222
3 0.855990 0.339815 0.286979 0.435185
4 0.822917 0.313889 0.353125 0.396296
4 0.803385 0.526389 0.392188 0.928704
4 0.201042 0.320370 0.102083 0.381481
4 0.196354 0.543519 0.269792 0.579630
5 0.798698 0.527315 0.382812 0.926852
5 0.821615 0.428241 0.355729 0.625000
5 0.227604 0.828704 0.010417 0.014815
5 0.181771 0.928704 0.013542 0.018519
5 0.366146 0.923611 0.010417 0.017593
5 0.552604 0.981019 0.009375 0.019444
5 0.207031 0.875926 0.011979 0.016667
5 0.200781 0.320370 0.101562 0.381481
5 0.196094 0.543981 0.270313 0.580556
5 0.757552 0.975000 0.011979 0.020370
5 0.854427 0.314352 0.290104 0.395370
5 0.351562 0.981944 0.011458 0.019444
