0 0.372642 0.959205 0.186321 0.069038
0 0.765330 0.221757 0.063679 0.104603
0 0.458137 0.426778 0.022406 0.075314
0 0.043042 0.255230 0.069575 0.112971
0 0.477594 0.130753 0.007075 0.018828
0 0.643278 0.496862 0.173349 0.416318
0 0.433373 0.300209 0.017689 0.056485
0 0.468750 0.177824 0.010613 0.041841
0 0.018868 0.414226 0.037736 0.075314
0 0.432193 0.134937 0.008255 0.023013
0 0.488797 0.484310 0.031840 0.098326
0 0.461085 0.624477 0.040094 0.127615
0 0.385024 0.763598 0.123821 0.338912
0 0.487028 0.152720 0.009434 0.025105
0 0.169222 0.189331 0.043632 0.031381
0 0.449882 0.195607 0.036557 0.064854
0 0.198703 0.177824 0.041274 0.041841
0 0.450472 0.129707 0.009434 0.025105
0 0.511203 0.216527 0.010613 0.035565
0 0.606132 0.238494 0.096698 0.125523
0 0.989976 0.299163 0.017689 0.104603
0 0.507665 0.756276 0.048349 0.148536
0 0.474057 0.365063 0.028302 0.194561
0 0.613797 0.177824 0.031840 0.046025
1 0.839623 0.231172 0.009434 0.052301
1 0.725236 0.164226 0.009434 0.048117
1 0.692217 0.286611 0.016509 0.058577
1 0.711085 0.347280 0.021226 0.083682
1 0.711085 0.283473 0.016509 0.056485
1 0.663915 0.328452 0.023585 0.079498
1 0.695755 0.339958 0.014151 0.081590
3 0.835495 0.367155 0.326651 0.462343
3 0.117335 0.334728 0.234670 0.301255
3 0.455778 0.539749 0.847877 0.899582
4 0.058373 0.374477 0.029481 0.025105
4 0.422170 0.367155 0.007075 0.023013
4 0.262382 0.538703 0.406840 0.905858
4 0.401533 0.471757 0.012972 0.039749
4 0.243514 0.571130 0.366745 0.841004
4 0.117335 0.392259 0.022406 0.027197
4 0.435142 0.368201 0.007075 0.020921
4 0.417453 0.475941 0.009434 0.035565
4 0.526533 0.334728 0.005896 0.029289
5 0.520047 0.264644 0.004717 0.056485
5 0.058373 0.374477 0.027123 0.025105
5 0.422170 0.367155 0.007075 0.023013
5 0.401533 0.471757 0.012972 0.039749
5 0.261792 0.539749 0.403302 0.903766
5 0.575472 0.926778 0.011792 0.129707
5 0.117335 0.392259 0.022406 0.027197
5 0.526533 0.335774 0.005896 0.027197
5 0.435142 0.368201 0.007075 0.020921
5 0.417453 0.475941 0.009434 0.035565
5 0.523585 0.297071 0.004717 0.016736
