0 0.472454 0.520703 0.023611 0.024219
0 0.387269 0.509245 0.038426 0.023698
0 0.505324 0.466667 0.020833 0.011458
0 0.645370 0.478906 0.032407 0.013021
0 0.950231 0.694661 0.098611 0.043490
0 0.853472 0.551172 0.075463 0.035677
0 0.427083 0.503646 0.018056 0.013542
0 0.310648 0.586198 0.027778 0.029167
0 0.515278 0.510938 0.066667 0.047917
0 0.143519 0.826302 0.087037 0.095833
0 0.450000 0.495443 0.027778 0.021094
0 0.884028 0.569010 0.031019 0.039062
0 0.415046 0.527604 0.056944 0.037500
0 0.604167 0.733333 0.051852 0.069271
0 0.469213 0.470052 0.019907 0.012500
0 0.302083 0.701693 0.157870 0.109115
0 0.502315 0.475260 0.026852 0.015625
0 0.401852 0.489453 0.033333 0.017969
0 0.353009 0.565885 0.025463 0.029687
0 0.584028 0.476693 0.025463 0.016406
0 0.676852 0.550260 0.109259 0.084896
0 0.456713 0.479948 0.037500 0.020833
0 0.937269 0.694271 0.072685 0.043750
0 0.442130 0.549089 0.025000 0.021615
0 0.365972 0.520182 0.050463 0.027865
0 0.243287 0.621875 0.122685 0.066667
0 0.559491 0.504297 0.019907 0.014844
0 0.778704 0.504297 0.019444 0.021094
0 0.607407 0.480990 0.029630 0.014063
0 0.530324 0.557813 0.133796 0.092188
0 0.560880 0.459505 0.022685 0.008073
0 0.661574 0.607161 0.136111 0.097656
0 0.484028 0.495182 0.048611 0.036198
0 0.429630 0.471615 0.018519 0.014583
0 0.398148 0.582161 0.097222 0.072656
0 0.553009 0.480859 0.030093 0.014844
0 0.568519 0.794922 0.062037 0.069010
0 0.639815 0.487109 0.038889 0.021094
0 0.609722 0.497005 0.043519 0.021094
0 0.613889 0.468099 0.021296 0.013802
0 0.257176 0.965885 0.134722 0.067708
0 0.487037 0.459115 0.018519 0.010417
1 0.808102 0.499740 0.012500 0.024479
1 0.819213 0.501953 0.011574 0.020052
1 0.923611 0.530078 0.008333 0.025781
1 0.831944 0.500651 0.013889 0.022656
1 0.735880 0.527214 0.017130 0.021615
1 0.870833 0.523828 0.013889 0.019010
1 0.882407 0.634115 0.037963 0.060417
1 0.914120 0.554948 0.028241 0.020313
1 0.961574 0.556120 0.021296 0.018490
1 0.950000 0.554427 0.015741 0.022396
1 0.743750 0.615365 0.026389 0.048438
1 0.996296 0.526432 0.006481 0.034115
1 0.787500 0.489714 0.011111 0.019010
1 0.574306 0.685547 0.017130 0.021615
1 0.847917 0.505469 0.014352 0.025521
1 0.795139 0.540365 0.022685 0.023438
1 0.916898 0.641406 0.019907 0.040104
1 0.912500 0.529818 0.013889 0.025260
1 0.752546 0.544531 0.020833 0.030208
1 0.658102 0.469531 0.008796 0.014063
1 0.972685 0.551953 0.018519 0.027865
1 0.786806 0.556380 0.021759 0.032031
1 0.805093 0.619922 0.018519 0.036198
1 0.725231 0.614062 0.017130 0.040104
1 0.796759 0.499349 0.012037 0.023698
1 0.806250 0.602344 0.022685 0.028125
1 0.533796 0.743880 0.029630 0.071615
3 0.768287 0.743750 0.457870 0.511979
3 0.305324 0.766797 0.610648 0.462240
3 0.498148 0.746094 0.996296 0.507292
4 0.371065 0.641016 0.015278 0.015365
4 0.303472 0.560026 0.073611 0.055990
4 0.716204 0.888802 0.120370 0.221875
4 0.838657 0.819661 0.035648 0.032552
4 0.283333 0.874870 0.030556 0.039323
4 0.790509 0.713932 0.026389 0.028385
4 0.657870 0.886719 0.087037 0.226042
4 0.249306 0.885417 0.047685 0.064583
4 0.383102 0.641797 0.014352 0.016406
4 0.091204 0.722656 0.182407 0.143750
4 0.541204 0.669661 0.014815 0.024740
4 0.605324 0.913281 0.061574 0.172917
4 0.531019 0.629297 0.012037 0.019010
5 0.716435 0.889062 0.119907 0.221354
5 0.371065 0.641016 0.015278 0.015365
5 0.303704 0.559766 0.073148 0.055469
5 0.283333 0.874740 0.030556 0.039062
5 0.658102 0.887240 0.086574 0.225000
5 0.383102 0.641797 0.014352 0.016406
5 0.838657 0.819661 0.035648 0.032552
5 0.091204 0.722526 0.182407 0.144010
5 0.541204 0.669661 0.014815 0.024740
5 0.605324 0.913411 0.061574 0.172656
5 0.531019 0.629297 0.012037 0.019010
5 0.249306 0.885417 0.047685 0.064583
5 0.790509 0.713932 0.026389 0.028385
