0 0.883333 0.603906 0.061111 0.023438
0 0.944444 0.533594 0.050000 0.017188
0 0.604167 0.545312 0.041667 0.021875
0 0.872222 0.550000 0.038889 0.021875
0 0.222222 0.643750 0.050000 0.025000
0 0.525000 0.619531 0.161111 0.032813
0 0.597222 0.509375 0.016667 0.009375
0 0.013889 0.842969 0.027778 0.048438
0 0.275000 0.628906 0.033333 0.020313
0 0.816667 0.843750 0.233333 0.162500
0 0.101389 0.653125 0.069444 0.028125
0 0.373611 0.835156 0.041667 0.051562
0 0.972222 0.568750 0.050000 0.021875
0 0.588889 0.671875 0.155556 0.071875
0 0.920833 0.568750 0.019444 0.015625
0 0.090278 0.893750 0.158333 0.068750
0 0.159722 0.644531 0.069444 0.026562
0 0.551389 0.563281 0.058333 0.020313
0 0.854167 0.566406 0.019444 0.017188
0 0.726389 0.639062 0.158333 0.050000
0 0.936111 0.682031 0.122222 0.057813
0 0.044444 0.676562 0.061111 0.031250
0 0.972222 0.597656 0.050000 0.020313
0 0.683333 0.673438 0.038889 0.037500
0 0.647222 0.621094 0.033333 0.023438
0 0.562500 0.519531 0.019444 0.010937
0 0.975000 0.569531 0.044444 0.023438
0 0.743056 0.739844 0.136111 0.089063
0 0.084722 0.836719 0.108333 0.054688
0 0.816667 0.569531 0.016667 0.017188
0 0.808333 0.529687 0.027778 0.018750
0 0.102778 0.962500 0.205556 0.071875
1 0.369444 0.790625 0.044444 0.040625
1 0.369444 0.807813 0.044444 0.075000
1 0.636111 0.608594 0.011111 0.020313
1 0.226389 0.632812 0.030556 0.028125
1 0.886111 0.592969 0.016667 0.017188
1 0.069444 0.639844 0.016667 0.020313
1 0.966667 0.587500 0.011111 0.015625
1 0.669444 0.657813 0.038889 0.040625
1 0.080556 0.820312 0.038889 0.046875
1 0.155556 0.634375 0.033333 0.028125
1 0.543056 0.599219 0.013889 0.007812
1 0.887500 0.561719 0.013889 0.017188
1 0.651389 0.608594 0.025000 0.020313
1 0.277778 0.617969 0.027778 0.026562
1 0.091667 0.639844 0.027778 0.020313
1 0.037500 0.649219 0.047222 0.035937
1 0.647222 0.611719 0.033333 0.026562
1 0.598611 0.530469 0.008333 0.007812
1 0.080556 0.883594 0.066667 0.070312
3 0.498611 0.761719 0.997222 0.473438
4 0.079167 0.698438 0.019444 0.006250
4 0.638889 0.743750 0.033333 0.012500
4 0.558333 0.721875 0.038889 0.009375
4 0.116667 0.697656 0.055556 0.004687
4 0.486111 0.692187 0.044444 0.009375
4 0.612500 0.739844 0.013889 0.010937
4 0.658333 0.867969 0.044444 0.020313
4 0.880556 0.989844 0.033333 0.017188
4 0.884722 0.748437 0.025000 0.012500
4 0.401389 0.753906 0.030556 0.007812
4 0.343056 0.665625 0.025000 0.009375
4 0.019444 0.716406 0.033333 0.010937
4 0.400000 0.676562 0.044444 0.006250
4 0.609722 0.789062 0.013889 0.015625
4 0.323611 0.718750 0.041667 0.009375
4 0.212500 0.690625 0.047222 0.006250
4 0.129167 0.682813 0.025000 0.009375
4 0.948611 0.939844 0.041667 0.029687
4 0.300000 0.777344 0.050000 0.014063
4 0.919444 0.728125 0.022222 0.012500
4 0.472222 0.964844 0.066667 0.032813
4 0.545833 0.857031 0.036111 0.023438
4 0.402778 0.692969 0.016667 0.010937
4 0.177778 0.807031 0.100000 0.026562
4 0.263889 0.691406 0.027778 0.007812
4 0.029167 0.767188 0.041667 0.012500
4 0.459722 0.657031 0.019444 0.004687
4 0.158333 0.725000 0.038889 0.012500
4 0.231944 0.734375 0.052778 0.012500
4 0.669444 0.985938 0.038889 0.025000
4 0.404167 0.704688 0.041667 0.009375
4 0.095833 0.746094 0.036111 0.010937
4 0.215278 0.706250 0.030556 0.009375
4 0.634722 0.758594 0.041667 0.010937
4 0.390278 0.955469 0.063889 0.032813
4 0.413889 0.771094 0.016667 0.014063
4 0.434722 0.686719 0.019444 0.007812
4 0.054167 0.769531 0.047222 0.010937
4 0.470833 0.801562 0.052778 0.015625
4 0.579167 0.767969 0.036111 0.014063
4 0.430556 0.725781 0.011111 0.010937
4 0.716667 0.835156 0.022222 0.010937
4 0.476389 0.737500 0.047222 0.009375
4 0.305556 0.678125 0.022222 0.009375
4 0.441667 0.819531 0.044444 0.017188
4 0.166667 0.669531 0.022222 0.010937
4 0.138889 0.753125 0.050000 0.009375
4 0.572222 0.912500 0.050000 0.025000
4 0.337500 0.857031 0.036111 0.014063
4 0.336111 0.831250 0.027778 0.018750
5 0.079167 0.698438 0.019444 0.006250
5 0.637500 0.743750 0.030556 0.012500
5 0.558333 0.721875 0.038889 0.009375
5 0.116667 0.697656 0.055556 0.004687
5 0.486111 0.692187 0.044444 0.009375
5 0.612500 0.739844 0.013889 0.010937
5 0.237500 0.669531 0.036111 0.004687
5 0.658333 0.867969 0.044444 0.020313
5 0.880556 0.989844 0.033333 0.017188
5 0.884722 0.748437 0.025000 0.012500
5 0.401389 0.753906 0.030556 0.007812
5 0.343056 0.665625 0.025000 0.009375
5 0.019444 0.716406 0.033333 0.010937
5 0.095833 0.746094 0.036111 0.010937
5 0.312500 0.646875 0.047222 0.006250
5 0.398611 0.676562 0.041667 0.006250
5 0.430556 0.725781 0.011111 0.010937
5 0.308333 0.683594 0.038889 0.007812
5 0.323611 0.718750 0.041667 0.009375
5 0.212500 0.691406 0.047222 0.004687
5 0.129167 0.682813 0.025000 0.009375
5 0.948611 0.939844 0.041667 0.029687
5 0.300000 0.777344 0.050000 0.014063
5 0.769444 0.690625 0.016667 0.009375
5 0.919444 0.728906 0.022222 0.010937
5 0.472222 0.964844 0.066667 0.032813
5 0.545833 0.857031 0.036111 0.023438
5 0.176389 0.806250 0.097222 0.025000
5 0.265278 0.691406 0.025000 0.007812
5 0.459722 0.657031 0.019444 0.004687
5 0.158333 0.725781 0.038889 0.010937
5 0.231944 0.734375 0.052778 0.012500
5 0.669444 0.985938 0.038889 0.025000
5 0.404167 0.704688 0.041667 0.009375
5 0.215278 0.707031 0.030556 0.007812
5 0.634722 0.757812 0.041667 0.009375
5 0.390278 0.955469 0.063889 0.032813
5 0.413889 0.771094 0.016667 0.014063
5 0.434722 0.686719 0.019444 0.007812
5 0.945833 0.711719 0.013889 0.007812
5 0.029167 0.767188 0.041667 0.012500
5 0.052778 0.769531 0.044444 0.010937
5 0.470833 0.801562 0.052778 0.015625
5 0.579167 0.767969 0.036111 0.014063
5 0.716667 0.835156 0.022222 0.010937
5 0.534722 0.786719 0.075000 0.023438
5 0.173611 0.672656 0.041667 0.010937
5 0.476389 0.737500 0.047222 0.009375
5 0.305556 0.678125 0.022222 0.009375
5 0.441667 0.819531 0.044444 0.017188
5 0.166667 0.668750 0.022222 0.009375
5 0.609722 0.789062 0.013889 0.015625
5 0.138889 0.753125 0.050000 0.009375
5 0.572222 0.912500 0.050000 0.025000
5 0.320833 0.664062 0.036111 0.006250
5 0.336111 0.831250 0.027778 0.018750
5 0.379167 0.653906 0.013889 0.004687
