0 0.575781 0.351852 0.041146 0.053704
0 0.229948 0.632407 0.071354 0.100000
0 0.627604 0.307870 0.037500 0.054630
0 0.597917 0.156944 0.025000 0.036111
0 0.558594 0.149537 0.034896 0.093519
0 0.575000 0.048148 0.017708 0.014815
0 0.605469 0.191204 0.024479 0.039815
0 0.717969 0.048148 0.016146 0.016667
0 0.529427 0.034259 0.020313 0.038889
0 0.567448 0.221759 0.026562 0.037963
0 0.752344 0.881019 0.255729 0.225000
0 0.407813 0.037037 0.023958 0.042593
0 0.747917 0.118519 0.023958 0.037037
0 0.834115 0.206944 0.026562 0.036111
0 0.446094 0.318519 0.026562 0.048148
0 0.484896 0.042593 0.014583 0.025926
0 0.642969 0.163426 0.022396 0.028704
0 0.075781 0.360185 0.045312 0.062963
0 0.423958 0.409259 0.141667 0.316667
0 0.514583 0.093981 0.027083 0.065741
0 0.750521 0.071759 0.017708 0.026852
0 0.484115 0.244907 0.028646 0.041667
0 0.381771 0.224074 0.023958 0.025926
0 0.011458 0.280556 0.022917 0.066667
0 0.977865 0.296759 0.038021 0.054630
0 0.770312 0.098611 0.023958 0.037963
0 0.887240 0.213426 0.025521 0.034259
0 0.602083 0.531944 0.063542 0.093519
0 0.516667 0.146296 0.025000 0.038889
0 0.486458 0.273148 0.034375 0.048148
0 0.308594 0.228241 0.035937 0.036111
0 0.432031 0.330556 0.043229 0.066667
0 0.554427 0.047222 0.022396 0.018519
0 0.505469 0.237500 0.026562 0.047222
0 0.718750 0.152778 0.019792 0.037037
0 0.559115 0.047222 0.017188 0.016667
0 0.588542 0.088889 0.020833 0.025926
0 0.311719 0.506481 0.054688 0.074074
0 0.738542 0.102315 0.018750 0.036111
0 0.399479 0.971759 0.108333 0.041667
0 0.419010 0.250463 0.050521 0.121296
0 0.366667 0.317593 0.063542 0.162963
0 0.994531 0.262037 0.009896 0.038889
0 0.033333 0.413889 0.059375 0.124074
0 0.063542 0.831944 0.127083 0.197222
0 0.939063 0.976389 0.104167 0.036111
0 0.575000 0.243519 0.030208 0.048148
0 0.793750 0.139352 0.021875 0.030556
0 0.779427 0.071296 0.018229 0.022222
0 0.497656 0.046296 0.017188 0.031481
0 0.921875 0.202315 0.025000 0.034259
0 0.587240 0.395833 0.051562 0.078704
0 0.646354 0.741667 0.093750 0.124074
0 0.335938 0.461574 0.045833 0.065741
0 0.521354 0.225463 0.022917 0.041667
0 0.604427 0.458796 0.072396 0.099074
0 0.545312 0.195833 0.030208 0.045370
0 0.508333 0.043056 0.010417 0.021296
0 0.502865 0.486574 0.072396 0.137963
0 0.066927 0.009722 0.128646 0.019444
0 0.613281 0.598148 0.069271 0.090741
0 0.553125 0.092593 0.020833 0.031481
0 0.159115 0.725463 0.086979 0.119444
0 0.781510 0.115278 0.016146 0.032407
0 0.616146 0.212963 0.030208 0.044444
0 0.293229 0.815741 0.135417 0.248148
0 0.652604 0.367593 0.052083 0.075926
3 0.856510 0.339352 0.285938 0.437963
3 0.319010 0.565278 0.346354 0.850926
3 0.807292 0.543981 0.384375 0.850926
3 0.175521 0.627778 0.351042 0.725926
3 0.410938 0.084259 0.095833 0.050000
3 0.117188 0.344444 0.234375 0.683333
3 0.231771 0.621296 0.463542 0.737037
3 0.462760 0.555093 0.925521 0.871296
3 0.463542 0.530556 0.185417 0.920370
3 0.866667 0.339352 0.265625 0.434259
4 0.813802 0.286574 0.371354 0.452778
4 0.784375 0.508796 0.379167 0.904630
4 0.814323 0.403241 0.370312 0.678704
4 0.259896 0.457407 0.172917 0.412963
5 0.823438 0.315278 0.352083 0.395370
5 0.784635 0.509259 0.378646 0.901852
5 0.813021 0.401389 0.372917 0.682407
5 0.180208 0.319907 0.056250 0.380556
5 0.154427 0.986574 0.011979 0.012037
5 0.259375 0.457870 0.171875 0.413889
