0 0.530078 0.375000 0.021094 0.086111
1 0.851172 0.270833 0.028906 0.086111
1 0.732422 0.110417 0.021094 0.051389
1 0.683984 0.029167 0.013281 0.058333
1 0.846875 0.526389 0.042188 0.105556
1 0.821484 0.054861 0.032031 0.079167
1 0.795703 0.560417 0.030469 0.087500
1 0.810547 0.329861 0.027344 0.098611
3 0.425781 0.497917 0.625000 0.995833
4 0.454297 0.454167 0.008594 0.050000
4 0.358594 0.452778 0.012500 0.047222
4 0.482812 0.115972 0.004687 0.020833
4 0.544141 0.004167 0.003906 0.008333
4 0.419922 0.115278 0.007031 0.022222
4 0.546875 0.118750 0.004687 0.020833
4 0.385156 0.304861 0.009375 0.034722
4 0.678906 0.497917 0.148438 0.995833
4 0.488281 0.050694 0.004687 0.018056
4 0.560937 0.672917 0.007812 0.070833
4 0.265625 0.969444 0.017188 0.058333
4 0.466797 0.307639 0.007031 0.034722
4 0.475781 0.199306 0.006250 0.026389
4 0.548828 0.201389 0.005469 0.027778
4 0.431641 0.049306 0.005469 0.015278
4 0.405078 0.197222 0.008594 0.025000
4 0.555859 0.456944 0.007031 0.050000
4 0.437109 0.674306 0.011719 0.076389
4 0.567187 0.974306 0.009375 0.048611
4 0.320312 0.665972 0.017188 0.068056
4 0.551562 0.309722 0.006250 0.036111
4 0.545312 0.052778 0.004687 0.019444
4 0.413281 0.969444 0.012500 0.058333
5 0.454297 0.454167 0.008594 0.050000
5 0.358594 0.452778 0.012500 0.047222
5 0.482812 0.115972 0.004687 0.020833
5 0.466797 0.307639 0.007031 0.034722
5 0.419922 0.115278 0.007031 0.022222
5 0.546875 0.118750 0.004687 0.020833
5 0.385156 0.304861 0.009375 0.034722
5 0.678906 0.497917 0.148438 0.995833
5 0.488281 0.050694 0.004687 0.018056
5 0.562109 0.795139 0.010156 0.315278
5 0.265625 0.969444 0.017188 0.058333
5 0.475781 0.199306 0.006250 0.026389
5 0.548828 0.201389 0.005469 0.027778
5 0.431641 0.049306 0.005469 0.015278
5 0.405078 0.196528 0.008594 0.023611
5 0.555859 0.456944 0.007031 0.050000
5 0.437109 0.673611 0.011719 0.075000
5 0.544141 0.003472 0.003906 0.006944
5 0.567187 0.974306 0.009375 0.048611
5 0.337109 0.565972 0.050781 0.268056
5 0.551562 0.309722 0.006250 0.036111
5 0.545312 0.053472 0.004687 0.018056
5 0.413281 0.969444 0.012500 0.058333
