0 0.535967 0.526151 0.043632 0.077406
0 0.331958 0.601464 0.015330 0.039749
0 0.645637 0.461297 0.036557 0.077406
0 0.513561 0.653766 0.064858 0.115063
0 0.527123 0.413180 0.030660 0.031381
0 0.560142 0.405858 0.016509 0.037657
0 0.958726 0.506276 0.066038 0.066946
0 0.533608 0.462343 0.034198 0.050209
0 0.862028 0.803347 0.273585 0.380753
0 0.445755 0.464435 0.011792 0.037657
0 0.432783 0.457113 0.035377 0.052301
0 0.209906 0.682008 0.023585 0.058577
0 0.300708 0.541841 0.101415 0.125523
0 0.584316 0.480126 0.034198 0.056485
0 0.545401 0.402720 0.012972 0.031381
0 0.353184 0.463389 0.024764 0.023013
0 0.487618 0.528243 0.015330 0.039749
0 0.425708 0.442469 0.021226 0.027197
0 0.946344 0.628661 0.104953 0.119247
0 0.576651 0.399582 0.014151 0.033473
0 0.368514 0.650628 0.064858 0.100418
0 0.118514 0.829498 0.154481 0.190377
0 0.704009 0.523013 0.051887 0.062762
0 0.663325 0.504184 0.038915 0.062762
0 0.031250 0.738494 0.038915 0.066946
0 0.603774 0.381799 0.028302 0.018828
0 0.528302 0.443515 0.033019 0.041841
0 0.878538 0.626569 0.042453 0.060669
0 0.414505 0.414226 0.029481 0.050209
0 0.021816 0.906904 0.043632 0.165272
0 0.595519 0.514644 0.037736 0.066946
0 0.897406 0.513598 0.056604 0.089958
0 0.682783 0.641213 0.021226 0.064854
0 0.623231 0.635983 0.076651 0.175732
0 0.629127 0.663180 0.060142 0.125523
0 0.544811 0.775105 0.091981 0.186192
0 0.288325 0.424686 0.020047 0.025105
0 0.605542 0.412134 0.036557 0.058577
0 0.643868 0.885983 0.139151 0.219665
0 0.238208 0.708159 0.025943 0.048117
0 0.574882 0.436192 0.024764 0.031381
0 0.614976 0.535565 0.048349 0.058577
0 0.852005 0.515690 0.043632 0.052301
0 0.360849 0.507322 0.042453 0.089958
0 0.547759 0.381799 0.015330 0.018828
0 0.715212 0.571130 0.057783 0.092050
0 0.721698 0.694561 0.023585 0.112971
0 0.519458 0.378661 0.017689 0.020921
1 0.831958 0.491632 0.010613 0.046025
1 0.852594 0.567992 0.014151 0.077406
3 0.110259 0.622385 0.220519 0.207113
3 0.772995 0.751046 0.451651 0.476987
3 0.241745 0.635983 0.483491 0.711297
3 0.867925 0.559623 0.101415 0.123431
3 0.609080 0.658996 0.369104 0.665272
4 0.304245 0.656904 0.028302 0.037657
4 0.522406 0.582636 0.007075 0.018828
4 0.656250 0.552301 0.034198 0.058577
4 0.582547 0.570084 0.009434 0.023013
4 0.449882 0.633891 0.012972 0.033473
4 0.326061 0.663180 0.017689 0.020921
5 0.438090 0.639121 0.295991 0.073222
7 0.438679 0.640167 0.294811 0.071130
