0 0.456713 0.537760 0.027315 0.028125
0 0.380556 0.730990 0.187037 0.147917
0 0.582176 0.480078 0.029167 0.017448
0 0.606713 0.484505 0.032870 0.015885
0 0.682870 0.552995 0.115741 0.077865
0 0.952315 0.696615 0.094444 0.044271
0 0.640509 0.489583 0.037500 0.021354
0 0.601620 0.547266 0.018056 0.023698
0 0.833102 0.540495 0.065278 0.027344
0 0.442361 0.533984 0.015278 0.020052
0 0.346065 0.541536 0.059722 0.033594
0 0.418750 0.478776 0.025463 0.013802
0 0.518287 0.514714 0.068981 0.046094
0 0.553935 0.484505 0.031019 0.015885
0 0.495370 0.465365 0.020370 0.011979
0 0.864120 0.564193 0.026389 0.029427
0 0.664120 0.610026 0.135648 0.097656
0 0.620833 0.470313 0.021296 0.011458
0 0.785417 0.486458 0.026389 0.011979
0 0.091898 0.833854 0.183796 0.198958
0 0.396065 0.556120 0.074537 0.047135
0 0.501620 0.481510 0.029167 0.013021
0 0.299074 0.649219 0.046296 0.043229
0 0.454861 0.495312 0.039352 0.040104
0 0.508796 0.474870 0.022222 0.015885
0 0.390278 0.504687 0.037963 0.021354
0 0.240509 0.675260 0.083796 0.091667
0 0.588194 0.524219 0.019907 0.023958
0 0.475694 0.472656 0.025463 0.016667
0 0.516204 0.571745 0.149074 0.101302
0 0.481713 0.507552 0.056944 0.045833
0 0.439120 0.472786 0.021759 0.013802
0 0.571528 0.470573 0.025463 0.016146
0 0.611806 0.500391 0.043056 0.020052
0 0.633333 0.478255 0.025000 0.011198
0 0.845833 0.517708 0.025000 0.019271
0 0.375231 0.529687 0.046759 0.034375
0 0.564120 0.463281 0.025463 0.010417
0 0.365972 0.619531 0.037500 0.040625
0 0.990972 0.611719 0.017130 0.032813
0 0.448843 0.469010 0.015278 0.010937
1 0.836111 0.506250 0.012963 0.018229
1 0.738657 0.532031 0.018981 0.021354
1 0.823843 0.506380 0.013426 0.022656
1 0.657407 0.508724 0.011111 0.013281
1 0.885648 0.614974 0.030556 0.055469
1 0.800926 0.495964 0.012963 0.019010
1 0.677546 0.505469 0.011574 0.017708
1 0.850463 0.502344 0.012037 0.016667
1 0.863194 0.510677 0.016204 0.028646
1 0.810880 0.506380 0.014352 0.023177
1 0.873611 0.543490 0.251852 0.029167
1 0.954398 0.534766 0.019907 0.028906
1 0.850463 0.615365 0.034259 0.053646
1 0.781713 0.557161 0.019907 0.030990
1 0.809954 0.606120 0.023611 0.030469
1 0.729167 0.601693 0.018519 0.021615
1 0.810880 0.617057 0.022685 0.050781
1 0.810417 0.566406 0.020833 0.034896
1 0.745833 0.622396 0.025000 0.047396
1 0.991667 0.565495 0.015741 0.036719
3 0.306713 0.774479 0.613426 0.450521
3 0.498611 0.756641 0.997222 0.486198
4 0.386806 0.645443 0.013426 0.015365
4 0.720833 0.890234 0.124074 0.219010
4 0.535417 0.635807 0.010648 0.012760
4 0.374537 0.645182 0.013889 0.014844
4 0.252778 0.892839 0.049074 0.069531
4 0.395833 0.599479 0.010185 0.010417
4 0.406713 0.599870 0.010648 0.011198
4 0.843981 0.822917 0.036111 0.032292
4 0.194907 0.647266 0.233333 0.175260
4 0.544444 0.673568 0.014815 0.024740
4 0.595602 0.857682 0.091204 0.284115
4 0.661343 0.879167 0.091204 0.241146
4 0.278935 0.896615 0.048611 0.073438
5 0.386806 0.645052 0.013426 0.015104
5 0.395833 0.599479 0.010185 0.010417
5 0.720833 0.890495 0.124074 0.218490
5 0.535648 0.635807 0.010185 0.012760
5 0.374537 0.645182 0.013889 0.014844
5 0.252778 0.892839 0.048148 0.069531
5 0.406713 0.599870 0.010648 0.011198
5 0.843981 0.822917 0.036111 0.032292
5 0.194907 0.647266 0.233333 0.175260
5 0.794213 0.716797 0.026389 0.028385
5 0.544444 0.673438 0.014815 0.025000
5 0.595602 0.857682 0.091204 0.284115
5 0.278935 0.896484 0.048611 0.073177
