0 0.849479 0.169907 0.022917 0.032407
0 0.498437 0.368519 0.050000 0.072222
0 0.492708 0.598611 0.078125 0.175000
0 0.588542 0.365278 0.071875 0.160185
0 0.518750 0.067593 0.022917 0.027778
0 0.553646 0.051389 0.018750 0.025000
0 0.765365 0.240278 0.022396 0.036111
0 0.730469 0.053704 0.016146 0.018519
0 0.424219 0.069444 0.029687 0.020370
0 0.922396 0.297685 0.029167 0.045370
0 0.119271 0.008796 0.046875 0.017593
0 0.788802 0.126852 0.024479 0.038889
0 0.426563 0.349537 0.036458 0.052778
0 0.095573 0.295833 0.017188 0.058333
0 0.459115 0.043981 0.015104 0.021296
0 0.549219 0.240741 0.026562 0.038889
0 0.944010 0.382870 0.046354 0.065741
0 0.801302 0.063889 0.018229 0.024074
0 0.654427 0.398611 0.042188 0.058333
0 0.579948 0.277778 0.031771 0.020370
0 0.395833 0.066204 0.026042 0.045370
0 0.485417 0.119907 0.023958 0.037963
0 0.693750 0.478241 0.061458 0.089815
0 0.957292 0.335185 0.038542 0.055556
0 0.817708 0.075000 0.016667 0.022222
0 0.864844 0.306019 0.030729 0.043519
0 0.497917 0.434722 0.052083 0.067593
0 0.878906 0.320370 0.033854 0.048148
0 0.603906 0.540278 0.064062 0.082407
0 0.079687 0.741667 0.159375 0.464815
0 0.484635 0.084259 0.023438 0.033333
0 0.553646 0.069444 0.018750 0.035185
0 0.352865 0.218519 0.057813 0.116667
0 0.396354 0.450463 0.089583 0.219444
0 0.519531 0.164815 0.025521 0.037037
0 0.005469 0.304167 0.010937 0.063889
0 0.579688 0.046759 0.016667 0.015741
0 0.409115 0.281019 0.032813 0.058333
0 0.555990 0.148148 0.024479 0.044444
0 0.773698 0.256019 0.028646 0.049074
0 0.767969 0.050463 0.014063 0.017593
0 0.497656 0.047222 0.017188 0.022222
0 0.445312 0.407870 0.016667 0.058333
0 0.300781 0.227315 0.033854 0.036111
0 0.047656 0.356019 0.082812 0.200926
0 0.833333 0.135185 0.023958 0.035185
0 0.978646 0.415278 0.041667 0.060185
0 0.475000 0.047685 0.018750 0.015741
0 0.518750 0.056481 0.026042 0.048148
0 0.755990 0.421296 0.049479 0.062963
0 0.592708 0.470833 0.067708 0.097222
0 0.350000 0.377778 0.019792 0.064815
0 0.672135 0.412037 0.046354 0.061111
0 0.513542 0.243519 0.046875 0.120370
0 0.502604 0.495833 0.061458 0.095370
0 0.715885 0.048148 0.013021 0.020370
0 0.091667 0.175000 0.052083 0.100000
0 0.591146 0.124537 0.020833 0.028704
0 0.634115 0.639352 0.082812 0.119444
0 0.839063 0.115741 0.022917 0.074074
0 0.608333 0.043519 0.015625 0.018519
0 0.296354 0.507407 0.058333 0.077778
0 0.802604 0.213426 0.022917 0.037963
0 0.631771 0.284259 0.032292 0.042593
0 0.862500 0.240741 0.029167 0.038889
0 0.413802 0.293981 0.033854 0.056481
0 0.286979 0.879630 0.108333 0.161111
0 0.992448 0.362963 0.014063 0.044444
0 0.679427 0.445370 0.047396 0.081481
0 0.521875 0.026389 0.025000 0.023148
3 0.454427 0.538889 0.195312 0.903704
3 0.925781 0.237500 0.147396 0.223148
3 0.807552 0.553704 0.383854 0.868519
3 0.305208 0.621296 0.309375 0.738889
3 0.658854 0.524537 0.219792 0.932407
3 0.117188 0.263426 0.234375 0.526852
3 0.285938 0.621759 0.342708 0.737963
3 0.855990 0.337037 0.286979 0.440741
3 0.750260 0.523611 0.379688 0.928704
4 0.816406 0.298148 0.366146 0.427778
4 0.814583 0.405093 0.369792 0.671296
4 0.793490 0.527778 0.390104 0.925926
4 0.206250 0.306481 0.088542 0.353704
4 0.244792 0.472222 0.175000 0.440741
5 0.797135 0.553241 0.381771 0.875000
5 0.205729 0.306481 0.087500 0.353704
5 0.154167 0.985648 0.012500 0.013889
5 0.814323 0.404630 0.370312 0.672222
5 0.451823 0.195833 0.031771 0.154630
5 0.855729 0.305093 0.287500 0.413889
5 0.244792 0.472685 0.175000 0.441667
5 0.351302 0.981481 0.011979 0.018519
