0 0.153302 0.942469 0.054245 0.106695
0 0.872642 0.516736 0.047170 0.058577
0 0.336085 0.489540 0.033019 0.066946
0 0.479363 0.632845 0.017689 0.056485
0 0.579599 0.440377 0.027123 0.027197
0 0.547759 0.404812 0.012972 0.031381
0 0.743514 0.619247 0.083726 0.167364
0 0.590802 0.502092 0.037736 0.062762
0 0.933373 0.890167 0.130896 0.211297
0 0.028892 0.734310 0.036557 0.062762
0 0.438679 0.445607 0.021226 0.037657
0 0.123231 0.794979 0.036557 0.075314
0 0.528302 0.341004 0.011792 0.020921
0 0.051887 0.837866 0.047170 0.081590
0 0.768868 0.797071 0.035377 0.112971
0 0.524175 0.466527 0.029481 0.066946
0 0.946934 0.623431 0.103774 0.117155
0 0.326651 0.718619 0.089623 0.127615
0 0.536557 0.583682 0.054245 0.125523
0 0.876769 0.626569 0.045991 0.073222
0 0.632665 0.580544 0.060142 0.094142
0 0.528892 0.406904 0.027123 0.027197
0 0.395637 0.440377 0.027123 0.031381
0 0.972877 0.514644 0.051887 0.096234
0 0.246462 0.648536 0.091981 0.117155
0 0.831958 0.916318 0.053066 0.121339
0 0.094929 0.769874 0.027123 0.066946
0 0.140920 0.706067 0.029481 0.073222
0 0.351415 0.550209 0.014151 0.029289
0 0.607901 0.536611 0.043632 0.077406
0 0.451061 0.428870 0.017689 0.033473
0 0.853184 0.835774 0.031840 0.127615
0 0.583137 0.397490 0.017689 0.041841
0 0.307783 0.555439 0.014151 0.031381
0 0.918632 0.510460 0.056604 0.087866
0 0.520637 0.378661 0.017689 0.029289
0 0.548939 0.381799 0.017689 0.023013
0 0.581368 0.478033 0.030660 0.048117
0 0.542453 0.501046 0.040094 0.089958
0 0.436910 0.392259 0.024764 0.039749
0 0.288915 0.419456 0.018868 0.023013
0 0.570755 0.426778 0.028302 0.033473
0 0.653302 0.752092 0.094340 0.257322
0 0.561910 0.413180 0.024764 0.052301
0 0.663325 0.475941 0.045991 0.094142
0 0.687500 0.536611 0.049528 0.077406
0 0.547170 0.899582 0.120283 0.188285
0 0.619104 0.417364 0.044811 0.085774
0 0.194575 0.779289 0.106132 0.135983
0 0.708726 0.756276 0.028302 0.081590
1 0.851415 0.558577 0.014151 0.066946
1 0.834906 0.492678 0.009434 0.043933
3 0.747642 0.665272 0.502358 0.648536
3 0.241156 0.632845 0.482311 0.713389
3 0.491745 0.667364 0.983491 0.644351
4 0.346108 0.614017 0.008255 0.014644
4 0.004127 0.973849 0.008255 0.014644
4 0.070165 0.879707 0.043632 0.060669
4 0.326061 0.511506 0.350236 0.349372
4 0.289505 0.584728 0.022406 0.031381
4 0.583137 0.564854 0.010613 0.025105
4 0.484080 0.504184 0.043632 0.171548
4 0.581368 0.584728 0.040094 0.010460
4 0.364387 0.573222 0.007075 0.012552
5 0.448703 0.629707 0.303066 0.062762
7 0.448113 0.628661 0.301887 0.060669
