0 0.765330 0.197699 0.063679 0.102510
0 0.501179 0.077406 0.007075 0.016736
0 0.040684 0.218619 0.074292 0.094142
0 0.478184 0.065900 0.008255 0.027197
0 0.650943 0.497908 0.186321 0.447699
0 0.386203 0.737448 0.123821 0.336820
0 0.433373 0.238494 0.015330 0.041841
0 0.454009 0.091004 0.007075 0.023013
0 0.038915 0.246862 0.077830 0.150628
0 0.553656 0.975941 0.079009 0.035565
0 0.457547 0.162134 0.009434 0.031381
0 0.497642 0.041841 0.011792 0.029289
0 0.168042 0.164226 0.043632 0.039749
0 0.396816 0.253138 0.012972 0.054393
0 0.506486 0.278243 0.015330 0.054393
0 0.198703 0.150628 0.038915 0.041841
0 0.263561 0.511506 0.034198 0.098326
0 0.609080 0.220711 0.100236 0.140167
0 0.991156 0.278243 0.015330 0.117155
0 0.488797 0.217573 0.010613 0.037657
0 0.518278 0.579498 0.041274 0.133891
0 0.456958 0.288703 0.057783 0.112971
0 0.459906 0.465481 0.028302 0.102510
0 0.494693 0.166318 0.010613 0.031381
0 0.490566 0.087866 0.007075 0.020921
0 0.521226 0.385983 0.018868 0.069038
0 0.282429 0.730126 0.064858 0.167364
0 0.513561 0.243724 0.012972 0.039749
0 0.502948 0.745816 0.048349 0.161088
0 0.375000 0.945607 0.188679 0.096234
1 0.712854 0.267782 0.015330 0.071130
1 0.692807 0.267782 0.017689 0.071130
1 0.668632 0.306485 0.018868 0.085774
1 0.899175 0.247908 0.015330 0.069038
3 0.834316 0.339958 0.329009 0.474895
3 0.117335 0.310669 0.234670 0.307531
3 0.454599 0.525105 0.859670 0.933054
3 0.678656 0.525105 0.413915 0.928870
4 0.422759 0.339958 0.008255 0.023013
4 0.058373 0.350418 0.029481 0.027197
4 0.402712 0.446653 0.012972 0.039749
4 0.246462 0.538703 0.393868 0.905858
4 0.117925 0.367155 0.023585 0.027197
4 0.419222 0.449791 0.010613 0.037657
5 0.422759 0.341004 0.008255 0.020921
5 0.058373 0.350418 0.029481 0.027197
5 0.453420 0.189331 0.005896 0.010460
5 0.402712 0.446653 0.012972 0.039749
5 0.245873 0.538703 0.392689 0.905858
5 0.117925 0.367155 0.023585 0.027197
5 0.515330 0.189331 0.004717 0.014644
5 0.418632 0.449791 0.009434 0.037657
