0 0.868056 0.546094 0.041667 0.023438
0 0.600000 0.521875 0.027778 0.018750
0 0.602778 0.536719 0.033333 0.017188
0 0.531944 0.960938 0.291667 0.075000
0 0.020833 0.689844 0.041667 0.032813
0 0.362500 0.615625 0.025000 0.015625
0 0.898611 0.682031 0.147222 0.067187
0 0.547222 0.418750 0.133333 0.021875
0 0.036111 0.825000 0.072222 0.053125
0 0.929167 0.653125 0.052778 0.031250
0 0.918056 0.565625 0.019444 0.015625
0 0.276389 0.634375 0.058333 0.037500
0 0.225000 0.584375 0.100000 0.025000
0 0.558333 0.507812 0.016667 0.012500
0 0.425000 0.590625 0.016667 0.015625
0 0.716667 0.409375 0.194444 0.037500
0 0.211111 0.662500 0.050000 0.028125
0 0.768056 0.639062 0.169444 0.046875
0 0.081944 0.714844 0.058333 0.042188
0 0.804167 0.526563 0.025000 0.018750
0 0.372222 0.418750 0.205556 0.025000
0 0.784722 0.767969 0.030556 0.042188
0 0.640278 0.728906 0.130556 0.107813
0 0.718056 0.856250 0.180556 0.146875
0 0.097222 0.835156 0.100000 0.067187
0 0.118056 0.881250 0.152778 0.071875
0 0.966667 0.571875 0.011111 0.015625
1 0.075000 0.704688 0.044444 0.037500
1 0.690278 0.558594 0.013889 0.017188
1 0.908333 0.634375 0.016667 0.028125
1 0.005556 0.797656 0.011111 0.029687
1 0.783333 0.735938 0.044444 0.053125
1 0.011111 0.678906 0.022222 0.032813
1 0.920833 0.637500 0.036111 0.031250
1 0.033333 0.802344 0.061111 0.057813
1 0.261111 0.617969 0.011111 0.026562
1 0.111111 0.871875 0.066667 0.078125
1 0.425000 0.580469 0.016667 0.017188
1 0.883333 0.560156 0.011111 0.017188
1 0.094444 0.807813 0.038889 0.040625
1 0.812500 0.562500 0.013889 0.018750
1 0.276389 0.618750 0.025000 0.028125
1 0.125000 0.675781 0.038889 0.032813
1 0.366667 0.607031 0.022222 0.026562
1 0.843056 0.624219 0.036111 0.026562
1 0.118056 0.978906 0.069444 0.039062
3 0.495833 0.764844 0.991667 0.467187
4 0.854167 0.708594 0.030556 0.007812
4 0.304167 0.673438 0.019444 0.009375
4 0.481944 0.686719 0.041667 0.007812
4 0.873611 0.987500 0.041667 0.021875
4 0.387500 0.950781 0.063889 0.032813
4 0.027778 0.762500 0.038889 0.012500
4 0.136111 0.749219 0.050000 0.010937
4 0.365278 0.828125 0.063889 0.018750
4 0.230556 0.730469 0.055556 0.010937
4 0.837500 0.767188 0.025000 0.012500
4 0.320833 0.714063 0.041667 0.009375
4 0.262500 0.686719 0.025000 0.010937
4 0.427778 0.721875 0.011111 0.009375
4 0.943056 0.935156 0.041667 0.029687
4 0.466667 0.797656 0.055556 0.017188
4 0.881944 0.742969 0.025000 0.010937
4 0.438889 0.814844 0.044444 0.017188
4 0.543056 0.852344 0.036111 0.023438
4 0.183333 0.800000 0.083333 0.021875
4 0.400000 0.687500 0.016667 0.009375
4 0.394444 0.672656 0.044444 0.004687
4 0.406944 0.699219 0.030556 0.007812
4 0.212500 0.686719 0.041667 0.004687
4 0.398611 0.749219 0.030556 0.007812
4 0.212500 0.703125 0.030556 0.009375
4 0.091667 0.741406 0.033333 0.010937
4 0.126389 0.729688 0.097222 0.028125
4 0.297222 0.772656 0.050000 0.014063
4 0.411111 0.767188 0.016667 0.015625
4 0.431944 0.682813 0.019444 0.009375
4 0.052778 0.765625 0.038889 0.009375
4 0.025000 0.960938 0.050000 0.046875
4 0.915278 0.725781 0.019444 0.007812
4 0.816667 0.800000 0.011111 0.018750
4 0.530556 0.782031 0.072222 0.023438
4 0.475000 0.732031 0.044444 0.010937
4 0.018056 0.712500 0.030556 0.009375
4 0.569444 0.907813 0.050000 0.025000
4 0.500000 0.656250 0.016667 0.006250
4 0.527778 0.672656 0.016667 0.007812
4 0.548611 0.717969 0.041667 0.010937
4 0.341667 0.850781 0.050000 0.017188
4 0.336111 0.826562 0.033333 0.018750
5 0.855556 0.708594 0.027778 0.007812
5 0.702778 0.691406 0.033333 0.007812
5 0.304167 0.673438 0.019444 0.009375
5 0.481944 0.687500 0.041667 0.006250
5 0.872222 0.987500 0.038889 0.021875
5 0.387500 0.950781 0.063889 0.032813
5 0.027778 0.762500 0.038889 0.012500
5 0.136111 0.749219 0.050000 0.010937
5 0.365278 0.828125 0.063889 0.018750
5 0.229167 0.730469 0.052778 0.010937
5 0.837500 0.767188 0.025000 0.012500
5 0.025000 0.960938 0.050000 0.046875
5 0.319444 0.714063 0.038889 0.009375
5 0.262500 0.687500 0.025000 0.009375
5 0.426389 0.721875 0.008333 0.009375
5 0.943056 0.935156 0.041667 0.029687
5 0.466667 0.797656 0.055556 0.017188
5 0.881944 0.742969 0.025000 0.010937
5 0.438889 0.814844 0.044444 0.017188
5 0.543056 0.852344 0.036111 0.023438
5 0.183333 0.800781 0.083333 0.020313
5 0.400000 0.687500 0.016667 0.009375
5 0.301389 0.679688 0.041667 0.006250
5 0.394444 0.672656 0.044444 0.004687
5 0.470833 0.667969 0.030556 0.007812
5 0.406944 0.699219 0.030556 0.007812
5 0.215278 0.686719 0.036111 0.004687
5 0.398611 0.749219 0.030556 0.007812
5 0.211111 0.703125 0.027778 0.009375
5 0.091667 0.741406 0.033333 0.010937
5 0.126389 0.729688 0.097222 0.028125
5 0.297222 0.772656 0.050000 0.014063
5 0.390278 0.697656 0.025000 0.010937
5 0.411111 0.767188 0.016667 0.015625
5 0.431944 0.682813 0.019444 0.009375
5 0.052778 0.765625 0.038889 0.009375
5 0.127778 0.935156 0.255556 0.123438
5 0.795833 0.675000 0.025000 0.009375
5 0.456944 0.653125 0.019444 0.006250
5 0.915278 0.725781 0.019444 0.007812
5 0.816667 0.800000 0.011111 0.018750
5 0.530556 0.782031 0.072222 0.023438
5 0.018056 0.712500 0.030556 0.009375
5 0.475000 0.732031 0.044444 0.010937
5 0.550000 0.657813 0.038889 0.006250
5 0.569444 0.907031 0.050000 0.023438
5 0.500000 0.656250 0.016667 0.006250
5 0.527778 0.671875 0.016667 0.006250
5 0.765278 0.687500 0.019444 0.009375
5 0.550000 0.717969 0.038889 0.010937
5 0.341667 0.850781 0.050000 0.017188
5 0.336111 0.826562 0.033333 0.018750
