0 0.930729 0.231019 0.137500 0.102778
0 0.517188 0.362963 0.042708 0.064815
0 0.718229 0.065741 0.017708 0.025926
0 0.569531 0.243519 0.028646 0.040741
0 0.081771 0.216667 0.063542 0.177778
0 0.599219 0.051852 0.014063 0.012963
0 0.071094 0.495370 0.142187 0.990741
0 0.764844 0.160185 0.019271 0.042593
0 0.431771 0.390278 0.040625 0.065741
0 0.811719 0.781481 0.099479 0.133333
0 0.809896 0.160648 0.025000 0.039815
0 0.430469 0.867130 0.110937 0.147222
0 0.751823 0.120833 0.023438 0.036111
0 0.289583 0.543519 0.062500 0.081481
0 0.503385 0.048611 0.016146 0.017593
0 0.347135 0.359259 0.071354 0.183333
0 0.513802 0.295833 0.039062 0.060185
0 0.887760 0.337037 0.028646 0.055556
0 0.566406 0.186574 0.028646 0.043519
0 0.649479 0.338889 0.038542 0.051852
0 0.408594 0.048148 0.016146 0.020370
0 0.870573 0.317130 0.032813 0.045370
0 0.021875 0.528704 0.043750 0.266667
0 0.515625 0.147685 0.033333 0.036111
0 0.479427 0.116204 0.022396 0.037963
0 0.954948 0.338426 0.040104 0.054630
0 0.763021 0.088426 0.012500 0.021296
0 0.823698 0.125926 0.020313 0.029630
0 0.614062 0.629630 0.065625 0.272222
0 0.239583 0.914352 0.116667 0.154630
0 0.361198 0.626852 0.077604 0.125926
0 0.597917 0.152778 0.022917 0.029630
0 0.458073 0.325926 0.043229 0.062963
0 0.387240 0.058333 0.020313 0.033333
0 0.515885 0.183796 0.031771 0.047222
0 0.437760 0.312963 0.028646 0.061111
0 0.390104 0.505556 0.057292 0.077778
0 0.746354 0.119444 0.013542 0.035185
0 0.776302 0.174074 0.023438 0.033333
0 0.450781 0.964352 0.128646 0.062037
0 0.515104 0.114352 0.034375 0.097222
0 0.553646 0.162500 0.025000 0.026852
0 0.405469 0.268056 0.049479 0.097222
0 0.785937 0.114815 0.020833 0.027778
0 0.016667 0.010648 0.033333 0.021296
0 0.845833 0.156944 0.016667 0.032407
0 0.973437 0.367130 0.042708 0.052778
0 0.583594 0.327778 0.039062 0.031481
0 0.008333 0.973148 0.016667 0.038889
0 0.759375 0.053704 0.014583 0.018519
0 0.942969 0.247685 0.113021 0.097222
0 0.580469 0.363889 0.043229 0.064815
0 0.632812 0.643519 0.096875 0.290741
0 0.552083 0.047222 0.018750 0.024074
0 0.515885 0.258333 0.032813 0.020370
0 0.476042 0.661574 0.087500 0.139815
0 0.494531 0.470370 0.092188 0.231481
0 0.639323 0.146296 0.023438 0.033333
0 0.674219 0.915278 0.134896 0.154630
0 0.554948 0.071759 0.018229 0.023148
0 0.579948 0.061574 0.019271 0.019444
0 0.797135 0.137037 0.017188 0.031481
0 0.791406 0.204167 0.029687 0.039815
0 0.470573 0.223611 0.033854 0.050926
0 0.524740 0.049074 0.017188 0.024074
0 0.576302 0.044907 0.018229 0.025000
0 0.946354 0.308333 0.033333 0.044444
0 0.829427 0.193056 0.026562 0.032407
3 0.855729 0.311574 0.287500 0.489815
3 0.455729 0.531481 0.198958 0.916667
3 0.401302 0.083796 0.075521 0.050926
3 0.803125 0.555093 0.387500 0.865741
3 0.301302 0.654630 0.298438 0.672222
3 0.649740 0.555556 0.223438 0.872222
3 0.119010 0.342130 0.238021 0.684259
3 0.215365 0.654630 0.430729 0.672222
3 0.749479 0.555093 0.380208 0.867593
4 0.814323 0.289352 0.370312 0.449074
4 0.823177 0.432407 0.352604 0.618519
4 0.797135 0.527315 0.383854 0.926852
4 0.201042 0.321296 0.101042 0.377778
5 0.854688 0.314815 0.289583 0.398148
5 0.794010 0.527778 0.390104 0.925926
5 0.814323 0.403241 0.370312 0.676852
5 0.154167 0.986574 0.012500 0.012037
5 0.200260 0.320833 0.099479 0.376852
5 0.157812 0.677778 0.315625 0.511111
5 0.351562 0.982407 0.012500 0.018519
5 0.461198 0.164815 0.046354 0.214815
