0 0.527734 0.010417 0.010156 0.020833
0 0.495703 0.431250 0.069531 0.226389
0 0.588672 0.119444 0.047656 0.113889
1 0.926562 0.024306 0.026562 0.048611
1 0.905469 0.941667 0.078125 0.094444
1 0.773438 0.090972 0.026562 0.059722
1 0.808594 0.315972 0.029687 0.095833
1 0.812500 0.382639 0.031250 0.087500
1 0.708203 0.097917 0.019531 0.059722
1 0.740625 0.058333 0.010937 0.055556
1 0.780078 0.043750 0.014844 0.056944
1 0.826562 0.238889 0.009375 0.016667
3 0.429297 0.497917 0.619531 0.995833
3 0.569141 0.500694 0.344531 0.987500
4 0.438672 0.677778 0.011719 0.075000
4 0.483594 0.120833 0.004687 0.022222
4 0.544531 0.006250 0.003125 0.012500
4 0.333984 0.590278 0.042969 0.227778
4 0.679297 0.499306 0.149219 0.998611
4 0.489063 0.056250 0.004687 0.018056
4 0.441406 0.004167 0.004687 0.008333
4 0.562109 0.677083 0.008594 0.070833
4 0.267578 0.972222 0.016406 0.052778
4 0.492578 0.004861 0.003906 0.009722
4 0.385937 0.309028 0.009375 0.034722
4 0.359375 0.456944 0.012500 0.047222
4 0.476953 0.203472 0.005469 0.026389
4 0.421094 0.119444 0.006250 0.019444
4 0.547656 0.122917 0.004687 0.020833
4 0.553125 0.313889 0.006250 0.036111
4 0.432422 0.054167 0.005469 0.016667
4 0.455859 0.457639 0.010156 0.051389
4 0.406250 0.201389 0.007812 0.025000
4 0.557031 0.460417 0.006250 0.051389
4 0.467969 0.311111 0.006250 0.033333
4 0.545703 0.056944 0.003906 0.019444
4 0.568750 0.976389 0.009375 0.044444
4 0.549609 0.205556 0.005469 0.027778
4 0.414844 0.972222 0.012500 0.052778
5 0.438672 0.677083 0.011719 0.073611
5 0.483594 0.120833 0.004687 0.022222
5 0.544531 0.005556 0.003125 0.011111
5 0.421094 0.119444 0.006250 0.019444
5 0.547656 0.122917 0.004687 0.020833
5 0.679297 0.498611 0.149219 0.997222
5 0.489063 0.056250 0.004687 0.018056
5 0.564063 0.800694 0.012500 0.318056
5 0.267578 0.972222 0.016406 0.052778
5 0.242578 0.498611 0.294531 0.991667
5 0.492578 0.004167 0.003906 0.008333
5 0.359375 0.456944 0.012500 0.047222
5 0.476953 0.203472 0.005469 0.026389
5 0.553125 0.313889 0.006250 0.036111
5 0.432422 0.054167 0.005469 0.016667
5 0.455859 0.458333 0.010156 0.050000
5 0.476172 0.202083 0.147656 0.026389
5 0.557031 0.460417 0.006250 0.051389
5 0.467969 0.311111 0.006250 0.033333
5 0.441406 0.004167 0.004687 0.008333
5 0.568750 0.976389 0.009375 0.044444
5 0.334375 0.590278 0.042188 0.227778
5 0.549609 0.205556 0.005469 0.027778
5 0.545703 0.056944 0.003906 0.019444
5 0.385937 0.309028 0.009375 0.034722
5 0.414844 0.972222 0.012500 0.052778
