0 0.837500 0.535156 0.036111 0.017188
0 0.366667 0.657813 0.044444 0.028125
0 0.600000 0.520312 0.027778 0.012500
0 0.948611 0.530469 0.041667 0.017188
0 0.925000 0.919531 0.144444 0.157812
0 0.883333 0.533594 0.033333 0.014063
0 0.472222 0.605469 0.027778 0.017188
0 0.562500 0.505469 0.013889 0.007812
0 0.038889 0.822656 0.072222 0.054688
0 0.220833 0.596875 0.030556 0.015625
0 0.018056 0.662500 0.036111 0.037500
0 0.961111 0.755469 0.072222 0.098437
0 0.583333 0.948438 0.283333 0.100000
0 0.634722 0.533594 0.008333 0.014063
0 0.418056 0.617188 0.030556 0.021875
0 0.595833 0.509375 0.025000 0.015625
0 0.873611 0.546094 0.041667 0.020313
0 0.294444 0.652344 0.033333 0.029687
0 0.883333 0.589063 0.038889 0.018750
0 0.348611 0.578125 0.108333 0.025000
0 0.213889 0.654687 0.055556 0.031250
0 0.068056 0.741406 0.091667 0.035937
0 0.958333 0.564844 0.016667 0.017188
0 0.008333 0.850000 0.016667 0.056250
0 0.934722 0.678906 0.125000 0.054688
0 0.625000 0.791406 0.155556 0.142187
0 0.729167 0.885156 0.047222 0.064062
0 0.516667 0.576562 0.016667 0.015625
0 0.545833 0.558594 0.013889 0.014063
0 0.101389 0.835156 0.102778 0.067187
0 0.819444 0.566406 0.016667 0.017188
0 0.809722 0.526563 0.030556 0.015625
0 0.122222 0.881250 0.155556 0.071875
0 0.923611 0.566406 0.019444 0.014063
1 0.634722 0.533594 0.008333 0.014063
1 0.473611 0.590625 0.019444 0.018750
1 0.334722 0.625781 0.025000 0.029687
1 0.033333 0.779687 0.022222 0.012500
1 0.456944 0.589063 0.013889 0.025000
1 0.223611 0.586719 0.019444 0.017188
1 0.009722 0.797656 0.019444 0.039062
1 0.733333 0.843750 0.066667 0.068750
1 0.963889 0.607031 0.022222 0.026562
1 0.291667 0.640625 0.033333 0.028125
1 0.370833 0.646094 0.036111 0.029687
1 0.038889 0.807031 0.055556 0.045312
1 0.202778 0.621875 0.027778 0.018750
1 0.348611 0.607812 0.030556 0.028125
1 0.856944 0.560937 0.019444 0.018750
1 0.240278 0.631250 0.036111 0.031250
1 0.055556 0.720313 0.027778 0.028125
1 0.518056 0.570312 0.013889 0.018750
1 0.341667 0.582812 0.022222 0.018750
1 0.740278 0.814844 0.036111 0.029687
1 0.418056 0.605469 0.030556 0.023438
1 0.545833 0.551562 0.013889 0.012500
1 0.097222 0.806250 0.038889 0.040625
1 0.277778 0.618750 0.027778 0.028125
1 0.118056 0.871094 0.063889 0.079687
3 0.488889 0.758594 0.977778 0.479687
4 0.152778 0.913281 0.050000 0.035937
4 0.219444 0.701562 0.027778 0.009375
4 0.531944 0.672656 0.019444 0.007812
4 0.558333 0.717969 0.038889 0.010937
4 0.488889 0.687500 0.038889 0.006250
4 0.402778 0.749219 0.033333 0.007812
4 0.473611 0.960938 0.052778 0.031250
4 0.020833 0.711719 0.030556 0.010937
4 0.141667 0.748437 0.050000 0.012500
4 0.365278 0.828125 0.075000 0.018750
4 0.236111 0.729688 0.055556 0.012500
4 0.793056 0.794531 0.030556 0.017188
4 0.505556 0.657031 0.016667 0.007812
4 0.130556 0.678906 0.022222 0.007812
4 0.326389 0.714063 0.041667 0.009375
4 0.269444 0.685937 0.027778 0.009375
4 0.470833 0.796875 0.052778 0.015625
4 0.843056 0.767969 0.025000 0.010937
4 0.444444 0.814844 0.044444 0.017188
4 0.187500 0.800000 0.080556 0.021875
4 0.404167 0.687500 0.019444 0.009375
4 0.216667 0.685937 0.050000 0.006250
4 0.790278 0.878125 0.030556 0.025000
4 0.161111 0.720313 0.038889 0.012500
4 0.301389 0.772656 0.052778 0.014063
4 0.719444 0.736719 0.038889 0.010937
4 0.393056 0.950781 0.063889 0.032813
4 0.822222 0.800781 0.011111 0.017188
4 0.437500 0.682813 0.019444 0.009375
4 0.416667 0.766406 0.016667 0.014063
4 0.029167 0.960938 0.052778 0.046875
4 0.584722 0.700000 0.019444 0.009375
4 0.537500 0.858594 0.019444 0.010937
4 0.887500 0.743750 0.025000 0.012500
4 0.480556 0.732031 0.044444 0.010937
4 0.568056 0.675781 0.036111 0.007812
4 0.638889 0.702344 0.038889 0.007812
4 0.347222 0.850781 0.050000 0.017188
4 0.798611 0.746875 0.019444 0.015625
4 0.341667 0.826562 0.033333 0.018750
5 0.152778 0.913281 0.050000 0.035937
5 0.219444 0.701562 0.027778 0.009375
5 0.080556 0.693750 0.022222 0.006250
5 0.533333 0.672656 0.016667 0.007812
5 0.558333 0.717969 0.038889 0.010937
5 0.488889 0.687500 0.038889 0.006250
5 0.402778 0.749219 0.033333 0.007812
5 0.020833 0.711719 0.030556 0.010937
5 0.141667 0.748437 0.050000 0.012500
5 0.370833 0.828125 0.063889 0.018750
5 0.118056 0.692969 0.052778 0.004687
5 0.236111 0.729688 0.055556 0.012500
5 0.793056 0.794531 0.030556 0.017188
5 0.505556 0.657031 0.016667 0.007812
5 0.130556 0.678906 0.022222 0.007812
5 0.431944 0.721875 0.008333 0.009375
5 0.030556 0.960938 0.050000 0.046875
5 0.326389 0.714063 0.041667 0.009375
5 0.269444 0.685937 0.027778 0.009375
5 0.470833 0.796875 0.052778 0.015625
5 0.843056 0.767969 0.025000 0.010937
5 0.444444 0.814844 0.044444 0.017188
5 0.187500 0.800000 0.080556 0.021875
5 0.404167 0.687500 0.019444 0.009375
5 0.394444 0.698438 0.022222 0.009375
5 0.411111 0.700000 0.033333 0.009375
5 0.216667 0.685937 0.050000 0.006250
5 0.790278 0.878125 0.030556 0.025000
5 0.045833 0.764844 0.063889 0.010937
5 0.161111 0.720313 0.038889 0.012500
5 0.301389 0.772656 0.052778 0.014063
5 0.554167 0.658594 0.036111 0.004687
5 0.718056 0.736719 0.036111 0.010937
5 0.393056 0.950781 0.063889 0.032813
5 0.822222 0.800781 0.011111 0.017188
5 0.437500 0.682813 0.019444 0.009375
5 0.416667 0.766406 0.016667 0.014063
5 0.129167 0.935156 0.258333 0.123438
5 0.091667 0.673438 0.038889 0.003125
5 0.584722 0.700000 0.019444 0.009375
5 0.537500 0.858594 0.019444 0.010937
5 0.705556 0.691406 0.038889 0.007812
5 0.461111 0.653125 0.016667 0.006250
5 0.887500 0.743750 0.025000 0.012500
5 0.529167 0.783594 0.058333 0.020313
5 0.480556 0.732031 0.044444 0.010937
5 0.568056 0.675781 0.036111 0.007812
5 0.594444 0.653125 0.022222 0.006250
5 0.772222 0.687500 0.022222 0.009375
5 0.638889 0.702344 0.038889 0.007812
5 0.347222 0.850781 0.050000 0.017188
5 0.798611 0.746875 0.019444 0.015625
5 0.341667 0.826562 0.033333 0.018750
