0 0.769458 0.211297 0.062500 0.092050
0 0.040684 0.244770 0.081368 0.138075
0 0.454599 0.180962 0.010613 0.035565
0 0.657429 0.516736 0.194575 0.464435
0 0.531250 0.835774 0.041274 0.064854
0 0.410377 0.347280 0.021226 0.075314
0 0.315448 0.449791 0.031840 0.092050
0 0.446344 0.235356 0.015330 0.043933
0 0.158019 0.961297 0.033019 0.069038
0 0.397406 0.212343 0.014151 0.043933
0 0.170991 0.169456 0.042453 0.033473
0 0.287146 0.665272 0.057783 0.146444
0 0.387382 0.740586 0.123821 0.334728
0 0.464033 0.150628 0.010613 0.033473
0 0.199882 0.154812 0.041274 0.041841
0 0.422759 0.548117 0.038915 0.075314
0 0.495283 0.175732 0.009434 0.033473
0 0.612028 0.225941 0.096698 0.133891
0 0.501769 0.355649 0.024764 0.066946
0 0.887972 0.304393 0.025943 0.064854
0 0.523585 0.622385 0.040094 0.102510
0 0.543632 0.775105 0.056604 0.190377
0 0.445165 0.400628 0.076651 0.161088
0 0.530071 0.944561 0.067217 0.102510
0 0.501769 0.075314 0.017689 0.041841
0 0.527712 0.464435 0.022406 0.075314
0 0.535377 0.239540 0.061321 0.102510
0 0.376179 0.948745 0.188679 0.094142
0 0.439858 0.109833 0.007075 0.023013
1 0.715212 0.273013 0.015330 0.073222
1 0.670401 0.291841 0.017689 0.081590
1 0.695755 0.273013 0.016509 0.073222
3 0.836085 0.350418 0.325472 0.466527
3 0.118514 0.312762 0.237028 0.307531
3 0.455189 0.528243 0.858491 0.922594
4 0.061321 0.352510 0.028302 0.027197
4 0.239976 0.559623 0.376179 0.864017
4 0.120283 0.370293 0.023585 0.025105
4 0.403302 0.448745 0.009434 0.043933
5 0.448113 0.276151 0.007075 0.016736
5 0.061321 0.352510 0.028302 0.027197
5 0.239387 0.561715 0.372642 0.859833
5 0.517689 0.194561 0.004717 0.016736
5 0.514151 0.148536 0.004717 0.012552
5 0.120283 0.370293 0.023585 0.025105
5 0.403302 0.449791 0.009434 0.041841
5 0.528892 0.314854 0.005896 0.027197
5 0.517099 0.173640 0.003538 0.012552
5 0.438090 0.276151 0.005896 0.016736
