0 0.777083 0.533854 0.444907 0.040104
0 0.609028 0.479557 0.025463 0.013281
0 0.501852 0.478255 0.027778 0.011198
0 0.679630 0.549089 0.113889 0.082031
0 0.507407 0.486589 0.028704 0.013802
0 0.774769 0.497266 0.018056 0.016406
0 0.435648 0.472005 0.027778 0.019010
0 0.409954 0.782292 0.076389 0.083854
0 0.637269 0.485026 0.036574 0.021615
0 0.317593 0.561849 0.076852 0.042448
0 0.359491 0.538021 0.055093 0.033854
0 0.662037 0.604167 0.137037 0.096354
0 0.441435 0.501823 0.021759 0.030729
0 0.883796 0.557422 0.025000 0.023177
0 0.512269 0.514193 0.074537 0.041927
0 0.412269 0.538672 0.020833 0.021094
0 0.590741 0.557552 0.027778 0.029167
0 0.162269 0.941016 0.125463 0.117448
0 0.473380 0.466016 0.020833 0.010677
0 0.550463 0.479167 0.034259 0.015104
0 0.409028 0.481120 0.028241 0.017448
0 0.376620 0.512109 0.045833 0.023177
0 0.334028 0.602865 0.118056 0.069792
0 0.803704 0.520833 0.057407 0.027604
0 0.565972 0.465365 0.023611 0.013021
0 0.428472 0.488802 0.010648 0.015104
0 0.612963 0.495703 0.036111 0.020052
0 0.451852 0.481771 0.040741 0.019271
0 0.938194 0.690755 0.071759 0.044010
0 0.409722 0.508073 0.016667 0.018229
0 0.975463 0.694141 0.048148 0.038281
0 0.857870 0.529557 0.024074 0.025260
0 0.501389 0.462891 0.022222 0.010677
0 0.898380 0.527604 0.021759 0.026562
0 0.836574 0.545182 0.025000 0.018490
0 0.398380 0.560026 0.022685 0.023177
0 0.472222 0.510677 0.063889 0.052083
0 0.427778 0.564193 0.029630 0.023698
0 0.620602 0.466667 0.020833 0.013021
0 0.493287 0.588151 0.151389 0.122135
0 0.581250 0.473958 0.027315 0.016667
0 0.258796 0.724349 0.053704 0.064844
0 0.561343 0.458073 0.027315 0.010937
1 0.875694 0.508333 0.015278 0.027604
1 0.837500 0.503255 0.013889 0.025260
1 0.855556 0.590234 0.027778 0.048698
1 0.742361 0.610547 0.025463 0.050781
1 0.009028 0.976432 0.018056 0.046615
1 0.863657 0.505339 0.011574 0.024219
1 0.814120 0.618229 0.018981 0.037500
1 0.709954 0.515234 0.013426 0.017448
1 0.827546 0.563802 0.025463 0.022917
1 0.799769 0.561849 0.021759 0.034115
1 0.742593 0.535026 0.018519 0.028385
1 0.952778 0.527734 0.017593 0.031510
1 0.970370 0.531510 0.018519 0.027604
1 0.826157 0.594922 0.027315 0.047656
1 0.805324 0.604948 0.020833 0.040625
1 0.728704 0.613802 0.020370 0.039062
1 0.824537 0.503516 0.014815 0.019010
1 0.805787 0.491146 0.009722 0.019792
1 0.850463 0.505339 0.013889 0.021615
1 0.996065 0.524479 0.006944 0.028125
3 0.306713 0.768880 0.613426 0.457552
3 0.498611 0.725130 0.997222 0.549219
4 0.351620 0.720052 0.021759 0.028646
4 0.720139 0.886979 0.126389 0.225521
4 0.403704 0.594922 0.011111 0.011198
4 0.278472 0.890365 0.047685 0.072917
4 0.252546 0.886979 0.048611 0.069792
4 0.384259 0.640755 0.012037 0.015885
4 0.333796 0.718490 0.023148 0.028125
4 0.841667 0.816146 0.036111 0.032292
4 0.136574 0.688932 0.273148 0.217969
4 0.543056 0.667708 0.014815 0.025521
4 0.595139 0.854818 0.093981 0.289844
4 0.661574 0.875781 0.094444 0.247917
4 0.791667 0.710677 0.025000 0.027604
4 0.372917 0.640365 0.015278 0.015104
5 0.342361 0.719401 0.040278 0.029948
5 0.265509 0.889323 0.073611 0.074479
