0 0.528302 0.422594 0.028302 0.029289
0 0.550118 0.391213 0.017689 0.020921
0 0.584906 0.466527 0.030660 0.029289
0 0.921580 0.518828 0.055425 0.092050
0 0.546580 0.462343 0.015330 0.050209
0 0.445165 0.482218 0.012972 0.043933
0 0.402123 0.426778 0.011792 0.025105
0 0.513561 0.932008 0.045991 0.123431
0 0.593160 0.417364 0.021226 0.035565
0 0.449882 0.427824 0.017689 0.031381
0 0.527123 0.504184 0.033019 0.079498
0 0.802476 0.731172 0.128538 0.236402
0 0.581368 0.455021 0.030660 0.048117
0 0.534198 0.353556 0.011792 0.020921
0 0.029481 0.744770 0.040094 0.062762
0 0.369693 0.457113 0.022406 0.048117
0 0.524764 0.455021 0.033019 0.035565
0 0.945755 0.627615 0.106132 0.117155
0 0.330189 0.718619 0.028302 0.060669
0 0.544811 0.550209 0.051887 0.096234
0 0.544811 0.690377 0.084906 0.184100
0 0.663915 0.661088 0.080189 0.129707
0 0.419811 0.432008 0.025943 0.048117
0 0.549528 0.415272 0.014151 0.031381
0 0.201651 0.644351 0.023585 0.050209
0 0.292453 0.630753 0.056604 0.089958
0 0.729363 0.913180 0.159198 0.165272
0 0.688679 0.511506 0.063679 0.110879
0 0.064858 0.725941 0.037736 0.062762
0 0.566627 0.429916 0.022406 0.060669
0 0.251769 0.627615 0.022406 0.050209
0 0.876179 0.630753 0.044811 0.073222
0 0.488797 0.688285 0.024764 0.079498
0 0.353774 0.520921 0.011792 0.029289
0 0.589033 0.502092 0.034198 0.054393
0 0.001769 0.815900 0.003538 0.033473
0 0.622052 0.582636 0.057783 0.094142
0 0.519458 0.389121 0.017689 0.029289
0 0.973467 0.523013 0.050708 0.087866
0 0.601415 0.535565 0.040094 0.071130
0 0.379127 0.559623 0.012972 0.056485
0 0.446934 0.391213 0.021226 0.050209
0 0.285967 0.425732 0.017689 0.023013
0 0.612618 0.893305 0.043632 0.138075
0 0.632075 0.432008 0.054245 0.085774
0 0.876769 0.524059 0.041274 0.060669
0 0.320755 0.553347 0.056604 0.077406
0 0.140920 0.810669 0.119104 0.144351
0 0.461675 0.404812 0.012972 0.027197
0 0.727594 0.607741 0.066038 0.102510
0 0.523585 0.328452 0.009434 0.016736
1 0.708137 0.804393 0.038915 0.056485
1 0.876769 0.604603 0.027123 0.079498
1 0.051297 0.709205 0.020047 0.083682
1 0.326651 0.634937 0.028302 0.060669
1 0.785967 0.877615 0.043632 0.098326
1 0.669222 0.558577 0.017689 0.066946
1 0.181604 0.531381 0.014151 0.033473
1 0.944575 0.952929 0.054245 0.081590
1 0.327830 0.685146 0.025943 0.056485
1 0.510024 0.887029 0.041274 0.142259
1 0.614387 0.832636 0.037736 0.129707
1 0.024764 0.719665 0.025943 0.079498
1 0.199882 0.616109 0.020047 0.056485
1 0.355542 0.508368 0.012972 0.033473
1 0.249410 0.609833 0.020047 0.056485
1 0.864976 0.973849 0.022406 0.043933
1 0.253538 0.563808 0.016509 0.035565
1 0.240566 0.587866 0.014151 0.050209
1 0.923939 0.566946 0.017689 0.041841
1 0.488208 0.650628 0.023585 0.071130
1 0.505896 0.820084 0.033019 0.058577
1 0.619693 0.473849 0.012972 0.031381
1 0.836675 0.556485 0.012972 0.071130
3 0.772406 0.763598 0.452830 0.451883
3 0.905660 0.668410 0.186321 0.320084
3 0.239976 0.637029 0.479953 0.705021
3 0.105542 0.655858 0.211085 0.278243
3 0.498821 0.731172 0.997642 0.516736
3 0.500000 0.433054 0.077830 0.334728
4 0.064269 0.893305 0.036557 0.050209
4 0.482901 0.512552 0.043632 0.175732
4 0.527123 0.595188 0.127358 0.014644
5 0.471108 0.638075 0.255896 0.066946
7 0.470519 0.638075 0.254717 0.062762
