0 0.500391 0.505556 0.019531 0.075000
0 0.633203 0.778472 0.103906 0.393056
0 0.421875 0.019444 0.012500 0.038889
1 0.816406 0.477778 0.034375 0.094444
1 0.815234 0.263889 0.024219 0.066667
1 0.767969 0.026389 0.014063 0.052778
1 0.810547 0.072917 0.014844 0.065278
3 0.432031 0.499306 0.623437 0.998611
4 0.548047 0.059028 0.003906 0.018056
4 0.440625 0.677778 0.010937 0.075000
4 0.485547 0.122222 0.005469 0.022222
4 0.550000 0.123611 0.004687 0.022222
4 0.323437 0.671528 0.017188 0.068056
4 0.388672 0.310417 0.010156 0.034722
4 0.682031 0.499306 0.150000 0.998611
4 0.494922 0.005556 0.003906 0.011111
4 0.564453 0.678472 0.008594 0.070833
4 0.269922 0.972222 0.016406 0.052778
4 0.490625 0.057639 0.004687 0.018056
4 0.457813 0.459722 0.009375 0.050000
4 0.361719 0.458333 0.012500 0.047222
4 0.555078 0.314583 0.005469 0.034722
4 0.422656 0.121528 0.006250 0.020833
4 0.408594 0.202778 0.007812 0.025000
4 0.558984 0.461111 0.007031 0.050000
4 0.478906 0.204861 0.006250 0.026389
4 0.469922 0.311806 0.007031 0.034722
4 0.434766 0.055556 0.005469 0.016667
4 0.571094 0.977083 0.009375 0.043056
4 0.551953 0.206250 0.005469 0.026389
4 0.546484 0.006944 0.003906 0.013889
4 0.416797 0.972222 0.011719 0.052778
5 0.548047 0.059028 0.003906 0.018056
5 0.440625 0.678472 0.010937 0.073611
5 0.485547 0.122222 0.005469 0.022222
5 0.550000 0.123611 0.004687 0.022222
5 0.323437 0.671528 0.017188 0.068056
5 0.443750 0.005556 0.004687 0.011111
5 0.388672 0.310417 0.010156 0.034722
5 0.681641 0.499306 0.150781 0.998611
5 0.494922 0.005556 0.003906 0.011111
5 0.564453 0.678472 0.008594 0.070833
5 0.269922 0.972222 0.016406 0.052778
5 0.490625 0.057639 0.004687 0.018056
5 0.457813 0.459722 0.009375 0.050000
5 0.361719 0.458333 0.012500 0.047222
5 0.555078 0.314583 0.005469 0.034722
5 0.422656 0.121528 0.006250 0.020833
5 0.477344 0.172917 0.145313 0.084722
5 0.558984 0.461111 0.007031 0.050000
5 0.478906 0.204861 0.006250 0.026389
5 0.469922 0.311806 0.007031 0.034722
5 0.434766 0.055556 0.005469 0.016667
5 0.571094 0.977083 0.009375 0.043056
5 0.551953 0.206250 0.005469 0.026389
5 0.546484 0.006944 0.003906 0.013889
5 0.416797 0.972222 0.011719 0.052778
