0 0.883333 0.952344 0.227778 0.092188
0 0.797222 0.542969 0.033333 0.020313
0 0.108333 0.832812 0.088889 0.059375
0 0.961111 0.690625 0.072222 0.046875
0 0.598611 0.520312 0.019444 0.037500
0 0.306944 0.592187 0.030556 0.012500
0 0.862500 0.565625 0.019444 0.015625
0 0.577778 0.595313 0.016667 0.015625
0 0.930556 0.567969 0.016667 0.014063
0 0.379167 0.625000 0.030556 0.018750
0 0.045833 0.818750 0.080556 0.043750
0 0.454167 0.613281 0.025000 0.020313
0 0.625000 0.414062 0.227778 0.031250
0 0.550000 0.578906 0.016667 0.014063
0 0.881944 0.548438 0.036111 0.021875
0 0.340278 0.612500 0.025000 0.018750
0 0.408333 0.610938 0.027778 0.018750
0 0.733333 0.589844 0.022222 0.014063
0 0.956944 0.824219 0.080556 0.132812
0 0.495833 0.572656 0.019444 0.017188
0 0.400000 0.575781 0.100000 0.023438
0 0.626389 0.515625 0.008333 0.012500
0 0.262500 0.648438 0.063889 0.025000
0 0.045833 0.882031 0.091667 0.060937
0 0.697222 0.561719 0.016667 0.014063
0 0.868056 0.532813 0.019444 0.018750
0 0.955556 0.532031 0.033333 0.017188
0 0.595833 0.839844 0.202778 0.170313
0 0.733333 0.679688 0.105556 0.034375
0 0.523611 0.592969 0.019444 0.014063
0 0.537500 0.769531 0.080556 0.039062
0 0.744444 0.530469 0.022222 0.017188
0 0.844444 0.535937 0.033333 0.015625
0 0.825000 0.568750 0.016667 0.015625
0 0.593056 0.971094 0.130556 0.054688
0 0.815278 0.529687 0.030556 0.018750
0 0.894444 0.532813 0.027778 0.015625
0 0.570833 0.503125 0.013889 0.006250
0 0.172222 0.868750 0.155556 0.056250
0 0.965278 0.565625 0.013889 0.015625
1 0.252778 0.628906 0.022222 0.026562
1 0.569444 0.560156 0.011111 0.017188
1 0.350000 0.556250 0.011111 0.015625
1 0.736111 0.664844 0.038889 0.029687
1 0.897222 0.563281 0.016667 0.017188
1 0.006944 0.800000 0.013889 0.037500
1 0.105556 0.808594 0.038889 0.039062
1 0.365278 0.554688 0.013889 0.018750
1 0.275000 0.632031 0.027778 0.032813
1 0.312500 0.584375 0.019444 0.018750
1 0.411111 0.600000 0.022222 0.025000
1 0.625000 0.515625 0.005556 0.012500
1 0.377778 0.610938 0.027778 0.021875
1 0.540278 0.754687 0.036111 0.040625
1 0.255556 0.616406 0.016667 0.017188
1 0.461111 0.586719 0.022222 0.020313
1 0.338889 0.600781 0.027778 0.020313
1 0.734722 0.580469 0.019444 0.020313
1 0.495833 0.570312 0.019444 0.018750
1 0.041667 0.807031 0.055556 0.054688
1 0.033333 0.867969 0.066667 0.079687
1 0.576389 0.586719 0.019444 0.020313
1 0.622222 0.932031 0.038889 0.085938
1 0.550000 0.568750 0.016667 0.018750
1 0.452778 0.606250 0.022222 0.025000
1 0.523611 0.582812 0.019444 0.021875
1 0.579167 0.546875 0.008333 0.015625
1 0.587500 0.931250 0.063889 0.059375
1 0.591667 0.533594 0.011111 0.014063
1 0.111111 0.816406 0.050000 0.054688
1 0.697222 0.557031 0.016667 0.017188
1 0.165278 0.864844 0.058333 0.085938
3 0.497222 0.759375 0.994444 0.478125
4 0.225000 0.703125 0.027778 0.009375
4 0.222222 0.687500 0.050000 0.006250
4 0.027778 0.700000 0.055556 0.006250
4 0.563889 0.719531 0.044444 0.010937
4 0.397222 0.953125 0.061111 0.031250
4 0.030556 0.714063 0.033333 0.009375
4 0.147222 0.750781 0.050000 0.010937
4 0.375000 0.829688 0.066667 0.018750
4 0.088889 0.695312 0.022222 0.009375
4 0.829167 0.802344 0.013889 0.017188
4 0.138889 0.680469 0.022222 0.007812
4 0.798611 0.796875 0.030556 0.015625
4 0.040278 0.764062 0.041667 0.012500
4 0.331944 0.715625 0.041667 0.009375
4 0.275000 0.688281 0.027778 0.007812
4 0.308333 0.774219 0.050000 0.014063
4 0.848611 0.770312 0.025000 0.012500
4 0.408333 0.751563 0.033333 0.009375
4 0.195833 0.801562 0.080556 0.021875
4 0.493056 0.689844 0.041667 0.007812
4 0.104167 0.742188 0.036111 0.012500
4 0.591667 0.701562 0.016667 0.009375
4 0.722222 0.738281 0.044444 0.010937
4 0.422222 0.769531 0.016667 0.014063
4 0.168056 0.722656 0.036111 0.010937
4 0.066667 0.766406 0.038889 0.010937
4 0.036111 0.963281 0.050000 0.048438
4 0.893056 0.746875 0.025000 0.012500
4 0.795833 0.881250 0.025000 0.025000
4 0.676389 0.985156 0.041667 0.026562
4 0.443056 0.683594 0.019444 0.007812
4 0.736111 0.828906 0.044444 0.020313
4 0.486111 0.735156 0.044444 0.010937
4 0.450000 0.816406 0.044444 0.017188
4 0.480556 0.800000 0.061111 0.015625
4 0.622222 0.738281 0.011111 0.010937
4 0.647222 0.742188 0.027778 0.012500
4 0.480556 0.963281 0.066667 0.032813
4 0.240278 0.732031 0.052778 0.010937
4 0.352778 0.852344 0.050000 0.017188
4 0.805556 0.749219 0.016667 0.014063
4 0.347222 0.828125 0.033333 0.018750
5 0.422222 0.769531 0.016667 0.014063
5 0.225000 0.703125 0.027778 0.009375
5 0.222222 0.687500 0.050000 0.006250
5 0.645833 0.704688 0.041667 0.009375
5 0.027778 0.700781 0.055556 0.004687
5 0.538889 0.674219 0.016667 0.007812
5 0.697222 0.721875 0.022222 0.009375
5 0.563889 0.719531 0.044444 0.010937
5 0.397222 0.953125 0.061111 0.031250
5 0.030556 0.714063 0.033333 0.009375
5 0.147222 0.750781 0.050000 0.010937
5 0.375000 0.829688 0.066667 0.018750
5 0.088889 0.695312 0.022222 0.009375
5 0.829167 0.802344 0.013889 0.017188
5 0.138889 0.680469 0.022222 0.007812
5 0.798611 0.796875 0.030556 0.015625
5 0.331944 0.715625 0.041667 0.009375
5 0.736111 0.828906 0.044444 0.020313
5 0.275000 0.688281 0.027778 0.007812
5 0.308333 0.774219 0.050000 0.014063
5 0.848611 0.770312 0.025000 0.012500
5 0.411111 0.689844 0.016667 0.010937
5 0.412500 0.700000 0.041667 0.009375
5 0.408333 0.751563 0.033333 0.009375
5 0.098611 0.675781 0.041667 0.004687
5 0.927778 0.726562 0.016667 0.009375
5 0.115278 0.695312 0.069444 0.006250
5 0.195833 0.801562 0.080556 0.021875
5 0.493056 0.689844 0.041667 0.007812
5 0.104167 0.742188 0.036111 0.012500
5 0.591667 0.701562 0.016667 0.009375
5 0.722222 0.739062 0.044444 0.009375
5 0.168056 0.722656 0.036111 0.010937
5 0.066667 0.766406 0.038889 0.010937
5 0.036111 0.963281 0.050000 0.048438
5 0.893056 0.746094 0.025000 0.010937
5 0.795833 0.881250 0.025000 0.025000
5 0.676389 0.985156 0.041667 0.026562
5 0.443056 0.683594 0.019444 0.007812
5 0.486111 0.734375 0.044444 0.009375
5 0.315278 0.674219 0.019444 0.007812
5 0.450000 0.816406 0.044444 0.017188
5 0.479167 0.800000 0.058333 0.015625
5 0.622222 0.738281 0.011111 0.010937
5 0.647222 0.742188 0.027778 0.012500
5 0.572222 0.678125 0.033333 0.006250
5 0.480556 0.963281 0.066667 0.032813
5 0.240278 0.732031 0.052778 0.010937
5 0.352778 0.852344 0.050000 0.017188
5 0.805556 0.749219 0.016667 0.014063
5 0.347222 0.828125 0.033333 0.018750
