0 0.769792 0.109722 0.022917 0.028704
0 0.459635 0.707870 0.100521 0.165741
0 0.599740 0.171759 0.024479 0.034259
0 0.552865 0.134722 0.022396 0.034259
0 0.826562 0.094907 0.017708 0.039815
0 0.118750 0.008796 0.045833 0.017593
0 0.750521 0.410648 0.045833 0.065741
0 0.570052 0.235648 0.028646 0.039815
0 0.859635 0.292130 0.035937 0.054630
0 0.457813 0.250926 0.023958 0.016667
0 0.520312 0.175463 0.023958 0.034259
0 0.490104 0.046759 0.018750 0.023148
0 0.503385 0.379630 0.067187 0.124074
0 0.329167 0.367130 0.072917 0.186111
0 0.572917 0.198148 0.026042 0.042593
0 0.579167 0.042130 0.018750 0.021296
0 0.044271 0.796296 0.088542 0.392593
0 0.514583 0.206944 0.021875 0.013889
0 0.092969 0.239352 0.042188 0.075000
0 0.735938 0.054167 0.013542 0.023148
0 0.760417 0.052778 0.012500 0.018519
0 0.855469 0.230556 0.029687 0.044444
0 0.518229 0.125463 0.020833 0.028704
0 0.523958 0.177778 0.020833 0.070370
0 0.580990 0.063889 0.019271 0.025926
0 0.509115 0.252778 0.057813 0.127778
0 0.508073 0.448611 0.070312 0.171296
0 0.809635 0.108333 0.018229 0.020370
0 0.379948 0.512500 0.097396 0.186111
0 0.634635 0.901389 0.151562 0.178704
0 0.815625 0.171296 0.030208 0.046296
0 0.803125 0.214815 0.023958 0.033333
0 0.458854 0.283796 0.034375 0.052778
0 0.615365 0.057870 0.017188 0.021296
0 0.718490 0.048611 0.011979 0.017593
0 0.749219 0.200926 0.029687 0.053704
0 0.496354 0.617593 0.080208 0.200000
0 0.486198 0.099074 0.020313 0.029630
0 0.547917 0.076852 0.020833 0.022222
0 0.497656 0.580093 0.076563 0.149074
0 0.123698 0.337500 0.072396 0.200926
0 0.946875 0.388426 0.048958 0.071296
0 0.582552 0.394444 0.045312 0.048148
0 0.740365 0.100463 0.021354 0.034259
0 0.619792 0.227778 0.028125 0.038889
0 0.552083 0.050463 0.018750 0.028704
0 0.945312 0.225000 0.027083 0.042593
0 0.591146 0.446296 0.063542 0.088889
0 0.606771 0.042593 0.017708 0.022222
0 0.524219 0.039352 0.017188 0.036111
0 0.018229 0.010185 0.036458 0.020370
0 0.586719 0.086111 0.025521 0.053704
0 0.627083 0.638426 0.079167 0.108333
0 0.552344 0.094444 0.025521 0.029630
0 0.665625 0.402778 0.045833 0.061111
0 0.309375 0.747222 0.100000 0.161111
0 0.787240 0.123611 0.023438 0.032407
0 0.752083 0.131019 0.022917 0.026852
0 0.746094 0.049537 0.015104 0.019444
0 0.889583 0.216667 0.028125 0.042593
0 0.275781 0.873611 0.109896 0.150926
0 0.987240 0.292593 0.024479 0.107407
0 0.809115 0.233333 0.032813 0.046296
3 0.454948 0.525000 0.204687 0.933333
3 0.312240 0.558796 0.399479 0.862037
3 0.807292 0.554167 0.384375 0.867593
3 0.659375 0.555093 0.234375 0.871296
3 0.268229 0.619444 0.359375 0.740741
3 0.855208 0.314352 0.288542 0.493519
3 0.122396 0.299074 0.234375 0.598148
3 0.539062 0.525926 0.897917 0.929630
3 0.751823 0.554167 0.376563 0.871296
4 0.822656 0.431944 0.353646 0.623148
4 0.795833 0.552778 0.383333 0.875926
4 0.193490 0.643519 0.215104 0.368519
5 0.823177 0.318056 0.352604 0.393519
5 0.795833 0.552778 0.383333 0.875926
5 0.822396 0.431019 0.354167 0.625000
5 0.206771 0.878241 0.011458 0.015741
5 0.182031 0.929630 0.013021 0.016667
5 0.183333 0.314815 0.050000 0.362963
5 0.193490 0.631481 0.215104 0.344444
5 0.154688 0.986574 0.011458 0.012037
5 0.351562 0.982870 0.011458 0.017593
