0 0.764151 0.211297 0.058962 0.108787
0 0.383844 0.748954 0.123821 0.338912
0 0.505896 0.101464 0.007075 0.018828
0 0.038915 0.254184 0.077830 0.144351
0 0.661557 0.550209 0.202830 0.493724
0 0.385024 0.411088 0.024764 0.073222
0 0.371462 0.952929 0.186321 0.081590
0 0.510024 0.262552 0.086085 0.144351
0 0.161557 0.174686 0.030660 0.031381
0 0.366156 0.592050 0.034198 0.054393
0 0.489976 0.732218 0.045991 0.158996
0 0.163325 0.718619 0.060142 0.152720
0 0.413325 0.335774 0.022406 0.064854
0 0.197524 0.161088 0.041274 0.041841
0 0.330778 0.541841 0.036557 0.100418
0 0.588443 0.929916 0.061321 0.131799
0 0.433373 0.223849 0.012972 0.041841
0 0.490566 0.059623 0.009434 0.023013
0 0.382665 0.269874 0.015330 0.046025
0 0.333726 0.335774 0.021226 0.060669
0 0.609670 0.239540 0.096698 0.148536
0 0.989976 0.288703 0.017689 0.108787
0 0.419222 0.565900 0.031840 0.035565
0 0.438679 0.427824 0.082547 0.173640
0 0.472877 0.148536 0.035377 0.071130
0 0.517099 0.514644 0.024764 0.096234
0 0.473467 0.062762 0.012972 0.025105
1 0.553656 0.836820 0.022406 0.175732
1 0.811321 0.215481 0.011792 0.062762
1 0.692217 0.280335 0.018868 0.071130
1 0.839623 0.213389 0.009434 0.058577
1 0.711675 0.281381 0.015330 0.073222
1 0.706368 0.208159 0.011792 0.056485
1 0.718750 0.198745 0.012972 0.050209
1 0.827241 0.214435 0.012972 0.064854
3 0.833137 0.355649 0.331368 0.468619
3 0.116745 0.320084 0.233491 0.305439
3 0.452241 0.538703 0.854953 0.905858
3 0.884434 0.406904 0.228774 0.370293
4 0.057193 0.360879 0.029481 0.027197
4 0.238208 0.561715 0.377358 0.859833
4 0.116745 0.376569 0.023585 0.025105
5 0.057783 0.359833 0.028302 0.025105
5 0.116745 0.376569 0.023585 0.025105
5 0.237618 0.562762 0.376179 0.857741
5 0.445755 0.283473 0.007075 0.018828
