0 0.929245 0.514644 0.066038 0.092050
0 0.540094 0.533473 0.044811 0.133891
0 0.600236 0.416318 0.033019 0.058577
0 0.558962 0.661088 0.075472 0.184100
0 0.574882 0.440377 0.027123 0.069038
0 0.293632 0.532427 0.011792 0.027197
0 0.554245 0.392259 0.016509 0.023013
0 0.588443 0.466527 0.028302 0.050209
0 0.921580 0.892259 0.154481 0.211297
0 0.449882 0.444561 0.022406 0.035565
0 0.297759 0.587866 0.121462 0.158996
0 0.544222 0.486402 0.038915 0.056485
0 0.541274 0.387029 0.014151 0.033473
0 0.067217 0.810669 0.134434 0.320084
0 0.524175 0.420502 0.017689 0.033473
0 0.728774 0.799163 0.120283 0.192469
0 0.947524 0.625523 0.102594 0.117155
0 0.879127 0.626569 0.045991 0.077406
0 0.659198 0.661088 0.077830 0.129707
0 0.436910 0.407950 0.020047 0.041841
0 0.462854 0.406904 0.015330 0.027197
0 0.979363 0.523013 0.038915 0.100418
0 0.364387 0.490586 0.033019 0.056485
0 0.738208 0.563808 0.084906 0.152720
0 0.584316 0.366109 0.015330 0.029289
0 0.358491 0.537657 0.042453 0.058577
0 0.596108 0.486402 0.034198 0.043933
0 0.472877 0.903766 0.035377 0.117155
0 0.522995 0.390167 0.017689 0.023013
0 0.879127 0.521967 0.041274 0.060669
0 0.602594 0.531381 0.040094 0.066946
0 0.193396 0.899582 0.051887 0.104603
0 0.527712 0.341004 0.012972 0.029289
0 0.811910 0.721757 0.107311 0.150628
0 0.622642 0.584728 0.054245 0.089958
0 0.554245 0.422594 0.016509 0.037657
0 0.423349 0.407950 0.011792 0.020921
0 0.729953 0.674686 0.028302 0.052301
0 0.534788 0.441423 0.031840 0.041841
0 0.456368 0.369247 0.016509 0.031381
0 0.288915 0.423640 0.018868 0.023013
0 0.573703 0.413180 0.022406 0.023013
0 0.658019 0.557531 0.035377 0.052301
0 0.596108 0.885983 0.135613 0.215481
0 0.652123 0.455021 0.068396 0.119247
0 0.543632 0.358787 0.011792 0.018828
0 0.207547 0.768828 0.101415 0.131799
0 0.693396 0.632845 0.021226 0.073222
1 0.847288 0.495816 0.010613 0.046025
1 0.825472 0.552301 0.014151 0.071130
1 0.827241 0.489540 0.010613 0.046025
3 0.783019 0.720711 0.431604 0.537657
3 0.502948 0.430962 0.076651 0.334728
3 0.266509 0.644351 0.500000 0.694561
4 0.347877 0.619247 0.009434 0.016736
4 0.491745 0.596234 0.054245 0.012552
4 0.485259 0.508368 0.045991 0.179916
4 0.366156 0.576360 0.008255 0.014644
5 0.406250 0.642259 0.229953 0.066946
7 0.406250 0.642259 0.229953 0.066946
