0 0.560185 0.534115 0.016667 0.025521
0 0.627083 0.515495 0.014352 0.024219
0 0.584491 0.473568 0.027315 0.017448
0 0.366898 0.506901 0.018056 0.013281
0 0.507639 0.466667 0.026389 0.014063
0 0.799306 0.525260 0.022685 0.017708
0 0.612269 0.478646 0.023611 0.012500
0 0.683565 0.548047 0.113426 0.083594
0 0.952778 0.690104 0.093519 0.043750
0 0.772917 0.507161 0.052315 0.023698
0 0.430556 0.473828 0.023148 0.015885
0 0.328241 0.569792 0.075926 0.044271
0 0.448148 0.452865 0.014815 0.008333
0 0.364352 0.527214 0.052778 0.029427
0 0.467361 0.517448 0.068056 0.058333
0 0.599306 0.538411 0.017130 0.021094
0 0.407176 0.487500 0.033796 0.019271
0 0.079167 0.579297 0.036111 0.020052
0 0.393750 0.625651 0.039352 0.037240
0 0.872685 0.564974 0.025926 0.019531
0 0.498843 0.603646 0.182870 0.199479
0 0.575000 0.553646 0.025000 0.025521
0 0.444213 0.469010 0.021759 0.012500
0 0.476389 0.467187 0.021296 0.010417
0 0.664815 0.603646 0.137037 0.095833
0 0.511343 0.481510 0.028241 0.014583
0 0.412037 0.525651 0.018519 0.017448
0 0.553472 0.478906 0.032870 0.016667
0 0.612037 0.494531 0.040741 0.020313
0 0.248611 0.627083 0.125000 0.071875
0 0.200463 0.800000 0.247222 0.204167
0 0.821759 0.517188 0.023148 0.016667
0 0.582407 0.513802 0.013889 0.019271
0 0.937500 0.548568 0.029630 0.024219
0 0.362963 0.611198 0.032407 0.031771
0 0.460880 0.466536 0.011574 0.010677
0 0.511806 0.522786 0.086574 0.044531
0 0.515509 0.492969 0.031019 0.015104
0 0.573148 0.465755 0.025926 0.015365
0 0.639120 0.484245 0.032870 0.021615
0 0.624769 0.469010 0.026389 0.011979
0 0.450694 0.493490 0.043056 0.036979
0 0.565046 0.457422 0.021759 0.010156
1 0.799074 0.573958 0.025000 0.040625
1 0.757870 0.482161 0.010185 0.017969
1 0.960648 0.732422 0.048148 0.074740
1 0.657407 0.501302 0.012037 0.014583
1 0.584954 0.494531 0.007870 0.017188
1 0.838889 0.576432 0.012963 0.037760
1 0.988889 0.536849 0.021296 0.033594
1 0.961574 0.538542 0.020370 0.032292
1 0.807870 0.598568 0.021296 0.029427
1 0.816204 0.616536 0.021296 0.037760
1 0.890741 0.513542 0.016667 0.028646
1 0.857176 0.521484 0.020833 0.019010
1 0.696759 0.502083 0.011111 0.014583
1 0.880324 0.507552 0.011574 0.021875
1 0.845602 0.509635 0.014352 0.026562
1 0.846528 0.582422 0.023611 0.039323
1 0.710880 0.510677 0.015278 0.016667
1 0.735648 0.615625 0.027778 0.044792
1 0.823611 0.574609 0.025000 0.041927
1 0.862731 0.508464 0.015278 0.024740
3 0.308333 0.763932 0.616667 0.471615
3 0.222917 0.771094 0.445833 0.453125
3 0.498611 0.721094 0.997222 0.557292
4 0.354398 0.718880 0.022685 0.028906
4 0.724074 0.886719 0.127778 0.226042
4 0.337037 0.717708 0.023148 0.028646
4 0.844676 0.815495 0.035648 0.032031
4 0.092593 0.725000 0.185185 0.148438
4 0.598843 0.854167 0.093981 0.291146
4 0.246528 0.905469 0.030093 0.030729
4 0.374306 0.641276 0.013426 0.011198
4 0.271528 0.913672 0.027315 0.023698
5 0.337037 0.717708 0.023148 0.028646
5 0.354398 0.718880 0.022685 0.028906
5 0.723843 0.886979 0.127315 0.225521
5 0.844444 0.815495 0.036111 0.032031
5 0.092593 0.724870 0.185185 0.148177
5 0.598843 0.854167 0.093981 0.291146
5 0.682870 0.933594 0.057407 0.132292
5 0.246296 0.905469 0.029630 0.030729
5 0.374537 0.641276 0.012963 0.011198
