0 0.464453 0.163889 0.013281 0.052778
0 0.444531 0.019444 0.012500 0.038889
0 0.251172 0.588889 0.041406 0.122222
0 0.360156 0.470833 0.028125 0.086111
0 0.496484 0.277083 0.041406 0.168056
0 0.419531 0.237500 0.014063 0.058333
1 0.835547 0.054167 0.033594 0.080556
1 0.851562 0.607639 0.035937 0.101389
1 0.960547 0.938194 0.063281 0.098611
1 0.686719 0.055556 0.012500 0.061111
1 0.733984 0.111111 0.021094 0.055556
3 0.294922 0.500694 0.357031 0.990278
3 0.430469 0.497917 0.628125 0.995833
4 0.417187 0.972222 0.012500 0.052778
4 0.555078 0.314583 0.005469 0.034722
4 0.481641 0.157639 0.003906 0.020833
4 0.468750 0.318750 0.006250 0.026389
4 0.549219 0.123611 0.004687 0.022222
4 0.323437 0.671528 0.017188 0.068056
4 0.457422 0.459722 0.008594 0.050000
4 0.681641 0.499306 0.150781 0.998611
4 0.551172 0.206250 0.005469 0.026389
4 0.494531 0.005556 0.004687 0.011111
4 0.422656 0.121528 0.006250 0.020833
4 0.269922 0.972917 0.016406 0.051389
4 0.407422 0.203472 0.008594 0.026389
4 0.388281 0.310417 0.009375 0.034722
4 0.571875 0.977083 0.009375 0.043056
4 0.485156 0.122917 0.004687 0.020833
4 0.546094 0.006944 0.004687 0.013889
4 0.547656 0.059028 0.004687 0.018056
4 0.433984 0.055556 0.005469 0.016667
4 0.564453 0.677778 0.008594 0.069444
4 0.478516 0.200000 0.003906 0.019444
4 0.440625 0.677778 0.010937 0.075000
4 0.490234 0.056944 0.003906 0.016667
4 0.558984 0.461111 0.007031 0.050000
5 0.417187 0.972222 0.012500 0.052778
5 0.555078 0.314583 0.005469 0.034722
5 0.481641 0.157639 0.003906 0.020833
5 0.490234 0.056944 0.003906 0.016667
5 0.468750 0.318750 0.006250 0.026389
5 0.549219 0.123611 0.004687 0.022222
5 0.323437 0.671528 0.017188 0.068056
5 0.457422 0.459722 0.008594 0.050000
5 0.682031 0.499306 0.151562 0.998611
5 0.494141 0.005556 0.003906 0.011111
5 0.422656 0.121528 0.006250 0.020833
5 0.269922 0.972917 0.016406 0.051389
5 0.241797 0.494444 0.294531 0.988889
5 0.407422 0.203472 0.008594 0.026389
5 0.388281 0.310417 0.009375 0.034722
5 0.485156 0.122917 0.004687 0.020833
5 0.546094 0.006944 0.004687 0.013889
5 0.547266 0.059028 0.003906 0.018056
5 0.433984 0.055556 0.005469 0.016667
5 0.551172 0.206250 0.005469 0.026389
5 0.567187 0.811806 0.014063 0.337500
5 0.571875 0.977083 0.009375 0.043056
5 0.478516 0.199306 0.003906 0.018056
5 0.440625 0.677778 0.010937 0.075000
5 0.558984 0.461111 0.007031 0.050000
