0 0.889844 0.147222 0.027604 0.072222
0 0.586979 0.329630 0.037500 0.059259
0 0.454948 0.671296 0.154688 0.409259
0 0.088021 0.192130 0.057292 0.134259
0 0.717448 0.523611 0.066146 0.100926
0 0.620052 0.232407 0.029687 0.038889
0 0.956250 0.394907 0.045833 0.060185
0 0.805990 0.157870 0.026562 0.037963
0 0.909896 0.291667 0.037500 0.053704
0 0.472917 0.050000 0.017708 0.014815
0 0.740104 0.088426 0.020833 0.032407
0 0.513021 0.182870 0.022917 0.032407
0 0.504948 0.045833 0.018229 0.017593
0 0.353906 0.261574 0.048438 0.123148
0 0.600000 0.165278 0.025000 0.032407
0 0.798438 0.056944 0.016667 0.026852
0 0.422656 0.044907 0.019271 0.025000
0 0.885938 0.331944 0.031250 0.054630
0 0.567187 0.212037 0.029167 0.053704
0 0.005208 0.610648 0.010417 0.089815
0 0.518490 0.112500 0.024479 0.050926
0 0.570573 0.259722 0.030729 0.047222
0 0.960156 0.338426 0.040104 0.060185
0 0.509375 0.406944 0.045833 0.062037
0 0.818490 0.078704 0.019271 0.031481
0 0.636198 0.302315 0.034896 0.047222
0 0.203906 0.657870 0.084896 0.132407
0 0.516146 0.271759 0.033333 0.049074
0 0.399219 0.043981 0.020313 0.025000
0 0.763802 0.052315 0.014063 0.015741
0 0.550781 0.046296 0.020313 0.018519
0 0.725260 0.575000 0.067187 0.088889
0 0.562760 0.177778 0.025521 0.038889
0 0.803646 0.219907 0.025000 0.034259
0 0.670573 0.233333 0.027604 0.038889
0 0.719010 0.068981 0.016146 0.036111
0 0.341927 0.223611 0.049479 0.117593
0 0.432552 0.277315 0.035937 0.058333
0 0.643490 0.166204 0.025521 0.036111
0 0.629687 0.277778 0.038542 0.055556
0 0.550521 0.126389 0.022917 0.036111
0 0.443750 0.956481 0.116667 0.075926
0 0.739583 0.057870 0.018750 0.030556
0 0.517708 0.092130 0.021875 0.015741
0 0.087240 0.412037 0.057813 0.120370
0 0.794531 0.141204 0.023438 0.036111
0 0.071094 0.008333 0.142187 0.016667
0 0.865104 0.125463 0.023958 0.041667
0 0.835156 0.209259 0.027604 0.037037
0 0.930208 0.210648 0.029167 0.043519
0 0.535417 0.044907 0.011458 0.021296
0 0.572135 0.224537 0.033854 0.036111
0 0.546875 0.358333 0.038542 0.053704
0 0.582552 0.272222 0.032813 0.051852
0 0.599479 0.141204 0.023958 0.025000
0 0.585938 0.444444 0.048958 0.079630
0 0.579427 0.075000 0.019271 0.024074
0 0.255990 0.591667 0.064062 0.090741
0 0.614844 0.535648 0.065104 0.084259
0 0.523698 0.050000 0.018229 0.022222
0 0.577604 0.046759 0.020833 0.015741
0 0.809375 0.240278 0.029167 0.039815
0 0.674219 0.450463 0.049479 0.075000
3 0.351302 0.556019 0.390104 0.865741
3 0.807813 0.553704 0.383333 0.868519
3 0.648958 0.525463 0.206250 0.930556
3 0.401042 0.081944 0.075000 0.049074
3 0.119010 0.346296 0.238021 0.687037
3 0.219271 0.620370 0.438542 0.738889
3 0.855990 0.337963 0.286979 0.438889
3 0.494792 0.554167 0.989583 0.871296
3 0.753646 0.553704 0.371875 0.870370
3 0.454948 0.529167 0.196354 0.925000
3 0.553385 0.090741 0.168229 0.072222
4 0.822396 0.431019 0.354167 0.625000
4 0.796094 0.527778 0.381771 0.925926
4 0.181250 0.318056 0.054167 0.375000
5 0.856250 0.315741 0.286458 0.394444
5 0.794792 0.551389 0.380208 0.875000
5 0.821875 0.430093 0.355208 0.626852
5 0.181250 0.317593 0.054167 0.374074
5 0.165625 0.592130 0.331250 0.676852
5 0.082031 0.805093 0.164062 0.250926
5 0.461719 0.156019 0.040104 0.187963
5 0.291667 0.398148 0.080208 0.294444
