0 0.900000 0.570312 0.016667 0.015625
0 0.645833 0.542969 0.013889 0.010937
0 0.798611 0.545312 0.025000 0.015625
0 0.880556 0.553125 0.044444 0.021875
0 0.884722 0.602344 0.047222 0.020313
0 0.430556 0.605469 0.022222 0.014063
0 0.877778 0.713281 0.105556 0.039062
0 0.723611 0.578906 0.019444 0.017188
0 0.897222 0.413281 0.200000 0.035937
0 0.043056 0.825781 0.086111 0.045312
0 0.512500 0.592969 0.019444 0.020313
0 0.477778 0.588281 0.016667 0.020313
0 0.923611 0.594531 0.036111 0.020313
0 0.554167 0.892969 0.258333 0.201563
0 0.054167 0.885156 0.108333 0.067187
0 0.668056 0.562500 0.013889 0.015625
0 0.533333 0.600781 0.022222 0.017188
0 0.529167 0.697656 0.091667 0.032813
0 0.872222 0.985156 0.200000 0.026562
0 0.623611 0.558594 0.008333 0.010937
0 0.276389 0.714844 0.097222 0.039062
0 0.588889 0.560156 0.011111 0.014063
0 0.420833 0.578125 0.102778 0.025000
0 0.215278 0.706250 0.086111 0.031250
0 0.951389 0.858594 0.091667 0.148438
0 0.788889 0.579688 0.022222 0.018750
0 0.865278 0.570312 0.019444 0.015625
0 0.633333 0.716406 0.100000 0.039062
0 0.791667 0.902344 0.066667 0.070312
0 0.566667 0.583594 0.016667 0.014063
0 0.775000 0.701562 0.094444 0.031250
0 0.113889 0.834375 0.094444 0.056250
0 0.827778 0.585938 0.027778 0.018750
0 0.819444 0.532031 0.027778 0.017188
0 0.358333 0.838281 0.133333 0.070312
0 0.968056 0.571094 0.013889 0.014063
1 0.898611 0.565625 0.013889 0.018750
1 0.355556 0.834375 0.055556 0.075000
1 0.668056 0.559375 0.013889 0.018750
1 0.222222 0.688281 0.027778 0.023438
1 0.645833 0.539844 0.013889 0.014063
1 0.780556 0.688281 0.033333 0.039062
1 0.625000 0.553125 0.011111 0.015625
1 0.241667 0.688281 0.038889 0.035937
1 0.565278 0.578906 0.013889 0.020313
1 0.881944 0.704688 0.030556 0.043750
1 0.545833 0.555469 0.013889 0.017188
1 0.512500 0.587500 0.013889 0.018750
1 0.912500 0.696875 0.030556 0.040625
1 0.669444 0.697656 0.022222 0.026562
1 0.040278 0.871094 0.075000 0.079687
1 0.480556 0.574219 0.016667 0.023438
1 0.279167 0.701562 0.030556 0.037500
1 0.594444 0.520312 0.005556 0.012500
1 0.801389 0.871094 0.058333 0.073438
1 0.888889 0.592187 0.027778 0.021875
1 0.008333 0.804688 0.016667 0.034375
1 0.518056 0.564063 0.013889 0.015625
1 0.584722 0.539062 0.008333 0.015625
1 0.248611 0.682031 0.025000 0.023438
1 0.043056 0.810156 0.052778 0.054688
1 0.725000 0.571875 0.016667 0.015625
1 0.931944 0.571094 0.013889 0.020313
1 0.804167 0.685937 0.025000 0.037500
1 0.638889 0.706250 0.033333 0.043750
1 0.800000 0.853125 0.050000 0.037500
1 0.536111 0.682031 0.033333 0.035937
1 0.118056 0.827344 0.058333 0.070312
1 0.790278 0.575781 0.019444 0.017188
1 0.431944 0.593750 0.019444 0.021875
1 0.581944 0.531250 0.008333 0.015625
3 0.498611 0.755469 0.997222 0.485938
4 0.162500 0.917969 0.047222 0.035937
4 0.479167 0.804688 0.052778 0.015625
4 0.168056 0.728125 0.030556 0.009375
4 0.452778 0.821094 0.044444 0.017188
4 0.625000 0.742969 0.011111 0.010937
4 0.041667 0.704688 0.077778 0.006250
4 0.952778 0.947656 0.033333 0.023438
4 0.622222 0.788281 0.011111 0.007812
4 0.851389 0.775000 0.025000 0.012500
4 0.395833 0.957812 0.052778 0.031250
4 0.030556 0.717969 0.033333 0.010937
4 0.065278 0.771094 0.047222 0.010937
4 0.831944 0.807031 0.013889 0.017188
4 0.154167 0.798438 0.052778 0.237500
4 0.311111 0.778906 0.050000 0.014063
4 0.590278 0.769531 0.036111 0.014063
4 0.895833 0.751563 0.025000 0.012500
4 0.445833 0.688281 0.019444 0.007812
4 0.194444 0.806250 0.083333 0.021875
4 0.411111 0.755469 0.033333 0.007812
4 0.090278 0.699219 0.019444 0.007812
4 0.150000 0.753906 0.050000 0.010937
4 0.723611 0.742969 0.047222 0.010937
4 0.127778 0.698438 0.050000 0.006250
4 0.041667 0.768750 0.038889 0.012500
4 0.037500 0.969531 0.047222 0.048438
4 0.645833 0.760156 0.041667 0.010937
4 0.681944 0.987500 0.036111 0.021875
4 0.104167 0.746875 0.036111 0.012500
4 0.488889 0.739844 0.044444 0.010937
4 0.425000 0.773438 0.016667 0.015625
4 0.101389 0.680469 0.041667 0.004687
4 0.645833 0.747656 0.025000 0.010937
4 0.737500 0.833594 0.041667 0.020313
4 0.801389 0.801562 0.030556 0.015625
4 0.134722 0.939063 0.263889 0.118750
4 0.806944 0.753906 0.013889 0.014063
5 0.162500 0.917969 0.047222 0.035937
5 0.479167 0.804688 0.052778 0.015625
5 0.168056 0.728125 0.030556 0.009375
5 0.452778 0.821094 0.044444 0.017188
5 0.625000 0.742969 0.011111 0.010937
5 0.041667 0.703906 0.077778 0.004687
5 0.698611 0.726562 0.019444 0.009375
5 0.622222 0.788281 0.011111 0.007812
5 0.851389 0.775000 0.025000 0.012500
5 0.395833 0.957812 0.052778 0.031250
5 0.030556 0.717969 0.033333 0.010937
5 0.063889 0.771094 0.044444 0.010937
5 0.138889 0.684375 0.022222 0.009375
5 0.343056 0.718750 0.025000 0.006250
5 0.737500 0.833594 0.041667 0.020313
5 0.311111 0.778906 0.050000 0.014063
5 0.590278 0.769531 0.036111 0.014063
5 0.895833 0.751563 0.025000 0.012500
5 0.241667 0.736719 0.055556 0.010937
5 0.445833 0.688281 0.019444 0.007812
5 0.194444 0.806250 0.083333 0.021875
5 0.415278 0.705469 0.036111 0.007812
5 0.411111 0.755469 0.033333 0.007812
5 0.090278 0.699219 0.019444 0.007812
5 0.148611 0.754687 0.047222 0.009375
5 0.411111 0.694531 0.016667 0.010937
5 0.725000 0.742969 0.044444 0.010937
5 0.831944 0.807031 0.013889 0.017188
5 0.127778 0.698438 0.050000 0.006250
5 0.041667 0.768750 0.038889 0.012500
5 0.037500 0.968750 0.047222 0.046875
5 0.952778 0.947656 0.033333 0.023438
5 0.544444 0.789062 0.066667 0.021875
5 0.961111 0.713281 0.016667 0.007812
5 0.801389 0.801562 0.030556 0.015625
5 0.645833 0.760156 0.041667 0.010937
5 0.681944 0.987500 0.036111 0.021875
5 0.104167 0.746875 0.036111 0.012500
5 0.488889 0.739062 0.044444 0.009375
5 0.425000 0.773438 0.016667 0.015625
5 0.101389 0.679688 0.041667 0.003125
5 0.645833 0.747656 0.025000 0.010937
5 0.134722 0.939063 0.263889 0.118750
5 0.806944 0.753906 0.013889 0.014063
