0 0.767099 0.195607 0.060142 0.085774
0 0.498231 0.121339 0.010613 0.033473
0 0.679835 0.579498 0.229953 0.560669
0 0.405071 0.359833 0.017689 0.071130
0 0.372642 0.939331 0.193396 0.108787
0 0.462854 0.184100 0.012972 0.050209
0 0.393868 0.190377 0.014151 0.041841
0 0.159788 0.147490 0.031840 0.027197
0 0.455189 0.059623 0.018868 0.035565
0 0.386792 0.723849 0.122642 0.334728
0 0.474646 0.081590 0.020047 0.041841
0 0.428066 0.236402 0.016509 0.037657
0 0.193396 0.135983 0.035377 0.041841
0 0.494693 0.023013 0.015330 0.020921
0 0.500590 0.265690 0.064858 0.154812
0 0.048939 0.219665 0.093160 0.138075
0 0.618514 0.228033 0.100236 0.154812
0 0.477594 0.163180 0.011792 0.033473
0 0.512382 0.165272 0.010613 0.033473
0 0.991745 0.258368 0.014151 0.102510
0 0.591981 0.939331 0.099057 0.108787
0 0.360849 0.558577 0.033019 0.075314
0 0.439858 0.402720 0.082547 0.169456
0 0.489387 0.048117 0.014151 0.029289
0 0.362028 0.275105 0.080189 0.144351
1 0.715802 0.207113 0.014151 0.037657
1 0.694575 0.253138 0.014151 0.066946
1 0.856132 0.219665 0.011792 0.066946
1 0.883844 0.215481 0.012972 0.062762
1 0.712854 0.257322 0.015330 0.066946
1 0.712264 0.194561 0.014151 0.058577
1 0.869693 0.219665 0.015330 0.071130
3 0.116745 0.298117 0.233491 0.307531
3 0.454009 0.530335 0.867925 0.918410
4 0.435731 0.258368 0.005896 0.014644
4 0.243514 0.531381 0.397406 0.920502
4 0.057783 0.336820 0.028302 0.025105
4 0.182193 0.670502 0.274764 0.642259
4 0.116745 0.354603 0.021226 0.027197
5 0.243514 0.531381 0.397406 0.920502
5 0.057783 0.336820 0.028302 0.025105
5 0.182783 0.666318 0.275943 0.650628
5 0.116745 0.354603 0.021226 0.027197
5 0.445755 0.260460 0.007075 0.014644
5 0.468750 0.738494 0.017689 0.146444
5 0.435731 0.258368 0.005896 0.014644
