0 0.935142 0.365063 0.070755 0.094142
0 0.547759 0.362971 0.048349 0.031381
0 0.599646 0.337866 0.034198 0.060669
0 0.015330 0.437238 0.030660 0.050209
0 0.610849 0.263598 0.037736 0.054393
0 0.946934 0.473849 0.103774 0.119247
0 0.535967 0.302301 0.027123 0.027197
0 0.615566 0.280335 0.033019 0.066946
0 0.442807 0.290795 0.022406 0.033473
0 0.041274 0.588912 0.033019 0.077406
0 0.584316 0.315900 0.029481 0.062762
0 0.696344 0.473849 0.020047 0.064854
0 0.764741 0.608787 0.027123 0.079498
0 0.365566 0.478033 0.016509 0.039749
0 0.608491 0.759414 0.129717 0.343096
0 0.658608 0.517782 0.074292 0.119247
0 0.026533 0.614017 0.038915 0.060669
0 0.525943 0.244770 0.018868 0.025105
0 0.460495 0.275105 0.017689 0.027197
0 0.555425 0.268828 0.014151 0.031381
0 0.395637 0.296025 0.029481 0.031381
0 0.984080 0.368201 0.029481 0.100418
0 0.532429 0.202929 0.012972 0.025105
0 0.317217 0.460251 0.056604 0.083682
0 0.874410 0.911088 0.196934 0.165272
0 0.531250 0.288703 0.022406 0.037657
0 0.820165 0.512552 0.135613 0.221757
0 0.076061 0.574268 0.029481 0.060669
0 0.613208 0.379707 0.040094 0.073222
0 0.524175 0.268828 0.020047 0.035565
0 0.340212 0.378661 0.043632 0.058577
0 0.225825 0.436192 0.109670 0.156904
0 0.671580 0.335774 0.079009 0.148536
0 0.881486 0.371339 0.043632 0.060669
0 0.948113 0.836820 0.101415 0.280335
0 0.625590 0.435146 0.050708 0.083682
0 0.883844 0.469665 0.043632 0.060669
0 0.007075 0.655858 0.014151 0.064854
0 0.542453 0.323222 0.037736 0.052301
0 0.831368 0.742678 0.051887 0.125523
0 0.588443 0.209205 0.014151 0.016736
0 0.553066 0.473849 0.063679 0.194561
0 0.724057 0.658996 0.120283 0.196653
0 0.580778 0.304393 0.034198 0.081590
0 0.557783 0.245816 0.018868 0.023013
0 0.229953 0.537657 0.042453 0.079498
0 0.569575 0.285565 0.021226 0.060669
0 0.674528 0.439331 0.016509 0.050209
0 0.555425 0.222803 0.014151 0.027197
0 0.284788 0.597280 0.029481 0.056485
0 0.734670 0.489540 0.025943 0.079498
1 0.735259 0.462343 0.022406 0.075314
1 0.696344 0.427824 0.020047 0.039749
1 0.058373 0.564854 0.020047 0.092050
1 0.833726 0.670502 0.044811 0.119247
1 0.696344 0.442469 0.020047 0.069038
1 0.886203 0.450837 0.017689 0.077406
1 0.022406 0.596234 0.028302 0.096234
1 0.283608 0.556485 0.031840 0.079498
1 0.364976 0.445607 0.022406 0.054393
1 0.232311 0.508368 0.037736 0.066946
1 0.734670 0.447699 0.021226 0.046025
1 0.352005 0.310669 0.010613 0.039749
1 0.927476 0.415272 0.022406 0.048117
1 0.606722 0.567992 0.022406 0.039749
1 0.674528 0.396444 0.018868 0.039749
1 0.761203 0.553347 0.029481 0.060669
3 0.772406 0.653766 0.452830 0.667364
3 0.530660 0.309623 0.132075 0.280335
3 0.238797 0.564854 0.477594 0.849372
4 0.485849 0.362971 0.044811 0.169456
4 0.138561 0.652720 0.029481 0.037657
4 0.010024 0.832636 0.020047 0.033473
4 0.077241 0.736402 0.038915 0.054393
5 0.577241 0.391213 0.008255 0.020921
5 0.299528 0.518828 0.014151 0.020921
5 0.138561 0.652720 0.027123 0.037657
5 0.010024 0.832636 0.020047 0.033473
5 0.380307 0.398536 0.005896 0.010460
5 0.077241 0.736402 0.038915 0.054393
5 0.587264 0.420502 0.014151 0.029289
5 0.369104 0.321130 0.179245 0.274059
5 0.494693 0.446653 0.053066 0.010460
5 0.532429 0.430962 0.133255 0.041841
5 0.485849 0.362971 0.044811 0.169456
7 0.444575 0.489540 0.308962 0.071130
