0 0.229861 0.645312 0.138426 0.083333
0 0.590741 0.482031 0.017593 0.020833
0 0.688194 0.533203 0.125463 0.074740
0 0.798148 0.513932 0.020370 0.014323
0 0.427546 0.466406 0.024537 0.016146
0 0.585185 0.462630 0.028704 0.016406
0 0.282176 0.591667 0.036574 0.028646
0 0.446065 0.445312 0.016204 0.008333
0 0.332870 0.545573 0.074074 0.039062
0 0.396759 0.484896 0.042593 0.022396
0 0.870139 0.547526 0.031944 0.029948
0 0.337963 0.681250 0.042593 0.056250
0 0.636343 0.457031 0.022685 0.013021
0 0.505093 0.624349 0.198148 0.174219
0 0.575694 0.546354 0.032870 0.027083
0 0.468056 0.466146 0.025000 0.011979
0 0.362500 0.620443 0.043519 0.038281
0 0.517824 0.467318 0.026389 0.011719
0 0.458102 0.514583 0.082870 0.065104
0 0.345139 0.517969 0.020833 0.017188
0 0.613194 0.533724 0.022685 0.027344
0 0.387963 0.507031 0.029630 0.025000
0 0.391435 0.536849 0.021759 0.020052
0 0.616435 0.483724 0.037500 0.020052
0 0.449769 0.485286 0.045833 0.033073
0 0.829398 0.529297 0.022685 0.016406
0 0.442593 0.458724 0.024074 0.012240
0 0.078472 0.877995 0.156944 0.236719
0 0.752546 0.489193 0.023611 0.015365
0 0.974769 0.678385 0.049537 0.041667
0 0.578241 0.504297 0.016667 0.019010
0 0.780324 0.500651 0.018056 0.015885
0 0.614583 0.467057 0.029167 0.013281
0 0.843287 0.503385 0.019907 0.017188
0 0.667361 0.592187 0.138426 0.096354
0 0.555556 0.467057 0.032407 0.015365
0 0.518750 0.482943 0.034722 0.025260
0 0.507407 0.520573 0.097222 0.047917
0 0.516204 0.457031 0.024074 0.010937
0 0.598611 0.515234 0.015741 0.017969
0 0.575463 0.453385 0.026852 0.012500
0 0.269907 0.737630 0.054630 0.060156
0 0.641204 0.473307 0.039815 0.021615
0 0.619444 0.458464 0.021296 0.011719
0 0.565741 0.445703 0.020370 0.010156
0 0.294444 0.816667 0.085185 0.092708
1 0.827315 0.477214 0.010185 0.017448
1 0.912731 0.698047 0.042130 0.066406
1 0.967824 0.532682 0.018981 0.033073
1 0.658565 0.490365 0.011574 0.014063
1 0.883102 0.578125 0.027315 0.040625
1 0.987963 0.532813 0.023148 0.033854
1 0.780324 0.552344 0.025463 0.040625
1 0.766204 0.473698 0.009259 0.015104
1 0.806250 0.550781 0.023611 0.038542
1 0.861111 0.502734 0.015741 0.026302
1 0.900000 0.506641 0.017593 0.028906
1 0.816667 0.605208 0.016667 0.036979
1 0.807639 0.590885 0.018981 0.036979
1 0.836574 0.582812 0.031481 0.042708
1 0.810648 0.479297 0.009259 0.019531
1 0.892361 0.499740 0.012500 0.022396
1 0.878472 0.501563 0.018056 0.026042
3 0.323380 0.748177 0.598611 0.498958
3 0.769213 0.737891 0.460648 0.523698
3 0.505324 0.715495 0.988426 0.568490
4 0.408565 0.582812 0.010648 0.010937
4 0.398843 0.582422 0.011574 0.010677
4 0.725926 0.880208 0.132407 0.239063
4 0.421065 0.553255 0.008796 0.008073
4 0.412963 0.553385 0.008333 0.007292
4 0.283796 0.873177 0.046296 0.072396
4 0.222222 0.631380 0.399074 0.261198
4 0.334028 0.710547 0.015278 0.016927
4 0.843056 0.802474 0.036111 0.032031
4 0.095833 0.706120 0.146296 0.111198
4 0.602778 0.856901 0.090741 0.285677
4 0.357176 0.704427 0.023611 0.032813
4 0.663889 0.863932 0.093519 0.249219
4 0.256019 0.870052 0.043519 0.070833
5 0.357176 0.704557 0.023611 0.032552
5 0.421065 0.553255 0.008796 0.008073
5 0.408565 0.582943 0.010648 0.010677
5 0.398843 0.582422 0.011574 0.010677
5 0.726389 0.880469 0.132407 0.238542
5 0.284028 0.873047 0.045833 0.072135
5 0.255787 0.869922 0.043056 0.070573
5 0.141435 0.672786 0.237500 0.178385
5 0.334028 0.710547 0.015278 0.016927
5 0.842824 0.802344 0.035648 0.031771
5 0.096065 0.706120 0.145833 0.111198
5 0.412963 0.553385 0.008333 0.007292
5 0.602778 0.856771 0.090741 0.285938
5 0.663657 0.864323 0.093056 0.247917
5 0.681713 0.920573 0.056944 0.135417
