0 0.323437 0.564583 0.067187 0.112500
0 0.413672 0.571528 0.041406 0.056944
0 0.524219 0.370139 0.009375 0.015278
0 0.479687 0.370139 0.012500 0.020833
0 0.856641 0.744444 0.096094 0.133333
0 0.694531 0.533333 0.040625 0.052778
0 0.456250 0.359722 0.009375 0.013889
0 0.447656 0.395139 0.012500 0.020833
0 0.476953 0.352778 0.008594 0.011111
0 0.455469 0.377778 0.012500 0.016667
0 0.447656 0.465972 0.021875 0.031944
0 0.402344 0.470139 0.026562 0.034722
0 0.111719 0.930556 0.168750 0.136111
0 0.487109 0.361806 0.008594 0.020833
0 0.379297 0.444444 0.022656 0.027778
0 0.573438 0.431944 0.018750 0.027778
0 0.467187 0.363889 0.009375 0.013889
0 0.493359 0.339583 0.008594 0.018056
0 0.344922 0.473611 0.049219 0.063889
0 0.535156 0.406250 0.015625 0.020833
0 0.462500 0.415278 0.017188 0.022222
0 0.472266 0.390972 0.013281 0.020833
0 0.584766 0.595139 0.046094 0.084722
0 0.620313 0.515278 0.032813 0.047222
0 0.603125 0.424306 0.018750 0.023611
0 0.548047 0.344444 0.011719 0.025000
0 0.421094 0.412500 0.037500 0.069444
0 0.335938 0.828472 0.092188 0.140278
0 0.473047 0.338889 0.010156 0.019444
3 0.776172 0.620139 0.446094 0.526389
3 0.759375 0.678472 0.479687 0.634722
3 0.200391 0.629167 0.400781 0.452778
3 0.238672 0.702778 0.477344 0.583333
4 0.610938 0.577778 0.009375 0.013889
4 0.612109 0.480556 0.005469 0.008333
4 0.647656 0.537500 0.007812 0.011111
4 0.276953 0.636111 0.014844 0.022222
4 0.451953 0.693750 0.139844 0.609722
4 0.591797 0.533333 0.007031 0.011111
4 0.209375 0.736806 0.023438 0.034722
4 0.316406 0.729861 0.015625 0.031944
4 0.684766 0.750694 0.019531 0.037500
4 0.235937 0.920833 0.031250 0.063889
4 0.200781 0.634722 0.401562 0.444444
4 0.778906 0.967361 0.032813 0.062500
4 0.569922 0.477778 0.003906 0.008333
4 0.778125 0.622917 0.442188 0.520833
4 0.677344 0.581944 0.010937 0.013889
4 0.385547 0.569444 0.007031 0.013889
4 0.358984 0.630556 0.010156 0.019444
4 0.932031 0.966667 0.046875 0.063889
4 0.789453 0.751389 0.024219 0.036111
4 0.638672 0.643056 0.011719 0.022222
4 0.569922 0.690972 0.110156 0.615278
4 0.578906 0.502083 0.004687 0.009722
4 0.405078 0.523611 0.005469 0.011111
4 0.721484 0.648611 0.016406 0.022222
5 0.611328 0.577778 0.008594 0.013889
5 0.611719 0.480556 0.004687 0.008333
5 0.778125 0.622222 0.442188 0.519444
5 0.647656 0.537500 0.007812 0.011111
5 0.276953 0.636111 0.014844 0.022222
5 0.422656 0.483333 0.014063 0.027778
5 0.452734 0.694444 0.139844 0.608333
5 0.352344 0.524306 0.006250 0.006944
5 0.209375 0.736806 0.023438 0.034722
5 0.778906 0.967361 0.032813 0.062500
5 0.371094 0.495833 0.006250 0.008333
5 0.316406 0.729861 0.015625 0.031944
5 0.599219 0.461111 0.004687 0.005556
5 0.684766 0.750694 0.019531 0.037500
5 0.235937 0.920833 0.031250 0.063889
5 0.562891 0.459028 0.003906 0.006944
5 0.386328 0.473611 0.005469 0.008333
5 0.569922 0.477778 0.003906 0.008333
5 0.677344 0.581944 0.010937 0.013889
5 0.385547 0.569444 0.007031 0.013889
5 0.358984 0.630556 0.010156 0.019444
5 0.200781 0.634028 0.401562 0.443056
5 0.932031 0.966667 0.046875 0.063889
5 0.591797 0.534028 0.007031 0.009722
5 0.789453 0.751389 0.024219 0.036111
5 0.638672 0.643056 0.011719 0.022222
5 0.569922 0.690972 0.110156 0.615278
5 0.578906 0.502083 0.004687 0.009722
5 0.557031 0.444444 0.003125 0.005556
5 0.405469 0.523611 0.004687 0.011111
5 0.721484 0.648611 0.016406 0.022222
