0 0.897656 0.041667 0.049479 0.083333
0 0.378125 0.516204 0.304167 0.187963
0 0.573177 0.007407 0.014063 0.014815
0 0.858594 0.800000 0.066146 0.101852
0 0.787240 0.175463 0.046354 0.069444
0 0.034896 0.308796 0.069792 0.184259
0 0.110156 0.335648 0.067187 0.075000
0 0.390104 0.006019 0.028125 0.012037
0 0.781250 0.388889 0.065625 0.142593
0 0.811719 0.313889 0.036979 0.062963
0 0.315365 0.179630 0.051562 0.068519
0 0.941146 0.397222 0.063542 0.081481
0 0.441146 0.029167 0.028125 0.047222
0 0.227604 0.207870 0.127083 0.178704
0 0.184635 0.308796 0.066146 0.076852
0 0.771094 0.244444 0.053646 0.109259
0 0.254948 0.281481 0.050521 0.066667
0 0.650000 0.089352 0.030208 0.056481
0 0.351042 0.154630 0.032292 0.051852
0 0.924740 0.459259 0.056771 0.079630
0 0.686198 0.016667 0.043229 0.033333
0 0.681771 0.412500 0.062500 0.075000
0 0.798177 0.008333 0.060937 0.016667
0 0.702344 0.580556 0.105729 0.150000
0 0.697917 0.468981 0.066667 0.086111
0 0.602344 0.258796 0.044271 0.075000
0 0.447656 0.004167 0.026562 0.008333
0 0.623437 0.440741 0.072917 0.085185
0 0.697917 0.114815 0.069792 0.164815
0 0.648698 0.668981 0.164062 0.173148
0 0.601562 0.026852 0.042708 0.053704
0 0.632812 0.062037 0.039583 0.068519
0 0.834635 0.232407 0.048438 0.070370
0 0.775521 0.318056 0.050000 0.052778
1 0.639323 0.552315 0.020313 0.080556
1 0.610677 0.543519 0.019271 0.074074
1 0.553906 0.581481 0.017188 0.070370
3 0.855469 0.145833 0.288021 0.291667
3 0.734115 0.498611 0.527604 0.991667
3 0.235156 0.209722 0.461979 0.419444
4 0.708594 0.455556 0.581771 0.901852
4 0.359635 0.065741 0.031771 0.124074
4 0.260937 0.202778 0.422917 0.405556
5 0.733073 0.455093 0.532813 0.900926
5 0.261198 0.202315 0.422396 0.404630
5 0.299740 0.265741 0.014063 0.014815
5 0.359375 0.065741 0.031250 0.124074
