0 0.929688 0.236111 0.009375 0.016667
0 0.538281 0.886111 0.067187 0.077778
0 0.816406 0.344444 0.023438 0.027778
0 0.795312 0.337500 0.025000 0.036111
0 0.885156 0.391667 0.039062 0.044444
0 0.762500 0.655556 0.046875 0.050000
0 0.914062 0.334722 0.028125 0.030556
0 0.515625 0.775000 0.050000 0.061111
0 0.862500 0.341667 0.021875 0.027778
0 0.901563 0.237500 0.009375 0.013889
0 0.878125 0.319444 0.018750 0.022222
0 0.803906 0.434722 0.035937 0.047222
0 0.942187 0.301389 0.018750 0.019444
0 0.821875 0.513889 0.034375 0.038889
0 0.743750 0.520833 0.043750 0.069444
0 0.789062 0.345833 0.028125 0.025000
0 0.896875 0.277778 0.009375 0.016667
0 0.660937 0.875000 0.071875 0.088889
0 0.907813 0.284722 0.012500 0.019444
0 0.567187 0.398611 0.040625 0.052778
3 0.416406 0.606944 0.829688 0.775000
3 0.839063 0.606944 0.284375 0.775000
3 0.586719 0.638889 0.589063 0.711111
4 0.777344 0.038889 0.014063 0.011111
4 0.790625 0.712500 0.206250 0.569444
4 0.878125 0.650000 0.140625 0.544444
4 0.126562 0.038889 0.012500 0.011111
4 0.179688 0.033333 0.012500 0.033333
5 0.777344 0.038889 0.014063 0.011111
5 0.790625 0.712500 0.206250 0.569444
5 0.878125 0.650000 0.140625 0.544444
5 0.126562 0.038889 0.012500 0.011111
5 0.179688 0.033333 0.012500 0.033333
