0 0.660417 0.110648 0.032292 0.054630
0 0.701302 0.474074 0.060937 0.098148
0 0.859115 0.801389 0.066146 0.104630
0 0.916927 0.471296 0.057813 0.092593
0 0.833854 0.008333 0.060417 0.016667
0 0.091406 0.331481 0.089063 0.100000
0 0.335677 0.162963 0.041146 0.064815
0 0.991146 0.563426 0.016667 0.250926
0 0.667969 0.530556 0.078646 0.142593
0 0.376302 0.516204 0.306771 0.187963
0 0.585417 0.015278 0.045833 0.030556
0 0.248698 0.234722 0.136979 0.195370
0 0.405729 0.166667 0.035417 0.055556
0 0.851042 0.318981 0.104167 0.223148
0 0.776302 0.325926 0.050521 0.064815
0 0.332292 0.235185 0.037500 0.061111
0 0.964583 0.535185 0.042708 0.096296
0 0.660937 0.022685 0.036458 0.039815
0 0.380469 0.046296 0.047396 0.092593
0 0.693750 0.142593 0.038542 0.057407
0 0.681771 0.411111 0.061458 0.070370
0 0.936198 0.081481 0.057813 0.053704
0 0.779427 0.397685 0.063021 0.119444
0 0.612500 0.377315 0.051042 0.084259
0 0.496354 0.006481 0.027083 0.012963
0 0.649219 0.668056 0.164062 0.173148
0 0.640625 0.062963 0.038542 0.081481
0 0.784896 0.272222 0.028125 0.044444
0 0.717448 0.179167 0.038021 0.060185
0 0.692969 0.057407 0.036979 0.066667
0 0.376563 0.202778 0.044792 0.066667
1 0.644531 0.570370 0.017188 0.062963
1 0.664323 0.442130 0.017188 0.039815
1 0.625000 0.485648 0.013542 0.084259
3 0.855208 0.146296 0.288542 0.292593
3 0.728646 0.499074 0.537500 0.990741
3 0.233333 0.210648 0.466667 0.421296
4 0.753125 0.461574 0.492708 0.893519
4 0.236719 0.210185 0.470313 0.420370
4 0.933333 0.593056 0.126042 0.184259
5 0.753385 0.461111 0.492188 0.892593
5 0.394792 0.146296 0.154167 0.292593
5 0.029687 0.407407 0.054167 0.024074
5 0.932813 0.593056 0.125000 0.184259
5 0.095573 0.383333 0.191146 0.074074
5 0.351562 0.102315 0.016667 0.058333
5 0.236979 0.209722 0.469792 0.419444
