0 0.672135 0.044444 0.045312 0.083333
0 0.671354 0.232870 0.058333 0.152778
0 0.056510 0.145370 0.060937 0.068519
0 0.543750 0.052778 0.046875 0.074074
0 0.927865 0.064815 0.043229 0.022222
0 0.711198 0.064352 0.034896 0.015741
0 0.292187 0.006019 0.010417 0.012037
0 0.557813 0.158333 0.060417 0.077778
0 0.901563 0.906019 0.128125 0.186111
0 0.857292 0.263426 0.055208 0.084259
0 0.298177 0.067593 0.011979 0.029630
0 0.252344 0.092130 0.038021 0.058333
0 0.126042 0.163889 0.057292 0.061111
0 0.258854 0.009259 0.037500 0.018519
0 0.634635 0.094907 0.052604 0.080556
0 0.668490 0.190278 0.049479 0.067593
0 0.044271 0.187037 0.062500 0.062963
0 0.742969 0.628241 0.059896 0.095370
0 0.223958 0.071296 0.021875 0.033333
0 0.152865 0.105556 0.047396 0.053704
0 0.969531 0.402778 0.059896 0.103704
0 0.706771 0.077778 0.044792 0.042593
0 0.595313 0.319444 0.063542 0.085185
0 0.908073 0.315741 0.055729 0.085185
0 0.614844 0.073148 0.031771 0.057407
0 0.525260 0.298148 0.066146 0.079630
0 0.196615 0.081019 0.042188 0.052778
0 0.642708 0.017130 0.034375 0.034259
0 0.169531 0.137500 0.048438 0.069444
0 0.738542 0.177778 0.094792 0.211111
0 0.584375 0.270833 0.062500 0.076852
0 0.833073 0.230093 0.045312 0.076852
0 0.938542 0.130556 0.045833 0.059259
0 0.517708 0.234259 0.046875 0.057407
0 0.282031 0.009259 0.014063 0.018519
0 0.600000 0.425926 0.097917 0.138889
0 0.671875 0.256944 0.058333 0.104630
0 0.789844 0.154167 0.024479 0.082407
0 0.675781 0.127778 0.033854 0.057407
0 0.579427 0.524074 0.095312 0.183333
0 0.229167 0.119907 0.048958 0.063889
0 0.289323 0.365741 0.277604 0.179630
0 0.348177 0.007870 0.031771 0.015741
1 0.490625 0.430556 0.016667 0.088889
1 0.465104 0.486574 0.017708 0.087963
1 0.474479 0.433333 0.018750 0.087037
3 0.861198 0.170833 0.276562 0.341667
3 0.684375 0.475926 0.625000 0.946296
3 0.740885 0.360185 0.517188 0.714815
3 0.182552 0.125463 0.365104 0.250926
4 0.740625 0.484722 0.513542 0.934259
4 0.970052 0.515278 0.018229 0.023148
4 0.254167 0.122685 0.508333 0.245370
5 0.482552 0.068056 0.053646 0.012037
5 0.970052 0.515278 0.018229 0.023148
5 0.710417 0.281481 0.012500 0.016667
5 0.740104 0.484259 0.512500 0.933333
5 0.254167 0.123148 0.508333 0.242593
5 0.854167 0.364352 0.017708 0.019444
