0 0.782813 0.420139 0.031250 0.037500
0 0.584375 0.415278 0.021875 0.044444
0 0.824219 0.429861 0.035937 0.048611
0 0.627734 0.650000 0.060156 0.105556
0 0.544141 0.538889 0.046094 0.041667
0 0.617188 0.450000 0.032813 0.041667
0 0.895703 0.609028 0.063281 0.109722
0 0.473828 0.671528 0.022656 0.115278
0 0.605859 0.476389 0.033594 0.058333
0 0.044922 0.906250 0.044531 0.090278
0 0.400000 0.584722 0.064062 0.061111
0 0.189062 0.809028 0.026562 0.056944
0 0.415234 0.719444 0.100781 0.230556
0 0.495703 0.454861 0.055469 0.095833
0 0.409375 0.540972 0.046875 0.062500
0 0.975781 0.804861 0.046875 0.129167
0 0.366016 0.868750 0.100781 0.145833
0 0.521875 0.834722 0.093750 0.200000
0 0.523438 0.726389 0.087500 0.091667
0 0.147656 0.922917 0.121875 0.151389
0 0.469141 0.570833 0.053906 0.047222
0 0.476562 0.611806 0.056250 0.081944
0 0.558984 0.395139 0.036719 0.051389
0 0.491016 0.526389 0.036719 0.075000
0 0.609375 0.429861 0.031250 0.037500
0 0.620313 0.480556 0.031250 0.025000
0 0.456641 0.545833 0.044531 0.086111
0 0.356641 0.969444 0.121094 0.058333
0 0.903516 0.706944 0.022656 0.061111
0 0.291797 0.684722 0.144531 0.238889
0 0.988672 0.918750 0.021094 0.151389
0 0.572266 0.588194 0.036719 0.076389
0 0.021875 0.969444 0.043750 0.058333
0 0.538672 0.584028 0.038281 0.048611
0 0.473438 0.432639 0.050000 0.104167
0 0.620703 0.738194 0.072656 0.109722
0 0.541406 0.690278 0.067187 0.097222
0 0.551953 0.964583 0.133594 0.068056
0 0.541406 0.630556 0.059375 0.047222
0 0.548438 0.514583 0.040625 0.029167
0 0.554297 0.461806 0.052344 0.115278
0 0.621094 0.525000 0.048438 0.066667
0 0.825391 0.472917 0.017969 0.037500
0 0.229297 0.956944 0.130469 0.083333
0 0.630859 0.589583 0.061719 0.062500
1 0.032422 0.756250 0.028906 0.140278
1 0.124609 0.656944 0.022656 0.091667
1 0.142578 0.680556 0.019531 0.105556
3 0.434766 0.783333 0.488281 0.430556
3 0.856250 0.713194 0.264062 0.570833
4 0.195312 0.902083 0.015625 0.026389
4 0.671875 0.823611 0.029687 0.350000
5 0.195312 0.902083 0.015625 0.026389
5 0.672266 0.824306 0.028906 0.348611
