0 0.167969 0.115741 0.004687 0.007407
0 0.934375 0.173611 0.033333 0.019444
0 0.185677 0.196759 0.013021 0.028704
0 0.179948 0.172685 0.009896 0.017593
0 0.556510 0.159722 0.020313 0.013889
0 0.040625 0.175463 0.013542 0.012037
0 0.291406 0.231944 0.013021 0.019444
0 0.080990 0.152778 0.008854 0.009259
0 0.431771 0.458333 0.027083 0.037037
0 0.221094 0.249074 0.014063 0.025926
0 0.010417 0.185648 0.016667 0.013889
0 0.196354 0.139815 0.006250 0.012963
0 0.269010 0.309722 0.020313 0.032407
0 0.561979 0.407407 0.039583 0.027778
0 0.332813 0.270833 0.014583 0.021296
0 0.154688 0.164815 0.014583 0.020370
0 0.012500 0.339815 0.025000 0.027778
0 0.190885 0.174537 0.008854 0.015741
0 0.245833 0.233333 0.011458 0.024074
0 0.051562 0.168981 0.013542 0.013889
0 0.995313 0.393056 0.008333 0.069444
0 0.209635 0.270833 0.015104 0.025000
0 0.300781 0.318056 0.019271 0.025000
0 0.334635 0.459259 0.086979 0.125926
0 0.426042 0.466204 0.042708 0.052778
0 0.095833 0.348148 0.033333 0.027778
0 0.207813 0.186574 0.008333 0.013889
0 0.219010 0.168519 0.007812 0.011111
0 0.263542 0.182870 0.012500 0.021296
0 0.099740 0.138889 0.006771 0.009259
0 0.194010 0.246296 0.015104 0.025926
0 0.216406 0.197685 0.009896 0.017593
0 0.172396 0.211574 0.009375 0.015741
0 0.026302 0.180093 0.013021 0.012037
0 0.432552 0.326389 0.020313 0.034259
0 0.247917 0.282407 0.017708 0.027778
0 0.232813 0.215741 0.011458 0.016667
0 0.144271 0.198148 0.022917 0.020370
0 0.666927 0.150463 0.040104 0.030556
0 0.319792 0.307870 0.018750 0.028704
0 0.994271 0.185648 0.010417 0.015741
0 0.206771 0.137037 0.006250 0.011111
0 0.303385 0.361111 0.020313 0.027778
0 0.383333 0.157870 0.016667 0.012037
0 0.129688 0.367593 0.031250 0.027778
0 0.841927 0.168519 0.026562 0.016667
0 0.214583 0.216667 0.012500 0.022222
0 0.167708 0.157407 0.008333 0.012963
0 0.068490 0.337963 0.024479 0.022222
3 0.603906 0.161111 0.771354 0.059259
3 0.728385 0.708333 0.542188 0.575926
3 0.171354 0.433796 0.290625 0.206481
3 0.294010 0.315278 0.347396 0.399074
3 0.145052 0.374537 0.241146 0.089815
3 0.498177 0.608333 0.996354 0.772222
3 0.056510 0.140741 0.113021 0.109259
3 0.358333 0.260185 0.442708 0.337037
4 0.812500 0.769907 0.040625 0.058333
4 0.874740 0.903241 0.114062 0.191667
4 0.922135 0.617130 0.020313 0.028704
4 0.393750 0.459259 0.013542 0.016667
4 0.194792 0.888426 0.063542 0.043519
4 0.260417 0.968519 0.079167 0.061111
4 0.134115 0.780556 0.268229 0.153704
4 0.357292 0.414815 0.010417 0.012963
4 0.166667 0.804630 0.052083 0.037037
4 0.642448 0.531944 0.036979 0.028704
4 0.085417 0.740278 0.170833 0.091667
4 0.475260 0.648611 0.054688 0.039815
4 0.260677 0.476852 0.082812 0.103704
4 0.172656 0.846759 0.093229 0.060185
5 0.812500 0.769907 0.040625 0.058333
5 0.875000 0.902778 0.114583 0.192593
5 0.922396 0.617130 0.019792 0.028704
5 0.393750 0.458796 0.013542 0.017593
5 0.134115 0.780556 0.268229 0.153704
5 0.357031 0.414352 0.009896 0.012037
5 0.166406 0.804630 0.051562 0.037037
5 0.642448 0.532407 0.036979 0.027778
5 0.085156 0.740278 0.170313 0.091667
5 0.995833 0.508796 0.007292 0.012037
5 0.172396 0.846759 0.092708 0.060185
5 0.475260 0.648611 0.054688 0.039815
5 0.526302 0.412037 0.010937 0.009259
5 0.260937 0.477315 0.082292 0.102778
5 0.194792 0.888426 0.063542 0.041667
