0 0.457813 0.441667 0.018750 0.027778
0 0.397656 0.627778 0.050000 0.072222
0 0.523047 0.375000 0.011719 0.016667
0 0.464453 0.371528 0.008594 0.015278
0 0.487891 0.360417 0.010156 0.015278
0 0.549609 0.354861 0.008594 0.012500
0 0.466406 0.404167 0.015625 0.025000
0 0.710938 0.670139 0.065625 0.104167
0 0.425391 0.431250 0.027344 0.043056
0 0.456250 0.359028 0.009375 0.012500
0 0.470313 0.358333 0.012500 0.013889
0 0.419531 0.393056 0.012500 0.019444
0 0.433594 0.412500 0.017188 0.025000
0 0.722656 0.568750 0.050000 0.073611
0 0.078906 0.809722 0.128125 0.141667
0 0.482812 0.371528 0.010937 0.015278
0 0.551562 0.361806 0.007812 0.009722
0 0.521875 0.352083 0.007812 0.009722
0 0.406641 0.412500 0.017969 0.022222
0 0.385156 0.497222 0.032813 0.041667
0 0.610547 0.438194 0.022656 0.029167
0 0.571484 0.426389 0.017969 0.027778
0 0.333984 0.595833 0.049219 0.061111
0 0.530859 0.395833 0.014844 0.019444
0 0.390234 0.437500 0.008594 0.025000
0 0.266797 0.555556 0.047656 0.058333
0 0.475781 0.386806 0.012500 0.015278
0 0.456250 0.375694 0.012500 0.018056
0 0.541406 0.424306 0.018750 0.029167
0 0.444141 0.399306 0.011719 0.018056
0 0.440234 0.501389 0.030469 0.041667
0 0.548438 0.383333 0.012500 0.019444
0 0.535547 0.356944 0.008594 0.011111
0 0.194922 0.830556 0.100781 0.133333
0 0.434766 0.382639 0.011719 0.015278
0 0.655469 0.492361 0.029687 0.040278
1 0.390234 0.436111 0.007031 0.022222
3 0.778516 0.624306 0.441406 0.515278
3 0.198828 0.627778 0.397656 0.450000
3 0.761328 0.693056 0.475781 0.602778
3 0.271875 0.711806 0.396875 0.568056
3 0.231641 0.711111 0.463281 0.566667
3 0.200781 0.697917 0.401562 0.568056
4 0.358984 0.630556 0.010156 0.019444
4 0.611328 0.480556 0.005469 0.008333
4 0.562109 0.459028 0.003906 0.006944
4 0.659375 0.554861 0.031250 0.045833
4 0.209766 0.737500 0.024219 0.033333
4 0.436719 0.703472 0.109375 0.590278
4 0.578906 0.502083 0.004687 0.009722
4 0.350781 0.526389 0.007812 0.011111
4 0.932031 0.966667 0.045312 0.063889
4 0.638672 0.643056 0.011719 0.022222
4 0.077734 0.939583 0.049219 0.070833
4 0.405078 0.523611 0.005469 0.011111
4 0.316406 0.729861 0.015625 0.031944
4 0.570312 0.477778 0.004687 0.008333
4 0.385547 0.569444 0.007031 0.013889
4 0.197656 0.636806 0.395313 0.437500
4 0.778516 0.967361 0.032031 0.062500
4 0.779687 0.624306 0.439063 0.515278
4 0.599609 0.460417 0.003906 0.006944
4 0.418359 0.493750 0.005469 0.009722
4 0.276953 0.636806 0.014844 0.020833
4 0.591797 0.533333 0.007031 0.011111
4 0.789453 0.751389 0.024219 0.036111
4 0.571484 0.708333 0.107031 0.580556
4 0.610938 0.578472 0.009375 0.015278
4 0.684766 0.750694 0.019531 0.037500
4 0.627344 0.504861 0.006250 0.009722
4 0.236328 0.920833 0.032031 0.063889
4 0.677344 0.581944 0.010937 0.013889
5 0.611328 0.480556 0.005469 0.008333
5 0.450391 0.704167 0.136719 0.588889
5 0.659375 0.554861 0.031250 0.045833
5 0.778516 0.967361 0.032031 0.062500
5 0.405078 0.524306 0.005469 0.009722
5 0.209766 0.737500 0.024219 0.033333
5 0.386719 0.472222 0.006250 0.008333
5 0.578906 0.502083 0.004687 0.009722
5 0.350781 0.526389 0.007812 0.011111
5 0.932031 0.966667 0.045312 0.063889
5 0.593750 0.451389 0.010937 0.016667
5 0.789453 0.751389 0.024219 0.036111
5 0.638672 0.643056 0.011719 0.022222
5 0.077734 0.939583 0.049219 0.070833
5 0.427734 0.471528 0.005469 0.009722
5 0.316406 0.730556 0.015625 0.030556
5 0.570312 0.477778 0.004687 0.008333
5 0.385547 0.569444 0.007031 0.013889
5 0.198047 0.636806 0.396094 0.437500
5 0.779687 0.624306 0.439063 0.515278
5 0.007422 0.843056 0.014844 0.022222
5 0.599609 0.460417 0.003906 0.006944
5 0.562109 0.459028 0.003906 0.006944
5 0.627344 0.504861 0.006250 0.009722
5 0.418359 0.493750 0.005469 0.009722
5 0.276953 0.636806 0.014844 0.020833
5 0.591797 0.533333 0.007031 0.011111
5 0.571484 0.709722 0.107031 0.577778
5 0.398828 0.455556 0.005469 0.008333
5 0.610938 0.578472 0.009375 0.015278
5 0.684766 0.750694 0.019531 0.037500
5 0.236328 0.920833 0.032031 0.063889
5 0.358984 0.630556 0.010156 0.019444
5 0.677344 0.581944 0.010937 0.013889
