0 0.927865 0.206481 0.041146 0.057407
0 0.626042 0.158333 0.028125 0.046296
0 0.676302 0.135648 0.023438 0.037963
0 0.899479 0.842593 0.076042 0.118519
0 0.865365 0.371759 0.040104 0.063889
0 0.714063 0.168056 0.026042 0.028704
0 0.089323 0.300000 0.054688 0.046296
0 0.210938 0.262037 0.048958 0.051852
0 0.258594 0.240278 0.046354 0.058333
0 0.604167 0.265741 0.032292 0.055556
0 0.547135 0.016204 0.023438 0.032407
0 0.396094 0.158796 0.028646 0.045370
0 0.825521 0.709722 0.078125 0.125000
0 0.301302 0.201852 0.026562 0.022222
0 0.966927 0.487500 0.057813 0.067593
0 0.758594 0.079630 0.023438 0.033333
0 0.925000 0.444444 0.042708 0.050000
0 0.596354 0.449074 0.102083 0.103704
0 0.724219 0.535185 0.039062 0.074074
0 0.421875 0.112037 0.019792 0.029630
0 0.604427 0.091204 0.019271 0.043519
0 0.405208 0.182870 0.032292 0.047222
0 0.620573 0.066667 0.017188 0.029630
0 0.009375 0.325463 0.018750 0.039815
0 0.302344 0.229630 0.039062 0.044444
0 0.760156 0.281019 0.076563 0.162037
0 0.664583 0.013426 0.020833 0.026852
0 0.146615 0.279167 0.051562 0.054630
0 0.981771 0.639815 0.035417 0.083333
0 0.794531 0.250463 0.022396 0.067593
0 0.522917 0.012037 0.017708 0.024074
0 0.692708 0.157870 0.023958 0.037963
0 0.878125 0.068519 0.023958 0.024074
0 0.675521 0.191667 0.030208 0.064815
0 0.580469 0.049074 0.039062 0.079630
0 0.854688 0.454630 0.046875 0.066667
0 0.628125 0.331481 0.040625 0.072222
0 0.436458 0.024074 0.019792 0.031481
0 0.697396 0.021296 0.019792 0.033333
0 0.273958 0.211574 0.026042 0.025000
0 0.626302 0.202315 0.030729 0.065741
0 0.638802 0.120833 0.051562 0.106481
0 0.710156 0.254630 0.026562 0.055556
0 0.665625 0.118981 0.010417 0.049074
0 0.716146 0.193056 0.029167 0.036111
0 0.726562 0.085648 0.022917 0.032407
0 0.433073 0.356019 0.169271 0.115741
0 0.840365 0.329167 0.043229 0.060185
3 0.746615 0.500463 0.505729 0.991667
3 0.252083 0.171759 0.467708 0.343519
3 0.804427 0.206944 0.390104 0.410185
4 0.480729 0.077315 0.020833 0.154630
5 0.179948 0.036111 0.013021 0.037037
5 0.979167 0.895370 0.040625 0.072222
5 0.480990 0.076852 0.020313 0.153704
