0 0.558594 0.373611 0.010937 0.013889
0 0.415625 0.588889 0.040625 0.058333
0 0.539453 0.365972 0.008594 0.009722
0 0.480078 0.377083 0.013281 0.018056
0 0.437109 0.406250 0.014844 0.020833
0 0.342578 0.482639 0.032031 0.037500
0 0.431641 0.372222 0.022656 0.044444
0 0.546484 0.384722 0.013281 0.016667
0 0.488281 0.362500 0.012500 0.019444
0 0.460938 0.376389 0.012500 0.016667
0 0.640234 0.543750 0.039844 0.070833
0 0.918750 0.762500 0.160938 0.394444
0 0.450391 0.390278 0.013281 0.019444
0 0.452734 0.417361 0.019531 0.031944
0 0.412891 0.392361 0.030469 0.051389
0 0.384375 0.497222 0.029687 0.041667
0 0.603516 0.431250 0.019531 0.026389
0 0.578516 0.397917 0.013281 0.018056
0 0.546875 0.354167 0.007812 0.011111
0 0.475781 0.358333 0.009375 0.016667
0 0.161328 0.706944 0.088281 0.091667
0 0.106641 0.922222 0.189844 0.152778
0 0.471875 0.395139 0.012500 0.018056
0 0.550391 0.460417 0.025781 0.043056
0 0.464844 0.362500 0.012500 0.022222
0 0.440625 0.486806 0.025000 0.034722
0 0.575000 0.432639 0.020313 0.031944
0 0.318359 0.620139 0.055469 0.073611
0 0.557813 0.397917 0.014063 0.020833
0 0.550391 0.363889 0.010156 0.013889
0 0.394141 0.440972 0.024219 0.029167
0 0.655078 0.488194 0.030469 0.040278
3 0.218359 0.711806 0.436719 0.565278
3 0.196875 0.636111 0.393750 0.438889
3 0.757422 0.679167 0.478906 0.633333
3 0.237500 0.706944 0.475000 0.575000
3 0.695703 0.518056 0.288281 0.352778
3 0.322656 0.709722 0.303125 0.577778
4 0.611328 0.479861 0.005469 0.009722
4 0.778906 0.967361 0.032813 0.062500
4 0.276953 0.636111 0.014844 0.022222
4 0.209375 0.736806 0.023438 0.034722
4 0.436719 0.700000 0.109375 0.597222
4 0.578906 0.502083 0.004687 0.009722
4 0.064453 0.957639 0.019531 0.031944
4 0.385547 0.569444 0.007031 0.013889
4 0.789453 0.750694 0.024219 0.034722
4 0.316406 0.729861 0.015625 0.031944
4 0.638672 0.643056 0.011719 0.022222
4 0.350781 0.526389 0.007812 0.011111
4 0.418750 0.493056 0.004687 0.008333
4 0.569922 0.477778 0.005469 0.008333
4 0.405078 0.523611 0.005469 0.011111
4 0.358984 0.630556 0.010156 0.019444
4 0.198828 0.636806 0.397656 0.437500
4 0.721875 0.648611 0.015625 0.022222
4 0.320312 0.570833 0.009375 0.013889
4 0.704688 0.537500 0.268750 0.311111
4 0.931641 0.966667 0.046094 0.063889
4 0.591797 0.534028 0.007031 0.009722
4 0.677344 0.581250 0.010937 0.015278
4 0.504297 0.682639 0.241406 0.631944
4 0.684766 0.750694 0.019531 0.037500
4 0.610547 0.578472 0.010156 0.015278
4 0.236328 0.920833 0.032031 0.063889
5 0.778516 0.967361 0.032031 0.062500
5 0.276953 0.636111 0.014844 0.022222
5 0.209375 0.736806 0.023438 0.034722
5 0.436719 0.700000 0.109375 0.597222
5 0.578906 0.502083 0.004687 0.009722
5 0.064453 0.957639 0.019531 0.031944
5 0.385547 0.569444 0.007031 0.013889
5 0.789453 0.750694 0.024219 0.034722
5 0.316406 0.729861 0.015625 0.031944
5 0.638672 0.643056 0.011719 0.022222
5 0.350781 0.526389 0.007812 0.011111
5 0.418750 0.493056 0.004687 0.008333
5 0.569922 0.477778 0.005469 0.008333
5 0.405078 0.523611 0.005469 0.011111
5 0.358984 0.630556 0.010156 0.019444
5 0.198828 0.636806 0.397656 0.437500
5 0.721875 0.648611 0.015625 0.022222
5 0.599609 0.460417 0.003906 0.006944
5 0.386328 0.471528 0.005469 0.006944
5 0.320312 0.570833 0.009375 0.013889
5 0.704297 0.537500 0.269531 0.311111
5 0.931641 0.966667 0.046094 0.063889
5 0.591797 0.534028 0.007031 0.009722
5 0.677344 0.581944 0.010937 0.013889
5 0.627344 0.504167 0.006250 0.008333
5 0.684766 0.750694 0.019531 0.037500
5 0.610547 0.578472 0.010156 0.015278
5 0.504297 0.688194 0.241406 0.620833
5 0.611328 0.480556 0.005469 0.008333
5 0.236328 0.920833 0.032031 0.063889
5 0.435547 0.453472 0.003906 0.006944
