0 0.785937 0.402778 0.062500 0.044444
0 0.517188 0.558333 0.051562 0.047222
0 0.534766 0.480556 0.030469 0.030556
0 0.597656 0.414583 0.029687 0.020833
0 0.488672 0.511111 0.033594 0.050000
0 0.398047 0.655556 0.061719 0.088889
0 0.425000 0.460417 0.028125 0.045833
0 0.563672 0.490278 0.028906 0.055556
0 0.233984 0.713194 0.088281 0.106944
0 0.487109 0.388889 0.041406 0.069444
0 0.597266 0.391667 0.024219 0.027778
0 0.041016 0.930556 0.082031 0.136111
0 0.585938 0.740972 0.093750 0.173611
0 0.418750 0.484722 0.042188 0.030556
0 0.269922 0.613194 0.052344 0.087500
0 0.348828 0.825000 0.071094 0.158333
0 0.689063 0.383333 0.025000 0.041667
0 0.420703 0.683333 0.069531 0.041667
0 0.333984 0.699306 0.078906 0.084722
0 0.457422 0.814583 0.096094 0.237500
0 0.184766 0.901389 0.135156 0.194444
0 0.495703 0.450000 0.030469 0.052778
0 0.488672 0.485417 0.044531 0.037500
0 0.521875 0.346528 0.025000 0.026389
0 0.348828 0.533333 0.105469 0.166667
0 0.297266 0.780556 0.089844 0.125000
0 0.594531 0.981944 0.078125 0.033333
0 0.489063 0.502083 0.045312 0.068056
0 0.595703 0.523611 0.046094 0.052778
0 0.285156 0.653472 0.054688 0.118056
0 0.514844 0.404167 0.009375 0.044444
0 0.537500 0.516667 0.046875 0.052778
0 0.457031 0.459028 0.040625 0.056944
0 0.574609 0.406250 0.021094 0.037500
0 0.495703 0.420139 0.022656 0.018056
0 0.400781 0.787500 0.045312 0.186111
0 0.130859 0.795833 0.128906 0.177778
0 0.987891 0.892361 0.022656 0.187500
0 0.539453 0.557639 0.041406 0.076389
0 0.598047 0.573611 0.053906 0.077778
0 0.515234 0.617361 0.067969 0.143056
0 0.440625 0.563889 0.075000 0.166667
0 0.539844 0.395139 0.045312 0.087500
0 0.537891 0.441667 0.033594 0.030556
0 0.531250 0.458333 0.032813 0.036111
0 0.596094 0.445139 0.034375 0.051389
0 0.319922 0.921528 0.117969 0.154167
0 0.601172 0.504861 0.041406 0.056944
0 0.455859 0.377778 0.035156 0.088889
1 0.080469 0.688194 0.025000 0.098611
1 0.153516 0.601389 0.021094 0.080556
3 0.374609 0.765278 0.574219 0.466667
3 0.869531 0.716667 0.259375 0.563889
4 0.953906 0.958333 0.017188 0.030556
4 0.889844 0.622917 0.009375 0.012500
4 0.160156 0.888889 0.129688 0.197222
4 0.945703 0.639583 0.083594 0.093056
4 0.646094 0.780556 0.040625 0.436111
4 0.466016 0.957639 0.011719 0.034722
4 0.911719 0.656944 0.009375 0.013889
5 0.159766 0.888889 0.130469 0.197222
5 0.466016 0.957639 0.011719 0.034722
5 0.953906 0.958333 0.017188 0.030556
5 0.889453 0.622917 0.008594 0.012500
5 0.219531 0.797917 0.010937 0.015278
5 0.945312 0.639583 0.082812 0.093056
5 0.646484 0.779861 0.039844 0.437500
5 0.864453 0.582639 0.021094 0.031944
5 0.911719 0.656944 0.009375 0.013889
