0 0.549219 0.356250 0.007812 0.009722
0 0.520703 0.363194 0.008594 0.012500
0 0.471094 0.384722 0.012500 0.013889
0 0.491016 0.356944 0.007031 0.013889
0 0.707031 0.645833 0.065625 0.102778
0 0.561719 0.504167 0.031250 0.047222
0 0.435156 0.410417 0.017188 0.020833
0 0.453906 0.436806 0.023438 0.040278
0 0.470703 0.400000 0.013281 0.016667
0 0.479297 0.348611 0.011719 0.019444
0 0.605859 0.621528 0.049219 0.115278
0 0.421094 0.392361 0.014063 0.020833
0 0.464062 0.413889 0.015625 0.022222
0 0.642188 0.488194 0.032813 0.043056
0 0.158984 0.765972 0.311719 0.459722
0 0.483594 0.368750 0.010937 0.015278
0 0.451953 0.357639 0.011719 0.026389
0 0.523047 0.345833 0.008594 0.013889
0 0.402734 0.412500 0.016406 0.025000
0 0.382031 0.503472 0.032813 0.048611
0 0.589063 0.385417 0.032813 0.073611
0 0.567969 0.389583 0.009375 0.018056
0 0.439453 0.375000 0.011719 0.013889
0 0.411719 0.441667 0.021875 0.027778
0 0.467578 0.363889 0.010156 0.013889
0 0.525391 0.380556 0.011719 0.019444
0 0.426563 0.532639 0.032813 0.056944
0 0.542188 0.331944 0.010937 0.019444
0 0.531641 0.406944 0.016406 0.022222
0 0.537109 0.360417 0.010156 0.012500
0 0.555469 0.456250 0.021875 0.034722
0 0.558984 0.372917 0.010156 0.015278
0 0.553516 0.394444 0.014844 0.025000
0 0.455859 0.380556 0.011719 0.019444
0 0.368359 0.770139 0.075781 0.115278
0 0.469141 0.350694 0.007031 0.012500
3 0.761328 0.702778 0.475781 0.583333
3 0.796875 0.713889 0.404687 0.561111
3 0.334766 0.707639 0.285156 0.579167
3 0.237109 0.690972 0.474219 0.609722
3 0.647656 0.696528 0.251563 0.598611
4 0.351172 0.526389 0.008594 0.011111
4 0.591797 0.533333 0.007031 0.011111
4 0.659375 0.554861 0.031250 0.045833
4 0.436719 0.702778 0.109375 0.591667
4 0.638281 0.643056 0.012500 0.022222
4 0.235937 0.920139 0.031250 0.062500
4 0.340625 0.478472 0.106250 0.112500
4 0.385547 0.569444 0.007031 0.013889
4 0.358984 0.631250 0.010156 0.020833
4 0.778516 0.967361 0.032031 0.062500
4 0.801953 0.653472 0.394531 0.456944
4 0.320312 0.571528 0.009375 0.015278
4 0.931641 0.966667 0.046094 0.063889
4 0.677344 0.581250 0.010937 0.015278
4 0.789453 0.750694 0.024219 0.034722
4 0.684766 0.750694 0.019531 0.037500
4 0.569922 0.690278 0.111719 0.616667
4 0.316406 0.730556 0.015625 0.030556
5 0.350781 0.526389 0.007812 0.011111
5 0.579688 0.502083 0.006250 0.009722
5 0.659375 0.554861 0.031250 0.045833
5 0.386719 0.472222 0.006250 0.008333
5 0.436719 0.702778 0.109375 0.591667
5 0.003125 0.847917 0.006250 0.018056
5 0.931641 0.966667 0.046094 0.063889
5 0.638672 0.643750 0.011719 0.020833
5 0.235937 0.920139 0.031250 0.062500
5 0.417578 0.493750 0.005469 0.009722
5 0.340625 0.478472 0.106250 0.112500
5 0.385547 0.569444 0.007031 0.013889
5 0.358984 0.631250 0.010156 0.020833
5 0.778516 0.967361 0.032031 0.062500
5 0.801953 0.653472 0.394531 0.456944
5 0.569531 0.478472 0.004687 0.006944
5 0.427734 0.472222 0.005469 0.008333
5 0.320312 0.571528 0.009375 0.015278
5 0.677344 0.581250 0.010937 0.015278
5 0.789453 0.750694 0.024219 0.034722
5 0.685156 0.750694 0.018750 0.037500
5 0.570312 0.690972 0.110937 0.615278
5 0.591797 0.533333 0.007031 0.011111
5 0.316406 0.730556 0.015625 0.030556
5 0.610938 0.479167 0.004687 0.008333
5 0.405859 0.522917 0.005469 0.012500
