0 0.327083 0.282870 0.064583 0.102778
0 0.216146 0.152778 0.019792 0.025926
0 0.374219 0.044907 0.006771 0.012037
0 0.397396 0.013889 0.006250 0.009259
0 0.788802 0.078704 0.016146 0.014815
0 0.355469 0.049074 0.007812 0.011111
0 0.714323 0.082407 0.017188 0.016667
0 0.102604 0.250926 0.023958 0.029630
0 0.296354 0.088889 0.012500 0.014815
0 0.344792 0.137037 0.013542 0.022222
0 0.376823 0.032870 0.006771 0.008333
0 0.768490 0.102315 0.018229 0.013889
0 0.331510 0.084722 0.011979 0.017593
0 0.833333 0.101852 0.009375 0.012963
0 0.776302 0.069907 0.015104 0.013889
0 0.344792 0.165741 0.018750 0.027778
0 0.813281 0.101852 0.026562 0.014815
0 0.069531 0.459259 0.045312 0.050000
0 0.233854 0.252315 0.022917 0.028704
0 0.788802 0.092130 0.015104 0.013889
0 0.298438 0.199537 0.017708 0.023148
0 0.361979 0.057870 0.008333 0.012037
0 0.823438 0.115278 0.021875 0.017593
0 0.374740 0.085648 0.017188 0.028704
0 0.432552 0.029167 0.005729 0.010185
0 0.605208 0.478704 0.065625 0.040741
0 0.751563 0.117130 0.018750 0.013889
0 0.724219 0.092130 0.010937 0.015741
0 0.803906 0.087500 0.016146 0.015741
0 0.309375 0.156481 0.015625 0.020370
3 0.221094 0.485648 0.442188 0.932407
3 0.209115 0.234259 0.418229 0.459259
3 0.723437 0.168519 0.552083 0.337037
4 0.056771 0.315741 0.015625 0.016667
4 0.013281 0.356944 0.026562 0.025000
4 0.159635 0.383333 0.013021 0.020370
4 0.144531 0.260648 0.008854 0.010185
4 0.198437 0.381019 0.014583 0.021296
4 0.021094 0.579167 0.029687 0.041667
4 0.102083 0.302778 0.010417 0.012963
4 0.146354 0.463426 0.018750 0.030556
4 0.075000 0.578241 0.027083 0.043519
4 0.266927 0.274074 0.007812 0.012963
4 0.203385 0.322685 0.009896 0.013889
4 0.051042 0.352778 0.014583 0.016667
4 0.214583 0.501852 0.420833 0.994444
4 0.103646 0.463889 0.017708 0.025926
4 0.237240 0.320370 0.009896 0.016667
4 0.151042 0.671296 0.292708 0.655556
5 0.056771 0.315741 0.015625 0.016667
5 0.013021 0.356481 0.026042 0.024074
5 0.159635 0.383333 0.013021 0.020370
5 0.144792 0.260648 0.008333 0.010185
5 0.198177 0.381019 0.014063 0.021296
5 0.021094 0.579167 0.029687 0.041667
5 0.203646 0.322685 0.009375 0.013889
5 0.146354 0.463426 0.018750 0.030556
5 0.075000 0.578241 0.027083 0.043519
5 0.267188 0.273611 0.007292 0.012037
5 0.102344 0.302778 0.009896 0.012963
5 0.051042 0.352778 0.014583 0.016667
5 0.151042 0.670370 0.292708 0.657407
5 0.103646 0.463889 0.017708 0.025926
5 0.237240 0.320370 0.009896 0.016667
5 0.151042 0.670833 0.292708 0.656481
