0 0.821875 0.413889 0.012500 0.011111
0 0.184375 0.666667 0.031250 0.050000
0 0.127344 0.745833 0.029687 0.052778
3 0.689844 0.713889 0.579688 0.566667
3 0.250781 0.727778 0.495312 0.538889
3 0.451562 0.706944 0.903125 0.580556
4 0.134375 0.801389 0.003125 0.013889
4 0.135156 0.850000 0.004687 0.016667
4 0.142187 0.913889 0.006250 0.022222
4 0.154688 0.988889 0.006250 0.016667
5 0.134375 0.801389 0.003125 0.013889
5 0.135156 0.850000 0.004687 0.016667
5 0.142187 0.913889 0.006250 0.022222
5 0.154688 0.988889 0.006250 0.016667
