0 0.450781 0.445833 0.021875 0.033333
0 0.417578 0.544444 0.036719 0.052778
0 0.527344 0.377083 0.012500 0.015278
0 0.682422 0.604167 0.053906 0.072222
0 0.559766 0.371528 0.010156 0.015278
0 0.666797 0.509722 0.035156 0.047222
0 0.404297 0.463194 0.027344 0.037500
0 0.464062 0.417361 0.015625 0.020833
0 0.551562 0.392361 0.009375 0.020833
0 0.459375 0.359028 0.018750 0.048611
0 0.435937 0.361806 0.020313 0.043056
0 0.604688 0.433333 0.018750 0.027778
0 0.478125 0.378472 0.010937 0.015278
0 0.428906 0.497917 0.028125 0.040278
0 0.566016 0.445139 0.021094 0.031944
0 0.151172 0.882639 0.130469 0.165278
0 0.450781 0.388889 0.012500 0.016667
0 0.391797 0.403472 0.042969 0.070833
0 0.551562 0.354861 0.010937 0.018056
0 0.429688 0.417361 0.017188 0.020833
0 0.534375 0.411111 0.015625 0.025000
0 0.560937 0.408333 0.017188 0.027778
0 0.483203 0.370139 0.011719 0.015278
0 0.558984 0.398611 0.016406 0.022222
0 0.550781 0.362500 0.010937 0.013889
0 0.588672 0.409028 0.016406 0.020833
0 0.446094 0.397222 0.015625 0.022222
0 0.355078 0.739583 0.072656 0.106944
3 0.782813 0.627778 0.432812 0.516667
3 0.188281 0.647917 0.376563 0.412500
3 0.759375 0.682639 0.475000 0.623611
3 0.348438 0.693750 0.271875 0.609722
3 0.219141 0.713194 0.438281 0.565278
4 0.611328 0.479861 0.005469 0.006944
4 0.647656 0.536806 0.007812 0.009722
4 0.209375 0.736806 0.023438 0.034722
4 0.436719 0.697222 0.109375 0.602778
4 0.277344 0.636806 0.014063 0.020833
4 0.578906 0.502083 0.004687 0.009722
4 0.070312 0.948611 0.031250 0.050000
4 0.370703 0.495139 0.005469 0.009722
4 0.385547 0.569444 0.007031 0.013889
4 0.316406 0.729861 0.015625 0.031944
4 0.638672 0.643056 0.011719 0.022222
4 0.350781 0.526389 0.007812 0.011111
4 0.569922 0.477778 0.003906 0.008333
4 0.358984 0.630556 0.010156 0.019444
4 0.211719 0.623611 0.423438 0.466667
4 0.778516 0.967361 0.032031 0.062500
4 0.785156 0.632639 0.428125 0.498611
4 0.319922 0.571528 0.010156 0.015278
4 0.931641 0.966667 0.046094 0.063889
4 0.591797 0.533333 0.007031 0.011111
4 0.627734 0.504861 0.007031 0.009722
4 0.789453 0.751389 0.024219 0.036111
4 0.684766 0.750694 0.019531 0.037500
4 0.570312 0.693750 0.109375 0.609722
4 0.610938 0.577778 0.009375 0.016667
4 0.236328 0.920833 0.032031 0.063889
4 0.721875 0.647917 0.015625 0.020833
5 0.611328 0.479861 0.005469 0.006944
5 0.778516 0.967361 0.032031 0.062500
5 0.386719 0.472917 0.006250 0.006944
5 0.208984 0.736806 0.022656 0.034722
5 0.450781 0.694444 0.137500 0.608333
5 0.277344 0.636806 0.014063 0.020833
5 0.578906 0.502083 0.004687 0.009722
5 0.070312 0.948611 0.031250 0.050000
5 0.370703 0.495139 0.005469 0.009722
5 0.385547 0.569444 0.007031 0.013889
5 0.931641 0.966667 0.046094 0.063889
5 0.316797 0.729861 0.014844 0.031944
5 0.638672 0.643056 0.011719 0.022222
5 0.350391 0.526389 0.007031 0.011111
5 0.569922 0.477778 0.003906 0.008333
5 0.358984 0.630556 0.010156 0.019444
5 0.187500 0.648611 0.375000 0.413889
5 0.785156 0.632639 0.428125 0.498611
5 0.647656 0.536806 0.007812 0.009722
5 0.599609 0.460417 0.003906 0.006944
5 0.319531 0.571528 0.009375 0.015278
5 0.591406 0.533333 0.006250 0.011111
5 0.627344 0.504861 0.006250 0.009722
5 0.789453 0.750694 0.024219 0.034722
5 0.684766 0.750694 0.019531 0.037500
5 0.569922 0.693750 0.110156 0.609722
5 0.610938 0.578472 0.009375 0.015278
5 0.236328 0.920833 0.032031 0.063889
5 0.721875 0.647917 0.015625 0.020833
