0 0.787891 0.694444 0.071094 0.155556
0 0.694141 0.806944 0.058594 0.108333
0 0.612891 0.677778 0.032031 0.025000
0 0.587500 0.736111 0.045312 0.091667
0 0.824609 0.767361 0.107031 0.201389
0 0.591797 0.624306 0.030469 0.034722
0 0.046484 0.983333 0.092969 0.030556
0 0.485547 0.874306 0.094531 0.129167
0 0.619922 0.714583 0.024219 0.059722
0 0.652344 0.752083 0.051562 0.101389
0 0.132422 0.856250 0.257031 0.220833
0 0.775781 0.970139 0.087500 0.056944
0 0.791406 0.718750 0.079687 0.137500
0 0.642578 0.668056 0.044531 0.055556
0 0.683984 0.681944 0.038281 0.063889
0 0.589063 0.664583 0.032813 0.051389
0 0.836719 0.938889 0.054688 0.119444
0 0.740234 0.678472 0.025781 0.068056
0 0.599219 0.788194 0.054688 0.112500
0 0.593750 0.618056 0.026562 0.041667
0 0.736719 0.760417 0.046875 0.093056
0 0.713281 0.672222 0.031250 0.061111
0 0.627344 0.870139 0.064062 0.106944
0 0.155078 0.968056 0.124219 0.061111
1 0.753516 0.836111 0.017969 0.077778
3 0.751172 0.810417 0.496094 0.376389
3 0.302344 0.754861 0.289062 0.154167
4 0.728125 0.944444 0.328125 0.102778
4 0.395703 0.744444 0.019531 0.022222
4 0.629297 0.909722 0.189844 0.063889
4 0.524219 0.771528 0.050000 0.084722
4 0.651172 0.967361 0.175781 0.059722
5 0.726953 0.945139 0.327344 0.104167
5 0.628906 0.909722 0.190625 0.063889
5 0.523828 0.772222 0.047656 0.083333
5 0.651172 0.968056 0.175781 0.061111
5 0.395703 0.744444 0.019531 0.022222
