0 0.862109 0.459028 0.032031 0.029167
0 0.737500 0.422222 0.037500 0.033333
0 0.042578 0.738194 0.085156 0.362500
0 0.655078 0.413889 0.046094 0.072222
0 0.728125 0.394444 0.026562 0.036111
0 0.913281 0.713889 0.076563 0.133333
0 0.489844 0.506944 0.021875 0.041667
0 0.808984 0.387500 0.041406 0.025000
0 0.788281 0.494444 0.026562 0.066667
0 0.835156 0.643750 0.067187 0.115278
0 0.916016 0.533333 0.038281 0.086111
0 0.675391 0.467361 0.050781 0.054167
0 0.881641 0.500694 0.044531 0.087500
0 0.776563 0.589583 0.037500 0.115278
0 0.344531 0.450694 0.040625 0.123611
0 0.288281 0.636111 0.392188 0.244444
0 0.151953 0.848611 0.088281 0.166667
0 0.830469 0.503472 0.064062 0.070833
0 0.425000 0.488194 0.042188 0.051389
0 0.026953 0.802083 0.053906 0.334722
0 0.033594 0.984722 0.067187 0.027778
0 0.798047 0.445139 0.058594 0.051389
0 0.919922 0.478472 0.027344 0.026389
0 0.850391 0.567361 0.074219 0.118056
0 0.653516 0.596528 0.236719 0.223611
0 0.672656 0.403472 0.079687 0.093056
0 0.074219 0.884722 0.100000 0.166667
0 0.843750 0.432639 0.032813 0.043056
0 0.117969 0.950694 0.131250 0.095833
3 0.804297 0.769444 0.389844 0.458333
3 0.260156 0.836111 0.135937 0.208333
3 0.803906 0.853472 0.390625 0.290278
3 0.150000 0.766667 0.168750 0.063889
3 0.713281 0.668056 0.195312 0.263889
4 0.610547 0.924306 0.047656 0.148611
4 0.839063 0.900000 0.107813 0.197222
4 0.987109 0.852778 0.024219 0.055556
4 0.738281 0.856250 0.303125 0.284722
4 0.766797 0.740278 0.128906 0.052778
4 0.755078 0.695833 0.089844 0.030556
5 0.838672 0.900694 0.107031 0.195833
5 0.987109 0.852778 0.024219 0.055556
5 0.610547 0.924306 0.046094 0.148611
5 0.765625 0.740278 0.126562 0.052778
5 0.755078 0.695833 0.089844 0.030556
