0 0.408203 0.179861 0.032031 0.051389
0 0.239453 0.158333 0.028906 0.055556
0 0.315625 0.004167 0.014063 0.008333
0 0.337500 0.186806 0.031250 0.056944
0 0.342187 0.015278 0.014063 0.022222
0 0.290625 0.011111 0.014063 0.022222
0 0.201172 0.501389 0.089844 0.169444
0 0.331250 0.107639 0.023438 0.040278
0 0.453906 0.291667 0.045312 0.086111
0 0.289844 0.098611 0.021875 0.033333
0 0.489063 0.473611 0.057813 0.141667
0 0.369141 0.077778 0.022656 0.036111
0 0.244922 0.790278 0.113281 0.263889
3 0.800391 0.727778 0.394531 0.541667
3 0.193750 0.501389 0.387500 0.994444
3 0.654687 0.499306 0.581250 0.962500
3 0.451172 0.509722 0.241406 0.972222
4 0.221875 0.648611 0.023438 0.069444
4 0.687891 0.576389 0.069531 0.136111
4 0.774219 0.488194 0.073438 0.087500
4 0.905078 0.390278 0.058594 0.077778
4 0.767969 0.711806 0.356250 0.573611
4 0.853906 0.429167 0.062500 0.072222
4 0.555078 0.456250 0.036719 0.043056
4 0.315625 0.223611 0.003125 0.016667
4 0.887109 0.404861 0.058594 0.073611
4 0.133203 0.918056 0.046094 0.133333
4 0.268750 0.495139 0.014063 0.045833
4 0.795703 0.478472 0.067969 0.101389
4 0.754297 0.506250 0.075781 0.093056
4 0.311719 0.320139 0.006250 0.023611
4 0.296875 0.392361 0.009375 0.031944
4 0.711719 0.549306 0.073438 0.115278
4 0.831250 0.441667 0.068750 0.077778
4 0.564453 0.471528 0.036719 0.065278
4 0.539844 0.379861 0.031250 0.034722
4 0.551953 0.426389 0.033594 0.044444
4 0.581641 0.506944 0.063281 0.069444
4 0.675391 0.627083 0.060156 0.159722
4 0.734375 0.525694 0.076563 0.101389
4 0.868750 0.415278 0.060937 0.077778
4 0.316016 0.264583 0.003906 0.018056
4 0.812109 0.457639 0.069531 0.081944
5 0.741016 0.650694 0.410156 0.618056
7 0.744141 0.649306 0.405469 0.618056
7 0.658594 0.506250 0.578125 0.926389
