0 0.534375 0.346528 0.006250 0.009722
0 0.408984 0.579167 0.039844 0.058333
0 0.540625 0.373611 0.010937 0.013889
0 0.698047 0.546528 0.044531 0.065278
0 0.790234 0.780556 0.136719 0.269444
0 0.575781 0.393056 0.014063 0.019444
0 0.456641 0.361806 0.010156 0.012500
0 0.523438 0.366667 0.010937 0.016667
0 0.469922 0.361111 0.010156 0.013889
0 0.437500 0.379861 0.010937 0.015278
0 0.243359 0.596528 0.060156 0.065278
0 0.446484 0.394444 0.013281 0.019444
0 0.830469 0.696528 0.073438 0.106944
0 0.470313 0.398611 0.014063 0.019444
0 0.412109 0.403472 0.014844 0.020833
0 0.435547 0.411111 0.016406 0.025000
0 0.364844 0.428472 0.059375 0.098611
0 0.400000 0.417361 0.012500 0.026389
0 0.386328 0.489583 0.032031 0.043056
0 0.566016 0.383333 0.010156 0.016667
0 0.570703 0.428472 0.017969 0.026389
0 0.481250 0.374306 0.010937 0.015278
0 0.457813 0.380556 0.012500 0.016667
0 0.522266 0.358333 0.008594 0.011111
0 0.595703 0.414583 0.019531 0.031944
0 0.302344 0.630556 0.062500 0.077778
3 0.776563 0.614583 0.445312 0.531944
3 0.764062 0.690278 0.470313 0.608333
3 0.647656 0.688889 0.259375 0.619444
3 0.216016 0.620139 0.432031 0.473611
3 0.230078 0.704167 0.460156 0.580556
3 0.728125 0.691667 0.410938 0.608333
4 0.436719 0.700000 0.107813 0.597222
4 0.209766 0.736806 0.024219 0.034722
4 0.777734 0.621528 0.442969 0.520833
4 0.350781 0.526389 0.007812 0.011111
4 0.677344 0.581944 0.010937 0.013889
4 0.078516 0.938889 0.049219 0.069444
4 0.316406 0.729861 0.015625 0.031944
4 0.638672 0.643056 0.011719 0.022222
4 0.171484 0.665972 0.342969 0.379167
4 0.358984 0.630556 0.010156 0.019444
4 0.778906 0.966667 0.031250 0.063889
4 0.720703 0.647917 0.014844 0.018056
4 0.319531 0.572222 0.009375 0.013889
4 0.932422 0.966667 0.046094 0.063889
4 0.591797 0.533333 0.007031 0.011111
4 0.504297 0.688889 0.241406 0.619444
4 0.684766 0.750694 0.019531 0.037500
4 0.610938 0.578472 0.009375 0.015278
4 0.236328 0.920833 0.032031 0.063889
5 0.385937 0.569444 0.007812 0.013889
5 0.438672 0.687500 0.111719 0.622222
5 0.171484 0.665972 0.342969 0.379167
5 0.569531 0.477778 0.004687 0.008333
5 0.611328 0.480556 0.005469 0.008333
5 0.405078 0.523611 0.005469 0.011111
5 0.209766 0.736806 0.024219 0.034722
5 0.589844 0.445833 0.003125 0.005556
5 0.579688 0.502083 0.004687 0.009722
5 0.677344 0.581944 0.010937 0.013889
5 0.078125 0.938889 0.048438 0.069444
5 0.316406 0.729861 0.015625 0.031944
5 0.638672 0.643056 0.011719 0.022222
5 0.435547 0.453472 0.003906 0.006944
5 0.417969 0.493750 0.006250 0.009722
5 0.350781 0.526389 0.007812 0.011111
5 0.358984 0.630556 0.010156 0.019444
5 0.778906 0.966667 0.031250 0.063889
5 0.720703 0.647917 0.014844 0.018056
5 0.427344 0.472222 0.004687 0.008333
5 0.932031 0.966667 0.046875 0.063889
5 0.599609 0.460417 0.003906 0.006944
5 0.319922 0.572222 0.008594 0.013889
5 0.591797 0.533333 0.007031 0.011111
5 0.627344 0.504861 0.006250 0.009722
5 0.610938 0.578472 0.009375 0.015278
5 0.684766 0.750694 0.019531 0.037500
5 0.562109 0.459028 0.003906 0.006944
5 0.504297 0.689583 0.241406 0.618056
5 0.557031 0.444444 0.003125 0.005556
5 0.648047 0.537500 0.008594 0.011111
5 0.236328 0.920833 0.032031 0.063889
