0 0.246875 0.180556 0.006250 0.011111
0 0.395313 0.981944 0.093750 0.030556
0 0.271094 0.187500 0.007812 0.013889
0 0.279687 0.327778 0.012500 0.022222
0 0.249219 0.465278 0.029687 0.047222
0 0.521094 0.440278 0.029687 0.036111
0 0.344531 0.198611 0.007812 0.013889
0 0.263281 0.555556 0.039062 0.072222
3 0.658594 0.556944 0.679688 0.763889
3 0.378906 0.597222 0.320312 0.794444
4 0.339844 0.763889 0.014063 0.033333
4 0.179688 0.033333 0.012500 0.033333
4 0.379688 0.866667 0.018750 0.044444
5 0.339844 0.763889 0.014063 0.033333
5 0.179688 0.033333 0.012500 0.033333
5 0.379688 0.866667 0.018750 0.044444
