0 0.274219 0.200000 0.018229 0.020370
0 0.401823 0.041667 0.006771 0.012963
0 0.713802 0.082407 0.018229 0.016667
0 0.343229 0.020370 0.006250 0.009259
0 0.121615 0.232870 0.028646 0.037963
0 0.134115 0.282407 0.026562 0.037037
0 0.294010 0.207407 0.019271 0.022222
0 0.342448 0.137500 0.011979 0.015741
0 0.414323 0.056481 0.006771 0.012963
0 0.382812 0.036574 0.006250 0.010185
0 0.787760 0.079630 0.018229 0.014815
0 0.253125 0.139815 0.013542 0.016667
0 0.751823 0.117130 0.017188 0.013889
0 0.025781 0.341204 0.051562 0.069444
0 0.367188 0.104630 0.011458 0.018519
0 0.835417 0.209259 0.030208 0.031481
0 0.229427 0.293981 0.033854 0.050926
0 0.074479 0.615741 0.078125 0.105556
0 0.315104 0.098148 0.011458 0.014815
0 0.391146 0.070370 0.008333 0.016667
0 0.329948 0.156019 0.031771 0.047222
0 0.768750 0.102315 0.019792 0.013889
0 0.453125 0.024074 0.004167 0.009259
0 0.712500 0.158333 0.029167 0.025926
0 0.283854 0.133796 0.012500 0.019444
0 0.204427 0.206481 0.019271 0.029630
0 0.140885 0.236111 0.029687 0.031481
0 0.365625 0.052778 0.008333 0.012963
0 0.324740 0.289352 0.060937 0.110185
0 0.108854 0.061111 0.017708 0.014815
0 0.390365 0.095370 0.009896 0.014815
0 0.425260 0.037500 0.006771 0.010185
0 0.605208 0.478704 0.065625 0.040741
0 0.729427 0.143981 0.028646 0.025000
0 0.239323 0.172685 0.017188 0.026852
0 0.822917 0.115741 0.020833 0.016667
3 0.219271 0.492130 0.438542 0.919444
3 0.196094 0.231944 0.392188 0.458333
3 0.722656 0.171296 0.553646 0.342593
4 0.198698 0.380556 0.015104 0.020370
4 0.020052 0.581481 0.026562 0.037037
4 0.147396 0.463426 0.017708 0.030556
4 0.238802 0.321296 0.011979 0.016667
4 0.102344 0.464815 0.020313 0.027778
4 0.216406 0.500926 0.424479 0.996296
5 0.198437 0.381019 0.014583 0.019444
5 0.020052 0.581481 0.025521 0.037037
5 0.147396 0.462963 0.017708 0.029630
5 0.238542 0.321296 0.011458 0.016667
5 0.102604 0.464815 0.019792 0.027778
5 0.216667 0.501389 0.423958 0.995370
5 0.179688 0.036574 0.013542 0.036111
