0 0.541406 0.908333 0.070312 0.105556
0 0.795312 0.572222 0.043750 0.066667
0 0.885156 0.369444 0.051562 0.038889
0 0.889062 0.297222 0.018750 0.027778
0 0.871094 0.425000 0.029687 0.044444
0 0.436719 0.613889 0.060937 0.077778
0 0.802344 0.441667 0.029687 0.038889
0 0.903906 0.273611 0.020313 0.019444
0 0.749219 0.687500 0.051562 0.063889
3 0.404687 0.640278 0.809375 0.708333
3 0.830469 0.641667 0.267188 0.705556
3 0.611719 0.651389 0.642188 0.686111
4 0.814844 0.650000 0.254688 0.694444
5 0.778125 0.744444 0.181250 0.505556
5 0.110156 0.823611 0.023438 0.019444
5 0.814063 0.650000 0.253125 0.694444
5 0.022656 0.897222 0.029687 0.027778
5 0.864062 0.651389 0.153125 0.691667
5 0.116406 0.905556 0.026562 0.022222
5 0.125781 0.038889 0.014063 0.011111
5 0.260937 0.772222 0.018750 0.016667
5 0.195312 0.831944 0.021875 0.019444
5 0.846875 0.768056 0.118750 0.458333
5 0.179688 0.033333 0.012500 0.033333
5 0.243750 0.713889 0.018750 0.016667
