0 0.787760 0.079167 0.018229 0.013889
0 0.465625 0.029630 0.006250 0.009259
0 0.457292 0.035648 0.006250 0.012037
0 0.411198 0.028704 0.005729 0.009259
0 0.714323 0.082407 0.017188 0.016667
0 0.605208 0.478704 0.065625 0.040741
0 0.400260 0.053704 0.009896 0.018519
0 0.294531 0.175926 0.018229 0.024074
0 0.069531 0.461111 0.047396 0.046296
0 0.265104 0.131481 0.013542 0.016667
0 0.280729 0.256481 0.035417 0.062963
0 0.402083 0.015741 0.006250 0.012963
0 0.769010 0.101852 0.019271 0.014815
0 0.313281 0.103704 0.009896 0.018519
0 0.128646 0.252778 0.023958 0.031481
0 0.824479 0.116204 0.023958 0.015741
0 0.239063 0.347685 0.028125 0.034259
0 0.814063 0.100463 0.028125 0.015741
0 0.331250 0.083333 0.011458 0.014815
0 0.139323 0.497685 0.044271 0.056481
0 0.182031 0.230556 0.024479 0.031481
0 0.788542 0.091667 0.015625 0.014815
0 0.281771 0.131481 0.014583 0.022222
0 0.518229 0.067130 0.010417 0.012037
0 0.367708 0.050926 0.006250 0.009259
0 0.250000 0.158796 0.018750 0.028704
0 0.100521 0.311574 0.031250 0.043519
0 0.473958 0.056481 0.008333 0.011111
0 0.003906 0.581481 0.007812 0.037037
0 0.458854 0.043519 0.008333 0.012963
0 0.330729 0.192593 0.017708 0.027778
0 0.382292 0.027778 0.006250 0.011111
0 0.751302 0.117130 0.020313 0.013889
0 0.418229 0.031481 0.006250 0.014815
0 0.383854 0.082870 0.009375 0.019444
0 0.324219 0.079630 0.008854 0.012963
0 0.454427 0.020370 0.005729 0.014815
0 0.723958 0.091667 0.011458 0.016667
0 0.803646 0.088426 0.016667 0.017593
0 0.351562 0.043981 0.007292 0.012037
0 0.084896 0.824537 0.169792 0.343519
3 0.220833 0.434259 0.441667 0.822222
3 0.209115 0.232407 0.418229 0.461111
3 0.728906 0.168519 0.541146 0.337037
4 0.236979 0.275926 0.008333 0.012963
4 0.015365 0.354167 0.025521 0.025000
4 0.198177 0.381019 0.013021 0.021296
4 0.021615 0.579167 0.027604 0.039815
4 0.149219 0.459722 0.014063 0.023148
4 0.074740 0.578704 0.025521 0.042593
4 0.203125 0.324537 0.010417 0.015741
4 0.103646 0.462963 0.017708 0.024074
4 0.190625 0.179167 0.381250 0.321296
4 0.266146 0.413889 0.220833 0.479630
4 0.159896 0.383333 0.013542 0.020370
5 0.236979 0.275926 0.008333 0.012963
5 0.015365 0.354167 0.025521 0.025000
5 0.103906 0.462500 0.017188 0.023148
5 0.021615 0.579167 0.027604 0.039815
5 0.149219 0.459722 0.014063 0.023148
5 0.074740 0.578704 0.025521 0.042593
5 0.202865 0.324074 0.009896 0.014815
5 0.198177 0.381019 0.013021 0.021296
5 0.231510 0.487500 0.151562 0.330556
5 0.159896 0.383333 0.013542 0.020370
