0 0.559766 0.370833 0.010156 0.016667
0 0.404297 0.620139 0.049219 0.073611
0 0.486328 0.363889 0.008594 0.013889
0 0.523438 0.376389 0.010937 0.013889
0 0.436719 0.379167 0.010937 0.013889
0 0.774609 0.785417 0.089844 0.143056
0 0.707031 0.562500 0.050000 0.058333
0 0.454297 0.364583 0.010156 0.012500
0 0.473047 0.397222 0.013281 0.016667
0 0.542578 0.370139 0.011719 0.023611
0 0.478906 0.354167 0.007812 0.011111
0 0.550391 0.355556 0.008594 0.013889
0 0.121094 0.731944 0.101562 0.113889
0 0.419922 0.396528 0.013281 0.018056
0 0.401562 0.472222 0.028125 0.036111
0 0.476172 0.377778 0.011719 0.013889
0 0.430469 0.416667 0.017188 0.022222
0 0.533984 0.355556 0.007031 0.011111
0 0.387109 0.429861 0.021094 0.023611
0 0.564844 0.414583 0.017188 0.023611
0 0.372656 0.527778 0.039062 0.050000
0 0.457031 0.377778 0.010937 0.016667
0 0.372656 0.459028 0.028125 0.031944
0 0.277734 0.558333 0.044531 0.055556
0 0.967969 0.868056 0.062500 0.158333
0 0.543359 0.440972 0.019531 0.029167
0 0.460547 0.426389 0.016406 0.025000
0 0.470313 0.361806 0.009375 0.012500
0 0.452734 0.461806 0.021094 0.031944
0 0.596875 0.634722 0.053125 0.086111
0 0.617969 0.511111 0.032813 0.047222
0 0.569141 0.381944 0.010156 0.016667
0 0.271094 0.690972 0.076563 0.098611
0 0.471094 0.350000 0.007812 0.011111
3 0.757812 0.688889 0.475000 0.613889
3 0.228125 0.622222 0.456250 0.469444
3 0.238672 0.691667 0.477344 0.605556
4 0.438281 0.692361 0.112500 0.612500
4 0.570312 0.477778 0.004687 0.008333
4 0.385937 0.568750 0.007812 0.015278
4 0.611328 0.480556 0.005469 0.008333
4 0.209375 0.736806 0.023438 0.034722
4 0.279297 0.633333 0.010156 0.013889
4 0.578906 0.502083 0.004687 0.009722
4 0.778516 0.967361 0.032031 0.062500
4 0.932031 0.966667 0.046875 0.063889
4 0.316406 0.729861 0.015625 0.031944
4 0.358594 0.630556 0.009375 0.019444
4 0.405859 0.523611 0.005469 0.011111
4 0.350391 0.526389 0.008594 0.011111
4 0.760156 0.604861 0.360938 0.418056
4 0.677344 0.581944 0.010937 0.013889
4 0.319531 0.571528 0.009375 0.015278
4 0.647656 0.537500 0.007812 0.011111
4 0.610938 0.577778 0.009375 0.016667
4 0.078516 0.938889 0.049219 0.069444
4 0.591797 0.533333 0.007031 0.011111
4 0.504687 0.690972 0.242188 0.615278
4 0.685156 0.750694 0.018750 0.037500
4 0.639062 0.643750 0.012500 0.020833
4 0.236328 0.920833 0.032031 0.063889
4 0.721875 0.648611 0.015625 0.022222
5 0.760547 0.604861 0.360156 0.418056
5 0.599609 0.461111 0.003906 0.005556
5 0.438281 0.694444 0.112500 0.608333
5 0.569922 0.477778 0.003906 0.008333
5 0.778516 0.967361 0.032031 0.062500
5 0.721484 0.648611 0.014844 0.022222
5 0.385937 0.568750 0.007812 0.015278
5 0.611719 0.480556 0.004687 0.008333
5 0.209375 0.736806 0.023438 0.034722
5 0.279297 0.633333 0.010156 0.013889
5 0.578906 0.502083 0.004687 0.009722
5 0.435547 0.453472 0.005469 0.006944
5 0.371094 0.495139 0.006250 0.009722
5 0.677344 0.581944 0.010937 0.013889
5 0.418359 0.494444 0.005469 0.008333
5 0.095312 0.689583 0.028125 0.026389
5 0.931641 0.966667 0.046094 0.063889
5 0.316406 0.729861 0.015625 0.031944
5 0.358594 0.630556 0.009375 0.019444
5 0.078125 0.938889 0.048438 0.069444
5 0.127734 0.712500 0.255469 0.286111
5 0.405469 0.524306 0.004687 0.009722
5 0.350781 0.526389 0.007812 0.011111
5 0.319531 0.571528 0.009375 0.015278
5 0.560547 0.452778 0.008594 0.019444
5 0.647656 0.537500 0.007812 0.011111
5 0.610938 0.577778 0.009375 0.016667
5 0.591797 0.533333 0.007031 0.011111
5 0.428906 0.470833 0.006250 0.008333
5 0.504297 0.691667 0.241406 0.613889
5 0.685156 0.750694 0.018750 0.037500
5 0.589844 0.445833 0.003125 0.005556
5 0.639062 0.643750 0.010937 0.020833
5 0.236328 0.920833 0.032031 0.063889
