0 0.273438 0.278241 0.011458 0.012037
0 0.559375 0.419907 0.022917 0.021296
0 0.184896 0.276852 0.013542 0.018519
0 0.503906 0.419907 0.020313 0.023148
0 0.162500 0.251852 0.010417 0.012963
0 0.428125 0.372222 0.020833 0.031481
0 0.940625 0.906481 0.062500 0.087037
0 0.686979 0.486574 0.067708 0.075000
0 0.177344 0.487963 0.023438 0.031481
0 0.298438 0.290278 0.008333 0.013889
0 0.358854 0.458796 0.040625 0.073148
0 0.380990 0.442593 0.025521 0.038889
0 0.528906 0.453241 0.034896 0.043519
0 0.365365 0.309259 0.011979 0.018519
0 0.064583 0.541204 0.035417 0.045370
0 0.225521 0.279167 0.010417 0.013889
0 0.180208 0.267130 0.011458 0.015741
0 0.957292 0.823148 0.072917 0.094444
0 0.470313 0.442593 0.020833 0.024074
0 0.301823 0.397685 0.019271 0.028704
0 0.586198 0.718981 0.038021 0.056481
0 0.319010 0.294444 0.011979 0.018519
0 0.332292 0.389815 0.019792 0.035185
0 0.205990 0.277315 0.013021 0.017593
0 0.255208 0.337037 0.014583 0.020370
0 0.257812 0.380093 0.016667 0.030556
0 0.818490 0.984722 0.050521 0.028704
0 0.371354 0.336111 0.013542 0.020370
0 0.411719 0.339815 0.020313 0.035185
0 0.270313 0.358333 0.015625 0.024074
0 0.294531 0.438889 0.020313 0.035185
0 0.625521 0.536574 0.033333 0.045370
0 0.354687 0.319907 0.013542 0.021296
0 0.358333 0.537500 0.028125 0.041667
0 0.488542 0.378241 0.042708 0.050926
0 0.285417 0.288426 0.011458 0.013889
0 0.335677 0.308333 0.014063 0.022222
0 0.186979 0.333796 0.014583 0.032407
0 0.176823 0.351852 0.024479 0.053704
0 0.216927 0.265741 0.010937 0.014815
0 0.992448 0.856019 0.014063 0.080556
0 0.353125 0.300926 0.012500 0.016667
0 0.870573 0.555556 0.120313 0.114815
0 0.716927 0.874537 0.051562 0.076852
0 0.271354 0.262037 0.014583 0.016667
0 0.306510 0.288889 0.011979 0.014815
0 0.434375 0.549074 0.056250 0.125926
0 0.425260 0.347685 0.024479 0.034259
0 0.611458 0.849074 0.047917 0.074074
0 0.420833 0.346296 0.033333 0.044444
0 0.665885 0.638426 0.040104 0.054630
0 0.579427 0.437037 0.024479 0.031481
0 0.569010 0.464352 0.025521 0.030556
0 0.501302 0.762963 0.040104 0.070370
0 0.321354 0.276389 0.010417 0.010185
3 0.616146 0.615278 0.759375 0.708333
3 0.110156 0.435648 0.220312 0.362037
3 0.532031 0.639815 0.638021 0.711111
4 0.397396 0.671759 0.355208 0.654630
4 0.865365 0.821759 0.015104 0.015741
4 0.892969 0.783796 0.019271 0.017593
4 0.114323 0.488889 0.221354 0.255556
4 0.140885 0.438889 0.050521 0.133333
4 0.783594 0.687963 0.013021 0.012963
4 0.643750 0.970833 0.015625 0.025000
5 0.860677 0.704630 0.183854 0.150000
5 0.141406 0.424074 0.048438 0.159259
5 0.852344 0.748611 0.015104 0.012037
5 0.398958 0.679630 0.352083 0.638889
5 0.865365 0.821759 0.015104 0.015741
5 0.892708 0.783333 0.018750 0.016667
5 0.610677 0.917130 0.013021 0.021296
5 0.728906 0.980556 0.014063 0.018519
5 0.815885 0.716667 0.010937 0.011111
5 0.783594 0.687963 0.013021 0.012963
5 0.909896 0.864352 0.014583 0.015741
5 0.113802 0.487963 0.222396 0.259259
5 0.654427 0.875463 0.009896 0.013889
5 0.789583 0.748148 0.010417 0.012963
5 0.252604 0.834259 0.009375 0.329630
5 0.643490 0.970833 0.015104 0.025000
5 0.825781 0.782407 0.010937 0.012963
