0 0.098047 0.990972 0.080469 0.015278
0 0.387891 0.673611 0.060156 0.086111
0 0.535937 0.361111 0.009375 0.013889
0 0.523438 0.352083 0.007812 0.012500
0 0.814844 0.877083 0.121875 0.193056
0 0.807422 0.679861 0.083594 0.098611
0 0.421875 0.435417 0.017188 0.026389
0 0.471094 0.361806 0.009375 0.015278
0 0.650391 0.491667 0.010156 0.025000
0 0.412891 0.402778 0.014844 0.019444
0 0.462891 0.418750 0.016406 0.023611
0 0.066016 0.834028 0.132031 0.134722
0 0.439063 0.402778 0.015625 0.019444
0 0.391797 0.483333 0.030469 0.041667
0 0.378516 0.439583 0.024219 0.031944
0 0.454297 0.382639 0.011719 0.018056
0 0.557422 0.399306 0.014844 0.020833
0 0.435156 0.365972 0.025000 0.043056
0 0.272266 0.568750 0.049219 0.059722
0 0.552344 0.359722 0.007812 0.013889
0 0.470313 0.391667 0.012500 0.016667
0 0.630078 0.765972 0.074219 0.143056
0 0.491406 0.358333 0.007812 0.011111
0 0.567578 0.520139 0.032031 0.054167
0 0.562109 0.376389 0.010156 0.016667
0 0.300391 0.636806 0.063281 0.079167
0 0.453125 0.364583 0.009375 0.012500
1 0.651172 0.483333 0.008594 0.022222
3 0.783203 0.631944 0.432031 0.502778
3 0.206250 0.604861 0.412500 0.409722
3 0.759375 0.686111 0.475000 0.616667
3 0.786328 0.695833 0.425781 0.597222
3 0.648438 0.681250 0.260937 0.634722
3 0.243750 0.700000 0.465625 0.591667
3 0.208984 0.702083 0.417969 0.584722
4 0.358984 0.630556 0.010156 0.019444
4 0.350391 0.526389 0.008594 0.011111
4 0.784375 0.631944 0.429688 0.500000
4 0.647656 0.537500 0.007812 0.011111
4 0.210156 0.736806 0.025000 0.034722
4 0.437891 0.686806 0.111719 0.623611
4 0.789453 0.751389 0.024219 0.036111
4 0.077734 0.938889 0.049219 0.069444
4 0.316406 0.729861 0.015625 0.031944
4 0.610938 0.578472 0.009375 0.015278
4 0.684766 0.750694 0.019531 0.037500
4 0.385937 0.569444 0.007812 0.013889
4 0.778516 0.967361 0.032031 0.062500
4 0.677344 0.581944 0.010937 0.013889
4 0.320312 0.571528 0.009375 0.015278
4 0.238281 0.589583 0.331250 0.356944
4 0.932031 0.966667 0.046875 0.063889
4 0.591797 0.533333 0.007031 0.011111
4 0.638672 0.643056 0.011719 0.022222
4 0.576562 0.686111 0.126562 0.625000
4 0.236328 0.920833 0.032031 0.063889
4 0.721094 0.648611 0.015625 0.022222
5 0.437109 0.687500 0.110156 0.622222
5 0.627344 0.504167 0.006250 0.008333
5 0.237891 0.589583 0.332031 0.356944
5 0.784375 0.631944 0.429688 0.500000
5 0.405078 0.523611 0.005469 0.011111
5 0.647656 0.537500 0.007812 0.011111
5 0.209766 0.736806 0.024219 0.034722
5 0.589844 0.445833 0.003125 0.005556
5 0.789453 0.751389 0.024219 0.036111
5 0.677344 0.581944 0.010937 0.013889
5 0.078125 0.938889 0.048438 0.069444
5 0.418359 0.493750 0.005469 0.009722
5 0.931641 0.966667 0.046094 0.063889
5 0.316406 0.729861 0.015625 0.031944
5 0.610938 0.578472 0.009375 0.015278
5 0.684766 0.750694 0.019531 0.037500
5 0.434766 0.454167 0.005469 0.008333
5 0.385937 0.569444 0.007812 0.013889
5 0.371484 0.495833 0.005469 0.008333
5 0.350781 0.526389 0.007812 0.011111
5 0.358984 0.630556 0.010156 0.019444
5 0.778906 0.967361 0.031250 0.062500
5 0.562500 0.459028 0.004687 0.006944
5 0.721094 0.648611 0.015625 0.022222
5 0.320312 0.571528 0.009375 0.015278
5 0.427344 0.472222 0.004687 0.008333
5 0.591406 0.533333 0.006250 0.011111
5 0.638672 0.643056 0.011719 0.022222
5 0.569922 0.477778 0.003906 0.008333
5 0.569141 0.688194 0.111719 0.620833
5 0.599609 0.460417 0.003906 0.006944
5 0.236328 0.920833 0.032031 0.063889
