0 0.788802 0.078704 0.018229 0.016667
0 0.800260 0.064352 0.013021 0.013889
0 0.714323 0.081944 0.017188 0.017593
0 0.604948 0.478704 0.066146 0.040741
0 0.365885 0.129167 0.010937 0.017593
0 0.091406 0.253704 0.036979 0.044444
0 0.134115 0.275926 0.032813 0.038889
0 0.310156 0.185648 0.017188 0.030556
0 0.395052 0.064352 0.007812 0.012037
0 0.768750 0.102315 0.019792 0.015741
0 0.065365 0.456944 0.045312 0.045370
0 0.301042 0.163426 0.016667 0.021296
0 0.823698 0.114815 0.023438 0.016667
0 0.233854 0.476389 0.041667 0.076852
0 0.304948 0.092593 0.010937 0.018519
0 0.329948 0.087037 0.009896 0.016667
0 0.425521 0.030556 0.006250 0.011111
0 0.318750 0.224537 0.020833 0.026852
0 0.420312 0.019444 0.005208 0.009259
0 0.201823 0.315741 0.093229 0.146296
0 0.206250 0.181944 0.018750 0.025000
0 0.393750 0.016667 0.006250 0.014815
0 0.467708 0.041667 0.007292 0.011111
0 0.588542 0.106481 0.015625 0.018519
0 0.431250 0.011111 0.006250 0.014815
0 0.255990 0.125463 0.043229 0.063889
0 0.385677 0.058333 0.009896 0.012963
0 0.062240 0.314815 0.041146 0.044444
0 0.049740 0.686574 0.064062 0.084259
0 0.348438 0.043056 0.013542 0.021296
0 0.341146 0.111574 0.011458 0.015741
0 0.317708 0.071759 0.009375 0.012037
0 0.326562 0.284259 0.064583 0.105556
0 0.120313 0.219444 0.048958 0.061111
0 0.401823 0.040741 0.006771 0.011111
0 0.724219 0.091667 0.010937 0.016667
0 0.803906 0.093519 0.017188 0.016667
0 0.371094 0.008796 0.005729 0.006481
0 0.355729 0.017593 0.007292 0.011111
1 0.342187 0.295833 0.009375 0.028704
1 0.315885 0.349074 0.008854 0.031481
3 0.220312 0.489352 0.440625 0.925000
3 0.209635 0.231481 0.419271 0.462963
3 0.723958 0.170833 0.551042 0.337963
3 0.911719 0.202778 0.175521 0.050000
4 0.198958 0.380556 0.015625 0.024074
4 0.151302 0.671296 0.293229 0.655556
4 0.021354 0.579630 0.029167 0.040741
4 0.014583 0.356019 0.029167 0.026852
4 0.075781 0.577778 0.027604 0.044444
4 0.102083 0.465278 0.020833 0.028704
4 0.190365 0.586111 0.372396 0.825926
4 0.019271 0.324074 0.038542 0.033333
4 0.151042 0.456481 0.028125 0.044444
5 0.150781 0.671759 0.292187 0.654630
5 0.198958 0.381019 0.015625 0.023148
5 0.021354 0.579630 0.029167 0.040741
5 0.014583 0.356019 0.029167 0.026852
5 0.075521 0.577778 0.027083 0.044444
5 0.102083 0.464815 0.020833 0.027778
5 0.151042 0.671296 0.293750 0.655556
5 0.018490 0.325000 0.036979 0.031481
5 0.150781 0.456481 0.027604 0.042593
