0 0.775000 0.335648 0.054167 0.084259
0 0.968490 0.111111 0.040104 0.048148
0 0.781250 0.376852 0.066667 0.161111
0 0.859115 0.800463 0.066146 0.104630
0 0.386979 0.188889 0.038542 0.059259
0 0.434115 0.112037 0.031771 0.053704
0 0.239063 0.241667 0.030208 0.057407
0 0.953125 0.474074 0.092708 0.277778
0 0.784115 0.009259 0.030729 0.018519
0 0.873958 0.401852 0.054167 0.083333
0 0.698177 0.474074 0.067187 0.101852
0 0.382031 0.515278 0.296354 0.187963
0 0.611719 0.033333 0.035937 0.066667
0 0.308594 0.206944 0.115104 0.184259
0 0.664323 0.100463 0.034896 0.054630
0 0.422135 0.145370 0.036979 0.061111
0 0.895312 0.443981 0.026042 0.091667
0 0.363021 0.100926 0.038542 0.059259
0 0.209896 0.292593 0.072917 0.094444
0 0.811458 0.261111 0.102083 0.205556
0 0.687760 0.134259 0.034896 0.057407
0 0.683854 0.407870 0.062500 0.069444
0 0.603125 0.263889 0.044792 0.074074
0 0.390625 0.012037 0.035417 0.024074
0 0.603646 0.450463 0.068750 0.130556
0 0.646615 0.668056 0.169271 0.173148
0 0.633854 0.068056 0.034375 0.047222
0 0.749219 0.243981 0.024479 0.069444
1 0.720313 0.419907 0.010417 0.049074
1 0.658333 0.471759 0.011458 0.082407
3 0.824740 0.146296 0.349479 0.292593
3 0.730990 0.498611 0.536979 0.991667
3 0.422917 0.112037 0.087500 0.224074
3 0.232813 0.210185 0.465625 0.420370
4 0.752865 0.461574 0.493229 0.887963
4 0.237500 0.210185 0.469792 0.420370
5 0.731250 0.461574 0.536458 0.887963
5 0.237500 0.210185 0.469792 0.420370
