0 0.901563 0.261111 0.018750 0.050000
0 0.769531 0.491667 0.035937 0.044444
0 0.931250 0.226389 0.018750 0.030556
0 0.821094 0.401389 0.026562 0.036111
0 0.701562 0.525000 0.028125 0.038889
0 0.709375 0.805556 0.065625 0.088889
0 0.621094 0.623611 0.045312 0.058333
0 0.314844 0.573611 0.110937 0.152778
0 0.809375 0.443056 0.034375 0.047222
0 0.733594 0.559722 0.032813 0.041667
0 0.902344 0.275000 0.017188 0.022222
0 0.773438 0.612500 0.037500 0.052778
0 0.710156 0.591667 0.042188 0.061111
0 0.607031 0.780556 0.051562 0.066667
0 0.703125 0.372222 0.021875 0.044444
0 0.846094 0.366667 0.023438 0.027778
0 0.461719 0.979167 0.076563 0.036111
3 0.408594 0.620833 0.817187 0.747222
3 0.831250 0.627778 0.271875 0.733333
3 0.599219 0.644444 0.620313 0.700000
4 0.798438 0.694444 0.221875 0.605556
4 0.864844 0.701389 0.154688 0.591667
5 0.796875 0.697222 0.218750 0.600000
5 0.777344 0.040278 0.014063 0.013889
5 0.022656 0.895833 0.029687 0.025000
5 0.864844 0.701389 0.154688 0.591667
5 0.116406 0.906944 0.026562 0.025000
5 0.125781 0.038889 0.014063 0.011111
5 0.179688 0.033333 0.012500 0.033333
