0 0.522266 0.358333 0.008594 0.011111
0 0.538281 0.362500 0.007812 0.011111
0 0.487500 0.363194 0.009375 0.012500
0 0.443750 0.404167 0.006250 0.019444
0 0.460547 0.426389 0.019531 0.027778
0 0.482031 0.372917 0.010937 0.015278
0 0.082422 0.784028 0.113281 0.118056
0 0.462500 0.372222 0.009375 0.013889
0 0.580469 0.443056 0.020313 0.030556
0 0.446875 0.468750 0.026562 0.040278
0 0.595313 0.422222 0.017188 0.025000
0 0.428906 0.538194 0.031250 0.048611
0 0.440625 0.361806 0.018750 0.037500
0 0.335156 0.563194 0.046875 0.065278
0 0.567187 0.382639 0.010937 0.015278
0 0.393750 0.422222 0.018750 0.025000
0 0.346094 0.481250 0.031250 0.034722
0 0.551953 0.361806 0.008594 0.009722
0 0.524609 0.370833 0.010156 0.013889
0 0.454297 0.365278 0.007031 0.013889
0 0.470703 0.396528 0.014844 0.026389
0 0.494531 0.351389 0.009375 0.011111
0 0.542969 0.345139 0.009375 0.012500
0 0.421875 0.406250 0.037500 0.084722
0 0.216406 0.799306 0.112500 0.131944
3 0.777734 0.614583 0.442969 0.534722
3 0.762500 0.690278 0.473438 0.608333
3 0.198437 0.634722 0.396875 0.441667
3 0.229687 0.690972 0.459375 0.606944
3 0.732422 0.697222 0.385156 0.597222
3 0.646094 0.683333 0.254688 0.625000
4 0.787891 0.636111 0.422656 0.491667
4 0.677344 0.581250 0.010937 0.015278
4 0.569922 0.477083 0.003906 0.006944
4 0.627344 0.504861 0.006250 0.009722
4 0.385547 0.569444 0.007031 0.013889
4 0.216016 0.727083 0.011719 0.015278
4 0.438281 0.694444 0.112500 0.608333
4 0.578906 0.502083 0.004687 0.009722
4 0.350781 0.526389 0.007812 0.011111
4 0.405078 0.523611 0.005469 0.011111
4 0.638672 0.643056 0.011719 0.022222
4 0.078125 0.938889 0.048438 0.069444
4 0.371094 0.495139 0.006250 0.009722
4 0.316406 0.729861 0.015625 0.031944
4 0.358984 0.631250 0.010156 0.020833
4 0.778516 0.967361 0.032031 0.062500
4 0.721875 0.648611 0.015625 0.022222
4 0.276953 0.636806 0.014844 0.020833
4 0.191797 0.643750 0.383594 0.423611
4 0.932031 0.966667 0.045312 0.063889
4 0.591406 0.533333 0.006250 0.011111
4 0.610938 0.577778 0.009375 0.016667
4 0.789453 0.751389 0.024219 0.036111
4 0.569531 0.689583 0.110937 0.618056
4 0.684766 0.750694 0.019531 0.037500
4 0.647656 0.537500 0.007812 0.011111
4 0.236328 0.920833 0.032031 0.063889
5 0.787891 0.636111 0.422656 0.491667
5 0.611719 0.479861 0.004687 0.006944
5 0.677344 0.581250 0.010937 0.015278
5 0.557031 0.443750 0.004687 0.006944
5 0.398438 0.454861 0.006250 0.009722
5 0.569922 0.477083 0.003906 0.006944
5 0.778516 0.967361 0.032031 0.062500
5 0.627344 0.504861 0.006250 0.009722
5 0.385547 0.569444 0.007031 0.013889
5 0.216016 0.727083 0.011719 0.015278
5 0.437109 0.697222 0.108594 0.602778
5 0.578906 0.502083 0.004687 0.009722
5 0.350781 0.526389 0.007812 0.011111
5 0.405078 0.523611 0.005469 0.011111
5 0.638672 0.643056 0.011719 0.022222
5 0.078125 0.938889 0.048438 0.069444
5 0.371094 0.495139 0.006250 0.009722
5 0.316406 0.729861 0.015625 0.031944
5 0.358984 0.631250 0.010156 0.020833
5 0.721484 0.648611 0.014844 0.022222
5 0.418359 0.493056 0.005469 0.008333
5 0.276953 0.636806 0.014844 0.020833
5 0.191797 0.643750 0.383594 0.423611
5 0.932031 0.966667 0.045312 0.063889
5 0.591406 0.533333 0.006250 0.011111
5 0.610938 0.577778 0.009375 0.016667
5 0.789453 0.751389 0.024219 0.036111
5 0.569922 0.689583 0.110156 0.618056
5 0.562109 0.459028 0.003906 0.006944
5 0.386328 0.472222 0.005469 0.008333
5 0.684766 0.750694 0.019531 0.037500
5 0.647656 0.537500 0.007812 0.011111
5 0.599609 0.460417 0.003906 0.006944
5 0.236328 0.920833 0.032031 0.063889
