0 0.424609 0.392361 0.013281 0.015278
0 0.551953 0.350000 0.011719 0.027778
0 0.391797 0.638889 0.055469 0.080556
0 0.523828 0.370833 0.010156 0.013889
0 0.471484 0.398611 0.013281 0.019444
0 0.436328 0.408333 0.016406 0.019444
0 0.153125 0.680556 0.109375 0.144444
0 0.656250 0.496528 0.032813 0.040278
0 0.458984 0.364583 0.021094 0.037500
0 0.473828 0.384028 0.011719 0.012500
0 0.387109 0.437500 0.019531 0.025000
0 0.396094 0.480556 0.029687 0.036111
0 0.448047 0.396528 0.013281 0.018056
0 0.600391 0.429861 0.017969 0.026389
0 0.417187 0.445139 0.020313 0.029167
0 0.484375 0.365972 0.009375 0.015278
0 0.438281 0.361111 0.021875 0.047222
0 0.536719 0.361806 0.009375 0.015278
0 0.643750 0.563889 0.043750 0.061111
0 0.443359 0.498611 0.027344 0.041667
0 0.582422 0.564583 0.039844 0.070833
0 0.489453 0.356944 0.010156 0.013889
0 0.256641 0.719444 0.088281 0.102778
0 0.560937 0.375694 0.010937 0.015278
0 0.546875 0.384722 0.012500 0.016667
0 0.487891 0.338889 0.011719 0.022222
1 0.405078 0.406944 0.007031 0.022222
3 0.782031 0.631944 0.434375 0.500000
3 0.760547 0.689583 0.477344 0.612500
3 0.212891 0.630556 0.425781 0.452778
3 0.237109 0.703472 0.474219 0.581944
3 0.646094 0.688194 0.256250 0.618056
4 0.785547 0.633333 0.427344 0.497222
4 0.611328 0.578472 0.008594 0.015278
4 0.405078 0.523611 0.005469 0.011111
4 0.049609 0.798611 0.099219 0.116667
4 0.205078 0.743056 0.014844 0.022222
4 0.433203 0.706250 0.102344 0.584722
4 0.578906 0.502083 0.004687 0.009722
4 0.316406 0.730556 0.015625 0.030556
4 0.385547 0.569444 0.007031 0.013889
4 0.350391 0.526389 0.008594 0.011111
4 0.358984 0.630556 0.010156 0.019444
4 0.778516 0.967361 0.032031 0.062500
4 0.677344 0.581250 0.010937 0.015278
4 0.319531 0.572222 0.009375 0.013889
4 0.277344 0.636806 0.014063 0.020833
4 0.078125 0.938889 0.048438 0.069444
4 0.932031 0.966667 0.045312 0.063889
4 0.789844 0.751389 0.025000 0.036111
4 0.684766 0.750694 0.019531 0.037500
4 0.638672 0.643056 0.011719 0.022222
4 0.569531 0.689583 0.110937 0.618056
4 0.236328 0.920833 0.032031 0.063889
4 0.721875 0.648611 0.015625 0.022222
5 0.785547 0.633333 0.427344 0.497222
5 0.611328 0.578472 0.008594 0.015278
5 0.611328 0.480556 0.005469 0.008333
5 0.433203 0.706250 0.102344 0.584722
5 0.562109 0.459028 0.003906 0.006944
5 0.649609 0.538889 0.050781 0.077778
5 0.778516 0.967361 0.032031 0.062500
5 0.405078 0.523611 0.005469 0.011111
5 0.049609 0.798611 0.099219 0.116667
5 0.205469 0.743056 0.014063 0.022222
5 0.277344 0.636806 0.014063 0.020833
5 0.578906 0.502083 0.004687 0.009722
5 0.316406 0.730556 0.015625 0.030556
5 0.435547 0.454167 0.003906 0.008333
5 0.371094 0.495139 0.006250 0.009722
5 0.569531 0.477778 0.004687 0.008333
5 0.385547 0.569444 0.007031 0.013889
5 0.350781 0.526389 0.007812 0.011111
5 0.358984 0.630556 0.010156 0.019444
5 0.677344 0.581250 0.010937 0.015278
5 0.319531 0.571528 0.009375 0.015278
5 0.556250 0.443750 0.004687 0.006944
5 0.418359 0.494444 0.005469 0.008333
5 0.599219 0.460417 0.004687 0.006944
5 0.078125 0.938889 0.048438 0.069444
5 0.932031 0.966667 0.045312 0.063889
5 0.591406 0.533333 0.006250 0.011111
5 0.789844 0.751389 0.025000 0.036111
5 0.638672 0.643056 0.011719 0.022222
5 0.685156 0.750694 0.018750 0.037500
5 0.298047 0.525000 0.200781 0.216667
5 0.569922 0.690278 0.110156 0.616667
5 0.236328 0.920833 0.032031 0.063889
5 0.721875 0.648611 0.015625 0.022222
