0 0.525000 0.374306 0.012500 0.020833
0 0.464062 0.366667 0.009375 0.016667
0 0.420312 0.581250 0.039062 0.062500
0 0.460156 0.427083 0.017188 0.023611
0 0.200781 0.644444 0.026562 0.044444
0 0.628516 0.526389 0.035156 0.050000
0 0.439063 0.402083 0.010937 0.020833
0 0.657031 0.496528 0.031250 0.043056
0 0.451172 0.386111 0.013281 0.016667
0 0.377344 0.409028 0.045312 0.095833
0 0.483984 0.368056 0.010156 0.013889
0 0.594141 0.415278 0.016406 0.022222
0 0.573047 0.392361 0.011719 0.018056
0 0.373828 0.518056 0.035156 0.044444
0 0.310547 0.520833 0.038281 0.044444
0 0.539062 0.365972 0.009375 0.009722
0 0.547266 0.382639 0.010156 0.018056
0 0.474609 0.350000 0.013281 0.025000
0 0.469922 0.393750 0.014844 0.020833
0 0.465234 0.351389 0.007031 0.013889
0 0.542188 0.333333 0.009375 0.022222
0 0.433984 0.495833 0.027344 0.038889
0 0.490234 0.358333 0.010156 0.013889
0 0.552344 0.361806 0.009375 0.012500
0 0.416016 0.420833 0.036719 0.072222
0 0.321875 0.605556 0.054688 0.069444
1 0.203125 0.612500 0.020313 0.050000
3 0.777734 0.613194 0.442969 0.534722
3 0.759766 0.693750 0.474219 0.601389
3 0.645703 0.692361 0.252344 0.606944
3 0.228906 0.609722 0.457813 0.500000
3 0.238672 0.701389 0.477344 0.588889
3 0.729297 0.701389 0.403906 0.588889
4 0.780078 0.625694 0.438281 0.512500
4 0.276953 0.636806 0.014844 0.020833
4 0.209766 0.736806 0.024219 0.034722
4 0.436719 0.701389 0.109375 0.594444
4 0.316406 0.729861 0.015625 0.031944
4 0.638672 0.643056 0.011719 0.022222
4 0.358984 0.630556 0.010156 0.019444
4 0.228906 0.608333 0.457813 0.497222
4 0.778516 0.967361 0.032031 0.062500
4 0.721094 0.648611 0.015625 0.022222
4 0.077734 0.938889 0.049219 0.069444
4 0.931641 0.966667 0.046094 0.063889
4 0.677344 0.581944 0.010937 0.013889
4 0.789453 0.751389 0.024219 0.036111
4 0.569922 0.696528 0.110156 0.604167
4 0.684766 0.750694 0.019531 0.037500
4 0.236328 0.920833 0.032031 0.063889
5 0.781250 0.626389 0.435937 0.508333
5 0.611719 0.479861 0.004687 0.006944
5 0.557422 0.443750 0.003906 0.006944
5 0.385937 0.569444 0.007812 0.013889
5 0.417969 0.494444 0.004687 0.008333
5 0.210156 0.736806 0.023438 0.034722
5 0.436328 0.701389 0.108594 0.594444
5 0.578906 0.502083 0.004687 0.009722
5 0.386328 0.473611 0.005469 0.008333
5 0.078125 0.938889 0.048438 0.069444
5 0.778516 0.967361 0.032031 0.062500
5 0.931641 0.966667 0.046094 0.063889
5 0.316406 0.729861 0.015625 0.031944
5 0.789453 0.751389 0.024219 0.036111
5 0.638672 0.643056 0.011719 0.022222
5 0.350000 0.526389 0.009375 0.011111
5 0.562109 0.459028 0.003906 0.006944
5 0.405469 0.522917 0.004687 0.009722
5 0.358984 0.630556 0.010156 0.019444
5 0.228516 0.608333 0.457031 0.497222
5 0.721094 0.648611 0.015625 0.022222
5 0.276953 0.636806 0.014844 0.020833
5 0.589453 0.445833 0.003906 0.005556
5 0.321484 0.568056 0.005469 0.008333
5 0.591797 0.533333 0.007031 0.011111
5 0.677344 0.581944 0.010937 0.013889
5 0.599609 0.461111 0.003906 0.005556
5 0.569922 0.697222 0.110156 0.602778
5 0.684766 0.750694 0.019531 0.037500
5 0.610938 0.578472 0.009375 0.015278
5 0.569922 0.477778 0.003906 0.008333
5 0.235937 0.920833 0.031250 0.063889
