0 0.545703 0.347917 0.007031 0.012500
0 0.481641 0.375000 0.010156 0.016667
0 0.467969 0.368056 0.009375 0.016667
0 0.466406 0.396528 0.014063 0.018056
0 0.719141 0.908333 0.128906 0.180556
0 0.560547 0.407639 0.016406 0.023611
0 0.453516 0.364583 0.010156 0.015278
0 0.394922 0.661806 0.057031 0.081944
0 0.435547 0.400694 0.016406 0.029167
0 0.460547 0.348611 0.013281 0.033333
0 0.462109 0.414583 0.016406 0.023611
0 0.627344 0.515972 0.037500 0.059722
0 0.533594 0.400694 0.014063 0.023611
0 0.475000 0.356944 0.009375 0.013889
0 0.596484 0.474306 0.024219 0.037500
0 0.444922 0.372222 0.011719 0.016667
0 0.371094 0.534028 0.039062 0.048611
0 0.153516 0.743750 0.307031 0.509722
0 0.477344 0.379167 0.012500 0.019444
0 0.398828 0.479167 0.028906 0.041667
0 0.523438 0.350000 0.006250 0.008333
0 0.454688 0.380556 0.010937 0.016667
0 0.385937 0.434028 0.018750 0.023611
0 0.289844 0.486111 0.107813 0.147222
0 0.583594 0.404861 0.014063 0.020833
0 0.548047 0.445139 0.021094 0.029167
0 0.450000 0.458333 0.020313 0.033333
0 0.575391 0.434722 0.017969 0.027778
0 0.423828 0.421528 0.019531 0.031944
3 0.758594 0.674306 0.481250 0.643056
3 0.328906 0.692361 0.304688 0.612500
4 0.777344 0.620833 0.443750 0.519444
4 0.932031 0.966667 0.046875 0.063889
4 0.435156 0.707639 0.106250 0.581944
4 0.236328 0.920833 0.032031 0.063889
4 0.383984 0.432639 0.080469 0.090278
4 0.385937 0.569444 0.007812 0.013889
4 0.358984 0.631250 0.010156 0.020833
4 0.320703 0.572222 0.010156 0.016667
4 0.591797 0.533333 0.007031 0.011111
4 0.677344 0.581250 0.010937 0.015278
4 0.638672 0.643056 0.011719 0.022222
4 0.789453 0.751389 0.024219 0.036111
4 0.568359 0.679167 0.113281 0.638889
4 0.685156 0.750694 0.018750 0.037500
4 0.610938 0.577778 0.009375 0.016667
4 0.316797 0.730556 0.014844 0.030556
4 0.721875 0.648611 0.015625 0.022222
5 0.777734 0.621528 0.442969 0.518056
5 0.350781 0.526389 0.007812 0.011111
5 0.578906 0.502083 0.004687 0.009722
5 0.931641 0.966667 0.046094 0.063889
5 0.405469 0.524306 0.004687 0.009722
5 0.434766 0.709028 0.105469 0.579167
5 0.638672 0.643056 0.011719 0.022222
5 0.236328 0.920833 0.032031 0.063889
5 0.383203 0.433333 0.078906 0.088889
5 0.385937 0.569444 0.007812 0.013889
5 0.371094 0.495139 0.006250 0.009722
5 0.358984 0.631250 0.010156 0.020833
5 0.785156 0.977083 0.020313 0.043056
5 0.721484 0.648611 0.014844 0.022222
5 0.417969 0.493750 0.006250 0.006944
5 0.320703 0.571528 0.010156 0.015278
5 0.591406 0.533333 0.006250 0.011111
5 0.677344 0.581250 0.010937 0.015278
5 0.789453 0.751389 0.024219 0.036111
5 0.569141 0.678472 0.111719 0.640278
5 0.685156 0.750694 0.018750 0.037500
5 0.610938 0.577778 0.009375 0.016667
5 0.569922 0.477778 0.003906 0.008333
5 0.316797 0.730556 0.014844 0.030556
5 0.648828 0.537500 0.007031 0.011111
