0 0.491797 0.355556 0.010156 0.016667
0 0.469531 0.392361 0.012500 0.018056
0 0.435156 0.410417 0.015625 0.020833
0 0.369141 0.737500 0.069531 0.102778
0 0.441406 0.373611 0.010937 0.013889
0 0.288672 0.538194 0.046094 0.059722
0 0.521094 0.367361 0.009375 0.015278
0 0.481641 0.338889 0.013281 0.030556
0 0.551562 0.345833 0.014063 0.033333
0 0.447656 0.388889 0.012500 0.016667
0 0.414062 0.390972 0.020313 0.040278
0 0.735156 0.579167 0.071875 0.102778
0 0.420703 0.569444 0.036719 0.058333
0 0.116016 0.747917 0.105469 0.118056
0 0.478125 0.379861 0.010937 0.015278
0 0.425000 0.502083 0.028125 0.040278
0 0.469141 0.361111 0.008594 0.016667
0 0.392188 0.477778 0.028125 0.038889
0 0.544531 0.372222 0.010937 0.016667
0 0.521094 0.348611 0.007812 0.016667
0 0.312109 0.616667 0.058594 0.072222
0 0.579688 0.443750 0.020313 0.029167
0 0.457813 0.371528 0.015625 0.026389
0 0.391016 0.425694 0.019531 0.023611
0 0.101953 0.939583 0.150781 0.118056
0 0.536719 0.404861 0.014063 0.020833
0 0.464844 0.413194 0.017188 0.020833
0 0.675781 0.615972 0.050000 0.081944
3 0.777344 0.625694 0.443750 0.509722
3 0.760547 0.684722 0.471094 0.619444
3 0.235156 0.701389 0.470313 0.586111
3 0.333984 0.710417 0.286719 0.570833
3 0.219141 0.619444 0.438281 0.472222
4 0.779687 0.625694 0.439063 0.512500
4 0.611719 0.480556 0.004687 0.008333
4 0.569531 0.477778 0.004687 0.008333
4 0.627344 0.504861 0.006250 0.009722
4 0.385547 0.569444 0.007031 0.013889
4 0.276562 0.637500 0.012500 0.019444
4 0.438281 0.694444 0.112500 0.608333
4 0.578906 0.502083 0.004687 0.009722
4 0.209766 0.736806 0.024219 0.034722
4 0.350781 0.526389 0.007812 0.011111
4 0.371094 0.495139 0.006250 0.009722
4 0.316406 0.729861 0.015625 0.031944
4 0.638281 0.643056 0.012500 0.022222
4 0.358984 0.630556 0.010156 0.019444
4 0.212500 0.623611 0.425000 0.466667
4 0.778516 0.967361 0.032031 0.062500
4 0.427344 0.471528 0.004687 0.006944
4 0.721484 0.648611 0.016406 0.022222
4 0.562109 0.459028 0.003906 0.006944
4 0.320312 0.570833 0.009375 0.013889
4 0.931641 0.966667 0.046094 0.063889
4 0.591797 0.533333 0.007031 0.011111
4 0.647656 0.537500 0.007812 0.011111
4 0.789453 0.751389 0.024219 0.036111
4 0.504297 0.689583 0.242969 0.618056
4 0.610938 0.578472 0.009375 0.015278
4 0.684766 0.750694 0.019531 0.037500
4 0.405859 0.522917 0.005469 0.012500
4 0.236328 0.920833 0.032031 0.063889
5 0.779687 0.625000 0.439063 0.511111
5 0.611719 0.480556 0.004687 0.008333
5 0.438281 0.694444 0.112500 0.608333
5 0.556641 0.444444 0.003906 0.005556
5 0.569531 0.477778 0.004687 0.008333
5 0.778516 0.967361 0.032031 0.062500
5 0.627344 0.504861 0.006250 0.009722
5 0.385547 0.569444 0.007031 0.013889
5 0.276562 0.637500 0.012500 0.019444
5 0.408984 0.440278 0.003906 0.005556
5 0.578906 0.502083 0.004687 0.009722
5 0.209766 0.736806 0.024219 0.034722
5 0.371094 0.494444 0.006250 0.008333
5 0.316406 0.729861 0.015625 0.031944
5 0.638281 0.643056 0.012500 0.022222
5 0.351172 0.526389 0.007031 0.011111
5 0.435547 0.453472 0.003906 0.006944
5 0.405859 0.523611 0.005469 0.011111
5 0.358984 0.630556 0.010156 0.019444
5 0.427344 0.471528 0.004687 0.006944
5 0.721484 0.648611 0.016406 0.022222
5 0.562109 0.459028 0.003906 0.006944
5 0.398047 0.454861 0.005469 0.006944
5 0.320312 0.570833 0.009375 0.013889
5 0.932031 0.966667 0.045312 0.063889
5 0.591797 0.533333 0.007031 0.011111
5 0.647656 0.537500 0.007812 0.011111
5 0.789453 0.751389 0.024219 0.036111
5 0.503906 0.690278 0.242188 0.616667
5 0.610938 0.578472 0.009375 0.015278
5 0.684766 0.750694 0.019531 0.037500
5 0.599609 0.460417 0.003906 0.006944
5 0.236328 0.920833 0.032031 0.063889
5 0.441406 0.438194 0.004687 0.009722
