0 0.788542 0.080093 0.017708 0.017593
0 0.714063 0.082870 0.017708 0.017593
0 0.130208 0.241204 0.032292 0.052778
0 0.802604 0.064815 0.016667 0.012963
0 0.341146 0.018519 0.020833 0.020370
0 0.605208 0.478704 0.065625 0.040741
0 0.381250 0.078241 0.009375 0.015741
0 0.208073 0.165278 0.026562 0.017593
0 0.312760 0.087037 0.013021 0.018519
0 0.150000 0.263889 0.022917 0.031481
0 0.333073 0.150000 0.014063 0.020370
0 0.768750 0.101852 0.018750 0.014815
0 0.388802 0.031019 0.005729 0.012037
0 0.349740 0.104630 0.010937 0.016667
0 0.032031 0.500000 0.056771 0.057407
0 0.311198 0.075926 0.015104 0.016667
0 0.110417 0.062500 0.016667 0.012037
0 0.951562 0.257407 0.040625 0.029630
0 0.204167 0.462963 0.042708 0.055556
0 0.150781 0.411574 0.041146 0.054630
0 0.341927 0.074074 0.009896 0.016667
0 0.392969 0.054630 0.006771 0.012963
0 0.187760 0.156481 0.020313 0.025926
0 0.190104 0.299074 0.027083 0.031481
0 0.433594 0.010648 0.004687 0.008333
0 0.249740 0.318056 0.026562 0.036111
0 0.411458 0.037963 0.008333 0.018519
0 0.823177 0.115741 0.023438 0.016667
0 0.199479 0.158796 0.043750 0.030556
0 0.358073 0.039815 0.018229 0.027778
0 0.182292 0.182407 0.027083 0.029630
0 0.407292 0.064352 0.006250 0.012037
0 0.580469 0.093056 0.015104 0.013889
0 0.376042 0.031019 0.007292 0.010185
0 0.317188 0.065278 0.017708 0.021296
0 0.326823 0.282870 0.063021 0.102778
0 0.421615 0.028704 0.005729 0.011111
0 0.723958 0.091204 0.011458 0.017593
0 0.307031 0.153241 0.019271 0.026852
0 0.344010 0.064815 0.008854 0.011111
0 0.207552 0.575000 0.069271 0.100000
1 0.329427 0.336111 0.006771 0.022222
1 0.304427 0.365741 0.007812 0.037037
3 0.221094 0.478704 0.442188 0.946296
3 0.209896 0.231481 0.419792 0.462963
3 0.724219 0.172222 0.550521 0.344444
3 0.916146 0.203241 0.166667 0.047222
4 0.151823 0.671759 0.293229 0.654630
4 0.051302 0.353241 0.016146 0.017593
4 0.197656 0.381944 0.011979 0.019444
4 0.013021 0.358796 0.026042 0.021296
4 0.102604 0.301389 0.009375 0.012037
4 0.022396 0.578241 0.029167 0.041667
4 0.161719 0.377778 0.009896 0.012963
4 0.265104 0.276389 0.009375 0.012037
4 0.147656 0.462037 0.020313 0.031481
4 0.102344 0.463889 0.021354 0.031481
4 0.215625 0.501389 0.421875 0.995370
4 0.074740 0.578704 0.027604 0.044444
5 0.161719 0.650000 0.273438 0.609259
5 0.051562 0.352778 0.015625 0.014815
5 0.197656 0.381944 0.011979 0.019444
5 0.013021 0.358796 0.026042 0.021296
5 0.102604 0.300926 0.009375 0.011111
5 0.022396 0.578704 0.029167 0.040741
5 0.161719 0.378241 0.009896 0.012037
5 0.265104 0.276389 0.009375 0.012037
5 0.147917 0.462037 0.019792 0.029630
5 0.102083 0.464352 0.020833 0.030556
5 0.225521 0.479167 0.401042 0.950926
5 0.179688 0.037037 0.013542 0.037037
5 0.075000 0.578704 0.027083 0.044444
