0 0.402734 0.153472 0.028906 0.045833
0 0.337109 0.237500 0.047656 0.127778
0 0.314844 0.051389 0.017188 0.027778
0 0.329297 0.067361 0.021094 0.023611
0 0.290625 0.030556 0.017188 0.038889
0 0.445703 0.235417 0.039844 0.068056
0 0.239453 0.156944 0.028906 0.055556
0 0.332813 0.125694 0.039062 0.095833
0 0.314844 0.002083 0.012500 0.004167
0 0.530078 0.753472 0.088281 0.234722
3 0.800000 0.727083 0.393750 0.543056
3 0.193750 0.501389 0.387500 0.994444
3 0.652734 0.500000 0.586719 0.972222
3 0.441016 0.499306 0.261719 0.990278
4 0.869141 0.415278 0.061719 0.077778
4 0.581641 0.509028 0.063281 0.068056
4 0.687891 0.575694 0.069531 0.134722
4 0.853906 0.427778 0.062500 0.072222
4 0.526563 0.345139 0.029687 0.031944
4 0.916406 0.351389 0.023438 0.025000
4 0.905078 0.389583 0.058594 0.076389
4 0.761719 0.715278 0.342187 0.566667
4 0.617969 0.706250 0.101562 0.087500
4 0.562891 0.472917 0.039844 0.068056
4 0.311719 0.320139 0.006250 0.020833
4 0.556250 0.454861 0.037500 0.045833
4 0.605859 0.796528 0.064844 0.056944
4 0.666406 0.700694 0.040625 0.165278
4 0.133594 0.917361 0.046875 0.134722
4 0.222266 0.648611 0.024219 0.069444
4 0.544531 0.404861 0.034375 0.045833
4 0.795703 0.470139 0.067969 0.084722
4 0.754297 0.504861 0.075781 0.093056
4 0.297266 0.391667 0.010156 0.030556
4 0.268359 0.495139 0.014844 0.045833
4 0.774219 0.486806 0.073438 0.087500
4 0.711719 0.549306 0.073438 0.115278
4 0.604688 0.555556 0.096875 0.080556
4 0.601172 0.800694 0.049219 0.131944
4 0.831250 0.441667 0.067187 0.077778
4 0.593359 0.529861 0.080469 0.081944
4 0.887109 0.404167 0.058594 0.072222
4 0.551562 0.425694 0.035937 0.045833
4 0.616406 0.750694 0.076563 0.068056
4 0.601562 0.632639 0.085938 0.070833
4 0.675000 0.626389 0.060937 0.158333
4 0.733984 0.525694 0.075781 0.101389
4 0.812500 0.456250 0.070312 0.081944
5 0.744141 0.650694 0.405469 0.620833
7 0.744531 0.650000 0.406250 0.619444
7 0.658984 0.504861 0.578906 0.923611
