0 0.517188 0.904167 0.078125 0.119444
0 0.780469 0.343056 0.039062 0.041667
0 0.915625 0.252778 0.015625 0.016667
0 0.809375 0.537500 0.046875 0.058333
0 0.871094 0.320833 0.029687 0.036111
0 0.889844 0.376389 0.026562 0.041667
0 0.905469 0.270833 0.017188 0.019444
0 0.218750 0.816667 0.093750 0.116667
0 0.828906 0.384722 0.026562 0.041667
0 0.925000 0.345833 0.021875 0.025000
0 0.837500 0.472222 0.034375 0.055556
0 0.678906 0.650000 0.051562 0.061111
0 0.678906 0.854167 0.057813 0.075000
0 0.401562 0.487500 0.046875 0.052778
3 0.598437 0.697222 0.618750 0.594444
3 0.397656 0.643056 0.795312 0.702778
3 0.782031 0.608333 0.382812 0.777778
3 0.551562 0.697222 0.525000 0.594444
4 0.794531 0.702778 0.214062 0.588889
4 0.858594 0.723611 0.142187 0.547222
5 0.794531 0.702778 0.214062 0.588889
5 0.179688 0.033333 0.012500 0.033333
5 0.859375 0.723611 0.143750 0.547222
5 0.126562 0.038889 0.012500 0.011111
5 0.778125 0.038889 0.012500 0.011111
