0 0.413281 0.181250 0.032813 0.051389
0 0.300391 0.081944 0.022656 0.044444
0 0.299219 0.020833 0.007812 0.025000
0 0.291016 0.035417 0.014844 0.029167
0 0.239453 0.158333 0.028906 0.055556
0 0.321484 0.033333 0.019531 0.036111
0 0.475000 0.388194 0.054688 0.118056
0 0.333594 0.093056 0.032813 0.088889
0 0.500000 0.849306 0.096875 0.293056
3 0.800000 0.727778 0.393750 0.541667
3 0.194141 0.525694 0.388281 0.945833
3 0.452734 0.504167 0.238281 0.977778
3 0.655859 0.505556 0.582031 0.963889
4 0.868750 0.415278 0.060937 0.077778
4 0.222266 0.648611 0.024219 0.069444
4 0.687891 0.576389 0.069531 0.136111
4 0.540234 0.373611 0.030469 0.044444
4 0.774219 0.487500 0.073438 0.088889
4 0.916797 0.351389 0.022656 0.025000
4 0.905078 0.389583 0.058594 0.076389
4 0.551172 0.426389 0.036719 0.047222
4 0.763672 0.713194 0.347656 0.570833
4 0.820312 0.456250 0.085938 0.081944
4 0.617188 0.705556 0.103125 0.086111
4 0.288281 0.425000 0.026562 0.097222
4 0.268359 0.495139 0.014844 0.045833
4 0.544141 0.405556 0.035156 0.044444
4 0.314453 0.189583 0.003906 0.012500
4 0.563281 0.472222 0.039062 0.066667
4 0.315625 0.223611 0.003125 0.013889
4 0.555469 0.456250 0.035937 0.043056
4 0.593750 0.529861 0.079687 0.079167
4 0.605078 0.797222 0.064844 0.058333
4 0.316016 0.263889 0.003906 0.019444
4 0.795703 0.478472 0.067969 0.101389
4 0.311719 0.319444 0.006250 0.025000
4 0.712109 0.549306 0.072656 0.115278
4 0.133203 0.917361 0.046094 0.134722
4 0.601172 0.840972 0.049219 0.048611
4 0.854297 0.428472 0.063281 0.070833
4 0.887109 0.404167 0.058594 0.072222
4 0.666406 0.702083 0.040625 0.165278
4 0.526563 0.338194 0.029687 0.043056
4 0.612109 0.750694 0.083594 0.068056
4 0.602734 0.631944 0.085156 0.069444
4 0.581641 0.509028 0.063281 0.068056
4 0.754297 0.506250 0.075781 0.093056
4 0.734375 0.525694 0.076563 0.101389
4 0.831641 0.441667 0.067969 0.077778
4 0.675000 0.611111 0.059375 0.127778
5 0.222266 0.648611 0.024219 0.069444
5 0.687891 0.575694 0.069531 0.134722
5 0.206250 0.252778 0.021875 0.069444
5 0.533594 0.378472 0.043750 0.031944
5 0.535547 0.362500 0.022656 0.033333
5 0.518750 0.305556 0.023438 0.030556
5 0.774219 0.487500 0.073438 0.088889
5 0.916797 0.350694 0.022656 0.023611
5 0.312500 0.161111 0.003125 0.011111
5 0.905078 0.390278 0.058594 0.075000
5 0.551172 0.426389 0.035156 0.047222
5 0.763281 0.713889 0.345313 0.569444
5 0.819922 0.456944 0.085156 0.080556
5 0.617188 0.705556 0.103125 0.086111
5 0.868750 0.415278 0.060937 0.077778
5 0.594531 0.893750 0.029687 0.065278
5 0.311719 0.138194 0.003125 0.009722
5 0.505078 0.285417 0.025781 0.026389
5 0.603906 0.556250 0.096875 0.081944
5 0.563281 0.472917 0.039062 0.065278
5 0.315625 0.223611 0.003125 0.013889
5 0.555469 0.456250 0.037500 0.043056
5 0.594141 0.529167 0.078906 0.077778
5 0.268359 0.495139 0.014844 0.045833
5 0.605078 0.797222 0.064844 0.058333
5 0.666797 0.702778 0.039844 0.163889
5 0.526563 0.338194 0.029687 0.043056
5 0.316016 0.263889 0.003906 0.019444
5 0.795703 0.478472 0.067969 0.101389
5 0.754297 0.506250 0.075781 0.093056
5 0.525391 0.317361 0.028906 0.034722
5 0.311719 0.319444 0.006250 0.025000
5 0.296875 0.391667 0.009375 0.030556
5 0.722266 0.549306 0.092969 0.115278
5 0.133203 0.916667 0.046094 0.133333
5 0.601172 0.840972 0.049219 0.048611
5 0.853906 0.428472 0.062500 0.070833
5 0.439453 0.516667 0.357031 0.963889
5 0.887109 0.404167 0.058594 0.072222
5 0.543750 0.404861 0.034375 0.043056
5 0.314063 0.189583 0.003125 0.012500
5 0.612500 0.750694 0.082812 0.068056
5 0.604297 0.632639 0.080469 0.068056
5 0.582422 0.509028 0.061719 0.065278
5 0.498828 0.257639 0.032031 0.026389
5 0.675000 0.611111 0.059375 0.127778
5 0.734375 0.525694 0.076563 0.101389
5 0.831641 0.441667 0.067969 0.077778
