0 0.377344 0.448611 0.021875 0.027778
0 0.585156 0.447917 0.021875 0.034722
0 0.467969 0.398611 0.015625 0.019444
0 0.568359 0.381250 0.011719 0.018056
0 0.427734 0.425694 0.019531 0.023611
0 0.382812 0.684028 0.068750 0.109722
0 0.542969 0.375000 0.009375 0.016667
0 0.323828 0.499306 0.035156 0.045833
0 0.450781 0.367361 0.009375 0.012500
0 0.737891 0.722917 0.080469 0.123611
0 0.528516 0.396528 0.014844 0.020833
0 0.226172 0.624306 0.063281 0.070833
0 0.428125 0.388194 0.012500 0.018056
0 0.442188 0.399306 0.014063 0.020833
0 0.754687 0.618056 0.060937 0.075000
0 0.409766 0.445833 0.024219 0.033333
0 0.539453 0.418056 0.016406 0.025000
0 0.476172 0.384722 0.011719 0.016667
0 0.405859 0.414583 0.017969 0.020833
0 0.360938 0.536806 0.039062 0.051389
0 0.458203 0.376389 0.011719 0.016667
0 0.556250 0.368056 0.007812 0.013889
0 0.462891 0.368056 0.010156 0.013889
0 0.658594 0.802778 0.078125 0.141667
0 0.437891 0.509028 0.030469 0.043056
0 0.458594 0.436111 0.020313 0.027778
0 0.523828 0.379861 0.011719 0.018056
0 0.483984 0.364583 0.010156 0.015278
0 0.300391 0.643750 0.063281 0.087500
0 0.583594 0.401389 0.014063 0.022222
3 0.778125 0.617361 0.442188 0.531944
3 0.763672 0.692361 0.471094 0.606944
3 0.647266 0.697222 0.244531 0.597222
3 0.219531 0.619444 0.439063 0.486111
3 0.236719 0.700000 0.473438 0.591667
4 0.358594 0.631250 0.010937 0.020833
4 0.627344 0.505556 0.006250 0.008333
4 0.562109 0.459028 0.003906 0.006944
4 0.796484 0.647917 0.405469 0.470833
4 0.405469 0.523611 0.004687 0.011111
4 0.209766 0.736806 0.024219 0.034722
4 0.436328 0.704167 0.108594 0.588889
4 0.578906 0.502083 0.004687 0.009722
4 0.077734 0.938889 0.049219 0.069444
4 0.386719 0.472222 0.006250 0.008333
4 0.316406 0.729861 0.015625 0.031944
4 0.610938 0.577778 0.009375 0.016667
4 0.789453 0.751389 0.025781 0.036111
4 0.503906 0.710417 0.240625 0.576389
4 0.685547 0.750694 0.019531 0.037500
4 0.569531 0.477778 0.004687 0.008333
4 0.370703 0.495833 0.007031 0.011111
4 0.385937 0.569444 0.007812 0.013889
4 0.209375 0.625694 0.418750 0.459722
4 0.778516 0.967361 0.032031 0.062500
4 0.677344 0.581250 0.010937 0.015278
4 0.647656 0.537500 0.007812 0.011111
4 0.721094 0.649306 0.015625 0.020833
4 0.611328 0.480556 0.005469 0.008333
4 0.319922 0.571528 0.010156 0.015278
4 0.932031 0.966667 0.046875 0.063889
4 0.591797 0.533333 0.007031 0.011111
4 0.638281 0.643056 0.012500 0.022222
4 0.236328 0.920833 0.032031 0.063889
5 0.796484 0.647222 0.405469 0.469444
5 0.358594 0.631250 0.010937 0.020833
5 0.436328 0.704167 0.108594 0.588889
5 0.562109 0.459028 0.003906 0.006944
5 0.627344 0.505556 0.006250 0.008333
5 0.405469 0.523611 0.004687 0.011111
5 0.578906 0.502083 0.004687 0.009722
5 0.077734 0.938889 0.049219 0.069444
5 0.417969 0.494444 0.004687 0.008333
5 0.386719 0.472222 0.006250 0.008333
5 0.316406 0.729861 0.015625 0.031944
5 0.610938 0.578472 0.009375 0.015278
5 0.789062 0.751389 0.025000 0.036111
5 0.685156 0.750694 0.018750 0.037500
5 0.370703 0.495139 0.007031 0.009722
5 0.569922 0.477083 0.003906 0.006944
5 0.385937 0.569444 0.007812 0.013889
5 0.778516 0.967361 0.032031 0.062500
5 0.720703 0.649306 0.014844 0.020833
5 0.677344 0.581250 0.010937 0.015278
5 0.647656 0.537500 0.007812 0.011111
5 0.427734 0.471528 0.005469 0.006944
5 0.611328 0.480556 0.005469 0.008333
5 0.319922 0.571528 0.010156 0.015278
5 0.209766 0.736806 0.024219 0.034722
5 0.931641 0.966667 0.046094 0.063889
5 0.591797 0.533333 0.007031 0.011111
5 0.638672 0.643750 0.011719 0.023611
5 0.503906 0.710417 0.240625 0.576389
5 0.557031 0.443750 0.004687 0.006944
5 0.236328 0.920833 0.032031 0.063889
