0 0.922656 0.234722 0.020313 0.041667
0 0.883594 0.263889 0.014063 0.016667
0 0.885938 0.306944 0.021875 0.019444
0 0.683594 0.812500 0.057813 0.080556
0 0.631250 0.736111 0.046875 0.055556
0 0.586719 0.806944 0.064062 0.091667
0 0.428125 0.902778 0.075000 0.094444
0 0.782813 0.463889 0.031250 0.044444
0 0.443750 0.479167 0.065625 0.119444
0 0.700781 0.608333 0.042188 0.055556
0 0.580469 0.704167 0.048438 0.058333
0 0.764062 0.520833 0.034375 0.052778
0 0.812500 0.422222 0.028125 0.038889
3 0.418750 0.606944 0.837500 0.775000
3 0.768750 0.606944 0.421875 0.775000
3 0.834375 0.606944 0.290625 0.775000
3 0.603906 0.656944 0.585938 0.675000
4 0.794531 0.701389 0.214062 0.591667
4 0.860156 0.720833 0.142187 0.552778
5 0.794531 0.701389 0.214062 0.591667
5 0.110937 0.823611 0.021875 0.019444
5 0.022656 0.897222 0.029687 0.027778
5 0.860156 0.720833 0.142187 0.552778
5 0.117188 0.905556 0.025000 0.022222
5 0.195312 0.831944 0.021875 0.019444
5 0.125781 0.038889 0.014063 0.011111
5 0.260937 0.772222 0.018750 0.016667
5 0.179688 0.033333 0.012500 0.033333
