0 0.734896 0.118056 0.034375 0.047222
0 0.777083 0.338426 0.059375 0.082407
0 0.777865 0.339352 0.061979 0.084259
0 0.858854 0.801852 0.065625 0.105556
0 0.889583 0.376852 0.119792 0.244444
0 0.322656 0.242130 0.047396 0.063889
0 0.685156 0.153704 0.035937 0.059259
0 0.518229 0.039352 0.032292 0.049074
0 0.285677 0.206481 0.049479 0.062963
0 0.010677 0.357870 0.021354 0.097222
0 0.984375 0.582407 0.030208 0.096296
0 0.648958 0.668981 0.163542 0.173148
0 0.378385 0.517593 0.304688 0.188889
0 0.359375 0.212500 0.040625 0.060185
0 0.988542 0.050463 0.021875 0.100926
0 0.604427 0.028241 0.051562 0.056481
0 0.277604 0.268056 0.048958 0.065741
0 0.753125 0.228704 0.040625 0.062963
0 0.360417 0.088426 0.059375 0.152778
0 0.171094 0.263889 0.171354 0.205556
0 0.790104 0.174074 0.051042 0.079630
0 0.890625 0.064352 0.034375 0.023148
0 0.682813 0.415278 0.062500 0.080556
0 0.821354 0.340278 0.022917 0.071296
0 0.953646 0.095833 0.041667 0.052778
0 0.780990 0.400463 0.065104 0.119444
0 0.697396 0.467130 0.067708 0.087963
0 0.392708 0.007870 0.031250 0.015741
0 0.614583 0.435185 0.064583 0.081481
0 0.703385 0.580556 0.105729 0.148148
0 0.663542 0.021296 0.032292 0.042593
0 0.667969 0.100000 0.041146 0.092593
0 0.724740 0.188426 0.041146 0.060185
1 0.643490 0.488889 0.018229 0.074074
1 0.616406 0.510648 0.017188 0.086111
3 0.732812 0.499074 0.529167 0.990741
3 0.853125 0.146759 0.292708 0.293519
3 0.749740 0.344907 0.499479 0.680556
3 0.234896 0.210648 0.461458 0.417593
4 0.734896 0.454630 0.529167 0.909259
4 0.247396 0.205556 0.450000 0.411111
5 0.734635 0.454167 0.529687 0.908333
5 0.247917 0.205556 0.447917 0.411111
