0 0.953125 0.269444 0.018750 0.016667
0 0.941406 0.318056 0.026562 0.030556
0 0.730469 0.468056 0.032813 0.036111
0 0.595313 0.800000 0.059375 0.077778
0 0.807813 0.566667 0.043750 0.055556
0 0.884375 0.394444 0.034375 0.038889
0 0.354687 0.562500 0.059375 0.069444
0 0.814063 0.408333 0.034375 0.044444
0 0.884375 0.312500 0.025000 0.030556
0 0.855469 0.452778 0.029687 0.033333
0 0.742969 0.536111 0.039062 0.044444
0 0.847656 0.362500 0.029687 0.036111
0 0.635938 0.965278 0.065625 0.063889
3 0.376563 0.641667 0.753125 0.705556
3 0.838281 0.608333 0.282813 0.777778
3 0.813281 0.680556 0.267188 0.633333
3 0.590625 0.637500 0.590625 0.713889
4 0.793750 0.708333 0.209375 0.577778
4 0.826562 0.038889 0.012500 0.011111
4 0.778125 0.038889 0.012500 0.011111
4 0.870313 0.676389 0.165625 0.641667
4 0.117188 0.905556 0.025000 0.022222
4 0.125781 0.038889 0.014063 0.011111
4 0.179688 0.033333 0.012500 0.033333
5 0.793750 0.708333 0.209375 0.577778
5 0.826562 0.038889 0.012500 0.011111
5 0.778125 0.038889 0.012500 0.011111
5 0.870313 0.676389 0.165625 0.641667
5 0.117188 0.905556 0.025000 0.022222
5 0.125781 0.038889 0.014063 0.011111
5 0.179688 0.033333 0.012500 0.033333
