0 0.548047 0.356250 0.008594 0.012500
0 0.328516 0.493056 0.033594 0.044444
0 0.473047 0.390972 0.013281 0.018056
0 0.624219 0.525000 0.034375 0.050000
0 0.522656 0.368056 0.009375 0.013889
0 0.481250 0.347222 0.010937 0.016667
0 0.431641 0.384722 0.013281 0.016667
0 0.189062 0.665278 0.075000 0.080556
0 0.408984 0.413889 0.017969 0.022222
0 0.657031 0.500000 0.034375 0.044444
0 0.457422 0.431250 0.019531 0.023611
0 0.540625 0.452778 0.021875 0.033333
0 0.457422 0.373611 0.013281 0.013889
0 0.482422 0.364583 0.010156 0.018056
0 0.448828 0.361111 0.013281 0.027778
0 0.321484 0.603472 0.053906 0.073611
0 0.452734 0.386111 0.011719 0.016667
0 0.581641 0.402083 0.014844 0.020833
0 0.406250 0.456944 0.025000 0.030556
0 0.491016 0.357639 0.010156 0.015278
0 0.393750 0.657639 0.056250 0.079167
0 0.144922 0.918750 0.141406 0.159722
0 0.562500 0.378472 0.010937 0.015278
0 0.476953 0.380556 0.010156 0.013889
0 0.432422 0.520833 0.033594 0.044444
0 0.534766 0.354861 0.007031 0.012500
0 0.540234 0.368750 0.008594 0.012500
0 0.444141 0.398611 0.013281 0.019444
0 0.600000 0.428472 0.018750 0.026389
0 0.433203 0.415278 0.017969 0.022222
0 0.460156 0.352778 0.014063 0.025000
3 0.782813 0.624306 0.432812 0.515278
3 0.758594 0.687500 0.476562 0.616667
3 0.774609 0.700694 0.449219 0.587500
3 0.335156 0.702083 0.292187 0.593056
3 0.210938 0.626389 0.421875 0.458333
3 0.229687 0.711111 0.459375 0.569444
4 0.805078 0.656944 0.388281 0.450000
4 0.677344 0.581250 0.010937 0.015278
4 0.405078 0.523611 0.005469 0.011111
4 0.277344 0.636806 0.014063 0.020833
4 0.209766 0.736806 0.024219 0.034722
4 0.436719 0.697917 0.109375 0.601389
4 0.316406 0.729861 0.015625 0.031944
4 0.638672 0.643750 0.011719 0.023611
4 0.385547 0.568750 0.007031 0.015278
4 0.350781 0.526389 0.007812 0.011111
4 0.209375 0.626389 0.418750 0.461111
4 0.778516 0.967361 0.032031 0.062500
4 0.721875 0.648611 0.015625 0.022222
4 0.931641 0.966667 0.046094 0.063889
4 0.591797 0.533333 0.007031 0.011111
4 0.789062 0.751389 0.025000 0.036111
4 0.504297 0.688889 0.241406 0.619444
4 0.684766 0.750694 0.019531 0.037500
4 0.358984 0.630556 0.010156 0.019444
4 0.610938 0.577778 0.009375 0.016667
4 0.236328 0.920139 0.032031 0.062500
5 0.805078 0.656944 0.388281 0.450000
5 0.612109 0.480556 0.005469 0.008333
5 0.677344 0.581250 0.010937 0.015278
5 0.209375 0.625694 0.418750 0.459722
5 0.562109 0.459028 0.003906 0.006944
5 0.778906 0.967361 0.031250 0.062500
5 0.405078 0.523611 0.005469 0.011111
5 0.451953 0.698611 0.139844 0.600000
5 0.578906 0.502083 0.004687 0.009722
5 0.386328 0.472222 0.005469 0.008333
5 0.068359 0.951389 0.027344 0.047222
5 0.417969 0.493750 0.004687 0.009722
5 0.316406 0.729861 0.015625 0.031944
5 0.638672 0.643750 0.011719 0.023611
5 0.435547 0.452778 0.003906 0.008333
5 0.370703 0.495139 0.005469 0.009722
5 0.569922 0.477778 0.003906 0.008333
5 0.385547 0.568750 0.007031 0.015278
5 0.350781 0.526389 0.007812 0.011111
5 0.721875 0.648611 0.015625 0.022222
5 0.427734 0.470833 0.005469 0.008333
5 0.277344 0.636806 0.014063 0.020833
5 0.209766 0.736806 0.024219 0.034722
5 0.931641 0.966667 0.046094 0.063889
5 0.591797 0.533333 0.007031 0.011111
5 0.789062 0.751389 0.025000 0.036111
5 0.504297 0.689583 0.241406 0.618056
5 0.684766 0.750694 0.019531 0.037500
5 0.610938 0.577778 0.009375 0.016667
5 0.556641 0.443056 0.005469 0.005556
5 0.589453 0.445833 0.003906 0.005556
5 0.647656 0.537500 0.007812 0.011111
5 0.599609 0.460417 0.003906 0.006944
5 0.236328 0.920139 0.032031 0.062500
5 0.358984 0.630556 0.010156 0.019444
