0 0.622917 0.440741 0.071875 0.088889
0 0.731250 0.068981 0.034375 0.019444
0 0.379948 0.515278 0.301563 0.187963
0 0.101042 0.258796 0.179167 0.200926
0 0.901042 0.106944 0.036458 0.041667
0 0.659896 0.101852 0.045833 0.077778
0 0.858854 0.800463 0.066667 0.106481
0 0.389844 0.018519 0.027604 0.037037
0 0.239844 0.231019 0.057813 0.078704
0 0.572135 0.007407 0.025521 0.014815
0 0.683073 0.412037 0.060937 0.077778
0 0.774219 0.320833 0.047396 0.052778
0 0.030208 0.360648 0.060417 0.073148
0 0.321094 0.193981 0.040104 0.056481
0 0.908854 0.432870 0.052083 0.076852
0 0.828125 0.315741 0.058333 0.122222
0 0.918229 0.321296 0.057292 0.105556
0 0.648698 0.668519 0.164062 0.174074
0 0.698177 0.468519 0.067187 0.087037
0 0.134896 0.325463 0.071875 0.078704
0 0.417448 0.143519 0.034896 0.053704
0 0.439063 0.079167 0.030208 0.043519
0 0.594792 0.030093 0.012500 0.039815
0 0.196094 0.306481 0.056771 0.068519
0 0.681510 0.131944 0.031771 0.052778
0 0.674479 0.025463 0.032292 0.050926
0 0.384375 0.052315 0.032292 0.056481
0 0.839583 0.008796 0.030208 0.017593
0 0.778906 0.158796 0.021354 0.060185
0 0.733333 0.164815 0.075000 0.172222
0 0.781510 0.378241 0.066146 0.163889
0 0.451562 0.013426 0.025000 0.026852
0 0.605990 0.339352 0.049479 0.084259
0 0.702865 0.580556 0.104688 0.148148
0 0.623177 0.044907 0.044271 0.089815
0 0.717708 0.042130 0.053125 0.084259
0 0.845313 0.248611 0.052083 0.084259
1 0.560937 0.549537 0.016667 0.086111
1 0.579167 0.562037 0.017708 0.087037
3 0.876563 0.146759 0.245833 0.293519
3 0.747656 0.498611 0.499479 0.991667
3 0.764062 0.355556 0.470833 0.681481
3 0.234375 0.212037 0.463542 0.424074
4 0.750000 0.456019 0.498958 0.900926
4 0.248177 0.210185 0.447396 0.414815
4 0.324740 0.119907 0.100521 0.232407
5 0.750260 0.456944 0.498437 0.899074
5 0.248438 0.211574 0.446875 0.412037
5 0.324219 0.120370 0.099479 0.229630
