0 0.294922 0.148611 0.025781 0.047222
0 0.289062 0.084028 0.020313 0.031944
0 0.126953 0.934028 0.205469 0.129167
0 0.288281 0.222222 0.032813 0.058333
0 0.239844 0.158333 0.029687 0.055556
0 0.251172 0.364583 0.071094 0.140278
0 0.321094 0.031250 0.018750 0.045833
0 0.489063 0.554861 0.064062 0.162500
0 0.292578 0.029167 0.014844 0.022222
0 0.466797 0.970833 0.097656 0.055556
0 0.355078 0.047917 0.019531 0.031944
3 0.654687 0.500000 0.584375 0.969444
3 0.800000 0.727778 0.393750 0.541667
3 0.193359 0.503472 0.386719 0.984722
3 0.451562 0.505556 0.240625 0.977778
4 0.551562 0.425694 0.035937 0.045833
4 0.617188 0.706250 0.103125 0.087500
4 0.278516 0.454861 0.035156 0.123611
4 0.687891 0.575694 0.069531 0.134722
4 0.795703 0.478472 0.067969 0.101389
4 0.886328 0.404167 0.058594 0.072222
4 0.839063 0.449306 0.082812 0.090278
4 0.774219 0.486806 0.073438 0.087500
4 0.551562 0.454861 0.045312 0.043056
4 0.564453 0.481944 0.036719 0.044444
4 0.582812 0.502083 0.060937 0.079167
4 0.604297 0.781944 0.067969 0.091667
4 0.667188 0.703472 0.039062 0.162500
4 0.221875 0.647917 0.023438 0.068056
4 0.820312 0.456944 0.085938 0.083333
4 0.753906 0.506250 0.076563 0.093056
4 0.311719 0.319444 0.006250 0.025000
4 0.297266 0.391667 0.010156 0.030556
4 0.722266 0.549306 0.092969 0.115278
4 0.871094 0.419444 0.065625 0.086111
4 0.601172 0.840972 0.049219 0.048611
4 0.905469 0.390278 0.059375 0.077778
4 0.612109 0.750694 0.083594 0.068056
4 0.604688 0.631944 0.081250 0.069444
4 0.734375 0.525694 0.076563 0.101389
4 0.854297 0.434722 0.063281 0.083333
4 0.675000 0.627083 0.059375 0.159722
5 0.732812 0.654167 0.428125 0.625000
7 0.743359 0.650000 0.407031 0.619444
7 0.660937 0.515278 0.573438 0.916667
