0 0.717969 0.083796 0.039062 0.056481
0 0.378906 0.516204 0.303646 0.186111
0 0.713802 0.196759 0.035937 0.062037
0 0.597917 0.022685 0.029167 0.045370
0 0.976823 0.071296 0.038021 0.033333
0 0.781771 0.399537 0.065625 0.119444
0 0.859115 0.800926 0.066146 0.103704
0 0.760938 0.236111 0.044792 0.062963
0 0.320833 0.243519 0.041667 0.061111
0 0.229427 0.292593 0.053646 0.068519
0 0.389583 0.017593 0.028125 0.035185
0 0.695833 0.144907 0.044792 0.093519
0 0.248698 0.229630 0.054688 0.061111
0 0.947396 0.476389 0.104167 0.273148
0 0.880990 0.416204 0.032813 0.078704
0 0.648698 0.659259 0.164062 0.188889
0 0.376563 0.056019 0.037500 0.058333
0 0.276302 0.267130 0.051562 0.067593
0 0.552344 0.112963 0.036979 0.057407
0 0.777604 0.320370 0.052083 0.055556
0 0.680208 0.039815 0.034375 0.061111
0 0.329167 0.138426 0.073958 0.167593
0 0.298698 0.253241 0.013021 0.039815
0 0.093750 0.290278 0.187500 0.208333
0 0.832031 0.233333 0.042188 0.057407
0 0.681771 0.414352 0.063542 0.076852
0 0.697917 0.468519 0.066667 0.087037
0 0.914583 0.318981 0.065625 0.113889
0 0.707812 0.581944 0.114583 0.150926
0 0.624479 0.440741 0.073958 0.085185
0 0.632812 0.048148 0.057292 0.096296
0 0.793490 0.279630 0.044271 0.064815
1 0.650260 0.507407 0.018229 0.087037
1 0.622917 0.516667 0.019792 0.085185
3 0.734896 0.498148 0.529167 0.992593
3 0.854167 0.146759 0.290625 0.293519
3 0.234375 0.236111 0.468750 0.466667
3 0.213281 0.209259 0.420312 0.418519
3 0.233333 0.223611 0.466667 0.441667
4 0.749479 0.455093 0.500000 0.900926
4 0.303646 0.187037 0.337500 0.374074
5 0.708854 0.452315 0.581250 0.904630
5 0.304167 0.186574 0.336458 0.373148
