0 0.360938 0.522917 0.034375 0.048611
0 0.543359 0.338194 0.010156 0.020833
0 0.416797 0.578472 0.044531 0.059722
0 0.535156 0.356250 0.009375 0.012500
0 0.472266 0.390972 0.013281 0.015278
0 0.450391 0.387500 0.013281 0.016667
0 0.463672 0.343056 0.013281 0.030556
0 0.327344 0.504861 0.032813 0.043056
0 0.456250 0.361111 0.009375 0.011111
0 0.712500 0.570139 0.048438 0.062500
0 0.433203 0.423611 0.019531 0.025000
0 0.483203 0.362500 0.010156 0.013889
0 0.442188 0.375000 0.009375 0.013889
0 0.585156 0.391667 0.026562 0.055556
0 0.490234 0.357639 0.008594 0.015278
0 0.566406 0.379861 0.010937 0.018056
0 0.460547 0.375694 0.011719 0.015278
0 0.463281 0.410417 0.017188 0.020833
0 0.400000 0.414583 0.021875 0.034722
0 0.287109 0.934028 0.121094 0.129167
0 0.557813 0.356944 0.018750 0.038889
0 0.543359 0.372222 0.010156 0.016667
0 0.445703 0.477083 0.025781 0.031944
0 0.522266 0.367361 0.011719 0.023611
0 0.579297 0.569444 0.038281 0.063889
0 0.588281 0.437500 0.021875 0.030556
0 0.498437 0.331250 0.009375 0.018056
0 0.476953 0.343750 0.014844 0.023611
3 0.800391 0.647222 0.397656 0.469444
3 0.760156 0.689583 0.478125 0.612500
3 0.219531 0.618750 0.439063 0.476389
3 0.238281 0.693056 0.476562 0.602778
4 0.800000 0.649306 0.398438 0.462500
4 0.209375 0.736806 0.023438 0.034722
4 0.438281 0.688889 0.112500 0.619444
4 0.610938 0.578472 0.009375 0.015278
4 0.385547 0.569444 0.007031 0.013889
4 0.316406 0.729861 0.015625 0.031944
4 0.358984 0.630556 0.010156 0.019444
4 0.217188 0.619444 0.434375 0.472222
4 0.778906 0.967361 0.031250 0.062500
4 0.677344 0.581944 0.010937 0.013889
4 0.319531 0.572222 0.009375 0.013889
4 0.276953 0.636806 0.014844 0.020833
4 0.078125 0.938889 0.048438 0.069444
4 0.932031 0.966667 0.045312 0.063889
4 0.591797 0.533333 0.007031 0.011111
4 0.789453 0.751389 0.024219 0.036111
4 0.685156 0.750694 0.018750 0.037500
4 0.638672 0.643056 0.011719 0.022222
4 0.569531 0.689583 0.110937 0.618056
4 0.237109 0.920833 0.033594 0.063889
4 0.721484 0.648611 0.016406 0.022222
5 0.371094 0.496528 0.006250 0.009722
5 0.438281 0.689583 0.112500 0.618056
5 0.216797 0.619444 0.433594 0.472222
5 0.647656 0.537500 0.007812 0.011111
5 0.799609 0.649306 0.399219 0.462500
5 0.385547 0.569444 0.007031 0.013889
5 0.611719 0.480556 0.004687 0.008333
5 0.405469 0.523611 0.004687 0.011111
5 0.209375 0.736806 0.023438 0.034722
5 0.277344 0.636806 0.014063 0.020833
5 0.578906 0.502083 0.004687 0.009722
5 0.610938 0.578472 0.009375 0.015278
5 0.426953 0.471528 0.003906 0.006944
5 0.778906 0.967361 0.031250 0.062500
5 0.316406 0.729861 0.015625 0.031944
5 0.358984 0.630556 0.010156 0.019444
5 0.077734 0.938889 0.047656 0.069444
5 0.386328 0.472917 0.005469 0.006944
5 0.418359 0.493056 0.005469 0.008333
5 0.569922 0.477778 0.003906 0.008333
5 0.551562 0.430556 0.003125 0.008333
5 0.677344 0.581944 0.010937 0.013889
5 0.319922 0.572222 0.008594 0.013889
5 0.562109 0.459028 0.003906 0.006944
5 0.599609 0.460417 0.003906 0.006944
5 0.932031 0.966667 0.045312 0.063889
5 0.591797 0.533333 0.007031 0.011111
5 0.627344 0.504861 0.006250 0.009722
5 0.435937 0.453472 0.004687 0.006944
5 0.789453 0.751389 0.024219 0.036111
5 0.638672 0.643056 0.011719 0.022222
5 0.685156 0.750694 0.018750 0.037500
5 0.398438 0.455556 0.004687 0.008333
5 0.569531 0.690278 0.110937 0.616667
5 0.557422 0.443750 0.003906 0.006944
5 0.236719 0.920833 0.032813 0.063889
5 0.721094 0.647917 0.015625 0.020833
