0 0.573047 0.890278 0.064844 0.097222
0 0.616797 0.694444 0.032031 0.050000
0 0.684375 0.711111 0.023438 0.047222
0 0.641016 0.742361 0.042969 0.051389
0 0.837500 0.796528 0.092188 0.195833
0 0.623047 0.969444 0.086719 0.058333
0 0.921875 0.877778 0.140625 0.241667
0 0.650781 0.824306 0.048438 0.109722
0 0.773828 0.761111 0.038281 0.080556
0 0.124219 0.889583 0.248438 0.218056
0 0.615625 0.740278 0.021875 0.044444
0 0.582031 0.776389 0.045312 0.066667
0 0.797656 0.959028 0.164062 0.079167
0 0.722266 0.781944 0.052344 0.072222
0 0.677344 0.771528 0.046875 0.073611
0 0.750000 0.834722 0.064062 0.097222
0 0.701172 0.912500 0.066406 0.127778
0 0.626563 0.847917 0.045312 0.101389
0 0.301172 0.913889 0.116406 0.113889
0 0.742578 0.740278 0.042969 0.069444
0 0.715234 0.666667 0.035156 0.052778
1 0.360156 0.731944 0.012500 0.058333
1 0.311719 0.734722 0.012500 0.047222
1 0.349219 0.845139 0.012500 0.026389
3 0.681641 0.838889 0.352344 0.319444
3 0.253516 0.849306 0.400781 0.298611
3 0.312500 0.781250 0.282813 0.162500
