0 0.374219 0.702778 0.060937 0.111111
0 0.254688 0.304167 0.009375 0.019444
0 0.794531 0.666667 0.064062 0.100000
0 0.303125 0.454167 0.034375 0.058333
0 0.271875 0.183333 0.006250 0.011111
0 0.253906 0.186111 0.004687 0.011111
0 0.637500 0.458333 0.059375 0.044444
0 0.372656 0.301389 0.010937 0.013889
0 0.627344 0.462500 0.039062 0.030556
3 0.656250 0.556944 0.684375 0.769444
3 0.378906 0.595833 0.320312 0.797222
4 0.179688 0.033333 0.012500 0.033333
4 0.378125 0.865278 0.015625 0.036111
4 0.300781 0.630556 0.004687 0.016667
5 0.179688 0.033333 0.012500 0.033333
5 0.378125 0.865278 0.015625 0.036111
5 0.300781 0.630556 0.004687 0.016667
