0 0.637500 0.541667 0.043750 0.061111
0 0.321094 0.525000 0.042188 0.077778
0 0.272656 0.186111 0.004687 0.011111
0 0.578125 0.441667 0.053125 0.038889
0 0.540625 0.975000 0.090625 0.044444
0 0.366406 0.286111 0.010937 0.016667
0 0.254688 0.316667 0.012500 0.022222
3 0.656250 0.555556 0.684375 0.772222
3 0.365625 0.601389 0.293750 0.786111
4 0.286719 0.545833 0.004687 0.013889
4 0.179688 0.033333 0.012500 0.033333
4 0.378125 0.862500 0.018750 0.041667
4 0.301563 0.631944 0.006250 0.013889
4 0.291406 0.583333 0.004687 0.011111
4 0.283594 0.529167 0.004687 0.036111
4 0.339844 0.762500 0.014063 0.030556
4 0.433594 0.981944 0.017188 0.025000
5 0.286719 0.545833 0.004687 0.013889
5 0.179688 0.033333 0.012500 0.033333
5 0.378125 0.862500 0.018750 0.041667
5 0.301563 0.631944 0.006250 0.013889
5 0.291406 0.583333 0.004687 0.011111
5 0.283594 0.529167 0.004687 0.036111
5 0.339844 0.762500 0.014063 0.030556
5 0.433594 0.981944 0.017188 0.025000
