0 0.945312 0.009259 0.026042 0.018519
0 0.646875 0.249074 0.056250 0.105556
0 0.854948 0.078241 0.042188 0.045370
0 0.396615 0.019444 0.030729 0.038889
0 0.311458 0.242130 0.054167 0.084259
0 0.013802 0.369444 0.027604 0.075926
0 0.380469 0.067593 0.016146 0.044444
0 0.966667 0.393519 0.056250 0.079630
0 0.933333 0.330093 0.023958 0.073148
0 0.645833 0.668056 0.169792 0.173148
0 0.442969 0.014815 0.029687 0.029630
0 0.382812 0.516204 0.293750 0.187963
0 0.902865 0.037037 0.090104 0.074074
0 0.859115 0.800926 0.066146 0.105556
0 0.537500 0.036111 0.033333 0.053704
0 0.874479 0.346296 0.116667 0.237037
0 0.808594 0.314815 0.016146 0.070370
0 0.692969 0.166667 0.013021 0.059259
0 0.782552 0.323148 0.063021 0.059259
0 0.413542 0.111111 0.060417 0.155556
0 0.756771 0.005093 0.029167 0.010185
0 0.566667 0.008796 0.019792 0.017593
0 0.200000 0.280556 0.047917 0.055556
0 0.169792 0.313426 0.071875 0.084259
0 0.963281 0.516667 0.072396 0.114815
0 0.682813 0.417593 0.062500 0.077778
0 0.735417 0.172222 0.093750 0.175926
0 0.878125 0.009259 0.039583 0.018519
0 0.946875 0.162963 0.041667 0.051852
0 0.783333 0.400926 0.069792 0.120370
0 0.697656 0.474537 0.068229 0.099074
0 0.600260 0.023611 0.033854 0.047222
0 0.633073 0.056481 0.030729 0.050000
0 0.786458 0.271296 0.041667 0.046296
1 0.485417 0.637500 0.021875 0.060185
1 0.636719 0.439815 0.015104 0.075926
3 0.854167 0.145370 0.290625 0.290741
3 0.738021 0.499074 0.522917 0.990741
3 0.774740 0.345370 0.449479 0.685185
3 0.247656 0.205093 0.444271 0.404630
4 0.751042 0.459259 0.496875 0.900000
4 0.341667 0.100463 0.066667 0.193519
4 0.251302 0.206944 0.443229 0.410185
5 0.752083 0.462037 0.494792 0.892593
5 0.251823 0.207407 0.442188 0.409259
5 0.341667 0.100463 0.066667 0.193519
5 0.848958 0.467593 0.014583 0.018519
