0 0.372396 0.515741 0.291667 0.188889
0 0.823177 0.008333 0.035937 0.016667
0 0.781771 0.399537 0.065625 0.121296
0 0.859115 0.801852 0.065104 0.107407
0 0.291667 0.262037 0.041667 0.059259
0 0.166667 0.317130 0.062500 0.071296
0 0.356510 0.130093 0.039062 0.065741
0 0.147656 0.283796 0.059896 0.082407
0 0.955729 0.381019 0.054167 0.067593
0 0.839844 0.339815 0.049479 0.070370
0 0.645573 0.668519 0.170313 0.174074
0 0.616146 0.046759 0.035417 0.052778
0 0.246094 0.281019 0.058854 0.076852
0 0.776563 0.318056 0.051042 0.052778
0 0.293229 0.166204 0.092708 0.167593
0 0.059115 0.305556 0.118229 0.201852
0 0.986719 0.579167 0.025521 0.095370
0 0.680729 0.413426 0.065625 0.075000
0 0.809375 0.289815 0.048958 0.062963
0 0.727604 0.184259 0.048958 0.101852
0 0.698177 0.467130 0.067187 0.086111
0 0.985417 0.178241 0.028125 0.110185
0 0.704167 0.579167 0.103125 0.149074
0 0.581771 0.181019 0.040625 0.062037
0 0.623958 0.440741 0.072917 0.087037
0 0.664323 0.070370 0.065104 0.140741
0 0.775260 0.151852 0.042188 0.064815
0 0.754948 0.249537 0.043229 0.065741
0 0.734896 0.103704 0.041667 0.068519
0 0.615885 0.010648 0.034896 0.021296
0 0.366927 0.086574 0.029687 0.054630
1 0.658073 0.530093 0.018229 0.093519
1 0.538542 0.580093 0.012500 0.062037
1 0.630729 0.530093 0.017708 0.091667
1 0.551042 0.579630 0.019792 0.083333
3 0.853906 0.145833 0.291146 0.291667
3 0.734896 0.498611 0.523958 0.991667
3 0.272917 0.183333 0.297917 0.366667
3 0.234635 0.219907 0.469271 0.439815
3 0.760677 0.347685 0.477604 0.665741
3 0.248177 0.200463 0.430729 0.400926
3 0.936198 0.035648 0.126562 0.071296
4 0.750260 0.456019 0.498437 0.902778
4 0.367448 0.029167 0.016146 0.058333
4 0.283594 0.193519 0.377604 0.387037
5 0.708854 0.459259 0.581250 0.890741
5 0.288802 0.191667 0.367188 0.383333
5 0.367969 0.029167 0.016146 0.058333
