0 0.328125 0.297917 0.043750 0.098611
0 0.383203 0.111111 0.024219 0.036111
0 0.340234 0.004861 0.013281 0.009722
0 0.334766 0.156250 0.027344 0.048611
0 0.291797 0.023611 0.014844 0.022222
0 0.240234 0.156944 0.028906 0.055556
0 0.326562 0.043750 0.018750 0.031944
0 0.289062 0.114583 0.021875 0.037500
0 0.409766 0.170139 0.030469 0.051389
0 0.318359 0.011806 0.014844 0.023611
0 0.296094 0.077083 0.018750 0.031944
3 0.800781 0.727778 0.392188 0.541667
3 0.193359 0.519444 0.386719 0.955556
3 0.453516 0.504861 0.236719 0.979167
3 0.654297 0.502083 0.583594 0.968056
4 0.869922 0.415972 0.060156 0.076389
4 0.688672 0.576389 0.069531 0.136111
4 0.526953 0.345139 0.030469 0.043056
4 0.774219 0.486806 0.073438 0.087500
4 0.916406 0.351389 0.023438 0.022222
4 0.904687 0.389583 0.057813 0.076389
4 0.819922 0.456944 0.085156 0.083333
4 0.617578 0.706250 0.102344 0.087500
4 0.550781 0.425694 0.035937 0.045833
4 0.550391 0.453472 0.049219 0.048611
4 0.562891 0.482639 0.039844 0.045833
4 0.604688 0.782639 0.068750 0.090278
4 0.666797 0.701389 0.041406 0.166667
4 0.133594 0.916667 0.046875 0.133333
4 0.222266 0.648611 0.022656 0.069444
4 0.544141 0.406250 0.035156 0.043056
4 0.795703 0.478472 0.067969 0.101389
4 0.753906 0.505556 0.076563 0.091667
4 0.297266 0.391667 0.010156 0.030556
4 0.268359 0.495139 0.014844 0.045833
4 0.721484 0.549306 0.094531 0.115278
4 0.601562 0.840972 0.048438 0.048611
4 0.853906 0.429167 0.060937 0.072222
4 0.886719 0.404167 0.059375 0.072222
4 0.612500 0.751389 0.084375 0.069444
4 0.601953 0.632639 0.085156 0.070833
4 0.581641 0.509028 0.063281 0.068056
4 0.734375 0.525694 0.076563 0.101389
4 0.831641 0.441667 0.067969 0.077778
4 0.675391 0.626389 0.060156 0.158333
5 0.869531 0.415278 0.059375 0.075000
5 0.688672 0.576389 0.069531 0.136111
5 0.526563 0.340972 0.029687 0.048611
5 0.795703 0.478472 0.067969 0.101389
5 0.519141 0.307639 0.021094 0.020833
5 0.774219 0.486806 0.073438 0.087500
5 0.916406 0.350694 0.023438 0.023611
5 0.904687 0.390278 0.057813 0.077778
5 0.760938 0.716667 0.340625 0.563889
5 0.812500 0.456250 0.070312 0.081944
5 0.617578 0.706250 0.102344 0.087500
5 0.594922 0.893056 0.030469 0.063889
5 0.550781 0.425694 0.035937 0.045833
5 0.535156 0.358333 0.026562 0.027778
5 0.550000 0.453472 0.050000 0.048611
5 0.562891 0.482639 0.039844 0.045833
5 0.314453 0.188889 0.003906 0.013889
5 0.207031 0.252778 0.023438 0.072222
5 0.593750 0.529167 0.079687 0.077778
5 0.666797 0.701389 0.041406 0.163889
5 0.133203 0.916667 0.046094 0.133333
5 0.311719 0.138194 0.003125 0.009722
5 0.315625 0.223611 0.003125 0.016667
5 0.222266 0.648611 0.022656 0.069444
5 0.543750 0.406250 0.034375 0.043056
5 0.753906 0.505556 0.076563 0.091667
5 0.312500 0.161806 0.003125 0.012500
5 0.525781 0.322917 0.029687 0.023611
5 0.297266 0.391667 0.010156 0.030556
5 0.268359 0.495139 0.014844 0.045833
5 0.721875 0.549306 0.093750 0.115278
5 0.511328 0.297222 0.028906 0.025000
5 0.604688 0.558333 0.096875 0.086111
5 0.601172 0.840972 0.049219 0.048611
5 0.853906 0.428472 0.060937 0.070833
5 0.423438 0.515972 0.323437 0.965278
5 0.886719 0.404167 0.059375 0.072222
5 0.541406 0.375694 0.028125 0.029167
5 0.602344 0.631944 0.084375 0.069444
5 0.582422 0.508333 0.061719 0.066667
5 0.605859 0.797917 0.066406 0.059722
5 0.498828 0.269444 0.032031 0.027778
5 0.675391 0.626389 0.060156 0.158333
5 0.505469 0.290278 0.025000 0.036111
5 0.734766 0.525694 0.075781 0.101389
5 0.612891 0.751389 0.083594 0.069444
5 0.831641 0.441667 0.067969 0.077778
7 0.659375 0.511806 0.573438 0.923611
