0 0.785156 0.569444 0.043750 0.058333
0 0.709766 0.543056 0.036719 0.052778
0 0.656641 0.525000 0.033594 0.055556
0 0.627344 0.544444 0.029687 0.047222
0 0.880469 0.948611 0.109375 0.100000
0 0.116016 0.738194 0.052344 0.131944
0 0.548828 0.639583 0.082031 0.095833
0 0.854297 0.753472 0.077344 0.120833
0 0.332422 0.518750 0.021094 0.048611
0 0.633984 0.702778 0.050781 0.088889
0 0.568359 0.735417 0.122656 0.148611
0 0.722266 0.727778 0.071094 0.108333
0 0.039453 0.913194 0.078906 0.165278
0 0.277734 0.493056 0.091406 0.158333
0 0.236328 0.731250 0.116406 0.134722
0 0.757812 0.943056 0.042188 0.111111
0 0.751172 0.956944 0.027344 0.083333
0 0.705078 0.613889 0.049219 0.058333
0 0.046875 0.725694 0.093750 0.212500
0 0.746094 0.534722 0.034375 0.072222
0 0.658984 0.584722 0.046094 0.069444
0 0.029297 0.986806 0.058594 0.023611
0 0.567187 0.490972 0.081250 0.104167
0 0.880078 0.687500 0.049219 0.086111
0 0.709375 0.693750 0.064062 0.104167
0 0.684766 0.540278 0.027344 0.055556
0 0.720703 0.582639 0.044531 0.068056
0 0.789453 0.624306 0.053906 0.084722
0 0.749609 0.822222 0.025781 0.066667
1 0.988672 0.798611 0.021094 0.180556
3 0.746875 0.770139 0.484375 0.456944
3 0.209375 0.771528 0.270313 0.448611
3 0.219141 0.668056 0.250781 0.244444
4 0.877734 0.856944 0.188281 0.072222
4 0.514844 0.962500 0.015625 0.072222
4 0.800391 0.900694 0.374219 0.029167
4 0.667969 0.815278 0.287500 0.097222
5 0.605469 0.834722 0.150000 0.055556
5 0.877344 0.856250 0.185938 0.068056
5 0.799609 0.900000 0.372656 0.027778
5 0.667969 0.815278 0.287500 0.097222
5 0.514844 0.962500 0.015625 0.072222
5 0.796484 0.722222 0.007031 0.011111
5 0.785937 0.733333 0.054688 0.008333
