0 0.817187 0.370833 0.068750 0.041667
0 0.837500 0.495833 0.037500 0.052778
0 0.871875 0.320833 0.021875 0.025000
0 0.862500 0.423611 0.028125 0.036111
0 0.686719 0.536111 0.035937 0.038889
0 0.632812 0.961111 0.068750 0.072222
0 0.559375 0.498611 0.043750 0.058333
0 0.816406 0.406944 0.045312 0.036111
0 0.784375 0.470833 0.031250 0.036111
0 0.751563 0.531944 0.037500 0.047222
0 0.757812 0.400000 0.059375 0.044444
0 0.721875 0.738889 0.059375 0.083333
0 0.889844 0.297222 0.020313 0.022222
0 0.864844 0.350000 0.023438 0.033333
3 0.389062 0.641667 0.778125 0.705556
3 0.837500 0.608333 0.281250 0.772222
3 0.611719 0.640278 0.639062 0.708333
4 0.811719 0.655556 0.248438 0.683333
4 0.873437 0.669444 0.168750 0.655556
5 0.810156 0.659722 0.245312 0.675000
5 0.260156 0.772222 0.020313 0.016667
5 0.182812 0.763889 0.018750 0.016667
5 0.023438 0.895833 0.028125 0.025000
5 0.871875 0.662500 0.168750 0.669444
5 0.195312 0.831944 0.021875 0.019444
5 0.117188 0.905556 0.025000 0.022222
5 0.125781 0.038889 0.014063 0.011111
5 0.110937 0.823611 0.021875 0.019444
5 0.179688 0.033333 0.012500 0.033333
