0 0.394141 0.428472 0.021094 0.026389
0 0.521094 0.362500 0.007812 0.013889
0 0.489453 0.357639 0.011719 0.015278
0 0.560547 0.375000 0.008594 0.013889
0 0.455078 0.361806 0.010156 0.012500
0 0.571484 0.429861 0.019531 0.026389
0 0.528906 0.390972 0.012500 0.018056
0 0.848047 0.879861 0.144531 0.234722
0 0.580859 0.397917 0.014844 0.018056
0 0.438281 0.410417 0.015625 0.020833
0 0.326172 0.509722 0.035156 0.044444
0 0.482031 0.372917 0.010937 0.015278
0 0.445312 0.372917 0.010937 0.018056
0 0.541016 0.428472 0.019531 0.026389
0 0.119141 0.791667 0.238281 0.413889
0 0.414062 0.399306 0.014063 0.020833
0 0.487891 0.361806 0.011719 0.018056
0 0.407031 0.459722 0.025000 0.036111
0 0.425391 0.430556 0.017969 0.027778
0 0.564063 0.411806 0.014063 0.023611
0 0.461328 0.375694 0.011719 0.015278
0 0.448047 0.392361 0.013281 0.018056
0 0.465625 0.359028 0.009375 0.018056
0 0.469922 0.353472 0.010156 0.018056
0 0.477734 0.386111 0.013281 0.016667
0 0.454688 0.449306 0.020313 0.031944
0 0.466797 0.402778 0.014844 0.019444
0 0.539844 0.364583 0.009375 0.012500
0 0.587891 0.600694 0.044531 0.073611
0 0.366406 0.513889 0.089063 0.136111
0 0.546875 0.380556 0.010937 0.016667
0 0.381250 0.665972 0.056250 0.081944
0 0.601562 0.427778 0.018750 0.025000
0 0.476562 0.351389 0.009375 0.013889
3 0.773047 0.699306 0.452344 0.590278
3 0.310937 0.513194 0.250000 0.265278
3 0.332813 0.699306 0.298438 0.598611
3 0.658984 0.684028 0.274219 0.623611
3 0.322656 0.538194 0.267188 0.309722
4 0.805469 0.656944 0.387500 0.450000
4 0.627734 0.504861 0.007031 0.009722
4 0.591797 0.533333 0.007031 0.011111
4 0.318750 0.572917 0.007812 0.012500
4 0.405078 0.523611 0.005469 0.011111
4 0.276953 0.636111 0.014844 0.022222
4 0.450391 0.694444 0.136719 0.608333
4 0.611328 0.577778 0.008594 0.013889
4 0.788672 0.749306 0.022656 0.031944
4 0.235937 0.920833 0.031250 0.063889
4 0.314844 0.506944 0.235937 0.252778
4 0.385547 0.569444 0.007031 0.013889
4 0.778906 0.967361 0.032813 0.062500
4 0.677344 0.581944 0.010937 0.013889
4 0.358984 0.630556 0.010156 0.019444
4 0.647656 0.537500 0.007812 0.011111
4 0.684766 0.750694 0.019531 0.037500
4 0.638672 0.643056 0.011719 0.022222
4 0.504687 0.703472 0.242188 0.590278
4 0.316406 0.729861 0.015625 0.031944
4 0.721875 0.648611 0.015625 0.022222
5 0.805859 0.657639 0.386719 0.448611
5 0.611719 0.480556 0.004687 0.008333
5 0.450391 0.702778 0.136719 0.591667
5 0.314844 0.507639 0.234375 0.251389
5 0.562109 0.459028 0.003906 0.006944
5 0.627734 0.504861 0.007031 0.009722
5 0.318750 0.572917 0.007812 0.012500
5 0.405078 0.523611 0.005469 0.011111
5 0.277344 0.636806 0.014063 0.020833
5 0.579297 0.502083 0.003906 0.009722
5 0.611328 0.577778 0.008594 0.013889
5 0.387109 0.472222 0.007031 0.008333
5 0.417578 0.494444 0.005469 0.008333
5 0.788672 0.749306 0.022656 0.031944
5 0.591797 0.533333 0.007031 0.011111
5 0.235937 0.920139 0.031250 0.062500
5 0.370703 0.495139 0.005469 0.009722
5 0.569922 0.477778 0.003906 0.008333
5 0.778906 0.967361 0.032813 0.062500
5 0.677344 0.581944 0.010937 0.013889
5 0.358984 0.630556 0.010156 0.019444
5 0.647656 0.537500 0.007812 0.011111
5 0.428516 0.470139 0.005469 0.006944
5 0.599609 0.460417 0.003906 0.006944
5 0.937500 0.972917 0.035937 0.051389
5 0.638672 0.643056 0.011719 0.022222
5 0.684766 0.750694 0.019531 0.037500
5 0.504297 0.702778 0.241406 0.591667
5 0.556641 0.444444 0.003906 0.005556
5 0.316406 0.729861 0.015625 0.031944
5 0.721484 0.648611 0.014844 0.022222
