0 0.342578 0.242361 0.035156 0.065278
0 0.330859 0.408333 0.055469 0.122222
0 0.291797 0.026389 0.014844 0.025000
0 0.067187 0.877083 0.134375 0.243056
0 0.329688 0.072222 0.018750 0.030556
0 0.359766 0.052083 0.017969 0.031944
0 0.342187 0.015972 0.014063 0.023611
0 0.293359 0.164583 0.028906 0.054167
0 0.471094 0.363194 0.048438 0.104167
0 0.333594 0.111111 0.026562 0.047222
0 0.293750 0.102778 0.021875 0.038889
0 0.239844 0.158333 0.029687 0.055556
0 0.313672 0.004167 0.013281 0.008333
0 0.510547 0.679167 0.075781 0.211111
0 0.389062 0.121528 0.026562 0.045833
0 0.434375 0.236806 0.035937 0.062500
3 0.800000 0.727083 0.393750 0.543056
3 0.231641 0.508333 0.313281 0.980556
3 0.450000 0.503472 0.243750 0.984722
3 0.657422 0.502083 0.578906 0.959722
4 0.297266 0.389583 0.008594 0.029167
4 0.688281 0.576389 0.068750 0.136111
4 0.774219 0.486806 0.073438 0.087500
4 0.905078 0.389583 0.058594 0.076389
4 0.544141 0.395139 0.035156 0.065278
4 0.766797 0.713194 0.352344 0.570833
4 0.854297 0.428472 0.061719 0.070833
4 0.311719 0.318750 0.006250 0.023611
4 0.551562 0.425694 0.035937 0.045833
4 0.880859 0.404167 0.071094 0.072222
4 0.666797 0.703472 0.039844 0.162500
4 0.133594 0.916667 0.046875 0.133333
4 0.222266 0.648611 0.022656 0.069444
4 0.795703 0.478472 0.067969 0.101389
4 0.754297 0.505556 0.075781 0.091667
4 0.268359 0.495139 0.014844 0.045833
4 0.711719 0.549306 0.073438 0.115278
4 0.601172 0.840972 0.049219 0.048611
4 0.831250 0.441667 0.068750 0.077778
4 0.563672 0.482639 0.038281 0.045833
4 0.545703 0.383333 0.030469 0.044444
4 0.581641 0.507639 0.063281 0.070833
4 0.605859 0.797222 0.064844 0.058333
4 0.734375 0.525694 0.076563 0.101389
4 0.612500 0.751389 0.084375 0.069444
4 0.869922 0.414583 0.060156 0.076389
4 0.812500 0.456250 0.070312 0.081944
4 0.675000 0.626389 0.060937 0.158333
5 0.296875 0.389583 0.007812 0.029167
5 0.316406 0.263889 0.003125 0.016667
5 0.688281 0.575694 0.068750 0.134722
5 0.774219 0.486806 0.073438 0.087500
5 0.206250 0.252083 0.025000 0.073611
5 0.526953 0.343750 0.028906 0.029167
5 0.516797 0.309722 0.025781 0.022222
5 0.916406 0.350694 0.023438 0.023611
5 0.905078 0.389583 0.058594 0.076389
5 0.551562 0.425694 0.034375 0.045833
5 0.766797 0.713194 0.352344 0.570833
5 0.853906 0.428472 0.060937 0.070833
5 0.594922 0.893056 0.030469 0.063889
5 0.311719 0.318750 0.006250 0.023611
5 0.536719 0.356944 0.023438 0.025000
5 0.667188 0.702778 0.039062 0.161111
5 0.133594 0.916667 0.046875 0.133333
5 0.315625 0.222917 0.003125 0.015278
5 0.222266 0.647917 0.022656 0.068056
5 0.543750 0.394444 0.034375 0.063889
5 0.784766 0.478472 0.089844 0.101389
5 0.754297 0.505556 0.075781 0.091667
5 0.505078 0.270833 0.024219 0.050000
5 0.526953 0.321528 0.025781 0.023611
5 0.268359 0.495139 0.014844 0.045833
5 0.711719 0.549306 0.073438 0.115278
5 0.880469 0.404167 0.071875 0.072222
5 0.603516 0.556250 0.097656 0.081944
5 0.601172 0.840972 0.049219 0.048611
5 0.831250 0.441667 0.068750 0.077778
5 0.423438 0.527778 0.323437 0.941667
5 0.593359 0.529167 0.080469 0.080556
5 0.564063 0.481944 0.037500 0.044444
5 0.869922 0.414583 0.060156 0.076389
5 0.604688 0.631944 0.081250 0.069444
5 0.546484 0.384028 0.028906 0.045833
5 0.556641 0.454861 0.036719 0.043056
5 0.582422 0.508333 0.061719 0.066667
5 0.605859 0.797222 0.064844 0.058333
5 0.503125 0.268750 0.031250 0.056944
5 0.734766 0.525694 0.075781 0.101389
5 0.612500 0.751389 0.084375 0.069444
5 0.812500 0.456250 0.070312 0.081944
5 0.675000 0.627083 0.059375 0.159722
7 0.744141 0.650694 0.408594 0.620833
7 0.662500 0.509722 0.573438 0.913889
