0 0.926562 0.236111 0.012500 0.022222
0 0.891406 0.290278 0.017188 0.025000
0 0.858594 0.352778 0.026562 0.038889
0 0.854688 0.447222 0.040625 0.044444
0 0.823438 0.358333 0.040625 0.033333
0 0.768750 0.634722 0.043750 0.052778
0 0.672656 0.888889 0.057813 0.077778
0 0.239844 0.601389 0.057813 0.063889
0 0.757031 0.512500 0.035937 0.052778
0 0.640625 0.345833 0.043750 0.047222
0 0.933594 0.323611 0.020313 0.025000
0 0.666406 0.645833 0.057813 0.086111
0 0.796094 0.333333 0.026562 0.027778
0 0.871875 0.406944 0.031250 0.047222
3 0.604688 0.612500 0.625000 0.763889
3 0.384375 0.643056 0.768750 0.702778
3 0.839063 0.606944 0.281250 0.775000
3 0.817187 0.686111 0.243750 0.616667
3 0.561719 0.686111 0.535937 0.616667
4 0.800000 0.687500 0.225000 0.619444
4 0.863281 0.705556 0.151562 0.583333
5 0.799219 0.687500 0.223438 0.619444
5 0.179688 0.033333 0.012500 0.033333
5 0.863281 0.705556 0.151562 0.583333
5 0.126562 0.038889 0.012500 0.011111
