0 0.442188 0.470139 0.028125 0.034722
0 0.413281 0.584028 0.039062 0.056944
0 0.521875 0.369444 0.010937 0.013889
0 0.548047 0.385417 0.011719 0.015278
0 0.526563 0.376389 0.010937 0.016667
0 0.813672 0.831944 0.111719 0.158333
0 0.640625 0.445833 0.065625 0.113889
0 0.460938 0.370833 0.018750 0.030556
0 0.453516 0.368056 0.010156 0.013889
0 0.464844 0.412500 0.017188 0.022222
0 0.158203 0.688889 0.088281 0.088889
0 0.531250 0.404167 0.015625 0.022222
0 0.541797 0.443056 0.021094 0.030556
0 0.170313 0.822917 0.115625 0.129167
0 0.473438 0.358333 0.015625 0.019444
0 0.545703 0.349306 0.008594 0.009722
0 0.427734 0.416667 0.019531 0.027778
0 0.586719 0.410417 0.014063 0.020833
0 0.532031 0.339583 0.007812 0.015278
0 0.397266 0.476389 0.027344 0.036111
0 0.562891 0.411806 0.017969 0.031944
0 0.298047 0.982639 0.092969 0.031944
0 0.541406 0.336111 0.007812 0.013889
0 0.521484 0.354861 0.008594 0.012500
0 0.371484 0.450000 0.024219 0.030556
0 0.311328 0.518750 0.038281 0.045833
0 0.562891 0.378472 0.011719 0.015278
0 0.486719 0.359722 0.010937 0.013889
0 0.469922 0.346528 0.010156 0.018056
0 0.419141 0.397917 0.013281 0.018056
0 0.585156 0.575694 0.042188 0.087500
0 0.600000 0.488194 0.029687 0.048611
0 0.533984 0.352083 0.007031 0.009722
0 0.575391 0.388889 0.013281 0.019444
0 0.443359 0.400000 0.013281 0.019444
0 0.479687 0.350000 0.007812 0.011111
3 0.786328 0.702083 0.425781 0.584722
3 0.645312 0.697917 0.246875 0.595833
3 0.222656 0.615972 0.445312 0.493056
3 0.242578 0.686111 0.485156 0.616667
3 0.733203 0.711806 0.400781 0.568056
4 0.435156 0.692361 0.106250 0.612500
4 0.647656 0.537500 0.007812 0.011111
4 0.834375 0.690972 0.329688 0.381944
4 0.385937 0.569444 0.007812 0.013889
4 0.210156 0.736806 0.023438 0.034722
4 0.277344 0.636806 0.014063 0.020833
4 0.798828 0.678472 0.400781 0.520833
4 0.078125 0.938889 0.048438 0.069444
4 0.371094 0.495139 0.006250 0.009722
4 0.316406 0.730556 0.015625 0.030556
4 0.785156 0.743750 0.015625 0.020833
4 0.684766 0.750694 0.019531 0.037500
4 0.350781 0.526389 0.007812 0.011111
4 0.418359 0.493056 0.005469 0.008333
4 0.405078 0.523611 0.005469 0.011111
4 0.358984 0.631250 0.010156 0.020833
4 0.223047 0.613194 0.446094 0.487500
4 0.778516 0.967361 0.032031 0.062500
4 0.628125 0.504861 0.006250 0.009722
4 0.319922 0.572222 0.010156 0.013889
4 0.932031 0.966667 0.046875 0.063889
4 0.611328 0.578472 0.008594 0.015278
4 0.638672 0.643056 0.011719 0.022222
4 0.569531 0.690278 0.110937 0.616667
4 0.579688 0.502083 0.004687 0.009722
4 0.677344 0.581944 0.010937 0.013889
4 0.236328 0.920833 0.032031 0.063889
4 0.721484 0.648611 0.016406 0.022222
5 0.433203 0.711806 0.102344 0.573611
5 0.569531 0.477083 0.004687 0.006944
5 0.560937 0.454167 0.007812 0.016667
5 0.647656 0.537500 0.007812 0.011111
5 0.834375 0.690972 0.329688 0.381944
5 0.385937 0.569444 0.007812 0.013889
5 0.589453 0.445833 0.003906 0.005556
5 0.210156 0.736806 0.023438 0.034722
5 0.078125 0.938889 0.048438 0.069444
5 0.371094 0.495139 0.006250 0.009722
5 0.316406 0.730556 0.015625 0.030556
5 0.785156 0.743750 0.015625 0.020833
5 0.223047 0.613194 0.446094 0.487500
5 0.350781 0.526389 0.007812 0.011111
5 0.418359 0.493056 0.005469 0.008333
5 0.358984 0.630556 0.010156 0.019444
5 0.277344 0.636806 0.014063 0.020833
5 0.778516 0.967361 0.032031 0.062500
5 0.677344 0.581944 0.010937 0.013889
5 0.319922 0.572222 0.010156 0.013889
5 0.628125 0.504861 0.006250 0.009722
5 0.931641 0.966667 0.046094 0.063889
5 0.611328 0.578472 0.008594 0.015278
5 0.638672 0.643056 0.011719 0.022222
5 0.569922 0.690972 0.110156 0.615278
5 0.684766 0.750694 0.019531 0.037500
5 0.579688 0.502083 0.004687 0.009722
5 0.405078 0.523611 0.005469 0.011111
5 0.236328 0.920833 0.032031 0.063889
5 0.721484 0.648611 0.016406 0.022222
