0 0.911458 0.218519 0.058333 0.096296
0 0.806250 0.084259 0.021875 0.059259
0 0.270573 0.178241 0.060937 0.076852
0 0.382812 0.420370 0.293750 0.188889
0 0.026823 0.265278 0.053646 0.080556
0 0.136198 0.200000 0.042188 0.061111
0 0.967448 0.394907 0.064062 0.263889
0 0.843490 0.136111 0.045312 0.064815
0 0.697917 0.379630 0.067708 0.103704
0 0.320312 0.109722 0.041667 0.052778
0 0.858333 0.702778 0.065625 0.105556
0 0.167969 0.214352 0.066146 0.075000
0 0.705729 0.087037 0.022917 0.062963
0 0.735417 0.212037 0.059375 0.150000
0 0.210677 0.167130 0.063021 0.076852
0 0.094792 0.233333 0.079167 0.094444
0 0.983333 0.940741 0.032292 0.116667
0 0.683854 0.319907 0.063542 0.078704
0 0.865625 0.181019 0.044792 0.058333
0 0.371875 0.009259 0.035417 0.018519
0 0.904948 0.340741 0.065104 0.103704
0 0.645833 0.573611 0.170833 0.173148
0 0.652344 0.016667 0.056771 0.033333
0 0.687760 0.040741 0.039062 0.061111
0 0.759375 0.096296 0.086458 0.183333
0 0.814063 0.206481 0.057292 0.090741
1 0.491406 0.550000 0.018229 0.068519
3 0.890625 0.095370 0.217708 0.190741
3 0.777865 0.479167 0.443229 0.954630
3 0.232031 0.168056 0.456771 0.336111
4 0.259375 0.155556 0.416667 0.311111
5 0.263802 0.152778 0.407813 0.305556
5 0.179427 0.036574 0.013021 0.036111
