0 0.240234 0.156250 0.028906 0.054167
0 0.341016 0.007639 0.014844 0.015278
0 0.290234 0.134028 0.025781 0.045833
0 0.182422 0.855556 0.155469 0.286111
0 0.334766 0.094444 0.021094 0.036111
0 0.202734 0.477083 0.080469 0.131944
0 0.482812 0.456250 0.053125 0.126389
0 0.298438 0.077778 0.020313 0.033333
0 0.410938 0.161806 0.029687 0.048611
0 0.338672 0.228472 0.035156 0.079167
0 0.318359 0.016667 0.017969 0.033333
0 0.492969 0.822917 0.089063 0.287500
0 0.350391 0.023611 0.016406 0.022222
3 0.800000 0.727083 0.392188 0.543056
3 0.193750 0.510417 0.387500 0.976389
3 0.654687 0.499306 0.584375 0.962500
3 0.454688 0.516667 0.234375 0.952778
4 0.688672 0.575694 0.069531 0.134722
4 0.904687 0.388889 0.057813 0.077778
4 0.756641 0.715278 0.350781 0.566667
4 0.617578 0.705556 0.103906 0.086111
4 0.854297 0.427778 0.061719 0.072222
4 0.561328 0.470833 0.042969 0.066667
4 0.555859 0.455556 0.035156 0.041667
4 0.666406 0.702778 0.040625 0.166667
4 0.222656 0.648611 0.023438 0.069444
4 0.269141 0.494444 0.014844 0.044444
4 0.544922 0.404167 0.033594 0.041667
4 0.796094 0.469444 0.068750 0.086111
4 0.754297 0.504861 0.077344 0.093056
4 0.297266 0.391667 0.010156 0.030556
4 0.774219 0.486806 0.073438 0.087500
4 0.312109 0.318750 0.005469 0.023611
4 0.831641 0.441667 0.067969 0.077778
4 0.548047 0.374306 0.024219 0.026389
4 0.887500 0.402778 0.059375 0.072222
4 0.712109 0.549306 0.074219 0.115278
4 0.551953 0.425694 0.035156 0.045833
4 0.582422 0.508333 0.061719 0.066667
4 0.734375 0.525000 0.076563 0.100000
4 0.869141 0.413889 0.061719 0.077778
4 0.812500 0.456250 0.070312 0.081944
4 0.675000 0.627083 0.060937 0.162500
5 0.744141 0.651389 0.405469 0.622222
7 0.744922 0.649306 0.407031 0.620833
7 0.660547 0.507639 0.577344 0.918056
