0 0.303906 0.501389 0.042188 0.063889
0 0.288281 0.622222 0.045312 0.094444
0 0.746094 0.720833 0.092188 0.063889
0 0.217969 0.394444 0.007812 0.011111
0 0.006250 0.518056 0.012500 0.025000
0 0.188281 0.412500 0.010937 0.019444
0 0.214844 0.381944 0.007812 0.008333
0 0.189062 0.491667 0.018750 0.027778
0 0.183594 0.395833 0.007812 0.013889
0 0.260937 0.415278 0.015625 0.025000
0 0.421094 0.536111 0.032813 0.033333
0 0.204687 0.373611 0.006250 0.008333
3 0.631250 0.740278 0.593750 0.502778
3 0.374219 0.606944 0.282813 0.291667
3 0.346875 0.884722 0.587500 0.219444
3 0.164062 0.618056 0.125000 0.402778
3 0.321875 0.601389 0.246875 0.358333
3 0.235937 0.605556 0.134375 0.383333
3 0.628906 0.629167 0.739062 0.408333
3 0.642969 0.761111 0.576562 0.461111
4 0.470313 0.790278 0.009375 0.013889
4 0.207813 0.506944 0.003125 0.008333
4 0.275000 0.800000 0.356250 0.072222
4 0.684375 0.759722 0.503125 0.397222
4 0.559375 0.897222 0.015625 0.016667
4 0.296875 0.612500 0.178125 0.330556
4 0.360938 0.526389 0.009375 0.008333
4 0.028125 0.941667 0.056250 0.027778
4 0.146094 0.497222 0.004687 0.100000
4 0.297656 0.758333 0.014063 0.033333
4 0.493750 0.823611 0.009375 0.013889
4 0.522656 0.858333 0.010937 0.016667
4 0.392188 0.555556 0.009375 0.011111
4 0.215625 0.530556 0.006250 0.011111
4 0.664844 0.988889 0.023438 0.016667
4 0.242188 0.604167 0.006250 0.013889
4 0.264062 0.665278 0.009375 0.019444
4 0.433594 0.593056 0.014063 0.013889
4 0.227344 0.562500 0.004687 0.013889
4 0.200781 0.629167 0.067187 0.347222
4 0.025781 0.983333 0.051562 0.027778
4 0.974219 0.906944 0.042188 0.019444
4 0.936719 0.777778 0.120313 0.022222
4 0.723437 0.856944 0.056250 0.052778
4 0.482812 0.751389 0.071875 0.019444
4 0.606250 0.943056 0.018750 0.019444
4 0.379688 0.584722 0.290625 0.313889
4 0.581250 0.727778 0.028125 0.027778
4 0.879687 0.786111 0.050000 0.016667
4 0.879687 0.806944 0.050000 0.019444
5 0.417969 0.693056 0.192188 0.136111
7 0.925781 0.843056 0.142187 0.147222
7 0.028125 0.962500 0.056250 0.069444
