0 0.353125 0.255556 0.009375 0.016667
0 0.279687 0.327778 0.015625 0.027778
0 0.870313 0.737500 0.090625 0.119444
0 0.532031 0.454167 0.032813 0.047222
0 0.466406 0.891667 0.098437 0.155556
0 0.254688 0.343056 0.015625 0.025000
0 0.578125 0.443056 0.053125 0.041667
3 0.656250 0.555556 0.684375 0.766667
3 0.399219 0.645833 0.360938 0.697222
4 0.339844 0.761111 0.014063 0.027778
4 0.179688 0.033333 0.012500 0.033333
4 0.291406 0.583333 0.004687 0.016667
4 0.378125 0.865278 0.015625 0.036111
5 0.339844 0.761111 0.014063 0.027778
5 0.179688 0.033333 0.012500 0.033333
5 0.291406 0.583333 0.004687 0.016667
5 0.378125 0.865278 0.015625 0.036111
