0 0.071094 0.977083 0.132812 0.043056
0 0.822266 0.525000 0.060156 0.072222
0 0.646094 0.480556 0.062500 0.097222
0 0.709766 0.517361 0.046094 0.065278
0 0.923438 0.853472 0.103125 0.226389
0 0.396094 0.526389 0.028125 0.055556
0 0.017969 0.847222 0.035937 0.038889
0 0.610547 0.582639 0.053906 0.093056
0 0.694141 0.486806 0.038281 0.054167
0 0.006250 0.765972 0.012500 0.065278
0 0.787500 0.479861 0.050000 0.048611
0 0.905469 0.718750 0.075000 0.134722
0 0.650391 0.687500 0.102344 0.150000
0 0.034766 0.922222 0.069531 0.136111
0 0.281641 0.495139 0.128906 0.179167
0 0.169922 0.737500 0.291406 0.183333
0 0.846484 0.645833 0.077344 0.119444
0 0.104297 0.898611 0.082031 0.150000
0 0.596094 0.488889 0.043750 0.080556
0 0.589453 0.665972 0.033594 0.081944
0 0.984766 0.823611 0.028906 0.141667
0 0.736719 0.617361 0.040625 0.093056
0 0.910547 0.622917 0.046094 0.073611
0 0.766797 0.661806 0.072656 0.115278
0 0.660937 0.652778 0.118750 0.213889
0 0.667578 0.602778 0.105469 0.116667
0 0.725000 0.900000 0.112500 0.197222
0 0.759766 0.499306 0.036719 0.043056
0 0.727734 0.443750 0.042969 0.059722
1 0.781641 0.593750 0.019531 0.043056
3 0.782813 0.761806 0.432812 0.473611
4 0.577344 0.959028 0.017188 0.079167
4 0.807031 0.951389 0.050000 0.094444
4 0.989844 0.986806 0.015625 0.023611
4 0.634766 0.836111 0.110156 0.038889
4 0.721484 0.810417 0.288281 0.090278
4 0.781641 0.796528 0.175781 0.062500
5 0.577344 0.959028 0.017188 0.079167
5 0.721484 0.810417 0.286719 0.090278
5 0.989844 0.986806 0.015625 0.023611
5 0.635156 0.836111 0.109375 0.036111
5 0.806641 0.951389 0.049219 0.094444
5 0.782031 0.795139 0.175000 0.062500
