0 0.478125 0.381944 0.010937 0.016667
0 0.521875 0.353472 0.007812 0.009722
0 0.575391 0.377778 0.024219 0.050000
0 0.427734 0.387500 0.011719 0.019444
0 0.455078 0.386806 0.013281 0.018056
0 0.439063 0.376389 0.010937 0.011111
0 0.425000 0.427778 0.020313 0.027778
0 0.462891 0.409722 0.016406 0.022222
0 0.458594 0.364583 0.018750 0.034722
0 0.083203 0.960417 0.166406 0.076389
0 0.560937 0.486806 0.026562 0.043056
0 0.339062 0.572222 0.046875 0.055556
0 0.449609 0.470833 0.024219 0.038889
0 0.424219 0.568750 0.039062 0.056944
0 0.346875 0.450694 0.059375 0.104167
0 0.393359 0.483333 0.030469 0.038889
0 0.386328 0.436806 0.019531 0.026389
0 0.224219 0.577083 0.160938 0.209722
0 0.537500 0.361111 0.009375 0.013889
0 0.529687 0.383333 0.012500 0.019444
0 0.537500 0.419444 0.017188 0.030556
0 0.469531 0.397222 0.014063 0.016667
0 0.482422 0.368750 0.010156 0.015278
0 0.570703 0.425000 0.016406 0.025000
0 0.493750 0.348611 0.010937 0.019444
0 0.557813 0.368750 0.009375 0.015278
0 0.437109 0.399306 0.019531 0.034722
3 0.760156 0.683333 0.473438 0.625000
3 0.210156 0.625694 0.420312 0.459722
3 0.238672 0.699306 0.477344 0.590278
3 0.790234 0.639583 0.417969 0.479167
4 0.793359 0.642361 0.411719 0.476389
4 0.209766 0.736806 0.024219 0.034722
4 0.076563 0.768750 0.153125 0.173611
4 0.591797 0.533333 0.007031 0.011111
4 0.385547 0.569444 0.007031 0.013889
4 0.647656 0.537500 0.007812 0.011111
4 0.434766 0.707639 0.105469 0.581944
4 0.094922 0.913194 0.014844 0.018056
4 0.316406 0.729861 0.015625 0.031944
4 0.638672 0.643056 0.011719 0.022222
4 0.358984 0.630556 0.010156 0.019444
4 0.778516 0.967361 0.032031 0.062500
4 0.721875 0.648611 0.015625 0.022222
4 0.276953 0.636806 0.014844 0.020833
4 0.932031 0.966667 0.046875 0.063889
4 0.677344 0.581250 0.010937 0.015278
4 0.627734 0.504861 0.007031 0.009722
4 0.789453 0.751389 0.024219 0.036111
4 0.505078 0.702083 0.239844 0.593056
4 0.684766 0.750694 0.019531 0.037500
4 0.610938 0.577778 0.009375 0.016667
4 0.236328 0.920833 0.032031 0.063889
5 0.793359 0.642361 0.411719 0.476389
5 0.209766 0.736806 0.022656 0.034722
5 0.611328 0.480556 0.005469 0.008333
5 0.435156 0.708333 0.106250 0.580556
5 0.578906 0.501389 0.004687 0.008333
5 0.591797 0.533333 0.007031 0.011111
5 0.778516 0.967361 0.032031 0.062500
5 0.385547 0.569444 0.007031 0.013889
5 0.647656 0.536806 0.007812 0.009722
5 0.094922 0.913194 0.014844 0.018056
5 0.371094 0.496528 0.006250 0.009722
5 0.316406 0.729861 0.015625 0.031944
5 0.590234 0.445833 0.003906 0.005556
5 0.638672 0.643056 0.011719 0.022222
5 0.427344 0.472222 0.004687 0.008333
5 0.350781 0.526389 0.007812 0.011111
5 0.076563 0.768750 0.153125 0.173611
5 0.358984 0.630556 0.010156 0.019444
5 0.721484 0.648611 0.014844 0.022222
5 0.417969 0.493750 0.006250 0.009722
5 0.276953 0.636806 0.014844 0.020833
5 0.932031 0.966667 0.046875 0.063889
5 0.677344 0.581250 0.010937 0.015278
5 0.627734 0.504861 0.007031 0.009722
5 0.789453 0.750694 0.024219 0.034722
5 0.505859 0.703472 0.238281 0.590278
5 0.684766 0.750694 0.019531 0.037500
5 0.310937 0.511806 0.017188 0.018056
5 0.610938 0.577778 0.009375 0.016667
5 0.599609 0.460417 0.003906 0.006944
5 0.410156 0.511111 0.015625 0.036111
5 0.236328 0.920139 0.032031 0.062500
