0 0.535156 0.357639 0.009375 0.018056
0 0.543750 0.377083 0.010937 0.015278
0 0.306641 0.531944 0.039844 0.047222
0 0.446484 0.426389 0.017969 0.025000
0 0.476953 0.383333 0.011719 0.013889
0 0.522266 0.370833 0.010156 0.016667
0 0.474219 0.356944 0.009375 0.013889
0 0.732812 0.579167 0.051562 0.075000
0 0.535156 0.407639 0.017188 0.026389
0 0.280859 0.660417 0.074219 0.098611
0 0.483594 0.364583 0.010937 0.015278
0 0.445703 0.367361 0.010156 0.020833
0 0.467187 0.402778 0.015625 0.019444
0 0.358594 0.540972 0.040625 0.051389
0 0.651563 0.454861 0.070312 0.129167
0 0.425391 0.390278 0.011719 0.016667
0 0.411719 0.447222 0.023438 0.030556
0 0.557422 0.365278 0.014844 0.022222
0 0.464062 0.371528 0.010937 0.015278
0 0.582812 0.456250 0.023438 0.034722
0 0.591406 0.600694 0.043750 0.076389
0 0.467969 0.349306 0.006250 0.012500
0 0.533984 0.350694 0.008594 0.018056
0 0.556641 0.349306 0.014844 0.020833
0 0.444141 0.396528 0.013281 0.020833
0 0.347656 0.786806 0.081250 0.120833
0 0.595703 0.415972 0.016406 0.023611
3 0.760156 0.689583 0.473438 0.612500
3 0.219531 0.618056 0.439063 0.477778
3 0.238281 0.699306 0.476562 0.593056
4 0.438281 0.690278 0.112500 0.616667
4 0.578906 0.502083 0.004687 0.009722
4 0.647656 0.537500 0.007812 0.011111
4 0.209375 0.736806 0.023438 0.034722
4 0.783203 0.630556 0.432031 0.502778
4 0.077734 0.939583 0.049219 0.070833
4 0.405078 0.523611 0.005469 0.011111
4 0.316406 0.729861 0.015625 0.031944
4 0.358984 0.630556 0.010156 0.019444
4 0.638672 0.643056 0.011719 0.022222
4 0.371094 0.496528 0.006250 0.009722
4 0.385937 0.569444 0.007812 0.013889
4 0.778516 0.967361 0.032031 0.062500
4 0.677344 0.581944 0.010937 0.013889
4 0.319922 0.572222 0.010156 0.013889
4 0.721484 0.648611 0.016406 0.022222
4 0.218750 0.618056 0.437500 0.477778
4 0.931641 0.966667 0.046094 0.063889
4 0.610938 0.578472 0.009375 0.015278
4 0.789453 0.751389 0.024219 0.036111
4 0.569922 0.690278 0.110156 0.616667
4 0.684766 0.750694 0.019531 0.037500
4 0.591797 0.533333 0.007031 0.011111
4 0.236328 0.920833 0.032031 0.063889
5 0.600000 0.461111 0.004687 0.005556
5 0.438281 0.690972 0.112500 0.615278
5 0.721094 0.648611 0.015625 0.022222
5 0.578906 0.502083 0.004687 0.009722
5 0.647656 0.537500 0.007812 0.011111
5 0.841406 0.697917 0.315625 0.365278
5 0.209375 0.736806 0.023438 0.034722
5 0.077734 0.938889 0.049219 0.069444
5 0.386328 0.473611 0.005469 0.008333
5 0.405078 0.523611 0.005469 0.011111
5 0.316406 0.729861 0.015625 0.031944
5 0.638672 0.643056 0.011719 0.022222
5 0.435937 0.453472 0.004687 0.006944
5 0.371094 0.495833 0.006250 0.008333
5 0.385937 0.569444 0.007812 0.013889
5 0.358984 0.630556 0.010156 0.019444
5 0.778516 0.967361 0.032031 0.062500
5 0.677344 0.581944 0.010937 0.013889
5 0.319922 0.572222 0.010156 0.013889
5 0.611328 0.480556 0.005469 0.008333
5 0.427734 0.471528 0.003906 0.006944
5 0.562109 0.459028 0.003906 0.006944
5 0.219141 0.618056 0.438281 0.477778
5 0.931641 0.966667 0.046094 0.063889
5 0.610938 0.578472 0.009375 0.015278
5 0.789453 0.751389 0.024219 0.036111
5 0.569922 0.690972 0.110156 0.615278
5 0.684766 0.750694 0.019531 0.037500
5 0.569922 0.477083 0.005469 0.006944
5 0.591797 0.533333 0.007031 0.011111
5 0.557031 0.444444 0.003125 0.005556
5 0.627344 0.505556 0.006250 0.008333
5 0.418359 0.494444 0.005469 0.008333
5 0.236328 0.920833 0.032031 0.063889
