0 0.325000 0.952083 0.031250 0.093056
0 0.921484 0.402083 0.052344 0.045833
0 0.446094 0.922222 0.142187 0.152778
0 0.749219 0.552083 0.070312 0.076389
0 0.651172 0.273611 0.019531 0.047222
0 0.686719 0.360417 0.034375 0.045833
0 0.915625 0.306944 0.031250 0.027778
0 0.626563 0.365972 0.048438 0.076389
0 0.744141 0.382639 0.047656 0.051389
0 0.505859 0.448611 0.024219 0.094444
0 0.142969 0.848611 0.017188 0.052778
0 0.487891 0.527778 0.046094 0.100000
0 0.208984 0.846528 0.027344 0.054167
0 0.539453 0.559028 0.063281 0.087500
0 0.758203 0.711111 0.096094 0.200000
0 0.743359 0.629861 0.085156 0.109722
0 0.932422 0.476389 0.074219 0.119444
0 0.737891 0.329861 0.039844 0.045833
0 0.631250 0.720833 0.092188 0.141667
0 0.156250 0.922222 0.040625 0.083333
0 0.559375 0.361806 0.081250 0.098611
0 0.631641 0.335417 0.041406 0.029167
0 0.429688 0.810417 0.120313 0.156944
0 0.984375 0.366667 0.029687 0.055556
0 0.333203 0.752778 0.113281 0.136111
0 0.740234 0.425000 0.055469 0.055556
0 0.330469 0.652778 0.025000 0.052778
0 0.633984 0.513889 0.094531 0.227778
0 0.746484 0.909028 0.024219 0.079167
0 0.618359 0.297917 0.017969 0.040278
0 0.903516 0.338194 0.021094 0.037500
0 0.971875 0.585417 0.054688 0.123611
0 0.527344 0.963194 0.104688 0.070833
0 0.719531 0.354861 0.032813 0.059722
0 0.088281 0.950694 0.026562 0.070833
0 0.628516 0.631250 0.074219 0.095833
0 0.660937 0.365972 0.025000 0.062500
0 0.763672 0.981250 0.099219 0.034722
0 0.551172 0.454167 0.072656 0.152778
0 0.506250 0.667361 0.085938 0.176389
0 0.635156 0.906944 0.123438 0.183333
0 0.640234 0.315278 0.030469 0.036111
0 0.693359 0.407639 0.035156 0.073611
0 0.691406 0.309722 0.029687 0.030556
0 0.426953 0.593750 0.060156 0.093056
0 0.248828 0.931944 0.050781 0.130556
0 0.729688 0.478472 0.056250 0.076389
0 0.619531 0.267361 0.021875 0.031944
1 0.323437 0.865278 0.031250 0.083333
1 0.239453 0.896528 0.046094 0.145833
1 0.369922 0.568056 0.025781 0.058333
1 0.088672 0.745139 0.024219 0.118056
1 0.260547 0.688194 0.027344 0.059722
1 0.087109 0.870139 0.046094 0.093056
1 0.747266 0.828472 0.042969 0.118056
1 0.439844 0.513889 0.020313 0.061111
1 0.328516 0.895833 0.041406 0.144444
1 0.169922 0.869444 0.038281 0.130556
1 0.170313 0.654167 0.021875 0.105556
1 0.210156 0.790278 0.034375 0.102778
1 0.153516 0.786111 0.030469 0.077778
1 0.067969 0.945139 0.054688 0.106944
1 0.337891 0.620833 0.027344 0.083333
1 0.667578 0.739583 0.032031 0.073611
1 0.394922 0.531944 0.019531 0.055556
1 0.235937 0.717361 0.028125 0.076389
3 0.919922 0.400000 0.158594 0.247222
3 0.214062 0.738889 0.428125 0.511111
3 0.461719 0.725000 0.714063 0.547222
4 0.800781 0.702778 0.062500 0.591667
5 0.801172 0.702778 0.061719 0.591667
