0 0.375781 0.080556 0.021875 0.038889
0 0.481250 0.411111 0.054688 0.122222
0 0.317969 0.409722 0.075000 0.211111
0 0.293750 0.045833 0.015625 0.025000
0 0.199219 0.529167 0.082812 0.144444
0 0.334375 0.003472 0.012500 0.006944
0 0.239063 0.160417 0.029687 0.056944
0 0.279297 0.284028 0.044531 0.070833
0 0.332813 0.077778 0.025000 0.061111
0 0.291406 0.081250 0.020313 0.031944
0 0.311719 0.003472 0.010937 0.006944
0 0.345703 0.018056 0.014844 0.019444
3 0.799609 0.727778 0.392969 0.541667
3 0.193750 0.522917 0.387500 0.948611
3 0.657422 0.506250 0.577344 0.962500
3 0.451562 0.507639 0.240625 0.976389
3 0.657813 0.505556 0.576562 0.963889
4 0.688281 0.576389 0.068750 0.136111
4 0.526563 0.349306 0.029687 0.040278
4 0.916406 0.351389 0.023438 0.022222
4 0.905078 0.389583 0.058594 0.076389
4 0.544141 0.405556 0.035156 0.044444
4 0.854688 0.429167 0.062500 0.072222
4 0.268359 0.495139 0.014844 0.045833
4 0.556250 0.454167 0.037500 0.044444
4 0.551172 0.426389 0.035156 0.044444
4 0.314063 0.189583 0.003125 0.012500
4 0.604297 0.782639 0.067969 0.090278
4 0.666406 0.700694 0.040625 0.165278
4 0.133203 0.917361 0.046094 0.134722
4 0.315625 0.222917 0.003125 0.015278
4 0.221875 0.648611 0.023438 0.069444
4 0.795703 0.470139 0.067969 0.084722
4 0.753906 0.506250 0.076563 0.093056
4 0.316016 0.264583 0.003906 0.018056
4 0.774219 0.487500 0.073438 0.088889
4 0.712109 0.549306 0.072656 0.115278
4 0.601172 0.840278 0.049219 0.047222
4 0.831641 0.441667 0.067969 0.077778
4 0.563281 0.482639 0.037500 0.045833
4 0.887109 0.404167 0.058594 0.072222
4 0.540625 0.377778 0.029687 0.033333
4 0.612109 0.750694 0.083594 0.068056
4 0.602344 0.631944 0.085938 0.069444
4 0.581641 0.506944 0.063281 0.072222
4 0.734766 0.525694 0.075781 0.101389
4 0.869141 0.415278 0.061719 0.077778
4 0.812109 0.456250 0.069531 0.081944
4 0.675391 0.627083 0.060156 0.159722
5 0.740234 0.652083 0.411719 0.623611
7 0.663672 0.510417 0.567969 0.915278
