0 0.711198 0.087037 0.040104 0.053704
0 0.066146 0.139815 0.058333 0.074074
0 0.590885 0.027315 0.019271 0.054630
0 0.575000 0.011111 0.029167 0.022222
0 0.855469 0.008796 0.035937 0.017593
0 0.901823 0.905556 0.128646 0.187037
0 0.774479 0.159259 0.051042 0.087037
0 0.864062 0.257407 0.081250 0.137037
0 0.233073 0.066204 0.022396 0.025000
0 0.521354 0.670833 0.252083 0.212037
0 0.285677 0.081481 0.039062 0.053704
0 0.256771 0.009259 0.034375 0.018519
0 0.891406 0.430556 0.075521 0.107407
0 0.669010 0.116204 0.047396 0.069444
0 0.032292 0.186111 0.064583 0.072222
0 0.203646 0.081481 0.043750 0.053704
0 0.596094 0.318981 0.063021 0.082407
0 0.118490 0.153704 0.067187 0.079630
0 0.311198 0.075000 0.021354 0.037037
0 0.292187 0.363426 0.275000 0.180556
0 0.525521 0.295370 0.066667 0.083333
0 0.992448 0.190741 0.014063 0.053704
0 0.155208 0.100000 0.050000 0.059259
0 0.558333 0.156944 0.060417 0.078704
0 0.015365 0.163426 0.030729 0.034259
0 0.660156 0.024537 0.048438 0.049074
0 0.131510 0.114815 0.041146 0.033333
0 0.223438 0.111111 0.043750 0.064815
0 0.188802 0.138889 0.050521 0.061111
0 0.742708 0.120833 0.040625 0.063889
0 0.673958 0.256481 0.061458 0.103704
0 0.983594 0.579630 0.031771 0.103704
0 0.582292 0.270370 0.057292 0.070370
0 0.823438 0.206944 0.071875 0.113889
0 0.667969 0.190278 0.050521 0.087963
0 0.350000 0.008333 0.033333 0.016667
0 0.820052 0.340741 0.056771 0.081481
0 0.743229 0.625926 0.060417 0.094444
0 0.517969 0.231481 0.047396 0.059259
0 0.286198 0.006944 0.022396 0.013889
0 0.604688 0.027315 0.045833 0.054630
0 0.610677 0.042130 0.041146 0.063889
0 0.702865 0.170833 0.038021 0.065741
0 0.600260 0.426389 0.097396 0.141667
0 0.691667 0.060185 0.037500 0.046296
0 0.255208 0.094907 0.043750 0.069444
0 0.764062 0.263426 0.051042 0.084259
1 0.670312 0.286574 0.016667 0.063889
1 0.210677 0.382870 0.022396 0.069444
1 0.184635 0.379630 0.019271 0.066667
3 0.702604 0.476389 0.589583 0.947222
3 0.861979 0.143519 0.275000 0.287037
3 0.186458 0.124537 0.372917 0.249074
3 0.747656 0.356481 0.503646 0.705556
