0 0.196875 0.629167 0.021875 0.036111
0 0.510156 0.477778 0.023438 0.016667
0 0.271094 0.548611 0.023438 0.030556
3 0.690625 0.718056 0.571875 0.558333
3 0.220312 0.730556 0.434375 0.533333
3 0.435937 0.709722 0.865625 0.575000
4 0.148438 0.836111 0.003125 0.016667
4 0.090625 0.844444 0.037500 0.305556
4 0.147656 0.786111 0.004687 0.016667
4 0.154688 0.898611 0.006250 0.019444
4 0.168750 0.976389 0.009375 0.025000
5 0.148438 0.836111 0.003125 0.016667
5 0.090625 0.844444 0.037500 0.305556
5 0.147656 0.786111 0.004687 0.016667
5 0.154688 0.898611 0.006250 0.019444
5 0.168750 0.976389 0.009375 0.025000
