0 0.607812 0.371528 0.042188 0.054167
0 0.521875 0.501389 0.056250 0.050000
0 0.865625 0.392361 0.065625 0.068056
0 0.616797 0.640972 0.074219 0.106944
0 0.961719 0.900694 0.075000 0.193056
0 0.616406 0.445833 0.045312 0.033333
0 0.241406 0.627083 0.029687 0.056944
0 0.213672 0.697917 0.028906 0.056944
0 0.841406 0.608333 0.073438 0.119444
0 0.571484 0.572222 0.025781 0.050000
0 0.341016 0.465972 0.042969 0.059722
0 0.432031 0.422917 0.028125 0.070833
0 0.459766 0.464583 0.049219 0.056944
0 0.958203 0.684028 0.082031 0.248611
0 0.357031 0.829167 0.100000 0.163889
0 0.883594 0.584722 0.067187 0.119444
0 0.499609 0.843056 0.108594 0.163889
0 0.112500 0.836111 0.225000 0.325000
0 0.472266 0.387500 0.058594 0.122222
0 0.567578 0.398611 0.016406 0.055556
0 0.424609 0.563194 0.067969 0.070833
0 0.444531 0.352778 0.053125 0.111111
0 0.420703 0.646528 0.080469 0.118056
0 0.314453 0.662500 0.089844 0.152778
0 0.619922 0.961111 0.132031 0.075000
0 0.450781 0.493750 0.042188 0.087500
0 0.854688 0.488889 0.050000 0.069444
0 0.264844 0.591667 0.023438 0.069444
0 0.615625 0.518056 0.059375 0.111111
0 0.419922 0.956944 0.028906 0.069444
0 0.336328 0.534722 0.067969 0.080556
0 0.817969 0.446528 0.035937 0.056944
0 0.604297 0.425000 0.042969 0.052778
0 0.533984 0.609028 0.053906 0.106944
0 0.619141 0.751389 0.091406 0.141667
0 0.600000 0.879167 0.032813 0.086111
0 0.505469 0.725694 0.095312 0.109722
0 0.493359 0.628472 0.057031 0.115278
0 0.518359 0.534722 0.057031 0.063889
0 0.528516 0.418750 0.067969 0.140278
0 0.400781 0.516667 0.062500 0.113889
0 0.227344 0.885417 0.257812 0.226389
0 0.509375 0.248611 0.026562 0.036111
1 0.319531 0.562500 0.029687 0.050000
1 0.027734 0.650000 0.021094 0.083333
1 0.600781 0.805556 0.035937 0.116667
1 0.272266 0.525000 0.019531 0.050000
1 0.424219 0.906944 0.042188 0.141667
1 0.316016 0.482639 0.011719 0.037500
1 0.360938 0.434028 0.014063 0.037500
1 0.232422 0.556250 0.013281 0.045833
1 0.241797 0.581250 0.024219 0.065278
1 0.268750 0.559028 0.021875 0.054167
1 0.605859 0.550000 0.024219 0.055556
1 0.310156 0.486806 0.017188 0.043056
1 0.571484 0.531944 0.022656 0.052778
1 0.380859 0.434722 0.017969 0.036111
1 0.215625 0.640972 0.031250 0.101389
3 0.876953 0.466667 0.230469 0.216667
3 0.878516 0.556250 0.233594 0.393056
3 0.454297 0.711806 0.447656 0.573611
4 0.237891 0.731944 0.016406 0.025000
4 0.666406 0.671528 0.073438 0.654167
5 0.667578 0.677778 0.071094 0.641667
5 0.368359 0.730556 0.011719 0.027778
5 0.237891 0.731944 0.016406 0.025000
