0 0.324219 0.548611 0.042188 0.080556
0 0.628906 0.498611 0.064062 0.047222
0 0.292969 0.409722 0.026562 0.041667
0 0.253125 0.183333 0.006250 0.011111
0 0.252344 0.291667 0.004687 0.011111
0 0.271094 0.177778 0.004687 0.011111
0 0.381250 0.313889 0.012500 0.016667
3 0.657031 0.554167 0.682813 0.763889
3 0.378906 0.594444 0.320312 0.800000
3 0.423438 0.258333 0.215625 0.172222
4 0.340625 0.763889 0.015625 0.033333
4 0.179688 0.033333 0.012500 0.033333
4 0.378125 0.865278 0.018750 0.041667
5 0.340625 0.763889 0.015625 0.033333
5 0.179688 0.033333 0.012500 0.033333
5 0.378125 0.865278 0.018750 0.041667
