0 0.278906 0.315278 0.014063 0.025000
0 0.358594 0.650000 0.057813 0.111111
0 0.256250 0.270833 0.006250 0.013889
0 0.578125 0.444444 0.053125 0.038889
0 0.255469 0.327778 0.014063 0.022222
0 0.567969 0.481944 0.035937 0.052778
0 0.358594 0.272222 0.010937 0.016667
3 0.657031 0.556944 0.682813 0.769444
3 0.378906 0.600000 0.320312 0.788889
3 0.200781 0.200000 0.082812 0.061111
4 0.341406 0.768056 0.017188 0.036111
4 0.179688 0.033333 0.012500 0.033333
4 0.378125 0.863889 0.018750 0.038889
4 0.291406 0.583333 0.004687 0.011111
4 0.301563 0.633333 0.006250 0.016667
5 0.341406 0.768056 0.017188 0.036111
5 0.179688 0.033333 0.012500 0.033333
5 0.378125 0.863889 0.018750 0.038889
5 0.291406 0.583333 0.004687 0.011111
5 0.301563 0.633333 0.006250 0.016667
