0 0.538281 0.888889 0.073438 0.105556
0 0.920312 0.234722 0.021875 0.047222
0 0.750000 0.545833 0.040625 0.052778
0 0.881250 0.315278 0.025000 0.019444
0 0.878906 0.269444 0.014063 0.016667
0 0.350000 0.980556 0.084375 0.033333
0 0.536719 0.768056 0.054688 0.063889
0 0.802344 0.437500 0.029687 0.041667
0 0.468750 0.461111 0.056250 0.111111
0 0.677344 0.648611 0.048438 0.058333
0 0.596875 0.798611 0.053125 0.063889
0 0.652344 0.886111 0.064062 0.083333
0 0.770312 0.483333 0.034375 0.044444
3 0.417187 0.606944 0.834375 0.775000
3 0.808594 0.615278 0.329688 0.758333
3 0.578125 0.643056 0.631250 0.702778
4 0.791406 0.709722 0.207813 0.575000
4 0.857812 0.726389 0.140625 0.541667
5 0.791406 0.709722 0.207813 0.575000
5 0.857031 0.726389 0.139063 0.541667
5 0.117188 0.906944 0.025000 0.025000
5 0.125781 0.038889 0.014063 0.011111
5 0.776563 0.038889 0.012500 0.011111
5 0.179688 0.033333 0.012500 0.033333
