0 0.260156 0.498611 0.035937 0.063889
0 0.315625 0.841667 0.084375 0.150000
0 0.247656 0.180556 0.007812 0.011111
0 0.278125 0.319444 0.012500 0.022222
0 0.560156 0.475000 0.032813 0.044444
0 0.503125 0.958333 0.087500 0.077778
0 0.352344 0.202778 0.007812 0.011111
0 0.250000 0.434722 0.025000 0.041667
3 0.659375 0.561111 0.678125 0.755556
3 0.357031 0.597222 0.276562 0.794444
4 0.179688 0.033333 0.012500 0.033333
4 0.377344 0.863889 0.017188 0.033333
5 0.179688 0.033333 0.012500 0.033333
5 0.377344 0.863889 0.017188 0.033333
