0 0.410938 0.459028 0.021875 0.029167
0 0.541797 0.365972 0.010156 0.012500
0 0.417578 0.566667 0.042969 0.075000
0 0.343359 0.445139 0.071094 0.115278
0 0.560937 0.374306 0.009375 0.012500
0 0.723047 0.904167 0.139844 0.188889
0 0.588281 0.402778 0.020313 0.038889
0 0.635156 0.468750 0.028125 0.037500
0 0.462109 0.342361 0.014844 0.029167
0 0.457031 0.420833 0.018750 0.022222
0 0.534375 0.392361 0.014063 0.018056
0 0.443359 0.361111 0.017969 0.036111
0 0.453516 0.384028 0.013281 0.018056
0 0.532813 0.413194 0.015625 0.020833
0 0.262109 0.707639 0.072656 0.095833
0 0.483594 0.370139 0.010937 0.018056
0 0.471875 0.385417 0.012500 0.015278
0 0.386719 0.492361 0.032813 0.040278
0 0.253516 0.581250 0.055469 0.068056
0 0.934766 0.982639 0.089844 0.031944
0 0.568750 0.382639 0.010937 0.018056
0 0.462891 0.370139 0.010156 0.015278
0 0.550781 0.457639 0.021875 0.031944
0 0.584375 0.572222 0.039062 0.063889
0 0.342578 0.575000 0.042969 0.058333
0 0.467187 0.399306 0.015625 0.018056
0 0.448828 0.459722 0.024219 0.036111
0 0.523047 0.365278 0.010156 0.013889
0 0.551562 0.388889 0.010937 0.013889
0 0.419922 0.434722 0.019531 0.027778
0 0.325391 0.859028 0.097656 0.143056
0 0.607031 0.434028 0.018750 0.026389
0 0.476562 0.340972 0.017188 0.031944
3 0.767969 0.696528 0.462500 0.595833
3 0.224219 0.620139 0.448437 0.473611
3 0.237109 0.690972 0.474219 0.606944
3 0.773047 0.613889 0.452344 0.547222
4 0.808984 0.661806 0.380469 0.440278
4 0.591797 0.534028 0.007031 0.012500
4 0.919922 0.950000 0.022656 0.030556
4 0.647656 0.537500 0.007812 0.011111
4 0.385547 0.569444 0.007031 0.013889
4 0.209375 0.736806 0.023438 0.034722
4 0.450391 0.693750 0.136719 0.609722
4 0.808984 0.661806 0.380469 0.440278
4 0.611328 0.578472 0.008594 0.015278
4 0.316406 0.729861 0.015625 0.031944
4 0.358984 0.631250 0.010156 0.020833
4 0.217188 0.619444 0.434375 0.475000
4 0.677344 0.581250 0.010937 0.015278
4 0.295703 0.607639 0.050781 0.076389
4 0.077734 0.938889 0.049219 0.069444
4 0.789453 0.751389 0.024219 0.036111
4 0.685156 0.750694 0.018750 0.037500
4 0.638672 0.643056 0.011719 0.022222
4 0.504297 0.688889 0.241406 0.619444
4 0.236328 0.920139 0.032031 0.062500
4 0.721484 0.648611 0.016406 0.022222
5 0.825000 0.679861 0.348438 0.404167
5 0.319531 0.572917 0.009375 0.012500
5 0.611328 0.479167 0.005469 0.008333
5 0.591797 0.534028 0.007031 0.012500
5 0.919922 0.949306 0.022656 0.029167
5 0.647656 0.537500 0.007812 0.011111
5 0.385547 0.569444 0.007031 0.013889
5 0.627344 0.504861 0.006250 0.009722
5 0.209375 0.737500 0.023438 0.033333
5 0.450781 0.692361 0.137500 0.612500
5 0.578906 0.502083 0.004687 0.009722
5 0.611328 0.578472 0.008594 0.015278
5 0.350391 0.526389 0.008594 0.011111
5 0.316406 0.729861 0.015625 0.031944
5 0.077734 0.938889 0.049219 0.069444
5 0.569531 0.477778 0.004687 0.008333
5 0.358984 0.630556 0.010156 0.019444
5 0.217578 0.619444 0.435156 0.475000
5 0.418359 0.493750 0.005469 0.009722
5 0.721484 0.648611 0.016406 0.022222
5 0.677344 0.581250 0.010937 0.015278
5 0.405469 0.524306 0.004687 0.012500
5 0.599609 0.460417 0.003906 0.006944
5 0.295703 0.608333 0.050781 0.075000
5 0.789453 0.751389 0.024219 0.036111
5 0.638672 0.643056 0.011719 0.022222
5 0.685156 0.750694 0.018750 0.037500
5 0.504297 0.689583 0.241406 0.618056
5 0.589453 0.445833 0.003906 0.005556
5 0.236328 0.920139 0.032031 0.062500
