0 0.724219 0.090741 0.010937 0.018519
0 0.189323 0.197222 0.023438 0.035185
0 0.691667 0.162037 0.021875 0.022222
0 0.419792 0.073148 0.007292 0.011111
0 0.813802 0.100926 0.027604 0.014815
0 0.373437 0.120370 0.012500 0.016667
0 0.346615 0.165278 0.013021 0.017593
0 0.526042 0.084259 0.012500 0.014815
0 0.418750 0.031481 0.006250 0.011111
0 0.788021 0.078704 0.016667 0.012963
0 0.367969 0.080556 0.008854 0.011111
0 0.034635 0.070370 0.020313 0.012963
0 0.266667 0.311574 0.026042 0.036111
0 0.196354 0.403704 0.036458 0.044444
0 0.347656 0.126852 0.015104 0.018519
0 0.417969 0.048611 0.006771 0.012037
0 0.419792 0.017593 0.005208 0.009259
0 0.788802 0.091204 0.016146 0.015741
0 0.769010 0.101389 0.020313 0.015741
0 0.432552 0.022222 0.006771 0.012963
0 0.324219 0.206944 0.020313 0.028704
0 0.714063 0.081944 0.017708 0.015741
0 0.388281 0.068981 0.007812 0.010185
0 0.472396 0.029167 0.005208 0.010185
0 0.262500 0.134722 0.013542 0.025000
0 0.189062 0.222685 0.020833 0.030556
0 0.825521 0.091204 0.019792 0.015741
0 0.621875 0.131019 0.017708 0.013889
0 0.396875 0.065741 0.008333 0.011111
0 0.751823 0.118519 0.021354 0.014815
0 0.391667 0.086111 0.010417 0.014815
0 0.410938 0.028704 0.007292 0.007407
0 0.604948 0.479167 0.066146 0.041667
0 0.803906 0.091667 0.017188 0.014815
0 0.833594 0.101389 0.009896 0.013889
1 0.718490 0.459259 0.006771 0.031481
3 0.213281 0.480093 0.426563 0.943519
3 0.206510 0.234259 0.413021 0.459259
3 0.723698 0.168981 0.551562 0.337963
3 0.915885 0.204167 0.167187 0.049074
4 0.201563 0.375926 0.007292 0.011111
4 0.159635 0.384259 0.014063 0.020370
4 0.267188 0.272222 0.010417 0.016667
4 0.014844 0.354167 0.022396 0.019444
4 0.235677 0.321759 0.010937 0.015741
4 0.262240 0.240741 0.007812 0.009259
4 0.103385 0.301852 0.011979 0.012963
4 0.021094 0.580093 0.029687 0.041667
4 0.057031 0.316667 0.015104 0.016667
4 0.147396 0.462963 0.019792 0.029630
4 0.074740 0.578241 0.026562 0.043519
4 0.202083 0.323611 0.011458 0.015741
4 0.105990 0.271296 0.014063 0.012963
4 0.101823 0.465278 0.020313 0.028704
4 0.051042 0.352778 0.014583 0.016667
4 0.169531 0.630093 0.330729 0.737963
4 0.237240 0.276389 0.008854 0.013889
4 0.145052 0.260185 0.010937 0.012963
5 0.201563 0.375926 0.007292 0.011111
5 0.159635 0.384259 0.014063 0.020370
5 0.266927 0.272685 0.009896 0.015741
5 0.015885 0.353704 0.020313 0.018519
5 0.235417 0.321759 0.010417 0.015741
5 0.262240 0.240741 0.007812 0.009259
5 0.021094 0.580093 0.029687 0.041667
5 0.057031 0.316667 0.015104 0.016667
5 0.147396 0.462963 0.019792 0.029630
5 0.074740 0.578241 0.026562 0.043519
5 0.202083 0.323611 0.011458 0.015741
5 0.105990 0.270833 0.014063 0.012037
5 0.101823 0.465278 0.020313 0.028704
5 0.103385 0.301852 0.011979 0.012963
5 0.051042 0.353241 0.014583 0.015741
5 0.168229 0.632870 0.327083 0.732407
5 0.237240 0.276389 0.008854 0.013889
5 0.144792 0.260185 0.010417 0.012963
