0 0.760938 0.656250 0.067187 0.101389
0 0.637109 0.498611 0.033594 0.058333
0 0.875000 0.525694 0.092188 0.056944
0 0.742578 0.509028 0.028906 0.029167
0 0.936328 0.929167 0.116406 0.138889
0 0.750781 0.552083 0.057813 0.062500
0 0.497266 0.667361 0.099219 0.140278
0 0.624219 0.579167 0.043750 0.075000
0 0.664062 0.532639 0.040625 0.065278
0 0.032422 0.890278 0.064844 0.163889
0 0.864062 0.722917 0.075000 0.112500
0 0.644141 0.618056 0.039844 0.094444
0 0.620703 0.794444 0.083594 0.147222
0 0.607031 0.492361 0.028125 0.054167
0 0.293359 0.463194 0.086719 0.145833
0 0.149219 0.697222 0.264062 0.238889
0 0.816797 0.929861 0.171094 0.137500
0 0.729297 0.601389 0.058594 0.086111
0 0.808594 0.603472 0.057813 0.090278
0 0.687891 0.588889 0.041406 0.083333
0 0.560937 0.465278 0.031250 0.052778
0 0.748437 0.735417 0.075000 0.118056
0 0.582031 0.514583 0.037500 0.062500
0 0.125781 0.877778 0.134375 0.208333
0 0.850000 0.647917 0.032813 0.040278
1 0.231641 0.552083 0.014844 0.059722
1 0.985156 0.717361 0.023438 0.084722
3 0.742578 0.752778 0.513281 0.491667
3 0.208594 0.673611 0.417187 0.277778
4 0.498047 0.949306 0.019531 0.098611
4 0.507422 0.578472 0.024219 0.040278
4 0.539062 0.825694 0.075000 0.026389
5 0.497656 0.949306 0.018750 0.098611
5 0.507031 0.579167 0.023438 0.038889
5 0.870703 0.884028 0.014844 0.023611
5 0.541797 0.825000 0.067969 0.025000
5 0.811328 0.736111 0.027344 0.013889
