0 0.875781 0.327778 0.020313 0.033333
0 0.939063 0.220833 0.012500 0.019444
0 0.897656 0.361111 0.035937 0.050000
0 0.857812 0.440278 0.037500 0.036111
0 0.891406 0.293056 0.017188 0.019444
0 0.930469 0.325000 0.032813 0.038889
0 0.672656 0.652778 0.045312 0.055556
0 0.653906 0.579167 0.035937 0.047222
0 0.478906 0.466667 0.045312 0.061111
0 0.787500 0.450000 0.037500 0.055556
0 0.947656 0.286111 0.020313 0.022222
0 0.818750 0.531944 0.037500 0.041667
0 0.752344 0.675000 0.054688 0.061111
0 0.831250 0.391667 0.031250 0.038889
0 0.915625 0.255556 0.012500 0.027778
3 0.623437 0.640278 0.650000 0.708333
3 0.368750 0.655556 0.737500 0.677778
3 0.837500 0.606944 0.284375 0.775000
3 0.821094 0.679167 0.254688 0.636111
3 0.600781 0.673611 0.579688 0.641667
4 0.797656 0.694444 0.220312 0.600000
4 0.868750 0.686111 0.165625 0.622222
4 0.125781 0.038889 0.014063 0.011111
4 0.179688 0.033333 0.012500 0.033333
5 0.797656 0.694444 0.220312 0.600000
5 0.868750 0.686111 0.165625 0.622222
5 0.125781 0.038889 0.014063 0.011111
5 0.179688 0.033333 0.012500 0.033333
