0 0.239063 0.161111 0.029687 0.055556
0 0.311719 0.015972 0.014063 0.020833
0 0.290234 0.049306 0.016406 0.023611
0 0.943750 0.435417 0.042188 0.062500
0 0.346094 0.027083 0.014063 0.023611
0 0.268750 0.304861 0.045312 0.087500
0 0.288281 0.137500 0.023438 0.041667
0 0.320312 0.036111 0.015625 0.025000
0 0.479687 0.471528 0.057813 0.145833
0 0.333203 0.143056 0.025781 0.055556
0 0.321094 0.388194 0.053125 0.109722
0 0.380078 0.113194 0.025781 0.040278
0 0.424609 0.193750 0.035156 0.054167
0 0.342969 0.012500 0.012500 0.019444
0 0.285938 0.552083 0.103125 0.270833
3 0.800391 0.729167 0.391406 0.538889
3 0.193750 0.516667 0.387500 0.963889
3 0.448047 0.515972 0.247656 0.951389
3 0.651172 0.504861 0.567969 0.962500
4 0.617188 0.705556 0.103125 0.086111
4 0.687891 0.576389 0.069531 0.136111
4 0.868750 0.414583 0.060937 0.076389
4 0.795703 0.478472 0.067969 0.101389
4 0.916797 0.351389 0.022656 0.022222
4 0.544141 0.404861 0.035156 0.045833
4 0.221875 0.650000 0.023438 0.069444
4 0.549609 0.454167 0.047656 0.044444
4 0.550781 0.427083 0.035937 0.045833
4 0.774219 0.487500 0.073438 0.088889
4 0.854297 0.428472 0.063281 0.070833
4 0.604297 0.782639 0.067969 0.090278
4 0.666797 0.702083 0.039844 0.162500
4 0.133203 0.918056 0.046094 0.133333
4 0.312109 0.319444 0.005469 0.025000
4 0.812500 0.457639 0.070312 0.081944
4 0.721875 0.549306 0.093750 0.115278
4 0.587891 0.881250 0.075781 0.129167
4 0.563672 0.482639 0.036719 0.045833
4 0.612109 0.751389 0.083594 0.066667
4 0.604297 0.632639 0.082031 0.070833
4 0.581641 0.509028 0.063281 0.068056
4 0.754297 0.506250 0.075781 0.093056
4 0.733984 0.525694 0.075781 0.101389
4 0.886719 0.404861 0.059375 0.073611
4 0.904687 0.390278 0.059375 0.077778
4 0.831250 0.442361 0.068750 0.076389
4 0.674609 0.627083 0.060156 0.159722
5 0.617578 0.705556 0.102344 0.086111
5 0.312500 0.161111 0.003125 0.011111
5 0.687891 0.576389 0.069531 0.136111
5 0.868750 0.415278 0.060937 0.077778
5 0.207422 0.251389 0.024219 0.072222
5 0.518359 0.309028 0.022656 0.020833
5 0.916797 0.351389 0.022656 0.022222
5 0.544141 0.404861 0.035156 0.045833
5 0.753125 0.718750 0.343750 0.559722
5 0.594531 0.893750 0.029687 0.065278
5 0.221875 0.650000 0.023438 0.069444
5 0.550781 0.427083 0.035937 0.045833
5 0.774219 0.487500 0.073438 0.088889
5 0.534375 0.359028 0.026562 0.029167
5 0.494922 0.266667 0.041406 0.058333
5 0.604688 0.554861 0.096875 0.081944
5 0.314453 0.188889 0.003906 0.013889
5 0.795703 0.470139 0.067969 0.084722
5 0.593359 0.529861 0.080469 0.079167
5 0.853906 0.428472 0.062500 0.070833
5 0.605859 0.798611 0.064844 0.058333
5 0.666797 0.667361 0.039844 0.093056
5 0.133203 0.918056 0.046094 0.133333
5 0.315625 0.222917 0.003125 0.015278
5 0.526172 0.345139 0.028906 0.031944
5 0.312109 0.319444 0.005469 0.025000
5 0.812109 0.456944 0.069531 0.080556
5 0.753906 0.506250 0.075000 0.093056
5 0.505469 0.261111 0.021875 0.027778
5 0.316016 0.264583 0.003906 0.018056
5 0.523047 0.316667 0.024219 0.036111
5 0.721875 0.550000 0.093750 0.113889
5 0.590234 0.604861 0.063281 0.059722
5 0.601172 0.840972 0.049219 0.048611
5 0.461719 0.518056 0.246875 0.961111
5 0.563672 0.482639 0.036719 0.045833
5 0.886719 0.404167 0.059375 0.072222
5 0.542188 0.376389 0.026562 0.027778
5 0.312109 0.148611 0.003906 0.030556
5 0.555469 0.455556 0.035937 0.041667
5 0.612109 0.751389 0.083594 0.066667
5 0.604297 0.633333 0.082031 0.069444
5 0.582422 0.509028 0.061719 0.065278
5 0.498437 0.268056 0.037500 0.055556
5 0.733984 0.525694 0.075781 0.101389
5 0.904687 0.390278 0.059375 0.077778
5 0.831250 0.442361 0.068750 0.076389
5 0.674609 0.627083 0.060156 0.159722
7 0.653125 0.509722 0.560937 0.925000
