0 0.291016 0.534028 0.078906 0.168056
0 0.753516 0.900000 0.117969 0.197222
0 0.118359 0.714583 0.116406 0.201389
0 0.317188 0.014583 0.014063 0.029167
0 0.329297 0.074306 0.019531 0.031944
0 0.497656 0.455556 0.057813 0.130556
0 0.290234 0.098611 0.028906 0.063889
0 0.240234 0.156250 0.028906 0.056944
0 0.502734 0.750000 0.086719 0.258333
0 0.342578 0.009028 0.013281 0.018056
0 0.287109 0.175000 0.039844 0.105556
3 0.798438 0.727083 0.398438 0.543056
3 0.194141 0.502083 0.388281 0.993056
3 0.658203 0.511111 0.574219 0.941667
3 0.451953 0.507639 0.239844 0.976389
4 0.869141 0.415278 0.061719 0.077778
4 0.688281 0.576389 0.068750 0.136111
4 0.854297 0.429167 0.061719 0.072222
4 0.905469 0.388889 0.059375 0.077778
4 0.766016 0.713194 0.352344 0.570833
4 0.553516 0.423611 0.032031 0.041667
4 0.666797 0.702778 0.039844 0.163889
4 0.133594 0.917361 0.046875 0.134722
4 0.255469 0.531250 0.089063 0.304167
4 0.795703 0.470139 0.067969 0.087500
4 0.754297 0.504861 0.077344 0.093056
4 0.311719 0.318750 0.006250 0.023611
4 0.297266 0.390972 0.010156 0.031944
4 0.774219 0.486806 0.073438 0.087500
4 0.711328 0.549306 0.074219 0.115278
4 0.563281 0.482639 0.039062 0.045833
4 0.887500 0.403472 0.059375 0.073611
4 0.581641 0.509028 0.063281 0.068056
4 0.675391 0.627778 0.060156 0.161111
4 0.831250 0.441667 0.067187 0.077778
4 0.734375 0.525694 0.076563 0.101389
4 0.812500 0.456250 0.070312 0.081944
5 0.869141 0.415278 0.061719 0.077778
5 0.555078 0.455556 0.035156 0.041667
5 0.591016 0.604167 0.064844 0.061111
5 0.603906 0.555556 0.096875 0.080556
5 0.312500 0.161111 0.003125 0.011111
5 0.688672 0.576389 0.069531 0.136111
5 0.854297 0.428472 0.061719 0.073611
5 0.206641 0.252778 0.022656 0.069444
5 0.545703 0.402778 0.033594 0.041667
5 0.535937 0.358333 0.023438 0.027778
5 0.519141 0.307639 0.021094 0.020833
5 0.916797 0.350694 0.022656 0.023611
5 0.905078 0.388889 0.058594 0.077778
5 0.540625 0.377778 0.029687 0.033333
5 0.761719 0.715972 0.342187 0.565278
5 0.617188 0.705556 0.103125 0.086111
5 0.594922 0.893056 0.030469 0.063889
5 0.552734 0.423611 0.032031 0.041667
5 0.314063 0.189583 0.003125 0.012500
5 0.593359 0.529861 0.080469 0.079167
5 0.666797 0.701389 0.039844 0.161111
5 0.133594 0.917361 0.046875 0.134722
5 0.315625 0.222917 0.003125 0.015278
5 0.526563 0.340972 0.029687 0.048611
5 0.316016 0.263889 0.003906 0.019444
5 0.255469 0.530556 0.089063 0.305556
5 0.795703 0.469444 0.067969 0.086111
5 0.789062 0.504861 0.146875 0.093056
5 0.311719 0.318750 0.006250 0.023611
5 0.297266 0.390972 0.010156 0.031944
5 0.774219 0.486806 0.073438 0.087500
5 0.711719 0.549306 0.073438 0.115278
5 0.601562 0.840972 0.048438 0.048611
5 0.831250 0.440972 0.067187 0.076389
5 0.473438 0.515278 0.225000 0.966667
5 0.564063 0.481944 0.037500 0.044444
5 0.887109 0.403472 0.058594 0.073611
5 0.612109 0.750694 0.083594 0.068056
5 0.605078 0.631944 0.080469 0.069444
5 0.582422 0.508333 0.061719 0.066667
5 0.605859 0.797222 0.064844 0.058333
5 0.499609 0.275000 0.030469 0.041667
5 0.675000 0.627778 0.059375 0.161111
5 0.504687 0.284722 0.025000 0.025000
5 0.734766 0.525694 0.075781 0.101389
5 0.812500 0.456250 0.070312 0.081944
7 0.658203 0.504861 0.577344 0.926389
