0 0.388281 0.434028 0.020313 0.026389
0 0.484766 0.369444 0.010156 0.016667
0 0.980859 0.932639 0.036719 0.123611
0 0.616797 0.445139 0.022656 0.029167
0 0.431250 0.424306 0.010937 0.026389
0 0.542578 0.332639 0.010156 0.023611
0 0.446875 0.460417 0.021875 0.029167
0 0.395703 0.677083 0.058594 0.081944
0 0.137891 0.708333 0.102344 0.100000
0 0.431641 0.386111 0.013281 0.016667
0 0.439453 0.400694 0.014844 0.020833
0 0.369531 0.510417 0.032813 0.043056
0 0.528906 0.385417 0.012500 0.015278
0 0.294922 0.505556 0.058594 0.100000
0 0.532422 0.404167 0.014844 0.019444
0 0.469141 0.395139 0.013281 0.018056
0 0.460938 0.359722 0.018750 0.041667
0 0.642578 0.550000 0.038281 0.055556
0 0.566797 0.520139 0.033594 0.048611
0 0.478516 0.379167 0.011719 0.016667
0 0.445703 0.369444 0.010156 0.013889
0 0.427344 0.513889 0.029687 0.047222
0 0.489063 0.358333 0.009375 0.016667
0 0.562500 0.373611 0.010937 0.016667
0 0.539062 0.368750 0.009375 0.015278
0 0.415625 0.438194 0.028125 0.051389
0 0.248438 0.722222 0.081250 0.100000
3 0.775781 0.605556 0.446875 0.519444
3 0.745703 0.690972 0.442969 0.609722
3 0.781641 0.690972 0.435156 0.606944
3 0.644141 0.683333 0.246094 0.622222
3 0.213672 0.627083 0.427344 0.470833
3 0.239453 0.701389 0.478906 0.588889
4 0.783203 0.627083 0.424219 0.487500
4 0.450391 0.694444 0.136719 0.608333
4 0.385547 0.569444 0.007031 0.013889
4 0.203906 0.743750 0.012500 0.020833
4 0.316406 0.729861 0.015625 0.031944
4 0.610938 0.577778 0.009375 0.016667
4 0.684766 0.750694 0.019531 0.037500
4 0.778906 0.967361 0.032813 0.062500
4 0.677344 0.581944 0.010937 0.013889
4 0.319531 0.572222 0.009375 0.013889
4 0.277344 0.636806 0.014063 0.020833
4 0.077734 0.938889 0.049219 0.069444
4 0.931641 0.966667 0.046094 0.063889
4 0.591797 0.534028 0.007031 0.009722
4 0.789453 0.751389 0.024219 0.036111
4 0.638672 0.643056 0.011719 0.022222
4 0.510156 0.703472 0.253125 0.590278
4 0.627734 0.505556 0.007031 0.008333
4 0.358984 0.631250 0.010156 0.020833
4 0.236328 0.920833 0.032031 0.063889
4 0.721875 0.648611 0.015625 0.022222
5 0.783203 0.627778 0.424219 0.486111
5 0.450391 0.694444 0.136719 0.608333
5 0.556641 0.443750 0.003906 0.006944
5 0.589844 0.445833 0.004687 0.005556
5 0.045312 0.802778 0.090625 0.105556
5 0.385547 0.569444 0.007031 0.013889
5 0.204297 0.743750 0.011719 0.020833
5 0.371484 0.446528 0.100781 0.106944
5 0.277344 0.636806 0.014063 0.020833
5 0.569922 0.477778 0.003906 0.008333
5 0.386328 0.472222 0.005469 0.008333
5 0.078125 0.938889 0.048438 0.069444
5 0.405078 0.523611 0.005469 0.011111
5 0.778516 0.967361 0.032031 0.062500
5 0.221484 0.606944 0.100781 0.105556
5 0.931641 0.966667 0.046094 0.063889
5 0.316406 0.729861 0.015625 0.031944
5 0.610938 0.577778 0.009375 0.016667
5 0.684766 0.750694 0.019531 0.037500
5 0.562109 0.459028 0.003906 0.006944
5 0.350000 0.526389 0.006250 0.011111
5 0.358984 0.630556 0.010156 0.019444
5 0.677344 0.581944 0.010937 0.013889
5 0.319531 0.572222 0.009375 0.013889
5 0.599609 0.461111 0.003906 0.005556
5 0.591406 0.534028 0.006250 0.009722
5 0.611328 0.480556 0.005469 0.008333
5 0.789453 0.751389 0.024219 0.036111
5 0.638672 0.643056 0.011719 0.022222
5 0.570703 0.703472 0.108594 0.590278
5 0.582422 0.433333 0.003906 0.005556
5 0.627344 0.505556 0.006250 0.008333
5 0.236328 0.920833 0.032031 0.063889
5 0.721875 0.648611 0.015625 0.022222
