0 0.669531 0.028241 0.035937 0.056481
0 0.641927 0.012500 0.033854 0.025000
0 0.916667 0.036574 0.043750 0.063889
0 0.901302 0.906019 0.128646 0.186111
0 0.783594 0.173148 0.055729 0.096296
0 0.882031 0.254167 0.082812 0.145370
0 0.310156 0.069907 0.038021 0.030556
0 0.233594 0.064352 0.032813 0.021296
0 0.179688 0.121296 0.040625 0.090741
0 0.257031 0.009722 0.031771 0.019444
0 0.668490 0.177778 0.047396 0.048148
0 0.348958 0.019444 0.033333 0.038889
0 0.170573 0.069907 0.045312 0.025000
0 0.057552 0.179630 0.075521 0.081481
0 0.202604 0.077778 0.036458 0.046296
0 0.045052 0.147685 0.054688 0.049074
0 0.600260 0.427315 0.097396 0.141667
0 0.270833 0.082870 0.042708 0.050926
0 0.289583 0.364815 0.277083 0.179630
0 0.558073 0.157407 0.059896 0.077778
0 0.525521 0.297222 0.066667 0.081481
0 0.776563 0.281019 0.042708 0.069444
0 0.753646 0.235648 0.061458 0.087963
0 0.257292 0.036574 0.032292 0.073148
0 0.132031 0.135648 0.070312 0.106481
0 0.969792 0.544444 0.059375 0.116667
0 0.582031 0.270833 0.056771 0.075000
0 0.671615 0.255556 0.058854 0.112963
0 0.321615 0.025926 0.032813 0.051852
0 0.991667 0.107870 0.015625 0.054630
0 0.804948 0.312037 0.063021 0.109259
0 0.596354 0.318519 0.062500 0.085185
0 0.743229 0.626389 0.060417 0.093519
0 0.517969 0.231944 0.047396 0.060185
0 0.278385 0.008333 0.021354 0.016667
0 0.585677 0.026852 0.061979 0.053704
0 0.735677 0.114815 0.040104 0.066667
0 0.685417 0.149074 0.042708 0.068519
0 0.686198 0.073611 0.042188 0.075000
0 0.231250 0.110185 0.052083 0.070370
0 0.334635 0.626389 0.348438 0.195370
0 0.971094 0.382407 0.056771 0.083333
1 0.703646 0.262500 0.011458 0.073148
1 0.246354 0.389352 0.018750 0.075000
1 0.475781 0.416667 0.014063 0.081481
1 0.221354 0.392130 0.017708 0.067593
1 0.560417 0.431944 0.013542 0.076852
1 0.538021 0.435185 0.017708 0.083333
3 0.845833 0.143981 0.307292 0.287963
3 0.738542 0.476389 0.517708 0.949074
3 0.740885 0.354167 0.517188 0.700926
3 0.188021 0.120370 0.376042 0.240741
4 0.179688 0.037037 0.013542 0.037037
5 0.179688 0.037037 0.013542 0.037037
