0 0.453906 0.439583 0.023438 0.031944
0 0.463281 0.369444 0.007812 0.013889
0 0.491016 0.357639 0.007031 0.015278
0 0.554297 0.363194 0.008594 0.012500
0 0.466406 0.402083 0.015625 0.020833
0 0.438672 0.407639 0.016406 0.020833
0 0.454688 0.363889 0.009375 0.013889
0 0.353516 0.763889 0.077344 0.113889
0 0.264062 0.579167 0.054688 0.063889
0 0.527734 0.375000 0.011719 0.016667
0 0.440625 0.373611 0.010937 0.016667
0 0.628125 0.543056 0.037500 0.055556
0 0.795703 0.670833 0.072656 0.094444
0 0.441016 0.504861 0.028906 0.040278
0 0.559766 0.458333 0.022656 0.033333
0 0.068750 0.761111 0.137500 0.350000
0 0.405859 0.411806 0.014844 0.020833
0 0.485547 0.362500 0.010156 0.013889
0 0.396094 0.431250 0.018750 0.026389
0 0.378906 0.506944 0.032813 0.038889
0 0.629297 0.459028 0.024219 0.031944
0 0.560547 0.409028 0.013281 0.020833
0 0.521484 0.362500 0.008594 0.013889
0 0.408984 0.451389 0.022656 0.027778
0 0.537109 0.413194 0.016406 0.023611
0 0.457031 0.381250 0.012500 0.018056
0 0.220312 0.784722 0.101562 0.122222
0 0.559766 0.384722 0.011719 0.016667
0 0.541016 0.366667 0.010156 0.013889
0 0.464453 0.343750 0.013281 0.026389
3 0.783594 0.627083 0.431250 0.509722
3 0.759375 0.685417 0.476562 0.618056
3 0.788281 0.700000 0.421875 0.588889
3 0.645703 0.690972 0.253906 0.609722
3 0.282031 0.534028 0.304688 0.304167
3 0.243359 0.683333 0.486719 0.622222
3 0.727734 0.690972 0.403906 0.609722
4 0.783203 0.629861 0.432031 0.501389
4 0.578906 0.502083 0.004687 0.009722
4 0.627344 0.504861 0.006250 0.009722
4 0.385547 0.568750 0.007031 0.015278
4 0.277344 0.636806 0.015625 0.020833
4 0.438281 0.686806 0.112500 0.623611
4 0.789453 0.751389 0.024219 0.036111
4 0.677344 0.581250 0.010937 0.015278
4 0.078516 0.938889 0.049219 0.069444
4 0.405859 0.522917 0.005469 0.009722
4 0.638672 0.643056 0.011719 0.022222
4 0.351172 0.526389 0.008594 0.011111
4 0.358984 0.630556 0.010156 0.019444
4 0.778516 0.967361 0.032031 0.062500
4 0.721484 0.648611 0.016406 0.022222
4 0.319922 0.571528 0.010156 0.015278
4 0.283594 0.543750 0.296875 0.320833
4 0.932031 0.966667 0.046875 0.063889
4 0.591797 0.534028 0.007031 0.012500
4 0.569922 0.690278 0.110156 0.616667
4 0.684766 0.750694 0.019531 0.037500
4 0.316406 0.729861 0.015625 0.031944
4 0.610938 0.577778 0.009375 0.016667
4 0.640625 0.525694 0.021875 0.034722
4 0.236328 0.920833 0.032031 0.063889
5 0.783203 0.629861 0.432031 0.501389
5 0.438281 0.686111 0.112500 0.625000
5 0.579297 0.502083 0.003906 0.009722
5 0.590234 0.445833 0.003906 0.005556
5 0.627344 0.504861 0.006250 0.009722
5 0.385547 0.568750 0.007031 0.015278
5 0.277344 0.636806 0.015625 0.020833
5 0.789453 0.751389 0.024219 0.036111
5 0.386328 0.472917 0.005469 0.006944
5 0.677344 0.581250 0.010937 0.015278
5 0.078125 0.938889 0.048438 0.069444
5 0.405469 0.522917 0.004687 0.009722
5 0.638672 0.643056 0.011719 0.022222
5 0.427344 0.471528 0.004687 0.006944
5 0.351172 0.526389 0.008594 0.011111
5 0.358984 0.630556 0.010156 0.019444
5 0.778516 0.967361 0.032031 0.062500
5 0.721484 0.648611 0.014844 0.022222
5 0.319922 0.571528 0.010156 0.015278
5 0.418359 0.494444 0.005469 0.008333
5 0.931641 0.966667 0.046094 0.063889
5 0.591797 0.534028 0.007031 0.009722
5 0.611328 0.480556 0.005469 0.008333
5 0.569922 0.690972 0.110156 0.615278
5 0.684766 0.750694 0.019531 0.037500
5 0.610938 0.577778 0.009375 0.016667
5 0.581641 0.432639 0.003906 0.006944
5 0.599609 0.460417 0.003906 0.006944
5 0.316406 0.729861 0.015625 0.031944
5 0.640625 0.525694 0.021875 0.034722
5 0.236328 0.920833 0.032031 0.063889
