0 0.928646 0.081481 0.037500 0.050000
0 0.659635 0.093981 0.033854 0.050926
0 0.779687 0.399537 0.062500 0.115741
0 0.994010 0.207407 0.010937 0.038889
0 0.564844 0.145833 0.038021 0.065741
0 0.859115 0.800926 0.066146 0.103704
0 0.718750 0.204630 0.018750 0.062963
0 0.089323 0.324074 0.046354 0.057407
0 0.432812 0.102315 0.031250 0.050926
0 0.445312 0.031481 0.027083 0.050000
0 0.379167 0.022222 0.033333 0.044444
0 0.845313 0.375463 0.027083 0.084259
0 0.921615 0.405556 0.129688 0.259259
0 0.833854 0.008333 0.032292 0.016667
0 0.698177 0.474074 0.067187 0.100000
0 0.057813 0.349537 0.084375 0.095370
0 0.368229 0.075000 0.037500 0.025926
0 0.583854 0.016204 0.032292 0.032407
0 0.777344 0.321759 0.050521 0.058333
0 0.440625 0.062500 0.031250 0.052778
0 0.273177 0.264352 0.063021 0.089815
0 0.773958 0.214352 0.092708 0.182407
0 0.898177 0.008796 0.033854 0.017593
0 0.683594 0.408796 0.063021 0.071296
0 0.597656 0.371759 0.064062 0.117593
0 0.648958 0.668519 0.163542 0.174074
0 0.634896 0.058333 0.032292 0.051852
0 0.607812 0.029630 0.027083 0.042593
0 0.362500 0.171759 0.092708 0.175000
0 0.375781 0.515741 0.284896 0.188889
0 0.824219 0.335648 0.045312 0.071296
1 0.815625 0.416667 0.016667 0.077778
1 0.373958 0.569907 0.020833 0.060185
1 0.651042 0.459722 0.019792 0.078704
3 0.851042 0.146759 0.296875 0.293519
3 0.730469 0.498611 0.534896 0.991667
3 0.233073 0.210648 0.466146 0.421296
4 0.748698 0.456019 0.501563 0.904630
4 0.236198 0.209259 0.472396 0.418519
5 0.748698 0.456019 0.501563 0.904630
5 0.878125 0.511111 0.017708 0.022222
5 0.237500 0.208796 0.469792 0.417593
