0 0.917188 0.255556 0.018750 0.016667
0 0.838281 0.386111 0.029687 0.044444
0 0.714844 0.479167 0.032813 0.058333
0 0.850000 0.355556 0.018750 0.027778
0 0.550781 0.733333 0.051562 0.055556
0 0.788281 0.609722 0.048438 0.063889
0 0.768750 0.427778 0.021875 0.033333
0 0.914844 0.233333 0.014063 0.016667
0 0.720313 0.583333 0.037500 0.044444
0 0.075781 0.727778 0.145313 0.205556
0 0.778125 0.475000 0.031250 0.055556
0 0.939063 0.222222 0.015625 0.016667
0 0.826562 0.501389 0.028125 0.041667
0 0.660937 0.695833 0.050000 0.080556
0 0.870313 0.326389 0.021875 0.025000
0 0.810156 0.423611 0.023438 0.036111
3 0.398438 0.641667 0.793750 0.705556
3 0.828906 0.620833 0.273438 0.747222
3 0.604688 0.647222 0.625000 0.694444
4 0.804688 0.676389 0.234375 0.641667
4 0.870313 0.680556 0.165625 0.633333
5 0.803125 0.679167 0.231250 0.636111
5 0.179688 0.033333 0.012500 0.033333
5 0.869531 0.681944 0.164062 0.630556
5 0.125781 0.038889 0.014063 0.011111
