0 0.364844 0.059028 0.018750 0.029167
0 0.239844 0.158333 0.029687 0.055556
0 0.334766 0.004167 0.013281 0.008333
0 0.384766 0.101389 0.024219 0.038889
0 0.292187 0.052778 0.017188 0.027778
0 0.221484 0.819444 0.127344 0.280556
0 0.245703 0.365278 0.074219 0.175000
0 0.324219 0.053472 0.020313 0.031944
0 0.291406 0.127083 0.025000 0.051389
0 0.319141 0.024306 0.014844 0.023611
0 0.508203 0.706250 0.077344 0.220833
0 0.332422 0.094444 0.025781 0.069444
0 0.350391 0.028472 0.014844 0.023611
3 0.800781 0.727778 0.393750 0.541667
3 0.193750 0.502083 0.387500 0.990278
3 0.654297 0.502083 0.583594 0.970833
3 0.452734 0.508333 0.238281 0.975000
4 0.560937 0.471528 0.043750 0.068056
4 0.687891 0.576389 0.069531 0.136111
4 0.774219 0.487500 0.073438 0.088889
4 0.526563 0.347222 0.029687 0.036111
4 0.904687 0.393056 0.057813 0.069444
4 0.544531 0.404861 0.034375 0.045833
4 0.761719 0.715278 0.342187 0.566667
4 0.812109 0.445139 0.069531 0.104167
4 0.853906 0.428472 0.060937 0.070833
4 0.268750 0.495139 0.015625 0.045833
4 0.557031 0.454861 0.037500 0.043056
4 0.886719 0.404167 0.059375 0.072222
4 0.666797 0.702778 0.039844 0.163889
4 0.315625 0.223611 0.003125 0.013889
4 0.222656 0.648611 0.023438 0.069444
4 0.785156 0.478472 0.089063 0.101389
4 0.753906 0.505556 0.076563 0.094444
4 0.311719 0.320139 0.006250 0.023611
4 0.296875 0.391667 0.009375 0.030556
4 0.712109 0.549306 0.072656 0.115278
4 0.132812 0.918056 0.045312 0.133333
4 0.601562 0.840972 0.048438 0.048611
4 0.831641 0.441667 0.067969 0.077778
4 0.480859 0.531944 0.208594 0.933333
4 0.544922 0.375000 0.022656 0.027778
4 0.551562 0.425694 0.035937 0.045833
4 0.582422 0.508333 0.061719 0.066667
4 0.675391 0.627778 0.060156 0.161111
4 0.734766 0.525694 0.075781 0.101389
4 0.612109 0.750694 0.083594 0.068056
4 0.869141 0.414583 0.061719 0.076389
4 0.315625 0.264583 0.003125 0.018056
5 0.741797 0.651389 0.408594 0.622222
7 0.743359 0.652083 0.407031 0.623611
7 0.663281 0.511806 0.568750 0.912500
