0 0.391797 0.563194 0.044531 0.054167
0 0.602734 0.483333 0.027344 0.044444
0 0.477734 0.381250 0.013281 0.015278
0 0.688672 0.625694 0.057031 0.084722
0 0.467187 0.350000 0.007812 0.011111
0 0.313672 0.509722 0.036719 0.041667
0 0.453906 0.445833 0.018750 0.027778
0 0.482422 0.369444 0.011719 0.013889
0 0.464844 0.369444 0.012500 0.011111
0 0.463672 0.411111 0.016406 0.022222
0 0.534766 0.353472 0.007031 0.009722
0 0.641016 0.473611 0.027344 0.036111
0 0.425000 0.429167 0.020313 0.025000
0 0.543359 0.450000 0.019531 0.030556
0 0.157031 0.756944 0.314063 0.483333
0 0.455859 0.379861 0.011719 0.015278
0 0.382812 0.411111 0.046875 0.077778
0 0.414453 0.406250 0.014844 0.020833
0 0.367188 0.524306 0.035937 0.048611
0 0.445312 0.394444 0.014063 0.016667
0 0.335938 0.894444 0.104688 0.180556
0 0.523438 0.366667 0.009375 0.011111
0 0.564453 0.379861 0.011719 0.015278
0 0.450000 0.368056 0.009375 0.011111
0 0.426953 0.514583 0.033594 0.043056
0 0.594922 0.602778 0.046094 0.075000
0 0.488281 0.359028 0.007812 0.012500
0 0.589844 0.412500 0.015625 0.022222
0 0.547656 0.355556 0.007812 0.011111
0 0.482812 0.336111 0.010937 0.025000
3 0.759375 0.677083 0.479687 0.637500
3 0.230859 0.522222 0.461719 0.341667
3 0.336719 0.690972 0.296875 0.615278
4 0.316406 0.730556 0.015625 0.030556
4 0.332031 0.554167 0.032813 0.050000
4 0.434766 0.704861 0.105469 0.587500
4 0.932031 0.966667 0.046875 0.063889
4 0.638672 0.643056 0.011719 0.022222
4 0.235937 0.920139 0.031250 0.062500
4 0.778516 0.967361 0.032031 0.062500
4 0.788672 0.637500 0.421094 0.488889
4 0.358984 0.631250 0.010156 0.020833
4 0.789062 0.750694 0.025000 0.034722
4 0.569922 0.688889 0.111719 0.619444
4 0.685156 0.750694 0.018750 0.037500
5 0.316406 0.730556 0.015625 0.030556
5 0.405078 0.522917 0.005469 0.009722
5 0.627344 0.504167 0.006250 0.008333
5 0.332031 0.554167 0.032813 0.050000
5 0.434766 0.704861 0.105469 0.587500
5 0.386328 0.473611 0.005469 0.008333
5 0.931641 0.966667 0.046094 0.063889
5 0.723047 0.647917 0.013281 0.023611
5 0.638672 0.643056 0.011719 0.022222
5 0.235937 0.920139 0.031250 0.062500
5 0.427734 0.471528 0.005469 0.006944
5 0.384375 0.432639 0.117188 0.120833
5 0.371484 0.495139 0.005469 0.006944
5 0.778516 0.967361 0.032031 0.062500
5 0.788672 0.637500 0.421094 0.488889
5 0.358984 0.631250 0.010156 0.020833
5 0.562109 0.459028 0.003906 0.006944
5 0.675781 0.578472 0.007812 0.009722
5 0.578906 0.502083 0.004687 0.009722
5 0.789453 0.750694 0.024219 0.034722
5 0.685156 0.750694 0.018750 0.037500
5 0.570312 0.688889 0.110937 0.619444
5 0.345313 0.473611 0.037500 0.038889
5 0.591406 0.534028 0.006250 0.009722
5 0.647656 0.537500 0.007812 0.011111
