0 0.251563 0.088426 0.084375 0.063889
0 0.489583 0.218981 0.493750 0.315741
3 0.499740 0.343056 0.991146 0.565741
3 0.499740 0.424537 0.992188 0.721296
3 0.541146 0.590278 0.916667 0.558333
3 0.342969 0.107407 0.680729 0.214815
3 0.521354 0.506481 0.951042 0.561111
4 0.935417 0.134722 0.048958 0.025000
4 0.076563 0.124537 0.066667 0.026852
4 0.505469 0.307870 0.076563 0.037963
4 0.891146 0.245370 0.017708 0.012963
4 0.210677 0.339352 0.082812 0.037963
4 0.385677 0.475463 0.144271 0.075000
4 0.520052 0.412963 0.049479 0.025926
4 0.165104 0.274537 0.169792 0.067593
4 0.077865 0.068981 0.064062 0.025000
4 0.243750 0.541667 0.056250 0.033333
4 0.891927 0.079167 0.050521 0.023148
4 0.098698 0.609722 0.146354 0.076852
4 0.219792 0.431944 0.088542 0.043519
4 0.761979 0.303704 0.019792 0.014815
4 0.717969 0.073148 0.063021 0.022222
4 0.829167 0.273611 0.018750 0.013889
4 0.744271 0.209722 0.062500 0.028704
4 0.679948 0.339815 0.043229 0.022222
4 0.325260 0.103241 0.592187 0.206481
4 0.614062 0.370370 0.023958 0.016667
4 0.513542 0.568519 0.971875 0.533333
5 0.935677 0.134259 0.048438 0.024074
5 0.076563 0.124537 0.066667 0.026852
5 0.505729 0.307870 0.076042 0.037963
5 0.891406 0.245370 0.017188 0.012963
5 0.690104 0.336574 0.021875 0.015741
5 0.210677 0.339352 0.082812 0.037963
5 0.385677 0.475000 0.144271 0.074074
5 0.166927 0.273611 0.165104 0.065741
5 0.077604 0.069444 0.063542 0.024074
5 0.243750 0.541667 0.056250 0.033333
5 0.520312 0.412963 0.048958 0.025926
5 0.098437 0.609722 0.145833 0.076852
5 0.219531 0.431481 0.088021 0.042593
5 0.761979 0.303704 0.019792 0.012963
5 0.717708 0.072685 0.062500 0.021296
5 0.017708 0.903241 0.035417 0.184259
5 0.891667 0.079167 0.050000 0.023148
5 0.829167 0.273611 0.018750 0.013889
5 0.744531 0.209722 0.061979 0.028704
5 0.679688 0.339815 0.042708 0.022222
5 0.325521 0.103241 0.590625 0.206481
5 0.614323 0.369907 0.023438 0.015741
5 0.513542 0.568981 0.971875 0.534259
