0 0.916406 0.075463 0.040104 0.043519
0 0.800260 0.009722 0.042188 0.019444
0 0.767188 0.258796 0.025000 0.058333
0 0.967448 0.089815 0.046354 0.062963
0 0.908073 0.429167 0.065104 0.104630
0 0.769271 0.330556 0.053125 0.087037
0 0.401823 0.003241 0.026562 0.006481
0 0.107552 0.334722 0.068229 0.078704
0 0.934896 0.341204 0.065625 0.091667
0 0.682552 0.416204 0.060937 0.082407
0 0.649219 0.667130 0.164062 0.173148
0 0.381510 0.514352 0.296354 0.187963
0 0.873177 0.034259 0.025521 0.057407
0 0.992188 0.134722 0.014583 0.041667
0 0.585156 0.015741 0.023438 0.031481
0 0.859115 0.800463 0.066146 0.104630
0 0.829688 0.289352 0.100000 0.215741
0 0.439583 0.047685 0.044792 0.095370
0 0.569792 0.011111 0.017708 0.022222
0 0.257552 0.251852 0.046354 0.053704
0 0.234115 0.287963 0.065104 0.083333
0 0.984115 0.421759 0.030729 0.082407
0 0.885938 0.286111 0.025000 0.072222
0 0.950260 0.152315 0.043229 0.058333
0 0.775260 0.391667 0.061979 0.118519
0 0.698177 0.472685 0.067187 0.100926
0 0.593490 0.117593 0.047396 0.085185
0 0.708073 0.135648 0.086979 0.165741
0 0.603646 0.023148 0.029167 0.046296
0 0.755729 0.231481 0.038542 0.066667
0 0.330729 0.203241 0.046875 0.078704
1 0.632812 0.418056 0.016667 0.076852
1 0.545052 0.685185 0.019271 0.070370
3 0.812240 0.144444 0.374479 0.288889
3 0.734375 0.499074 0.527083 0.990741
3 0.757292 0.344907 0.484375 0.682407
3 0.233333 0.209722 0.466667 0.419444
4 0.750000 0.456019 0.498958 0.902778
4 0.236979 0.211574 0.473958 0.419444
5 0.750260 0.455556 0.498437 0.900000
5 0.384635 0.151852 0.049479 0.124074
5 0.236458 0.212037 0.472917 0.418519
5 0.921615 0.575000 0.155729 0.231481
5 0.326042 0.116667 0.097917 0.233333
