0 0.779167 0.134722 0.031250 0.015741
0 0.381510 0.516667 0.295312 0.190741
0 0.725260 0.192593 0.040104 0.064815
0 0.109115 0.308333 0.067187 0.081481
0 0.735938 0.231019 0.023958 0.067593
0 0.984115 0.122222 0.030729 0.055556
0 0.857292 0.362037 0.060417 0.096296
0 0.581510 0.013889 0.029687 0.027778
0 0.281771 0.236574 0.043750 0.052778
0 0.978906 0.409722 0.041146 0.100926
0 0.940365 0.366204 0.050521 0.069444
0 0.698438 0.476852 0.066667 0.101852
0 0.062760 0.342593 0.081771 0.096296
0 0.615885 0.036111 0.047396 0.072222
0 0.859115 0.800926 0.066146 0.105556
0 0.791146 0.239815 0.090625 0.196296
0 0.591406 0.019907 0.014063 0.039815
0 0.169010 0.312500 0.061979 0.075000
0 0.976042 0.546759 0.046875 0.106481
0 0.332552 0.167593 0.045312 0.077778
0 0.444792 0.006944 0.032292 0.013889
0 0.683333 0.415278 0.064583 0.082407
0 0.638542 0.668056 0.184375 0.173148
0 0.680990 0.096296 0.075521 0.155556
0 0.763802 0.351389 0.066146 0.156481
0 0.855729 0.250926 0.042708 0.079630
0 0.758073 0.272685 0.049479 0.041667
0 0.910677 0.310648 0.050521 0.086111
0 0.257552 0.279167 0.061979 0.080556
1 0.714323 0.392593 0.015104 0.033333
3 0.855469 0.145370 0.288021 0.290741
3 0.750260 0.498611 0.494271 0.991667
3 0.232813 0.216667 0.465625 0.429630
4 0.749479 0.455093 0.500000 0.902778
4 0.360677 0.064352 0.029687 0.128704
4 0.237760 0.212500 0.469271 0.417593
4 0.921094 0.575926 0.156771 0.235185
5 0.734896 0.481944 0.529167 0.954630
5 0.239583 0.210185 0.466667 0.412963
5 0.017448 0.411111 0.030729 0.014815
5 0.921094 0.575926 0.156771 0.235185
5 0.360938 0.063426 0.029167 0.126852
