0 0.541406 0.365972 0.010937 0.015278
0 0.405859 0.586806 0.042969 0.062500
0 0.523047 0.365972 0.010156 0.012500
0 0.457422 0.384028 0.011719 0.023611
0 0.548828 0.353472 0.005469 0.009722
0 0.468750 0.404861 0.015625 0.026389
0 0.421875 0.429167 0.018750 0.025000
0 0.430859 0.368750 0.025781 0.051389
0 0.475781 0.356250 0.012500 0.015278
0 0.043359 0.843750 0.086719 0.123611
0 0.414453 0.399306 0.014844 0.020833
0 0.435547 0.411806 0.014844 0.020833
0 0.726953 0.581944 0.047656 0.066667
0 0.461719 0.427778 0.018750 0.025000
0 0.291016 0.638194 0.069531 0.101389
0 0.522266 0.354167 0.008594 0.013889
0 0.390234 0.429167 0.017969 0.025000
0 0.370312 0.514583 0.035937 0.056944
0 0.633984 0.472917 0.027344 0.034722
0 0.577734 0.440278 0.019531 0.030556
0 0.397266 0.465972 0.022656 0.031944
0 0.486719 0.361111 0.009375 0.013889
0 0.643359 0.542361 0.042969 0.059722
0 0.557422 0.465972 0.025781 0.037500
0 0.476172 0.382639 0.011719 0.018056
0 0.434375 0.502083 0.029687 0.037500
0 0.452344 0.449306 0.023438 0.043056
0 0.576562 0.554861 0.040625 0.073611
0 0.480859 0.371528 0.010156 0.015278
0 0.556641 0.392361 0.013281 0.018056
0 0.446484 0.396528 0.013281 0.018056
3 0.775781 0.615972 0.446875 0.537500
3 0.759766 0.685417 0.478906 0.618056
3 0.238281 0.700000 0.476562 0.591667
4 0.778125 0.623611 0.442188 0.516667
4 0.209375 0.736806 0.023438 0.034722
4 0.438281 0.693750 0.112500 0.609722
4 0.078125 0.938889 0.050000 0.069444
4 0.316406 0.729861 0.015625 0.031944
4 0.684766 0.750694 0.019531 0.037500
4 0.410547 0.510417 0.016406 0.034722
4 0.358594 0.631250 0.010937 0.020833
4 0.232422 0.596528 0.346094 0.373611
4 0.778906 0.967361 0.031250 0.062500
4 0.677344 0.581944 0.010937 0.013889
4 0.320312 0.572222 0.009375 0.013889
4 0.721875 0.648611 0.015625 0.022222
4 0.931641 0.966667 0.046094 0.063889
4 0.610938 0.578472 0.009375 0.015278
4 0.638672 0.643056 0.011719 0.022222
4 0.789453 0.751389 0.024219 0.036111
4 0.569531 0.688889 0.112500 0.619444
4 0.236328 0.920833 0.032031 0.063889
5 0.778125 0.622917 0.442188 0.518056
5 0.349609 0.527778 0.005469 0.008333
5 0.627734 0.505556 0.005469 0.008333
5 0.579688 0.502083 0.004687 0.009722
5 0.209375 0.736806 0.023438 0.034722
5 0.438281 0.693750 0.112500 0.609722
5 0.077734 0.938889 0.049219 0.069444
5 0.931641 0.966667 0.046094 0.063889
5 0.316406 0.729861 0.015625 0.031944
5 0.684766 0.750694 0.019531 0.037500
5 0.417969 0.493750 0.004687 0.009722
5 0.405078 0.522917 0.005469 0.009722
5 0.358594 0.630556 0.010937 0.019444
5 0.232031 0.596528 0.345313 0.373611
5 0.778906 0.967361 0.031250 0.062500
5 0.721484 0.648611 0.014844 0.022222
5 0.677344 0.581944 0.010937 0.013889
5 0.320312 0.571528 0.009375 0.015278
5 0.610938 0.578472 0.009375 0.015278
5 0.610938 0.479167 0.004687 0.008333
5 0.789453 0.751389 0.024219 0.036111
5 0.638672 0.643056 0.011719 0.022222
5 0.591797 0.532639 0.007031 0.012500
5 0.569531 0.688889 0.110937 0.619444
5 0.385937 0.569444 0.007812 0.013889
5 0.235937 0.920833 0.031250 0.063889
