0 0.444922 0.467361 0.022656 0.031944
0 0.412891 0.542361 0.036719 0.051389
0 0.614453 0.498611 0.030469 0.041667
0 0.544531 0.341667 0.007812 0.016667
0 0.917188 0.962500 0.120313 0.072222
0 0.576562 0.394444 0.012500 0.016667
0 0.544141 0.372917 0.010156 0.012500
0 0.446484 0.397222 0.013281 0.019444
0 0.460156 0.436111 0.020313 0.025000
0 0.529297 0.396528 0.013281 0.018056
0 0.019531 0.837500 0.039062 0.261111
0 0.666016 0.504167 0.030469 0.041667
0 0.539844 0.429861 0.020313 0.026389
0 0.231250 0.740278 0.081250 0.102778
0 0.452734 0.382639 0.011719 0.018056
0 0.462109 0.371528 0.010156 0.018056
0 0.372656 0.511111 0.039062 0.044444
0 0.561328 0.404167 0.014844 0.019444
0 0.482422 0.373611 0.011719 0.016667
0 0.315625 0.944444 0.104688 0.108333
0 0.371094 0.418750 0.053125 0.098611
0 0.230859 0.600694 0.060156 0.068056
0 0.563672 0.377778 0.011719 0.013889
0 0.471094 0.398611 0.012500 0.019444
0 0.535937 0.353472 0.007812 0.012500
0 0.591406 0.620833 0.045312 0.077778
0 0.420312 0.406250 0.039062 0.093056
3 0.778125 0.613889 0.442188 0.530556
3 0.198437 0.637500 0.370312 0.355556
3 0.762500 0.687500 0.473438 0.616667
3 0.245312 0.704861 0.462500 0.581944
3 0.657813 0.684028 0.278125 0.623611
4 0.778516 0.967361 0.032031 0.062500
4 0.385937 0.568750 0.007812 0.015278
4 0.647656 0.537500 0.007812 0.011111
4 0.277344 0.636806 0.014063 0.020833
4 0.450391 0.697917 0.136719 0.601389
4 0.792969 0.642361 0.412500 0.479167
4 0.078125 0.938889 0.048438 0.069444
4 0.789453 0.751389 0.024219 0.036111
4 0.316406 0.729861 0.015625 0.031944
4 0.358984 0.631250 0.010156 0.020833
4 0.192969 0.641667 0.314063 0.344444
4 0.319531 0.572222 0.009375 0.013889
4 0.591797 0.533333 0.007031 0.011111
4 0.677344 0.581944 0.010937 0.013889
4 0.610938 0.578472 0.009375 0.015278
4 0.685156 0.750694 0.018750 0.037500
4 0.638672 0.643056 0.011719 0.022222
4 0.575391 0.684028 0.122656 0.629167
4 0.236328 0.920139 0.032031 0.062500
4 0.721094 0.647917 0.015625 0.020833
5 0.192578 0.641667 0.314844 0.344444
5 0.562109 0.459028 0.003906 0.006944
5 0.647656 0.537500 0.007812 0.011111
5 0.778516 0.967361 0.032031 0.062500
5 0.385937 0.568056 0.007812 0.013889
5 0.277344 0.636806 0.014063 0.020833
5 0.450391 0.697222 0.136719 0.602778
5 0.792969 0.642361 0.412500 0.479167
5 0.578906 0.502083 0.004687 0.009722
5 0.677344 0.581944 0.010937 0.013889
5 0.078125 0.938889 0.048438 0.069444
5 0.789453 0.751389 0.024219 0.036111
5 0.316406 0.729861 0.015625 0.031944
5 0.569922 0.477778 0.003906 0.008333
5 0.358984 0.630556 0.010156 0.019444
5 0.350000 0.527083 0.006250 0.009722
5 0.721094 0.647917 0.015625 0.020833
5 0.319531 0.572222 0.009375 0.013889
5 0.599219 0.460417 0.004687 0.006944
5 0.418359 0.493056 0.005469 0.008333
5 0.590234 0.446528 0.003906 0.006944
5 0.557031 0.444444 0.003125 0.005556
5 0.591797 0.533333 0.007031 0.011111
5 0.610938 0.578472 0.009375 0.015278
5 0.685156 0.750694 0.018750 0.037500
5 0.638672 0.643056 0.011719 0.022222
5 0.386328 0.473611 0.005469 0.008333
5 0.569531 0.684028 0.110937 0.629167
5 0.236328 0.920139 0.032031 0.062500
