0 0.602344 0.621528 0.034375 0.037500
0 0.018750 0.875694 0.037500 0.118056
0 0.578516 0.779861 0.058594 0.093056
0 0.621484 0.704167 0.042969 0.058333
0 0.792188 0.861806 0.070312 0.106944
0 0.897656 0.897917 0.057813 0.137500
0 0.851172 0.818056 0.060156 0.091667
0 0.681250 0.847917 0.065625 0.112500
0 0.649609 0.649306 0.030469 0.062500
0 0.168359 0.842361 0.258594 0.234722
0 0.817969 0.936111 0.096875 0.125000
0 0.769922 0.687500 0.069531 0.122222
0 0.046875 0.972222 0.093750 0.052778
0 0.675391 0.718056 0.042969 0.083333
0 0.831250 0.767361 0.043750 0.081944
0 0.700391 0.663889 0.049219 0.083333
0 0.904297 0.683333 0.086719 0.055556
0 0.711719 0.771528 0.053125 0.087500
0 0.720703 0.925000 0.057031 0.138889
0 0.602734 0.647917 0.042969 0.084722
0 0.749609 0.745139 0.032031 0.084722
0 0.156250 0.960417 0.135937 0.076389
0 0.598437 0.529861 0.017188 0.023611
1 0.020703 0.767361 0.014844 0.087500
1 0.785547 0.772222 0.011719 0.066667
1 0.188672 0.713889 0.013281 0.038889
1 0.078125 0.756250 0.014063 0.062500
1 0.642578 0.806250 0.019531 0.084722
1 0.539844 0.885417 0.021875 0.129167
3 0.755078 0.818056 0.488281 0.361111
3 0.864844 0.800000 0.268750 0.394444
3 0.298047 0.747222 0.302344 0.155556
3 0.255078 0.748611 0.211719 0.150000
4 0.616797 0.965972 0.142969 0.051389
5 0.627734 0.895139 0.125781 0.045833
5 0.616797 0.965278 0.141406 0.050000
