0 0.487500 0.363194 0.010937 0.015278
0 0.644531 0.554861 0.042188 0.059722
0 0.473828 0.393750 0.014844 0.018056
0 0.786328 0.704861 0.085156 0.112500
0 0.582812 0.401389 0.012500 0.019444
0 0.451172 0.391667 0.011719 0.016667
0 0.556641 0.371528 0.008594 0.015278
0 0.301953 0.530556 0.036719 0.047222
0 0.464453 0.422917 0.016406 0.023611
0 0.476172 0.357639 0.010156 0.015278
0 0.425000 0.391667 0.014063 0.016667
0 0.705469 0.546528 0.042188 0.054167
0 0.244922 0.728472 0.102344 0.134722
0 0.479687 0.378472 0.012500 0.015278
0 0.441406 0.403472 0.015625 0.018056
0 0.382812 0.411806 0.046875 0.084722
0 0.376172 0.499306 0.036719 0.051389
0 0.533203 0.350694 0.007031 0.009722
0 0.422266 0.436806 0.019531 0.026389
0 0.457813 0.379167 0.010937 0.013889
0 0.521484 0.354861 0.007031 0.009722
0 0.975781 0.922222 0.046875 0.127778
0 0.615234 0.438889 0.022656 0.033333
0 0.549609 0.359722 0.010156 0.011111
0 0.585938 0.447222 0.020313 0.027778
0 0.464062 0.367361 0.009375 0.012500
0 0.453906 0.363889 0.009375 0.013889
0 0.425391 0.520833 0.033594 0.044444
0 0.447266 0.463194 0.022656 0.031944
0 0.562500 0.379167 0.010937 0.013889
0 0.358203 0.747917 0.077344 0.120833
0 0.467578 0.352083 0.008594 0.009722
3 0.785156 0.612500 0.428125 0.480556
3 0.212500 0.724306 0.425000 0.543056
3 0.761328 0.688194 0.442969 0.612500
3 0.251172 0.706944 0.436719 0.577778
3 0.224219 0.612500 0.448437 0.486111
3 0.212891 0.701389 0.425781 0.588889
3 0.644922 0.679167 0.257031 0.630556
4 0.350781 0.526389 0.009375 0.011111
4 0.611719 0.480556 0.004687 0.008333
4 0.385547 0.568750 0.007031 0.015278
4 0.436719 0.697917 0.109375 0.601389
4 0.578906 0.502083 0.004687 0.009722
4 0.077734 0.938889 0.049219 0.069444
4 0.778516 0.967361 0.032031 0.062500
4 0.932031 0.966667 0.046875 0.063889
4 0.638672 0.643056 0.011719 0.022222
4 0.569922 0.477778 0.003906 0.008333
4 0.790234 0.636806 0.391406 0.445833
4 0.677344 0.581944 0.010937 0.013889
4 0.319922 0.572222 0.010156 0.013889
4 0.316016 0.729861 0.014844 0.031944
4 0.276953 0.636806 0.014844 0.020833
4 0.223047 0.613194 0.446094 0.484722
4 0.591797 0.533333 0.007031 0.011111
4 0.627344 0.505556 0.006250 0.008333
4 0.504297 0.685417 0.241406 0.626389
4 0.684766 0.750694 0.019531 0.037500
4 0.610938 0.578472 0.009375 0.015278
4 0.358984 0.630556 0.010156 0.019444
4 0.236328 0.920833 0.032031 0.063889
4 0.721484 0.649306 0.016406 0.020833
5 0.789844 0.636806 0.390625 0.445833
5 0.611719 0.480556 0.004687 0.008333
5 0.438281 0.693056 0.112500 0.611111
5 0.223438 0.612500 0.446875 0.486111
5 0.556641 0.443750 0.003906 0.006944
5 0.385547 0.568750 0.007031 0.015278
5 0.578906 0.502083 0.004687 0.009722
5 0.078125 0.938889 0.048438 0.069444
5 0.778516 0.967361 0.032031 0.062500
5 0.931641 0.966667 0.046094 0.063889
5 0.638672 0.643056 0.011719 0.022222
5 0.569922 0.477778 0.003906 0.008333
5 0.351172 0.526389 0.008594 0.011111
5 0.358984 0.630556 0.010156 0.019444
5 0.677344 0.581944 0.010937 0.013889
5 0.319531 0.572222 0.009375 0.013889
5 0.316016 0.730556 0.014844 0.030556
5 0.276953 0.636806 0.014844 0.020833
5 0.591797 0.533333 0.007031 0.011111
5 0.627344 0.504861 0.006250 0.006944
5 0.551562 0.430556 0.003125 0.008333
5 0.684766 0.750694 0.019531 0.037500
5 0.562109 0.458333 0.003906 0.005556
5 0.610938 0.578472 0.009375 0.015278
5 0.504297 0.688194 0.241406 0.620833
5 0.236328 0.920833 0.032031 0.063889
5 0.721094 0.649306 0.015625 0.020833
