0 0.418750 0.559028 0.039062 0.059722
0 0.484375 0.365972 0.010937 0.018056
0 0.522266 0.360417 0.010156 0.020833
0 0.473047 0.386111 0.011719 0.016667
0 0.440625 0.411806 0.012500 0.020833
0 0.411719 0.360417 0.029687 0.009722
0 0.584766 0.407639 0.014844 0.020833
0 0.437500 0.379167 0.009375 0.013889
0 0.449609 0.393056 0.013281 0.019444
0 0.447656 0.466667 0.020313 0.030556
0 0.542578 0.437500 0.021094 0.030556
0 0.252734 0.545139 0.130469 0.184722
0 0.387500 0.481944 0.035937 0.052778
0 0.542578 0.372917 0.010156 0.015278
0 0.458984 0.372917 0.013281 0.020833
0 0.467969 0.352778 0.010937 0.011111
0 0.383984 0.434028 0.014844 0.026389
0 0.441797 0.493056 0.027344 0.044444
0 0.466797 0.415278 0.016406 0.022222
0 0.551172 0.388889 0.013281 0.019444
0 0.329297 0.608333 0.058594 0.077778
0 0.558984 0.371528 0.010156 0.015278
0 0.535156 0.352778 0.007812 0.011111
0 0.411719 0.414583 0.045312 0.104167
0 0.475781 0.334722 0.012500 0.022222
3 0.782031 0.625000 0.434375 0.508333
3 0.760547 0.686111 0.477344 0.619444
3 0.237500 0.697222 0.475000 0.594444
3 0.226562 0.607639 0.453125 0.495833
4 0.784766 0.631944 0.428906 0.500000
4 0.209375 0.736806 0.023438 0.034722
4 0.434766 0.709722 0.105469 0.577778
4 0.316406 0.729861 0.015625 0.031944
4 0.638672 0.643056 0.011719 0.022222
4 0.188281 0.647222 0.376563 0.416667
4 0.778516 0.967361 0.032031 0.062500
4 0.721875 0.648611 0.015625 0.022222
4 0.277344 0.636806 0.014063 0.020833
4 0.078125 0.938889 0.048438 0.069444
4 0.932031 0.966667 0.045312 0.063889
4 0.789453 0.751389 0.024219 0.036111
4 0.504297 0.688889 0.241406 0.619444
4 0.684766 0.750694 0.019531 0.037500
4 0.235937 0.920833 0.031250 0.063889
5 0.783203 0.630556 0.432031 0.502778
5 0.677344 0.581250 0.010937 0.015278
5 0.560547 0.452778 0.007031 0.016667
5 0.599609 0.460417 0.003906 0.006944
5 0.778516 0.967361 0.032031 0.062500
5 0.611328 0.480556 0.005469 0.008333
5 0.209375 0.736806 0.023438 0.034722
5 0.451953 0.704861 0.139844 0.587500
5 0.078125 0.938889 0.048438 0.069444
5 0.382422 0.513194 0.071094 0.037500
5 0.316406 0.729861 0.015625 0.031944
5 0.638672 0.643056 0.011719 0.022222
5 0.418359 0.493056 0.005469 0.008333
5 0.187891 0.647917 0.375781 0.415278
5 0.346875 0.471528 0.059375 0.065278
5 0.358984 0.629861 0.010156 0.018056
5 0.321875 0.568056 0.006250 0.008333
5 0.569922 0.477778 0.003906 0.008333
5 0.721484 0.648611 0.014844 0.022222
5 0.647656 0.537500 0.007812 0.011111
5 0.627344 0.504861 0.006250 0.009722
5 0.385937 0.569444 0.007812 0.013889
5 0.277344 0.636806 0.014063 0.020833
5 0.097266 0.746528 0.194531 0.218056
5 0.931641 0.966667 0.046094 0.063889
5 0.591797 0.533333 0.007031 0.011111
5 0.610938 0.578472 0.009375 0.015278
5 0.789453 0.751389 0.024219 0.036111
5 0.504297 0.688889 0.241406 0.619444
5 0.579297 0.502083 0.003906 0.009722
5 0.684766 0.750694 0.019531 0.037500
5 0.589844 0.445833 0.003125 0.005556
5 0.405469 0.523611 0.004687 0.011111
5 0.235937 0.920833 0.031250 0.063889
