0 0.603906 0.472222 0.004687 0.005556
0 0.178906 0.662500 0.035937 0.047222
0 0.571094 0.494444 0.010937 0.016667
0 0.063281 0.605556 0.029687 0.027778
0 0.429688 0.634722 0.025000 0.025000
0 0.447656 0.629167 0.026562 0.030556
0 0.063281 0.576389 0.023438 0.025000
0 0.435937 0.970833 0.084375 0.052778
0 0.592187 0.493056 0.006250 0.008333
0 0.081250 0.627778 0.031250 0.033333
0 0.310156 0.648611 0.039062 0.047222
0 0.160156 0.669444 0.054688 0.050000
0 0.383594 0.687500 0.042188 0.058333
0 0.401562 0.675000 0.031250 0.050000
0 0.671875 0.775000 0.062500 0.088889
0 0.522656 0.580556 0.023438 0.033333
0 0.414844 0.655556 0.029687 0.050000
0 0.014063 0.695833 0.028125 0.052778
0 0.570312 0.818056 0.056250 0.091667
0 0.325000 0.693056 0.040625 0.052778
0 0.467187 0.827778 0.062500 0.105556
0 0.504687 0.772222 0.043750 0.066667
0 0.178906 0.581944 0.023438 0.036111
0 0.288281 0.675000 0.039062 0.050000
0 0.014063 0.655556 0.028125 0.027778
0 0.542188 0.493056 0.009375 0.013889
0 0.556250 0.602778 0.028125 0.044444
0 0.345313 0.625000 0.031250 0.038889
0 0.190625 0.612500 0.031250 0.036111
0 0.076563 0.665278 0.053125 0.047222
0 0.023438 0.581944 0.012500 0.030556
0 0.466406 0.612500 0.014063 0.030556
0 0.570312 0.945833 0.068750 0.097222
0 0.415625 0.769444 0.050000 0.066667
0 0.443750 0.681944 0.046875 0.069444
0 0.571094 0.763889 0.048438 0.038889
0 0.450000 0.609722 0.040625 0.030556
0 0.635156 0.581944 0.017188 0.030556
0 0.251563 0.695833 0.040625 0.047222
0 0.417969 0.541667 0.023438 0.027778
1 0.473438 0.740278 0.018750 0.063889
3 0.514844 0.736111 0.501563 0.516667
3 0.685937 0.737500 0.162500 0.513889
3 0.492969 0.761111 0.226562 0.466667
3 0.253906 0.763889 0.507812 0.461111
3 0.414844 0.759722 0.314063 0.469444
4 0.240625 0.734722 0.012500 0.008333
4 0.126562 0.788889 0.015625 0.011111
4 0.125000 0.869444 0.021875 0.022222
4 0.208594 0.737500 0.014063 0.008333
4 0.339844 0.730556 0.014063 0.011111
4 0.631250 0.961111 0.006250 0.027778
4 0.307812 0.731944 0.012500 0.008333
4 0.333594 0.776389 0.014063 0.008333
4 0.531250 0.868056 0.006250 0.025000
4 0.275781 0.734722 0.014063 0.008333
4 0.278125 0.798611 0.012500 0.013889
4 0.296094 0.777778 0.017188 0.011111
4 0.257031 0.780556 0.017188 0.011111
4 0.219531 0.783333 0.017188 0.011111
4 0.191406 0.808333 0.014063 0.011111
4 0.031250 0.958333 0.031250 0.027778
4 0.622656 0.809722 0.004687 0.013889
4 0.221875 0.861111 0.015625 0.016667
4 0.405469 0.927778 0.057813 0.138889
4 0.586719 0.729167 0.010937 0.008333
4 0.516406 0.952778 0.007812 0.027778
4 0.146875 0.950000 0.025000 0.027778
5 0.559375 0.695833 0.003125 0.008333
5 0.126562 0.788889 0.015625 0.011111
5 0.125000 0.869444 0.021875 0.022222
5 0.631250 0.961111 0.006250 0.027778
5 0.492969 0.608333 0.026562 0.033333
5 0.031250 0.958333 0.031250 0.027778
5 0.221875 0.861111 0.015625 0.016667
5 0.278125 0.798611 0.012500 0.013889
5 0.531250 0.868056 0.006250 0.025000
5 0.146875 0.950000 0.025000 0.027778
5 0.191406 0.808333 0.014063 0.011111
5 0.622656 0.809722 0.004687 0.013889
5 0.405469 0.927778 0.057813 0.138889
5 0.516406 0.952778 0.007812 0.027778
7 0.749219 0.759722 0.101562 0.058333
7 0.409375 0.730556 0.434375 0.027778
