0 0.417969 0.558333 0.035937 0.055556
0 0.475781 0.379167 0.012500 0.013889
0 0.466016 0.368056 0.010156 0.016667
0 0.491406 0.354167 0.009375 0.013889
0 0.522656 0.363889 0.009375 0.013889
0 0.639844 0.557639 0.040625 0.059722
0 0.450391 0.363194 0.010156 0.015278
0 0.484375 0.368750 0.014063 0.020833
0 0.483203 0.338889 0.017969 0.022222
0 0.544141 0.336806 0.011719 0.023611
0 0.443359 0.374306 0.010156 0.015278
0 0.639453 0.475694 0.028906 0.040278
0 0.167969 0.688194 0.092188 0.090278
0 0.443750 0.431250 0.020313 0.023611
0 0.416016 0.401389 0.013281 0.019444
0 0.333594 0.529861 0.109375 0.193056
0 0.573438 0.426389 0.021875 0.036111
0 0.400781 0.466667 0.025000 0.030556
0 0.455078 0.379861 0.011719 0.018056
0 0.460156 0.359722 0.010937 0.016667
0 0.387109 0.434028 0.017969 0.026389
0 0.274219 0.993056 0.082812 0.011111
0 0.463672 0.415972 0.016406 0.020833
0 0.535937 0.360417 0.009375 0.012500
0 0.467578 0.337500 0.014844 0.022222
0 0.436328 0.503472 0.025781 0.040278
0 0.444922 0.462500 0.024219 0.030556
0 0.469531 0.395139 0.012500 0.020833
0 0.570703 0.535417 0.032031 0.054167
0 0.549609 0.352083 0.010156 0.018056
0 0.547266 0.381944 0.011719 0.016667
0 0.428906 0.417361 0.015625 0.026389
0 0.369922 0.724306 0.069531 0.106944
3 0.760547 0.682639 0.477344 0.626389
3 0.221875 0.628472 0.443750 0.495833
3 0.235156 0.690278 0.470313 0.608333
4 0.779687 0.624306 0.439063 0.515278
4 0.358984 0.630556 0.010156 0.019444
4 0.209375 0.736806 0.023438 0.034722
4 0.438281 0.694444 0.112500 0.608333
4 0.078125 0.938889 0.048438 0.069444
4 0.316406 0.730556 0.015625 0.030556
4 0.610938 0.578472 0.009375 0.015278
4 0.684766 0.750694 0.019531 0.037500
4 0.778516 0.967361 0.032031 0.062500
4 0.677344 0.581944 0.010937 0.013889
4 0.276953 0.636806 0.014844 0.020833
4 0.150000 0.689583 0.300000 0.334722
4 0.931641 0.966667 0.046094 0.063889
4 0.789453 0.751389 0.024219 0.036111
4 0.638281 0.643056 0.012500 0.022222
4 0.569531 0.689583 0.110937 0.618056
4 0.236328 0.920833 0.032031 0.063889
4 0.721484 0.648611 0.016406 0.022222
5 0.779687 0.624306 0.439063 0.515278
5 0.610938 0.479861 0.004687 0.006944
5 0.569922 0.477778 0.003906 0.008333
5 0.385547 0.569444 0.007031 0.013889
5 0.209375 0.736806 0.023438 0.034722
5 0.438281 0.694444 0.112500 0.608333
5 0.078125 0.938889 0.048438 0.069444
5 0.778516 0.967361 0.032031 0.062500
5 0.366016 0.571528 0.010156 0.018056
5 0.931641 0.966667 0.046094 0.063889
5 0.316406 0.730556 0.015625 0.030556
5 0.610938 0.578472 0.009375 0.015278
5 0.684766 0.750694 0.019531 0.037500
5 0.418359 0.493750 0.005469 0.006944
5 0.404687 0.525000 0.006250 0.011111
5 0.562109 0.459028 0.003906 0.006944
5 0.358984 0.630556 0.010156 0.019444
5 0.677344 0.581944 0.010937 0.013889
5 0.276953 0.636806 0.014844 0.020833
5 0.627344 0.504167 0.006250 0.008333
5 0.590234 0.445833 0.003906 0.005556
5 0.150000 0.689583 0.300000 0.334722
5 0.591406 0.534028 0.006250 0.009722
5 0.789453 0.751389 0.024219 0.036111
5 0.638672 0.643056 0.011719 0.022222
5 0.579688 0.502083 0.004687 0.009722
5 0.599609 0.460417 0.003906 0.006944
5 0.569531 0.689583 0.110937 0.618056
5 0.554297 0.437500 0.008594 0.019444
5 0.236328 0.920833 0.032031 0.063889
5 0.721484 0.648611 0.016406 0.022222
