0 0.467187 0.363889 0.010937 0.016667
0 0.568359 0.487500 0.027344 0.038889
0 0.473438 0.386806 0.014063 0.020833
0 0.847266 0.892361 0.139844 0.206944
0 0.539453 0.367361 0.008594 0.015278
0 0.685547 0.531250 0.041406 0.051389
0 0.338281 0.486111 0.034375 0.044444
0 0.115625 0.936806 0.153125 0.123611
0 0.393359 0.422222 0.016406 0.022222
0 0.453906 0.382639 0.012500 0.015278
0 0.277344 0.502778 0.017188 0.055556
0 0.365625 0.526389 0.035937 0.050000
0 0.403125 0.602778 0.050000 0.066667
0 0.471484 0.343056 0.013281 0.027778
0 0.443750 0.403472 0.010937 0.026389
0 0.392578 0.479861 0.027344 0.034722
0 0.458594 0.359028 0.010937 0.020833
0 0.170703 0.600000 0.224219 0.305556
0 0.467578 0.410417 0.014844 0.020833
0 0.539453 0.425694 0.017969 0.026389
0 0.445312 0.362500 0.014063 0.027778
0 0.446094 0.480556 0.028125 0.036111
0 0.484766 0.363889 0.011719 0.019444
0 0.548438 0.354861 0.009375 0.012500
0 0.545703 0.383333 0.011719 0.019444
0 0.533594 0.349306 0.006250 0.015278
0 0.420703 0.409722 0.038281 0.080556
0 0.488672 0.342361 0.010156 0.018056
0 0.274219 0.952083 0.142187 0.093056
3 0.774609 0.614583 0.449219 0.531944
3 0.776172 0.685417 0.446094 0.618056
3 0.199219 0.638194 0.398438 0.434722
3 0.231641 0.710417 0.463281 0.570833
3 0.654297 0.677083 0.272656 0.637500
3 0.360547 0.710417 0.227344 0.570833
4 0.192188 0.643750 0.384375 0.426389
4 0.436328 0.704167 0.108594 0.588889
4 0.316406 0.729861 0.015625 0.031944
4 0.638672 0.643056 0.011719 0.022222
4 0.333594 0.486111 0.103125 0.111111
4 0.277344 0.636806 0.015625 0.020833
4 0.778906 0.967361 0.032813 0.062500
4 0.778125 0.622917 0.442188 0.518056
4 0.677344 0.581944 0.010937 0.013889
4 0.358984 0.631250 0.010156 0.020833
4 0.319922 0.571528 0.010156 0.015278
4 0.789453 0.751389 0.024219 0.036111
4 0.569141 0.684028 0.111719 0.629167
4 0.610938 0.578472 0.009375 0.015278
4 0.684766 0.750694 0.019531 0.037500
4 0.209375 0.736806 0.023438 0.034722
4 0.721875 0.648611 0.015625 0.022222
5 0.677344 0.581944 0.010937 0.013889
5 0.561719 0.459028 0.004687 0.006944
5 0.591797 0.533333 0.007031 0.011111
5 0.385547 0.569444 0.007031 0.013889
5 0.599609 0.460417 0.003906 0.006944
5 0.438281 0.694444 0.112500 0.608333
5 0.371484 0.495139 0.007031 0.009722
5 0.045312 0.804167 0.090625 0.105556
5 0.933594 0.967361 0.043750 0.062500
5 0.316406 0.729861 0.015625 0.031944
5 0.638672 0.643056 0.011719 0.022222
5 0.209766 0.736806 0.022656 0.034722
5 0.405078 0.523611 0.005469 0.011111
5 0.333203 0.486111 0.102344 0.111111
5 0.358594 0.630556 0.009375 0.019444
5 0.277734 0.636806 0.014844 0.020833
5 0.778906 0.967361 0.032813 0.062500
5 0.778125 0.622917 0.442188 0.518056
5 0.418359 0.493750 0.005469 0.009722
5 0.556641 0.443750 0.003906 0.006944
5 0.319922 0.571528 0.010156 0.015278
5 0.647656 0.537500 0.007812 0.011111
5 0.789453 0.751389 0.024219 0.036111
5 0.569141 0.684028 0.111719 0.629167
5 0.610938 0.578472 0.009375 0.015278
5 0.611328 0.480556 0.005469 0.008333
5 0.684766 0.750694 0.019531 0.037500
5 0.582031 0.432639 0.003125 0.004167
5 0.589844 0.445833 0.003125 0.005556
5 0.627344 0.504861 0.006250 0.009722
5 0.228906 0.941667 0.045312 0.105556
5 0.721484 0.648611 0.014844 0.022222
