0 0.026562 0.507870 0.048958 0.045370
0 0.321615 0.179630 0.018229 0.018519
0 0.007552 0.514352 0.015104 0.030556
0 0.946354 0.450926 0.058333 0.057407
0 0.130729 0.517593 0.041667 0.020370
0 0.080729 0.519907 0.051042 0.034259
0 0.266406 0.255556 0.022396 0.020370
0 0.219271 0.523148 0.036458 0.031481
0 0.142708 0.483796 0.035417 0.034259
0 0.115625 0.481019 0.022917 0.015741
0 0.544010 0.515741 0.169271 0.100000
0 0.118490 0.500926 0.025521 0.029630
0 0.314844 0.523611 0.024479 0.041667
0 0.393490 0.536111 0.142187 0.096296
0 0.086979 0.253704 0.023958 0.025926
0 0.500000 0.196296 0.019792 0.018519
0 0.413021 0.172685 0.030208 0.026852
0 0.883073 0.456944 0.059896 0.052778
0 0.327344 0.143056 0.017188 0.015741
1 0.653385 0.525000 0.015104 0.029630
3 0.499740 0.558333 0.999479 0.259259
4 0.125521 0.042593 0.015625 0.014815
4 0.178906 0.037500 0.011979 0.036111
5 0.125521 0.042593 0.015625 0.014815
5 0.178906 0.037500 0.011979 0.036111
