0 0.549609 0.355556 0.008594 0.011111
0 0.403516 0.645139 0.052344 0.076389
0 0.558984 0.371528 0.010156 0.015278
0 0.453906 0.384722 0.007812 0.016667
0 0.323828 0.508333 0.032031 0.041667
0 0.435156 0.368750 0.018750 0.037500
0 0.465625 0.411111 0.015625 0.022222
0 0.532031 0.382639 0.014063 0.031944
0 0.677734 0.620833 0.055469 0.080556
0 0.944141 0.764583 0.110156 0.448611
0 0.746875 0.595139 0.054688 0.070833
0 0.279687 0.570139 0.050000 0.056944
0 0.461328 0.374306 0.010156 0.015278
0 0.449609 0.448611 0.021094 0.030556
0 0.408594 0.383333 0.032813 0.072222
0 0.373437 0.508333 0.035937 0.047222
0 0.617969 0.425694 0.048438 0.090278
0 0.385156 0.435417 0.018750 0.026389
0 0.573828 0.377778 0.021094 0.047222
0 0.480078 0.349306 0.008594 0.012500
0 0.532422 0.411111 0.016406 0.025000
0 0.522266 0.370833 0.008594 0.016667
0 0.480859 0.374306 0.010156 0.015278
0 0.462500 0.356944 0.009375 0.011111
0 0.439844 0.499306 0.029687 0.040278
0 0.543359 0.371528 0.010156 0.015278
0 0.557031 0.403472 0.015625 0.023611
0 0.491016 0.355556 0.008594 0.011111
0 0.326562 0.602778 0.053125 0.069444
0 0.552344 0.390278 0.014063 0.022222
0 0.443359 0.395139 0.019531 0.034722
0 0.324609 0.928472 0.105469 0.140278
0 0.582812 0.447222 0.021875 0.030556
3 0.754297 0.701389 0.460156 0.588889
3 0.241797 0.690972 0.483594 0.609722
4 0.350391 0.526389 0.008594 0.011111
4 0.611328 0.479861 0.005469 0.009722
4 0.405078 0.523611 0.005469 0.011111
4 0.385547 0.569444 0.007031 0.013889
4 0.209766 0.736806 0.022656 0.034722
4 0.450000 0.702083 0.137500 0.593056
4 0.578906 0.502083 0.004687 0.009722
4 0.316406 0.730556 0.015625 0.030556
4 0.638281 0.643056 0.012500 0.022222
4 0.569531 0.477778 0.004687 0.008333
4 0.208984 0.637500 0.417969 0.436111
4 0.778906 0.967361 0.032813 0.062500
4 0.647656 0.537500 0.007812 0.011111
4 0.418359 0.494444 0.005469 0.008333
4 0.276953 0.636806 0.014844 0.020833
4 0.077734 0.939583 0.049219 0.070833
4 0.738281 0.579167 0.303125 0.350000
4 0.931641 0.966667 0.046094 0.063889
4 0.591797 0.534028 0.007031 0.009722
4 0.610938 0.578472 0.009375 0.015278
4 0.789453 0.751389 0.024219 0.036111
4 0.571094 0.709722 0.107813 0.577778
4 0.358984 0.630556 0.010156 0.019444
4 0.684766 0.750694 0.019531 0.037500
4 0.627344 0.505556 0.006250 0.008333
4 0.236328 0.920833 0.032031 0.063889
4 0.721484 0.648611 0.014844 0.022222
5 0.740625 0.581944 0.298438 0.341667
5 0.611328 0.479861 0.005469 0.009722
5 0.197656 0.637500 0.395313 0.436111
5 0.778516 0.967361 0.032031 0.062500
5 0.627344 0.505556 0.006250 0.008333
5 0.405078 0.523611 0.005469 0.011111
5 0.450000 0.702778 0.137500 0.591667
5 0.578906 0.502083 0.004687 0.009722
5 0.385937 0.472917 0.004687 0.006944
5 0.316406 0.730556 0.015625 0.030556
5 0.638281 0.643056 0.012500 0.022222
5 0.569531 0.477778 0.004687 0.008333
5 0.385547 0.569444 0.007031 0.013889
5 0.350391 0.527083 0.007031 0.009722
5 0.562109 0.459028 0.003906 0.006944
5 0.647656 0.537500 0.007812 0.011111
5 0.675000 0.577083 0.006250 0.006944
5 0.418359 0.494444 0.005469 0.008333
5 0.277344 0.636806 0.014063 0.020833
5 0.209766 0.736806 0.022656 0.034722
5 0.077734 0.938889 0.049219 0.069444
5 0.931641 0.966667 0.046094 0.063889
5 0.591797 0.534028 0.007031 0.009722
5 0.610938 0.578472 0.009375 0.015278
5 0.427344 0.471528 0.004687 0.006944
5 0.789453 0.751389 0.024219 0.036111
5 0.571094 0.709722 0.107813 0.577778
5 0.358984 0.630556 0.010156 0.019444
5 0.397656 0.456250 0.004687 0.006944
5 0.684766 0.750694 0.019531 0.037500
5 0.556641 0.443750 0.003906 0.006944
5 0.235937 0.920833 0.031250 0.063889
5 0.721484 0.648611 0.014844 0.022222
