0 0.047656 0.250000 0.029687 0.022222
0 0.707292 0.509722 0.059375 0.060185
0 0.531510 0.238889 0.009896 0.014815
0 0.521875 0.194907 0.006250 0.008333
0 0.065104 0.237037 0.025000 0.027778
0 0.959375 0.687963 0.080208 0.075926
0 0.542188 0.294907 0.014583 0.017593
0 0.043229 0.385648 0.069792 0.062037
0 0.078646 0.338426 0.037500 0.019444
0 0.084375 0.322222 0.028125 0.018519
0 0.992448 0.293981 0.014063 0.021296
0 0.527344 0.223611 0.007812 0.010185
3 0.279427 0.690278 0.554688 0.608333
3 0.498437 0.668981 0.996875 0.652778
4 0.357812 0.969907 0.026042 0.050926
4 0.666406 0.529630 0.023438 0.012963
4 0.808333 0.756481 0.041667 0.016667
4 0.632552 0.486574 0.031771 0.010185
4 0.864844 0.828241 0.046354 0.019444
4 0.302083 0.475463 0.093750 0.095370
4 0.887760 0.750926 0.070312 0.011111
4 0.229427 0.981481 0.024479 0.035185
4 0.528385 0.424074 0.023438 0.081481
4 0.647917 0.506019 0.027083 0.012037
4 0.695312 0.555556 0.030208 0.012963
4 0.487760 0.431944 0.035937 0.084259
4 0.839323 0.797222 0.055729 0.014815
4 0.278646 0.481019 0.097917 0.093519
4 0.221875 0.494907 0.122917 0.106481
4 0.658854 0.516667 0.028125 0.012963
4 0.778385 0.700000 0.058854 0.012963
4 0.738802 0.631019 0.044271 0.012037
4 0.326042 0.471759 0.128125 0.100926
5 0.357552 0.969907 0.025521 0.050926
5 0.666146 0.529630 0.022917 0.012963
5 0.221875 0.495370 0.121875 0.105556
5 0.622396 0.473611 0.033333 0.013889
5 0.613021 0.462037 0.026042 0.011111
5 0.808333 0.756481 0.041667 0.016667
5 0.632552 0.486111 0.030729 0.011111
5 0.864583 0.828241 0.045833 0.017593
5 0.528385 0.424074 0.023438 0.081481
5 0.302083 0.475000 0.094792 0.096296
5 0.887760 0.750926 0.070312 0.011111
5 0.647656 0.506019 0.026562 0.012037
5 0.695573 0.555556 0.029687 0.012963
5 0.487760 0.432407 0.034896 0.083333
5 0.839063 0.797222 0.055208 0.014815
5 0.527083 0.461574 0.095833 0.025000
5 0.278125 0.481481 0.096875 0.092593
5 0.658594 0.516667 0.027604 0.012963
5 0.778646 0.700000 0.058333 0.012963
5 0.720573 0.546296 0.013021 0.011111
5 0.738802 0.631019 0.043229 0.012037
5 0.658073 0.479167 0.045312 0.047222
5 0.325521 0.471759 0.128125 0.100926
5 0.229687 0.981481 0.023958 0.035185
