0 0.884375 0.469444 0.056250 0.077778
0 0.791406 0.619444 0.123438 0.172222
0 0.092188 0.961111 0.012500 0.072222
0 0.340625 0.250000 0.018750 0.033333
0 0.818750 0.541667 0.071875 0.094444
1 0.738281 0.406944 0.010937 0.058333
1 0.246094 0.302778 0.004687 0.027778
3 0.685937 0.619444 0.450000 0.744444
3 0.178906 0.772222 0.185938 0.444444
3 0.553125 0.319444 0.265625 0.244444
3 0.510156 0.618056 0.801562 0.752778
3 0.567187 0.622222 0.356250 0.727778
3 0.455469 0.619444 0.276562 0.744444
4 0.182812 0.986111 0.106250 0.022222
4 0.424219 0.469444 0.014063 0.033333
4 0.432812 0.306944 0.009375 0.013889
4 0.390625 0.370833 0.009375 0.025000
4 0.414844 0.470833 0.014063 0.036111
4 0.195312 0.641667 0.115625 0.033333
4 0.642969 0.430556 0.023438 0.027778
4 0.375781 0.315278 0.007812 0.019444
4 0.464844 0.363889 0.014063 0.022222
4 0.682031 0.423611 0.029687 0.030556
4 0.189062 0.680556 0.125000 0.033333
4 0.507812 0.322222 0.012500 0.016667
4 0.403906 0.408333 0.026562 0.011111
5 0.506250 0.461111 0.287500 0.083333
5 0.170313 0.795833 0.168750 0.402778
7 0.884375 0.530556 0.059375 0.061111
7 0.506250 0.461111 0.287500 0.083333
7 0.170313 0.795833 0.168750 0.402778
