0 0.547266 0.346528 0.011719 0.026389
0 0.525000 0.376389 0.009375 0.013889
0 0.485156 0.366667 0.009375 0.013889
0 0.575000 0.373611 0.025000 0.058333
0 0.427734 0.429167 0.017969 0.025000
0 0.458203 0.358333 0.008594 0.011111
0 0.581641 0.486806 0.027344 0.040278
0 0.160156 0.711111 0.084375 0.091667
0 0.438281 0.377778 0.010937 0.013889
0 0.449219 0.387500 0.012500 0.016667
0 0.476172 0.388889 0.013281 0.016667
0 0.473438 0.359722 0.009375 0.013889
0 0.385156 0.413194 0.039062 0.065278
0 0.379688 0.487500 0.040625 0.077778
0 0.558203 0.364583 0.013281 0.043056
0 0.405078 0.461806 0.021094 0.031944
0 0.539453 0.365972 0.010156 0.023611
0 0.263672 0.508333 0.132031 0.213889
0 0.462109 0.373611 0.011719 0.016667
0 0.473438 0.344444 0.009375 0.013889
0 0.408984 0.601389 0.046094 0.063889
0 0.455859 0.445139 0.019531 0.029167
0 0.538281 0.410417 0.015625 0.023611
0 0.488672 0.354167 0.008594 0.011111
0 0.317188 0.881250 0.101562 0.151389
3 0.759375 0.690972 0.476562 0.609722
3 0.787891 0.703472 0.422656 0.581944
3 0.239063 0.695139 0.478125 0.598611
3 0.786328 0.640278 0.425781 0.477778
3 0.223438 0.627778 0.446875 0.488889
4 0.437109 0.697917 0.110156 0.601389
4 0.611328 0.578472 0.008594 0.015278
4 0.793359 0.643056 0.411719 0.477778
4 0.385547 0.569444 0.007031 0.013889
4 0.647656 0.537500 0.007812 0.011111
4 0.390234 0.445833 0.125781 0.166667
4 0.677344 0.581250 0.010937 0.015278
4 0.316406 0.729861 0.015625 0.031944
4 0.685156 0.750694 0.018750 0.037500
4 0.077734 0.939583 0.049219 0.070833
4 0.350000 0.526389 0.007812 0.011111
4 0.358984 0.631250 0.010156 0.020833
4 0.778516 0.967361 0.032031 0.062500
4 0.320312 0.572222 0.009375 0.013889
4 0.627734 0.504861 0.007031 0.009722
4 0.276953 0.636806 0.014844 0.020833
4 0.107031 0.735417 0.214062 0.240278
4 0.931641 0.966667 0.046094 0.063889
4 0.591797 0.533333 0.007031 0.011111
4 0.789453 0.751389 0.024219 0.036111
4 0.510156 0.702778 0.253125 0.591667
4 0.638281 0.643056 0.012500 0.022222
4 0.209375 0.736806 0.023438 0.034722
4 0.235937 0.920833 0.031250 0.063889
4 0.721484 0.648611 0.016406 0.022222
5 0.589453 0.445833 0.003906 0.005556
5 0.437109 0.698611 0.110156 0.600000
5 0.562109 0.459722 0.003906 0.005556
5 0.557031 0.444444 0.003125 0.005556
5 0.792969 0.642361 0.412500 0.479167
5 0.385547 0.569444 0.007031 0.013889
5 0.435937 0.453472 0.004687 0.006944
5 0.647656 0.537500 0.007812 0.011111
5 0.390234 0.445833 0.125781 0.166667
5 0.358594 0.631250 0.009375 0.020833
5 0.276953 0.636806 0.014844 0.020833
5 0.599609 0.460417 0.003906 0.006944
5 0.677344 0.581250 0.010937 0.015278
5 0.190234 0.639583 0.047656 0.051389
5 0.316406 0.729861 0.015625 0.031944
5 0.569531 0.703472 0.109375 0.590278
5 0.685156 0.750694 0.018750 0.037500
5 0.077734 0.939583 0.049219 0.070833
5 0.417578 0.494444 0.005469 0.008333
5 0.350391 0.526389 0.007031 0.011111
5 0.778516 0.967361 0.032031 0.062500
5 0.405469 0.524306 0.004687 0.009722
5 0.581641 0.433333 0.003906 0.005556
5 0.320312 0.572222 0.009375 0.013889
5 0.627344 0.504861 0.006250 0.009722
5 0.427734 0.471528 0.005469 0.006944
5 0.107031 0.735417 0.214062 0.240278
5 0.931641 0.966667 0.046094 0.063889
5 0.591797 0.533333 0.007031 0.011111
5 0.611328 0.479861 0.005469 0.006944
5 0.610938 0.578472 0.009375 0.015278
5 0.789453 0.751389 0.024219 0.036111
5 0.638672 0.643056 0.011719 0.022222
5 0.209375 0.736806 0.023438 0.034722
5 0.235937 0.920833 0.031250 0.063889
5 0.721094 0.648611 0.015625 0.022222
