0 0.396484 0.610417 0.049219 0.068056
0 0.523047 0.366667 0.010156 0.013889
0 0.492969 0.352083 0.009375 0.012500
0 0.562891 0.378472 0.010156 0.015278
0 0.447656 0.454861 0.023438 0.034722
0 0.869531 0.675000 0.259375 0.444444
0 0.529687 0.389583 0.014063 0.018056
0 0.477734 0.343056 0.014844 0.030556
0 0.572266 0.430556 0.017969 0.027778
0 0.110547 0.804861 0.100781 0.118056
0 0.424219 0.410417 0.029687 0.056944
0 0.469531 0.394444 0.014063 0.025000
0 0.547266 0.438889 0.019531 0.030556
0 0.470703 0.361111 0.010156 0.016667
0 0.479687 0.373611 0.010937 0.016667
0 0.465234 0.402083 0.019531 0.031944
0 0.457031 0.433333 0.020313 0.027778
0 0.364063 0.457639 0.025000 0.029167
0 0.233984 0.618750 0.058594 0.070833
0 0.605469 0.431944 0.020313 0.030556
0 0.448437 0.377083 0.026562 0.051389
0 0.312891 0.519444 0.035156 0.044444
0 0.661328 0.596528 0.049219 0.079167
0 0.432031 0.518056 0.034375 0.052778
0 0.541406 0.340972 0.006250 0.009722
0 0.542969 0.375000 0.010937 0.016667
0 0.584766 0.556250 0.041406 0.090278
0 0.536719 0.359722 0.007812 0.016667
0 0.553906 0.395833 0.012500 0.019444
0 0.142969 0.927778 0.139063 0.141667
0 0.642578 0.474306 0.027344 0.037500
3 0.748437 0.699306 0.453125 0.593056
3 0.762109 0.692361 0.474219 0.606944
3 0.203906 0.627778 0.407813 0.458333
3 0.230859 0.707639 0.461719 0.573611
4 0.611328 0.481250 0.005469 0.009722
4 0.438281 0.693056 0.112500 0.611111
4 0.385547 0.569444 0.007031 0.013889
4 0.627344 0.504167 0.006250 0.008333
4 0.789453 0.751389 0.024219 0.036111
4 0.071484 0.946528 0.035156 0.056944
4 0.405078 0.523611 0.005469 0.011111
4 0.316406 0.730556 0.015625 0.030556
4 0.358594 0.631944 0.009375 0.019444
4 0.684766 0.750694 0.019531 0.037500
4 0.209375 0.736806 0.023438 0.034722
4 0.371094 0.495139 0.006250 0.009722
4 0.350000 0.527083 0.007812 0.009722
4 0.204297 0.631944 0.408594 0.447222
4 0.778516 0.967361 0.032031 0.062500
4 0.319922 0.572222 0.010156 0.013889
4 0.647656 0.537500 0.007812 0.011111
4 0.276953 0.636806 0.014844 0.020833
4 0.644531 0.466667 0.190625 0.230556
4 0.932031 0.966667 0.046875 0.063889
4 0.611328 0.578472 0.008594 0.015278
4 0.638281 0.643056 0.012500 0.022222
4 0.504297 0.702778 0.241406 0.591667
4 0.236328 0.920833 0.032031 0.063889
4 0.703906 0.622222 0.051562 0.075000
5 0.611328 0.481250 0.005469 0.009722
5 0.438281 0.693750 0.112500 0.609722
5 0.399219 0.454167 0.004687 0.008333
5 0.569922 0.478472 0.003906 0.006944
5 0.418359 0.493750 0.005469 0.009722
5 0.627344 0.504167 0.006250 0.008333
5 0.358594 0.631250 0.009375 0.018056
5 0.789453 0.751389 0.024219 0.036111
5 0.578906 0.502083 0.004687 0.006944
5 0.071484 0.947222 0.035156 0.055556
5 0.386719 0.472917 0.006250 0.009722
5 0.405078 0.523611 0.005469 0.011111
5 0.316406 0.730556 0.015625 0.030556
5 0.209375 0.736806 0.023438 0.034722
5 0.204297 0.631250 0.408594 0.448611
5 0.371094 0.495833 0.006250 0.008333
5 0.385547 0.569444 0.007031 0.013889
5 0.778516 0.967361 0.032031 0.062500
5 0.319531 0.572222 0.009375 0.013889
5 0.277344 0.636806 0.014063 0.020833
5 0.647656 0.537500 0.007812 0.011111
5 0.655469 0.483333 0.168750 0.197222
5 0.932031 0.966667 0.046875 0.063889
5 0.611328 0.578472 0.008594 0.015278
5 0.679297 0.582639 0.008594 0.015278
5 0.427344 0.470833 0.004687 0.008333
5 0.800781 0.706250 0.039062 0.051389
5 0.684766 0.750694 0.019531 0.037500
5 0.638672 0.643056 0.011719 0.022222
5 0.599219 0.460417 0.004687 0.006944
5 0.504297 0.703472 0.241406 0.590278
5 0.350391 0.527083 0.007031 0.009722
5 0.236328 0.920833 0.032031 0.063889
5 0.704297 0.622222 0.050781 0.075000
