0 0.453125 0.447917 0.023438 0.037500
0 0.523047 0.362500 0.010156 0.016667
0 0.535937 0.356944 0.009375 0.013889
0 0.638672 0.557639 0.039844 0.059722
0 0.553516 0.355556 0.013281 0.019444
0 0.439844 0.373611 0.010937 0.013889
0 0.610938 0.443056 0.023438 0.027778
0 0.490234 0.359722 0.008594 0.016667
0 0.420703 0.393056 0.013281 0.019444
0 0.435547 0.409722 0.014844 0.022222
0 0.462109 0.416667 0.017969 0.022222
0 0.383203 0.486111 0.055469 0.094444
0 0.418359 0.561806 0.036719 0.056944
0 0.460547 0.361806 0.019531 0.043056
0 0.475000 0.355556 0.007812 0.013889
0 0.328516 0.589583 0.053906 0.073611
0 0.393359 0.398611 0.041406 0.080556
0 0.408984 0.450694 0.022656 0.029167
0 0.560156 0.375000 0.010937 0.013889
0 0.445312 0.395139 0.014063 0.018056
0 0.293359 0.538194 0.038281 0.048611
0 0.172266 0.680556 0.085156 0.094444
0 0.090234 0.958333 0.141406 0.080556
0 0.471875 0.392361 0.015625 0.018056
0 0.483984 0.370833 0.010156 0.016667
0 0.542578 0.333333 0.011719 0.019444
0 0.567969 0.418056 0.015625 0.025000
0 0.270313 0.717361 0.075000 0.098611
0 0.573047 0.390972 0.011719 0.018056
0 0.483594 0.336111 0.012500 0.025000
3 0.776172 0.634722 0.446094 0.494444
3 0.193750 0.647917 0.387500 0.418056
3 0.760938 0.686806 0.471875 0.615278
3 0.228125 0.708333 0.456250 0.569444
3 0.728906 0.694444 0.406250 0.602778
3 0.645703 0.681944 0.255469 0.627778
3 0.342969 0.705556 0.268750 0.586111
4 0.791406 0.640278 0.415625 0.480556
4 0.611328 0.480556 0.005469 0.008333
4 0.570312 0.477778 0.004687 0.008333
4 0.385547 0.569444 0.007031 0.013889
4 0.418359 0.494444 0.005469 0.008333
4 0.209375 0.736806 0.023438 0.034722
4 0.437891 0.695139 0.111719 0.606944
4 0.578906 0.502083 0.004687 0.009722
4 0.386328 0.472222 0.005469 0.008333
4 0.093750 0.913889 0.017188 0.019444
4 0.316406 0.729861 0.015625 0.031944
4 0.638672 0.643056 0.011719 0.022222
4 0.358984 0.631250 0.010156 0.020833
4 0.350781 0.526389 0.007812 0.011111
4 0.188281 0.649306 0.376563 0.415278
4 0.778516 0.967361 0.032031 0.062500
4 0.721875 0.648611 0.015625 0.022222
4 0.277344 0.636111 0.014063 0.019444
4 0.932031 0.966667 0.045312 0.063889
4 0.591797 0.533333 0.007031 0.011111
4 0.677344 0.581944 0.010937 0.013889
4 0.627344 0.504861 0.006250 0.009722
4 0.789453 0.751389 0.024219 0.036111
4 0.569922 0.689583 0.110156 0.618056
4 0.684766 0.750694 0.019531 0.037500
4 0.405469 0.524306 0.004687 0.009722
4 0.236328 0.920833 0.032031 0.063889
5 0.791406 0.640278 0.415625 0.480556
5 0.611328 0.480556 0.005469 0.008333
5 0.557422 0.444444 0.003906 0.005556
5 0.570312 0.477778 0.004687 0.008333
5 0.778516 0.967361 0.032031 0.062500
5 0.385547 0.569444 0.007031 0.013889
5 0.427734 0.470833 0.005469 0.008333
5 0.599609 0.460417 0.003906 0.006944
5 0.418359 0.494444 0.005469 0.008333
5 0.209766 0.736806 0.022656 0.034722
5 0.437891 0.694444 0.111719 0.608333
5 0.578906 0.502083 0.004687 0.009722
5 0.386328 0.472222 0.005469 0.008333
5 0.093750 0.913889 0.017188 0.019444
5 0.316406 0.729861 0.015625 0.031944
5 0.589453 0.445139 0.003906 0.006944
5 0.610938 0.578472 0.009375 0.015278
5 0.638672 0.643056 0.011719 0.022222
5 0.358984 0.630556 0.010156 0.019444
5 0.350391 0.526389 0.007031 0.011111
5 0.188281 0.649306 0.376563 0.415278
5 0.721484 0.648611 0.014844 0.022222
5 0.277344 0.636111 0.014063 0.019444
5 0.932031 0.966667 0.045312 0.063889
5 0.591797 0.533333 0.007031 0.011111
5 0.677344 0.581944 0.010937 0.013889
5 0.627344 0.505556 0.006250 0.008333
5 0.551172 0.430556 0.003906 0.008333
5 0.789453 0.751389 0.024219 0.036111
5 0.562109 0.459028 0.003906 0.006944
5 0.569922 0.689583 0.110156 0.618056
5 0.684766 0.750694 0.019531 0.037500
5 0.405469 0.524306 0.004687 0.009722
5 0.236328 0.920833 0.032031 0.063889
