0 0.573828 0.369444 0.021094 0.058333
0 0.457422 0.429167 0.019531 0.027778
0 0.444531 0.476389 0.023438 0.036111
0 0.321094 0.546528 0.181250 0.298611
0 0.432422 0.506250 0.033594 0.056944
0 0.440234 0.375694 0.007031 0.015278
0 0.387500 0.454167 0.062500 0.116667
0 0.474609 0.387500 0.013281 0.019444
0 0.660937 0.791667 0.079687 0.144444
0 0.524219 0.375694 0.010937 0.018056
0 0.423438 0.390972 0.012500 0.018056
0 0.589063 0.443750 0.025000 0.043056
0 0.094922 0.777778 0.111719 0.105556
0 0.471875 0.359028 0.009375 0.015278
0 0.484375 0.368056 0.010937 0.016667
0 0.439844 0.402778 0.015625 0.019444
0 0.536328 0.354167 0.007031 0.011111
0 0.521094 0.359028 0.007812 0.018056
0 0.423828 0.438194 0.011719 0.029167
0 0.341016 0.479167 0.032031 0.036111
0 0.556250 0.370139 0.007812 0.015278
0 0.454297 0.366667 0.021094 0.052778
0 0.535156 0.398611 0.018750 0.038889
0 0.407813 0.587500 0.042188 0.061111
0 0.539453 0.369444 0.008594 0.016667
0 0.552344 0.362500 0.007812 0.013889
0 0.549219 0.388889 0.009375 0.016667
0 0.376172 0.693056 0.063281 0.100000
0 0.474219 0.343056 0.010937 0.016667
3 0.804688 0.718056 0.389062 0.552778
3 0.760938 0.697222 0.471875 0.594444
3 0.219531 0.614583 0.439063 0.484722
3 0.240234 0.697222 0.480469 0.597222
3 0.791797 0.639583 0.414844 0.479167
4 0.611328 0.480556 0.005469 0.008333
4 0.792188 0.641667 0.414062 0.480556
4 0.209766 0.736111 0.024219 0.036111
4 0.452344 0.694444 0.140625 0.608333
4 0.578906 0.502083 0.004687 0.009722
4 0.077734 0.938889 0.049219 0.069444
4 0.385547 0.569444 0.007031 0.013889
4 0.316406 0.730556 0.015625 0.030556
4 0.638672 0.643750 0.011719 0.020833
4 0.569922 0.477778 0.003906 0.008333
4 0.350000 0.526389 0.007812 0.011111
4 0.778516 0.967361 0.032031 0.062500
4 0.721484 0.649306 0.014844 0.020833
4 0.115234 0.727083 0.230469 0.259722
4 0.931641 0.966667 0.046094 0.063889
4 0.592187 0.533333 0.006250 0.011111
4 0.677344 0.581944 0.010937 0.013889
4 0.627344 0.504861 0.006250 0.009722
4 0.789453 0.751389 0.024219 0.036111
4 0.504297 0.703472 0.241406 0.590278
4 0.610938 0.578472 0.009375 0.015278
4 0.685547 0.750000 0.017969 0.036111
4 0.647656 0.537500 0.007812 0.011111
4 0.358594 0.630556 0.009375 0.019444
4 0.236328 0.920833 0.032031 0.063889
5 0.611328 0.480556 0.005469 0.008333
5 0.562109 0.459028 0.003906 0.006944
5 0.556641 0.443750 0.003906 0.006944
5 0.792188 0.641667 0.414062 0.480556
5 0.209766 0.736111 0.024219 0.036111
5 0.452344 0.693750 0.140625 0.609722
5 0.578906 0.502083 0.004687 0.009722
5 0.319531 0.500000 0.012500 0.011111
5 0.931641 0.966667 0.046094 0.063889
5 0.316406 0.730556 0.015625 0.030556
5 0.638672 0.643750 0.011719 0.020833
5 0.077734 0.938889 0.049219 0.069444
5 0.569922 0.477778 0.003906 0.008333
5 0.350391 0.526389 0.007031 0.011111
5 0.778516 0.967361 0.032031 0.062500
5 0.385547 0.569444 0.007031 0.013889
5 0.115234 0.727083 0.230469 0.259722
5 0.591797 0.533333 0.005469 0.011111
5 0.677344 0.581944 0.010937 0.013889
5 0.627344 0.504861 0.006250 0.009722
5 0.789453 0.751389 0.024219 0.036111
5 0.504297 0.704167 0.241406 0.588889
5 0.610938 0.578472 0.009375 0.015278
5 0.685156 0.750000 0.017188 0.036111
5 0.647656 0.537500 0.007812 0.011111
5 0.358594 0.630556 0.009375 0.019444
5 0.236328 0.920833 0.032031 0.063889
5 0.721484 0.649306 0.014844 0.020833
