0 0.485156 0.363194 0.012500 0.018056
0 0.463672 0.372222 0.010156 0.013889
0 0.478516 0.356250 0.008594 0.015278
0 0.549219 0.470139 0.021875 0.037500
0 0.558203 0.370139 0.008594 0.012500
0 0.433203 0.410417 0.016406 0.020833
0 0.392188 0.478472 0.034375 0.051389
0 0.572656 0.427778 0.017188 0.025000
0 0.059766 0.829167 0.119531 0.125000
0 0.317188 0.618750 0.059375 0.070833
0 0.398828 0.655556 0.057031 0.080556
0 0.197656 0.841667 0.120313 0.144444
0 0.427734 0.390972 0.013281 0.018056
0 0.386719 0.428472 0.090625 0.087500
0 0.450781 0.390278 0.012500 0.016667
0 0.500000 0.331944 0.012500 0.022222
0 0.297656 0.944444 0.112500 0.108333
0 0.419141 0.400694 0.016406 0.020833
0 0.244922 0.579167 0.067969 0.100000
0 0.473047 0.393750 0.013281 0.018056
0 0.482422 0.372222 0.011719 0.016667
0 0.444141 0.370833 0.010156 0.013889
0 0.433984 0.532639 0.030469 0.048611
0 0.451562 0.460417 0.023438 0.031944
0 0.460156 0.421528 0.018750 0.029167
0 0.535156 0.351389 0.007812 0.011111
0 0.566406 0.384028 0.010937 0.015278
0 0.453516 0.363194 0.010156 0.012500
3 0.758984 0.675000 0.480469 0.641667
3 0.237500 0.703472 0.475000 0.581944
4 0.789844 0.638194 0.418750 0.487500
4 0.433203 0.709028 0.102344 0.579167
4 0.778516 0.967361 0.032031 0.062500
4 0.209375 0.736806 0.023438 0.034722
4 0.077734 0.939583 0.049219 0.070833
4 0.316406 0.729861 0.015625 0.031944
4 0.638672 0.643056 0.011719 0.022222
4 0.385547 0.569444 0.007031 0.013889
4 0.350781 0.526389 0.007812 0.011111
4 0.721484 0.648611 0.014844 0.022222
4 0.319922 0.571528 0.010156 0.015278
4 0.276953 0.636111 0.014844 0.022222
4 0.931641 0.966667 0.046094 0.063889
4 0.677344 0.581250 0.010937 0.015278
4 0.789453 0.751389 0.024219 0.036111
4 0.505469 0.676389 0.239063 0.644444
4 0.610938 0.578472 0.009375 0.015278
4 0.684766 0.750694 0.019531 0.037500
4 0.647656 0.536806 0.007812 0.012500
4 0.236328 0.920833 0.032031 0.063889
5 0.789844 0.637500 0.418750 0.486111
5 0.611328 0.480556 0.005469 0.008333
5 0.433594 0.709722 0.103125 0.577778
5 0.677344 0.581250 0.010937 0.015278
5 0.408594 0.440972 0.004687 0.006944
5 0.591406 0.533333 0.006250 0.011111
5 0.778516 0.967361 0.032031 0.062500
5 0.405078 0.523611 0.005469 0.011111
5 0.143359 0.690972 0.136719 0.148611
5 0.209375 0.736806 0.023438 0.034722
5 0.578906 0.502083 0.004687 0.009722
5 0.077734 0.939583 0.049219 0.070833
5 0.417969 0.493750 0.004687 0.009722
5 0.316406 0.729861 0.015625 0.031944
5 0.638672 0.643056 0.011719 0.022222
5 0.435156 0.453472 0.004687 0.006944
5 0.371484 0.495139 0.005469 0.009722
5 0.385547 0.569444 0.007031 0.013889
5 0.350781 0.526389 0.007812 0.011111
5 0.358984 0.630556 0.010156 0.019444
5 0.721484 0.648611 0.014844 0.022222
5 0.589844 0.445833 0.003125 0.005556
5 0.319922 0.571528 0.010156 0.015278
5 0.569922 0.477778 0.003906 0.008333
5 0.427734 0.471528 0.005469 0.006944
5 0.277344 0.636111 0.014063 0.022222
5 0.931641 0.966667 0.046094 0.063889
5 0.627344 0.504861 0.006250 0.009722
5 0.789453 0.751389 0.024219 0.036111
5 0.569141 0.681250 0.111719 0.634722
5 0.610938 0.578472 0.009375 0.015278
5 0.599609 0.460417 0.003906 0.006944
5 0.684766 0.750694 0.019531 0.037500
5 0.647656 0.536806 0.007812 0.012500
5 0.236328 0.920833 0.032031 0.063889
