0 0.184375 0.659722 0.046875 0.052778
0 0.571094 0.494444 0.010937 0.016667
0 0.428906 0.633333 0.026562 0.027778
0 0.543750 0.491667 0.009375 0.011111
0 0.590625 0.493056 0.006250 0.008333
0 0.571094 0.818056 0.054688 0.091667
0 0.448437 0.629167 0.028125 0.030556
0 0.670312 0.981944 0.081250 0.030556
0 0.650000 0.655556 0.034375 0.061111
0 0.453906 0.925000 0.073438 0.105556
0 0.308594 0.648611 0.039062 0.047222
0 0.160938 0.669444 0.053125 0.050000
0 0.382812 0.687500 0.040625 0.058333
0 0.400781 0.675000 0.032813 0.050000
0 0.671875 0.772222 0.062500 0.094444
0 0.518750 0.587500 0.021875 0.036111
0 0.444531 0.604167 0.029687 0.019444
0 0.190625 0.609722 0.031250 0.036111
0 0.014063 0.693056 0.028125 0.058333
0 0.414062 0.658333 0.028125 0.050000
0 0.064062 0.609722 0.028125 0.036111
0 0.325000 0.693056 0.040625 0.052778
0 0.471094 0.811111 0.060937 0.100000
0 0.503906 0.772222 0.045312 0.066667
0 0.278906 0.612500 0.023438 0.036111
0 0.446094 0.616667 0.032813 0.044444
0 0.014844 0.655556 0.029687 0.027778
0 0.178906 0.581944 0.023438 0.036111
0 0.288281 0.675000 0.039062 0.050000
0 0.543750 0.491667 0.009375 0.011111
0 0.559375 0.587500 0.028125 0.041667
0 0.338281 0.629167 0.029687 0.041667
0 0.076563 0.665278 0.053125 0.047222
0 0.023438 0.580556 0.012500 0.033333
0 0.571875 0.916667 0.065625 0.088889
0 0.466406 0.613889 0.014063 0.033333
0 0.415625 0.768056 0.050000 0.063889
0 0.443750 0.681944 0.046875 0.069444
0 0.570312 0.763889 0.050000 0.038889
0 0.627344 0.565278 0.017188 0.025000
0 0.417969 0.541667 0.023438 0.027778
0 0.251563 0.697222 0.040625 0.050000
1 0.209375 0.672222 0.009375 0.033333
1 0.556250 0.725000 0.012500 0.038889
3 0.410156 0.761111 0.304688 0.466667
3 0.186719 0.862500 0.373437 0.263889
3 0.573438 0.762500 0.384375 0.463889
3 0.686719 0.762500 0.160938 0.463889
3 0.257812 0.763889 0.512500 0.461111
3 0.502344 0.740278 0.251563 0.508333
3 0.570312 0.762500 0.159375 0.463889
4 0.240625 0.734722 0.012500 0.008333
4 0.126562 0.788889 0.015625 0.011111
4 0.125781 0.869444 0.023438 0.022222
4 0.219531 0.783333 0.017188 0.011111
4 0.339844 0.730556 0.014063 0.011111
4 0.632031 0.961111 0.007812 0.033333
4 0.307812 0.731944 0.012500 0.008333
4 0.222656 0.861111 0.014063 0.016667
4 0.146875 0.950000 0.025000 0.027778
4 0.275000 0.734722 0.015625 0.008333
4 0.278906 0.798611 0.014063 0.013889
4 0.209375 0.737500 0.015625 0.008333
4 0.296094 0.777778 0.017188 0.011111
4 0.257812 0.780556 0.015625 0.011111
4 0.334375 0.775000 0.015625 0.011111
4 0.190625 0.808333 0.015625 0.016667
4 0.031250 0.959722 0.031250 0.030556
4 0.407813 0.916667 0.065625 0.161111
4 0.585156 0.729167 0.010937 0.008333
4 0.517188 0.951389 0.009375 0.030556
5 0.126562 0.788889 0.015625 0.011111
5 0.125000 0.869444 0.021875 0.022222
5 0.278125 0.798611 0.012500 0.013889
5 0.031250 0.959722 0.031250 0.030556
5 0.631250 0.961111 0.006250 0.033333
5 0.240625 0.734722 0.012500 0.008333
5 0.222656 0.861111 0.014063 0.016667
5 0.146875 0.950000 0.025000 0.027778
5 0.275000 0.734722 0.015625 0.008333
5 0.209375 0.737500 0.012500 0.008333
5 0.257812 0.780556 0.015625 0.011111
5 0.190625 0.806944 0.015625 0.013889
5 0.622656 0.811111 0.004687 0.016667
5 0.408594 0.916667 0.064062 0.161111
5 0.517188 0.951389 0.009375 0.030556
7 0.750781 0.759722 0.098437 0.058333
7 0.083594 0.769444 0.157812 0.050000
7 0.411719 0.730556 0.432812 0.027778
