0 0.426563 0.525000 0.037500 0.055556
0 0.526563 0.384722 0.012500 0.016667
0 0.491797 0.350000 0.008594 0.011111
0 0.453516 0.363194 0.008594 0.012500
0 0.861719 0.730556 0.098437 0.122222
0 0.740625 0.588194 0.056250 0.073611
0 0.385547 0.718750 0.060156 0.095833
0 0.547656 0.381250 0.010937 0.015278
0 0.438281 0.409722 0.017188 0.022222
0 0.467578 0.401389 0.016406 0.025000
0 0.464062 0.369444 0.009375 0.013889
0 0.439453 0.375694 0.011719 0.015278
0 0.410938 0.446528 0.026562 0.034722
0 0.138672 0.788889 0.277344 0.419444
0 0.412109 0.388194 0.032031 0.062500
0 0.594141 0.415972 0.019531 0.031944
0 0.561328 0.410417 0.014844 0.023611
0 0.521875 0.360417 0.007812 0.012500
0 0.532813 0.402083 0.015625 0.023611
0 0.362500 0.459722 0.025000 0.030556
0 0.294531 0.547222 0.045312 0.050000
0 0.552734 0.443750 0.022656 0.040278
0 0.471094 0.356944 0.010937 0.013889
0 0.664062 0.600694 0.053125 0.073611
0 0.475781 0.381250 0.012500 0.018056
0 0.451172 0.449306 0.021094 0.031944
0 0.572656 0.524306 0.032813 0.054167
0 0.483984 0.368750 0.010156 0.015278
0 0.336719 0.585417 0.050000 0.062500
0 0.540234 0.370139 0.010156 0.012500
3 0.775000 0.614583 0.448437 0.534722
3 0.766016 0.681250 0.466406 0.626389
3 0.643750 0.704861 0.243750 0.581944
3 0.326562 0.685417 0.307812 0.620833
3 0.730859 0.714583 0.402344 0.562500
4 0.611328 0.480556 0.005469 0.008333
4 0.627344 0.504861 0.006250 0.009722
4 0.647656 0.537500 0.007812 0.011111
4 0.385547 0.569444 0.007031 0.013889
4 0.450391 0.694444 0.136719 0.608333
4 0.371094 0.495833 0.006250 0.008333
4 0.638672 0.643056 0.011719 0.022222
4 0.235937 0.920833 0.031250 0.063889
4 0.319922 0.500694 0.153906 0.165278
4 0.778516 0.967361 0.032031 0.062500
4 0.776172 0.620139 0.446094 0.523611
4 0.358594 0.631250 0.010937 0.020833
4 0.721094 0.648611 0.015625 0.022222
4 0.350000 0.527778 0.007812 0.011111
4 0.931641 0.966667 0.046094 0.063889
4 0.789453 0.751389 0.024219 0.036111
4 0.571484 0.709722 0.107031 0.577778
4 0.610938 0.578472 0.009375 0.015278
4 0.684766 0.750694 0.019531 0.037500
4 0.316406 0.729861 0.015625 0.031944
5 0.776172 0.620139 0.446094 0.523611
5 0.405859 0.523611 0.005469 0.008333
5 0.611328 0.480556 0.005469 0.008333
5 0.385547 0.569444 0.007031 0.013889
5 0.386719 0.473611 0.006250 0.008333
5 0.450391 0.694444 0.136719 0.608333
5 0.371094 0.495833 0.006250 0.008333
5 0.638672 0.643056 0.011719 0.022222
5 0.235937 0.920833 0.031250 0.063889
5 0.428125 0.471528 0.004687 0.006944
5 0.569922 0.478472 0.003906 0.006944
5 0.319922 0.500694 0.153906 0.165278
5 0.358984 0.631250 0.010156 0.020833
5 0.778516 0.967361 0.032031 0.062500
5 0.647656 0.537500 0.007812 0.011111
5 0.721094 0.648611 0.015625 0.022222
5 0.418359 0.493056 0.005469 0.011111
5 0.350391 0.527778 0.007031 0.011111
5 0.931641 0.966667 0.046094 0.063889
5 0.591797 0.534722 0.007031 0.011111
5 0.789453 0.751389 0.024219 0.036111
5 0.571484 0.710417 0.107031 0.576389
5 0.610938 0.578472 0.009375 0.015278
5 0.684766 0.750694 0.019531 0.037500
5 0.586328 0.440278 0.010156 0.016667
5 0.599609 0.460417 0.003906 0.006944
5 0.316406 0.730556 0.015625 0.030556
5 0.627344 0.504861 0.006250 0.009722
