0 0.324219 0.691667 0.057813 0.122222
0 0.604688 0.752778 0.103125 0.100000
0 0.007031 0.520833 0.014063 0.025000
0 0.231250 0.397222 0.009375 0.011111
0 0.916406 0.759722 0.114062 0.075000
0 0.339844 0.476389 0.020313 0.019444
0 0.198437 0.366667 0.006250 0.011111
0 0.292187 0.548611 0.025000 0.036111
0 0.246094 0.543056 0.029687 0.047222
0 0.670312 0.912500 0.150000 0.147222
0 0.282031 0.436111 0.010937 0.016667
0 0.224219 0.494444 0.020313 0.027778
0 0.424219 0.643056 0.098437 0.130556
0 0.176563 0.375000 0.006250 0.011111
0 0.251563 0.729167 0.046875 0.080556
0 0.498437 0.576389 0.040625 0.041667
3 0.354687 0.887500 0.593750 0.213889
3 0.023438 0.669444 0.046875 0.272222
3 0.600781 0.706944 0.617188 0.513889
3 0.324219 0.601389 0.235937 0.347222
3 0.246875 0.602778 0.150000 0.388889
3 0.619531 0.623611 0.757812 0.430556
3 0.165625 0.629167 0.121875 0.380556
3 0.695312 0.873611 0.484375 0.241667
3 0.361719 0.590278 0.304688 0.319444
4 0.391406 0.555556 0.010937 0.011111
4 0.975781 0.906944 0.045312 0.019444
4 0.522656 0.858333 0.010937 0.016667
4 0.264062 0.665278 0.009375 0.019444
4 0.242188 0.604167 0.006250 0.013889
4 0.296875 0.612500 0.178125 0.330556
4 0.374219 0.590278 0.285938 0.325000
4 0.028125 0.941667 0.056250 0.027778
4 0.926562 0.822222 0.143750 0.050000
4 0.297656 0.758333 0.014063 0.033333
4 0.492969 0.823611 0.010937 0.013889
4 0.200781 0.630556 0.067187 0.344444
4 0.664062 0.988889 0.021875 0.016667
4 0.589844 0.695833 0.692187 0.519444
4 0.216406 0.530556 0.004687 0.011111
4 0.025781 0.981944 0.051562 0.030556
4 0.879687 0.786111 0.050000 0.016667
4 0.483594 0.750000 0.070312 0.016667
4 0.470313 0.791667 0.009375 0.011111
4 0.723437 0.856944 0.056250 0.052778
4 0.328125 0.597222 0.237500 0.316667
4 0.418750 0.770833 0.068750 0.019444
4 0.558594 0.897222 0.014063 0.016667
4 0.228125 0.562500 0.006250 0.013889
5 0.028125 0.962500 0.056250 0.069444
7 0.926562 0.848611 0.143750 0.141667
7 0.028125 0.962500 0.056250 0.069444
