0 0.326953 0.461806 0.075781 0.126389
0 0.560156 0.390972 0.010937 0.018056
0 0.523828 0.370139 0.010156 0.009722
0 0.461328 0.353472 0.019531 0.048611
0 0.023438 0.866667 0.046875 0.141667
0 0.354297 0.542361 0.039844 0.059722
0 0.545312 0.340972 0.010937 0.023611
0 0.458984 0.438194 0.021094 0.029167
0 0.436719 0.491667 0.028125 0.047222
0 0.444141 0.396528 0.014844 0.020833
0 0.395313 0.441667 0.057813 0.111111
0 0.457031 0.382639 0.012500 0.015278
0 0.532422 0.340972 0.008594 0.015278
0 0.430469 0.409722 0.015625 0.022222
0 0.428125 0.375000 0.023438 0.041667
0 0.477734 0.352778 0.008594 0.013889
0 0.250391 0.595833 0.057031 0.069444
0 0.550781 0.361111 0.007812 0.011111
0 0.476953 0.379861 0.008594 0.009722
0 0.474609 0.390972 0.013281 0.018056
0 0.573828 0.431944 0.017969 0.030556
0 0.486328 0.363194 0.010156 0.018056
0 0.535156 0.359028 0.007812 0.009722
0 0.489063 0.328472 0.009375 0.015278
0 0.264844 0.725000 0.084375 0.102778
3 0.781641 0.629167 0.435156 0.513889
3 0.153516 0.655556 0.307031 0.302778
3 0.241406 0.700000 0.473438 0.591667
3 0.762500 0.693750 0.473438 0.601389
3 0.728906 0.698611 0.406250 0.594444
3 0.645312 0.686806 0.253125 0.615278
4 0.779687 0.624306 0.439063 0.515278
4 0.209375 0.736806 0.023438 0.034722
4 0.436719 0.697917 0.109375 0.601389
4 0.319531 0.571528 0.009375 0.015278
4 0.316797 0.729861 0.016406 0.031944
4 0.638672 0.643056 0.011719 0.022222
4 0.078125 0.938889 0.048438 0.069444
4 0.358984 0.630556 0.010156 0.019444
4 0.778516 0.967361 0.032031 0.062500
4 0.721484 0.648611 0.016406 0.022222
4 0.277344 0.636806 0.015625 0.020833
4 0.164062 0.670833 0.268750 0.294444
4 0.932031 0.966667 0.045312 0.063889
4 0.789453 0.750694 0.024219 0.034722
4 0.569922 0.690278 0.110156 0.616667
4 0.684766 0.750694 0.019531 0.037500
4 0.236328 0.920833 0.032031 0.063889
5 0.779687 0.624306 0.439063 0.515278
5 0.611719 0.479861 0.004687 0.006944
5 0.677344 0.581250 0.010937 0.015278
5 0.778516 0.967361 0.032031 0.062500
5 0.385937 0.568750 0.007812 0.012500
5 0.647656 0.536806 0.007812 0.012500
5 0.209375 0.736806 0.023438 0.034722
5 0.438281 0.693056 0.112500 0.611111
5 0.578906 0.502083 0.004687 0.009722
5 0.418359 0.493056 0.005469 0.011111
5 0.316406 0.729861 0.015625 0.031944
5 0.638672 0.643056 0.011719 0.022222
5 0.078125 0.938889 0.048438 0.069444
5 0.358984 0.630556 0.010156 0.019444
5 0.569922 0.477778 0.003906 0.008333
5 0.721484 0.648611 0.014844 0.022222
5 0.319531 0.571528 0.009375 0.015278
5 0.562109 0.459722 0.003906 0.005556
5 0.277344 0.636806 0.015625 0.020833
5 0.164062 0.670833 0.268750 0.294444
5 0.931641 0.966667 0.046094 0.063889
5 0.591797 0.533333 0.007031 0.011111
5 0.627344 0.504861 0.006250 0.009722
5 0.789453 0.750694 0.024219 0.034722
5 0.569922 0.690972 0.110156 0.615278
5 0.610938 0.578472 0.009375 0.015278
5 0.599609 0.460417 0.003906 0.006944
5 0.684766 0.750694 0.019531 0.037500
5 0.405469 0.522917 0.004687 0.009722
5 0.236328 0.920833 0.032031 0.063889
