0 0.649219 0.633333 0.032813 0.016667
0 0.571094 0.494444 0.010937 0.016667
0 0.063281 0.586111 0.023438 0.016667
0 0.428125 0.633333 0.028125 0.027778
0 0.587500 0.490278 0.006250 0.008333
0 0.448437 0.629167 0.028125 0.030556
0 0.650000 0.656944 0.034375 0.063889
0 0.461719 0.884722 0.064062 0.097222
0 0.308594 0.648611 0.039062 0.047222
0 0.160156 0.669444 0.054688 0.050000
0 0.383594 0.688889 0.042188 0.055556
0 0.400781 0.675000 0.032813 0.050000
0 0.671875 0.773611 0.062500 0.091667
0 0.444531 0.604167 0.029687 0.019444
0 0.014063 0.691667 0.028125 0.061111
0 0.570312 0.818056 0.056250 0.091667
0 0.415625 0.658333 0.031250 0.050000
0 0.064062 0.604167 0.028125 0.025000
0 0.325000 0.693056 0.040625 0.052778
0 0.182812 0.661111 0.043750 0.050000
0 0.650000 0.666667 0.034375 0.044444
0 0.473438 0.800000 0.059375 0.088889
0 0.505469 0.772222 0.042188 0.066667
0 0.335156 0.636111 0.026562 0.044444
0 0.178906 0.581944 0.023438 0.036111
0 0.288281 0.676389 0.039062 0.052778
0 0.626563 0.962500 0.106250 0.069444
0 0.014063 0.655556 0.028125 0.027778
0 0.082031 0.629167 0.032813 0.030556
0 0.543750 0.490278 0.009375 0.013889
0 0.564844 0.595833 0.051562 0.036111
0 0.190625 0.611111 0.031250 0.038889
0 0.075781 0.665278 0.051562 0.047222
0 0.023438 0.580556 0.012500 0.033333
0 0.601562 0.466667 0.009375 0.011111
0 0.571875 0.895833 0.059375 0.086111
0 0.466406 0.613889 0.014063 0.033333
0 0.417969 0.762500 0.048438 0.063889
0 0.063281 0.576389 0.023438 0.025000
0 0.443750 0.683333 0.046875 0.066667
0 0.560156 0.568056 0.023438 0.019444
0 0.570312 0.763889 0.050000 0.038889
0 0.625781 0.550000 0.014063 0.022222
0 0.251563 0.695833 0.040625 0.047222
0 0.419531 0.541667 0.023438 0.027778
1 0.208594 0.672222 0.007812 0.033333
3 0.411719 0.759722 0.307812 0.469444
3 0.577344 0.762500 0.376563 0.463889
3 0.259375 0.762500 0.515625 0.458333
3 0.238281 0.769444 0.470313 0.444444
4 0.257812 0.780556 0.015625 0.011111
4 0.125781 0.788889 0.017188 0.011111
4 0.125000 0.869444 0.021875 0.022222
4 0.278125 0.798611 0.012500 0.013889
4 0.222656 0.861111 0.014063 0.016667
4 0.408594 0.915278 0.067187 0.163889
4 0.275000 0.734722 0.015625 0.008333
4 0.296094 0.777778 0.017188 0.011111
4 0.219531 0.783333 0.017188 0.011111
4 0.031250 0.958333 0.031250 0.027778
4 0.146875 0.950000 0.025000 0.027778
5 0.257812 0.780556 0.015625 0.011111
5 0.126562 0.788889 0.015625 0.011111
5 0.125000 0.869444 0.021875 0.022222
5 0.278125 0.798611 0.012500 0.013889
5 0.031250 0.958333 0.031250 0.027778
5 0.240625 0.734722 0.012500 0.008333
5 0.222656 0.861111 0.014063 0.016667
5 0.408594 0.916667 0.067187 0.161111
5 0.190625 0.806944 0.015625 0.013889
5 0.525000 0.576389 0.090625 0.097222
5 0.146875 0.950000 0.025000 0.027778
7 0.751563 0.758333 0.096875 0.055556
7 0.082812 0.768056 0.156250 0.047222
7 0.414062 0.731944 0.428125 0.025000
