0 0.455469 0.415972 0.015625 0.023611
0 0.533594 0.346528 0.006250 0.009722
0 0.445703 0.466667 0.027344 0.044444
0 0.485156 0.370833 0.010937 0.016667
0 0.588281 0.554167 0.048438 0.088889
0 0.778516 0.763194 0.094531 0.140278
0 0.751563 0.618750 0.059375 0.081944
0 0.541797 0.375000 0.010156 0.013889
0 0.475000 0.388889 0.012500 0.022222
0 0.414453 0.595833 0.044531 0.066667
0 0.456250 0.441667 0.018750 0.025000
0 0.550391 0.463889 0.024219 0.036111
0 0.187500 0.712500 0.279687 0.433333
0 0.471875 0.367361 0.012500 0.018056
0 0.353906 0.545139 0.048438 0.076389
0 0.522266 0.353472 0.007031 0.012500
0 0.436328 0.379167 0.010156 0.016667
0 0.489453 0.357639 0.010156 0.012500
0 0.466406 0.402778 0.014063 0.022222
0 0.409375 0.454167 0.023438 0.030556
0 0.576562 0.436111 0.018750 0.027778
0 0.405469 0.396528 0.032813 0.056944
0 0.345703 0.476389 0.027344 0.033333
0 0.598437 0.422917 0.015625 0.023611
0 0.451562 0.365972 0.025000 0.048611
0 0.568750 0.384722 0.010937 0.016667
0 0.557422 0.370139 0.010156 0.012500
0 0.445703 0.394444 0.016406 0.025000
0 0.478125 0.352083 0.010937 0.018056
0 0.487891 0.329861 0.010156 0.018056
3 0.772656 0.613889 0.453125 0.538889
3 0.762109 0.693750 0.474219 0.604167
3 0.198437 0.649306 0.396875 0.470833
3 0.238672 0.702083 0.477344 0.587500
3 0.645703 0.681250 0.257031 0.634722
4 0.721484 0.648611 0.014844 0.022222
4 0.385547 0.568750 0.007031 0.012500
4 0.028125 0.821528 0.056250 0.070833
4 0.436719 0.697917 0.109375 0.601389
4 0.068750 0.952778 0.031250 0.044444
4 0.953906 0.966667 0.090625 0.063889
4 0.353516 0.464583 0.077344 0.084722
4 0.358984 0.631250 0.010156 0.020833
4 0.778906 0.967361 0.032813 0.062500
4 0.789453 0.638889 0.419531 0.486111
4 0.677344 0.581944 0.010937 0.013889
4 0.316406 0.729861 0.015625 0.031944
4 0.638672 0.643056 0.011719 0.022222
4 0.504687 0.686111 0.242188 0.625000
4 0.684766 0.750694 0.019531 0.037500
4 0.647656 0.537500 0.007812 0.011111
4 0.236328 0.920833 0.032031 0.063889
5 0.271484 0.748611 0.030469 0.066667
5 0.611719 0.480556 0.004687 0.008333
5 0.721484 0.647917 0.014844 0.020833
5 0.385547 0.568750 0.007031 0.012500
5 0.627344 0.504861 0.006250 0.009722
5 0.437891 0.694444 0.111719 0.608333
5 0.358984 0.631250 0.010156 0.020833
5 0.677344 0.581944 0.010937 0.013889
5 0.068750 0.952083 0.031250 0.043056
5 0.931641 0.966667 0.046094 0.063889
5 0.371094 0.495139 0.006250 0.009722
5 0.417969 0.493056 0.006250 0.008333
5 0.353125 0.465278 0.078125 0.083333
5 0.778516 0.967361 0.032031 0.062500
5 0.790234 0.639583 0.417969 0.484722
5 0.316406 0.729861 0.015625 0.031944
5 0.028125 0.821528 0.056250 0.070833
5 0.638672 0.643056 0.011719 0.022222
5 0.504687 0.688194 0.242188 0.620833
5 0.684766 0.750694 0.019531 0.037500
5 0.570312 0.478472 0.004687 0.006944
5 0.385937 0.472917 0.004687 0.009722
5 0.579297 0.501389 0.003906 0.008333
5 0.599609 0.460417 0.003906 0.006944
5 0.647656 0.537500 0.007812 0.011111
5 0.405078 0.523611 0.005469 0.011111
5 0.236328 0.920833 0.032031 0.063889
