0 0.178906 0.661111 0.035937 0.044444
0 0.446094 0.616667 0.032813 0.044444
0 0.570312 0.777778 0.050000 0.066667
0 0.428125 0.633333 0.025000 0.027778
0 0.711719 0.947222 0.092188 0.100000
0 0.064062 0.576389 0.025000 0.025000
0 0.538281 0.536111 0.010937 0.022222
0 0.062500 0.612500 0.031250 0.041667
0 0.310156 0.648611 0.039062 0.047222
0 0.160938 0.669444 0.056250 0.050000
0 0.494531 0.576389 0.020313 0.025000
0 0.418750 0.543056 0.021875 0.025000
0 0.014063 0.695833 0.028125 0.058333
0 0.190625 0.612500 0.031250 0.036111
0 0.402344 0.662500 0.035937 0.025000
0 0.326562 0.691667 0.040625 0.050000
0 0.584375 0.475000 0.009375 0.011111
0 0.503906 0.772222 0.045312 0.066667
0 0.156250 0.750000 0.096875 0.072222
0 0.278906 0.612500 0.023438 0.041667
0 0.444531 0.629167 0.020313 0.030556
0 0.178906 0.581944 0.023438 0.036111
0 0.381250 0.686111 0.037500 0.055556
0 0.288281 0.676389 0.039062 0.052778
0 0.630469 0.681944 0.042188 0.052778
0 0.549219 0.491667 0.020313 0.016667
0 0.023438 0.580556 0.012500 0.033333
0 0.607812 0.479167 0.006250 0.008333
0 0.446094 0.665278 0.042188 0.036111
0 0.405469 0.590278 0.023438 0.030556
0 0.667188 0.773611 0.056250 0.097222
0 0.414062 0.648611 0.031250 0.036111
0 0.415625 0.769444 0.050000 0.066667
0 0.429688 0.708333 0.112500 0.066667
0 0.558594 0.973611 0.089063 0.047222
0 0.252344 0.697222 0.042188 0.050000
0 0.571094 0.494444 0.014063 0.016667
1 0.017188 0.730556 0.009375 0.038889
1 0.371875 0.743056 0.021875 0.063889
3 0.500781 0.743056 0.467187 0.502778
3 0.269531 0.761111 0.539062 0.466667
3 0.421094 0.761111 0.326562 0.466667
4 0.296875 0.777778 0.015625 0.011111
4 0.125781 0.869444 0.023438 0.022222
4 0.031250 0.959722 0.031250 0.030556
4 0.531250 0.868056 0.006250 0.025000
4 0.278906 0.798611 0.014063 0.013889
4 0.146875 0.950000 0.025000 0.027778
4 0.257812 0.780556 0.015625 0.011111
4 0.631250 0.961111 0.006250 0.027778
4 0.189062 0.811111 0.015625 0.016667
4 0.503125 0.595833 0.053125 0.075000
4 0.222656 0.861111 0.014063 0.016667
4 0.420312 0.893056 0.090625 0.208333
4 0.550000 0.579167 0.040625 0.097222
4 0.627344 0.873611 0.004687 0.019444
4 0.517969 0.952778 0.007812 0.027778
4 0.622656 0.809722 0.004687 0.019444
5 0.125781 0.869444 0.023438 0.022222
5 0.031250 0.959722 0.031250 0.030556
5 0.063281 0.770833 0.023438 0.013889
5 0.531250 0.869444 0.006250 0.022222
5 0.278125 0.798611 0.012500 0.013889
5 0.146875 0.950000 0.025000 0.027778
5 0.631250 0.961111 0.006250 0.027778
5 0.189062 0.811111 0.015625 0.016667
5 0.502344 0.595833 0.051562 0.075000
5 0.222656 0.859722 0.014063 0.013889
5 0.421094 0.893056 0.089063 0.208333
5 0.550781 0.579167 0.039062 0.097222
5 0.627344 0.873611 0.004687 0.019444
5 0.517969 0.952778 0.007812 0.027778
5 0.622656 0.808333 0.004687 0.016667
7 0.748437 0.761111 0.106250 0.061111
