0 0.291406 0.968056 0.112500 0.061111
0 0.330078 0.501389 0.028906 0.030556
0 0.542578 0.377083 0.010156 0.018056
0 0.405859 0.600000 0.049219 0.086111
0 0.490625 0.356944 0.009375 0.019444
0 0.548438 0.350694 0.007812 0.012500
0 0.451562 0.368056 0.009375 0.013889
0 0.551953 0.389583 0.013281 0.018056
0 0.455469 0.441667 0.020313 0.030556
0 0.527734 0.388194 0.011719 0.018056
0 0.581250 0.437500 0.020313 0.030556
0 0.139063 0.736806 0.103125 0.098611
0 0.600781 0.624306 0.054688 0.104167
0 0.448437 0.385417 0.012500 0.026389
0 0.461719 0.415278 0.017188 0.022222
0 0.448047 0.475694 0.024219 0.034722
0 0.628516 0.520139 0.035156 0.048611
0 0.545312 0.470833 0.025000 0.038889
0 0.380469 0.513889 0.032813 0.044444
0 0.475000 0.386806 0.012500 0.018056
0 0.585156 0.398611 0.021875 0.038889
0 0.373828 0.452083 0.025781 0.029167
0 0.335547 0.584722 0.049219 0.069444
0 0.539844 0.418750 0.017188 0.023611
0 0.423047 0.408333 0.038281 0.077778
0 0.458594 0.373611 0.010937 0.016667
0 0.341016 0.487500 0.028906 0.038889
0 0.272656 0.565972 0.045312 0.056944
0 0.094922 0.945833 0.172656 0.105556
0 0.562109 0.360417 0.017969 0.045833
0 0.470313 0.348611 0.007812 0.016667
0 0.469141 0.400694 0.013281 0.020833
0 0.433203 0.526389 0.033594 0.044444
0 0.534375 0.357639 0.007812 0.015278
0 0.482422 0.372222 0.011719 0.016667
0 0.343359 0.740972 0.082031 0.109722
0 0.474609 0.356250 0.010156 0.012500
3 0.758984 0.674306 0.480469 0.643056
3 0.201172 0.628472 0.402344 0.456944
3 0.237891 0.700000 0.475781 0.591667
4 0.611719 0.480556 0.004687 0.008333
4 0.798828 0.649306 0.400781 0.465278
4 0.405078 0.524306 0.005469 0.009722
4 0.438281 0.693750 0.112500 0.609722
4 0.578906 0.502083 0.004687 0.009722
4 0.209375 0.737500 0.023438 0.033333
4 0.684766 0.750694 0.019531 0.037500
4 0.358594 0.631250 0.010937 0.020833
4 0.203906 0.632639 0.407813 0.448611
4 0.778516 0.967361 0.032031 0.062500
4 0.350781 0.527083 0.007812 0.009722
4 0.570312 0.477778 0.004687 0.008333
4 0.721094 0.648611 0.015625 0.022222
4 0.276953 0.636806 0.014844 0.020833
4 0.931641 0.966667 0.046094 0.063889
4 0.638281 0.643750 0.012500 0.020833
4 0.677344 0.581944 0.010937 0.013889
4 0.789453 0.751389 0.024219 0.036111
4 0.504297 0.702778 0.241406 0.591667
4 0.591797 0.534028 0.007031 0.009722
4 0.236328 0.920139 0.032031 0.062500
5 0.611719 0.480556 0.004687 0.008333
5 0.798828 0.650000 0.400781 0.463889
5 0.405078 0.524306 0.005469 0.009722
5 0.437891 0.694444 0.111719 0.608333
5 0.578906 0.502083 0.004687 0.009722
5 0.557422 0.443750 0.003906 0.006944
5 0.208984 0.737500 0.022656 0.033333
5 0.931250 0.966667 0.045312 0.063889
5 0.236328 0.920139 0.032031 0.062500
5 0.386719 0.473611 0.006250 0.008333
5 0.562500 0.459028 0.004687 0.006944
5 0.358984 0.631250 0.010156 0.020833
5 0.203906 0.632639 0.407813 0.448611
5 0.778516 0.967361 0.032031 0.062500
5 0.599219 0.461111 0.004687 0.005556
5 0.350781 0.527083 0.007812 0.009722
5 0.570312 0.477778 0.004687 0.008333
5 0.721484 0.648611 0.014844 0.022222
5 0.417578 0.493056 0.005469 0.008333
5 0.277344 0.636806 0.014063 0.020833
5 0.638281 0.643750 0.012500 0.020833
5 0.677344 0.581944 0.010937 0.013889
5 0.427734 0.470833 0.005469 0.008333
5 0.789453 0.751389 0.024219 0.036111
5 0.570703 0.702778 0.108594 0.591667
5 0.591797 0.534028 0.007031 0.009722
5 0.684766 0.750694 0.019531 0.037500
5 0.648828 0.537500 0.007031 0.011111
