0 0.939844 0.190278 0.015104 0.025000
0 0.744792 0.353241 0.027083 0.045370
0 0.891146 0.175463 0.010417 0.019444
0 0.540885 0.565741 0.155729 0.081481
0 0.933854 0.207870 0.015625 0.023148
0 0.817187 0.195370 0.014583 0.016667
0 0.796094 0.190741 0.011979 0.014815
0 0.913281 0.297222 0.019271 0.025926
0 0.944010 0.176852 0.015104 0.022222
0 0.906771 0.170370 0.015625 0.014815
0 0.793229 0.231019 0.017708 0.026852
0 0.970573 0.549537 0.049479 0.086111
0 0.760156 0.322222 0.025521 0.040741
0 0.913542 0.356944 0.030208 0.047222
0 0.947396 0.524537 0.039583 0.069444
0 0.907031 0.186111 0.015104 0.020370
0 0.839583 0.241204 0.016667 0.023148
0 0.786719 0.305556 0.010937 0.037037
0 0.996094 0.360185 0.006771 0.020370
0 0.790104 0.360185 0.023958 0.040741
0 0.376823 0.580556 0.161979 0.092593
0 0.996875 0.214352 0.005208 0.019444
0 0.435677 0.526389 0.053646 0.050926
0 0.951302 0.593981 0.043229 0.058333
0 0.888802 0.271759 0.017188 0.025000
0 0.876563 0.153241 0.011458 0.019444
0 0.489844 0.525000 0.060937 0.059259
0 0.819531 0.178241 0.010937 0.017593
0 0.925521 0.200000 0.013542 0.024074
0 0.989844 0.395833 0.019271 0.043519
0 0.927344 0.168981 0.023438 0.045370
0 0.864844 0.162037 0.010937 0.012963
0 0.906771 0.142593 0.015625 0.014815
0 0.979167 0.194907 0.014583 0.021296
0 0.978906 0.217593 0.017188 0.025926
0 0.847656 0.217593 0.016146 0.025926
0 0.786458 0.160185 0.013542 0.014815
0 0.981510 0.247685 0.018229 0.023148
0 0.966667 0.359722 0.030208 0.039815
0 0.802865 0.317593 0.027604 0.059259
0 0.794531 0.210185 0.017188 0.018519
0 0.981771 0.132870 0.023958 0.023148
0 0.748177 0.150000 0.008854 0.014815
0 0.665625 0.530556 0.048958 0.066667
0 0.839323 0.208796 0.011979 0.019444
0 0.863021 0.279167 0.017708 0.028704
0 0.882031 0.169907 0.011979 0.021296
0 0.955729 0.221296 0.018750 0.027778
0 0.763802 0.144907 0.009896 0.013889
0 0.892708 0.325926 0.021875 0.031481
1 0.183333 0.597685 0.013542 0.050926
3 0.914844 0.219444 0.169271 0.146296
3 0.408854 0.436111 0.817708 0.505556
3 0.877865 0.410648 0.243229 0.513889
3 0.904948 0.486111 0.182812 0.450000
4 0.072917 0.647685 0.139583 0.037963
4 0.124740 0.041667 0.015104 0.012963
4 0.179167 0.036574 0.012500 0.036111
5 0.072917 0.647685 0.139583 0.037963
5 0.124740 0.041667 0.015104 0.012963
5 0.179167 0.036574 0.012500 0.036111
