0 0.471875 0.216667 0.046875 0.033333
0 0.671875 0.315278 0.043750 0.041667
0 0.751563 0.358333 0.056250 0.055556
0 0.435937 0.386111 0.081250 0.094444
0 0.861719 0.386111 0.048438 0.066667
0 0.438281 0.205556 0.023438 0.038889
0 0.707031 0.325000 0.064062 0.055556
0 0.806250 0.373611 0.040625 0.058333
3 0.253125 0.598611 0.334375 0.791667
3 0.499219 0.575000 0.823438 0.833333
3 0.596094 0.613889 0.629687 0.755556
4 0.289062 0.401389 0.018750 0.036111
4 0.214062 0.420833 0.009375 0.030556
4 0.348438 0.373611 0.115625 0.158333
4 0.557813 0.408333 0.034375 0.033333
4 0.433594 0.366667 0.170313 0.166667
4 0.627344 0.400000 0.032813 0.022222
5 0.288281 0.401389 0.017188 0.036111
5 0.347656 0.372222 0.114062 0.155556
5 0.557813 0.406944 0.034375 0.030556
5 0.214062 0.420833 0.009375 0.030556
5 0.500000 0.431944 0.037500 0.036111
5 0.627344 0.400000 0.029687 0.022222
