0 0.324219 0.691667 0.057813 0.122222
0 0.356250 0.495833 0.021875 0.025000
0 0.864062 0.738889 0.128125 0.072222
0 0.236719 0.468056 0.014063 0.019444
0 0.007031 0.519444 0.014063 0.022222
0 0.797656 0.894444 0.157812 0.133333
0 0.171094 0.366667 0.004687 0.011111
0 0.240625 0.686111 0.043750 0.066667
0 0.200781 0.441667 0.014063 0.016667
0 0.217969 0.481944 0.020313 0.030556
0 0.267969 0.425000 0.010937 0.016667
0 0.213281 0.379167 0.007812 0.013889
0 0.409375 0.626389 0.090625 0.119444
0 0.671094 0.912500 0.148438 0.147222
0 0.515625 0.587500 0.043750 0.041667
3 0.365625 0.741667 0.562500 0.505556
3 0.023438 0.669444 0.046875 0.272222
3 0.412500 0.613889 0.331250 0.288889
3 0.356250 0.888889 0.543750 0.211111
3 0.164844 0.627778 0.123438 0.383333
3 0.236719 0.601389 0.132812 0.391667
3 0.327344 0.604167 0.229687 0.352778
3 0.610156 0.616667 0.776563 0.438889
3 0.042969 0.919444 0.085938 0.150000
3 0.572656 0.734722 0.607812 0.519444
4 0.268750 0.800000 0.368750 0.072222
4 0.378906 0.584722 0.298438 0.319444
4 0.492969 0.648611 0.020313 0.019444
4 0.657031 0.731944 0.551562 0.441667
4 0.522656 0.858333 0.010937 0.016667
4 0.264062 0.665278 0.009375 0.019444
4 0.299219 0.616667 0.173437 0.322222
4 0.242969 0.604167 0.007812 0.013889
4 0.028125 0.941667 0.056250 0.027778
4 0.926562 0.823611 0.143750 0.052778
4 0.493750 0.822222 0.009375 0.016667
4 0.200781 0.629167 0.067187 0.347222
4 0.664844 0.988889 0.023438 0.016667
4 0.357812 0.629167 0.178125 0.252778
4 0.215625 0.530556 0.006250 0.011111
4 0.227344 0.562500 0.004687 0.013889
4 0.025781 0.981944 0.051562 0.030556
4 0.975000 0.906944 0.046875 0.019444
4 0.583594 0.688889 0.692187 0.522222
4 0.470313 0.791667 0.009375 0.011111
4 0.419531 0.770833 0.067187 0.019444
4 0.482031 0.751389 0.070312 0.019444
4 0.557813 0.898611 0.015625 0.019444
4 0.297656 0.758333 0.014063 0.033333
4 0.577344 0.723611 0.020313 0.019444
4 0.879687 0.787500 0.050000 0.019444
4 0.879687 0.806944 0.050000 0.019444
5 0.028125 0.961111 0.056250 0.066667
7 0.926562 0.847222 0.143750 0.138889
7 0.028125 0.962500 0.056250 0.069444
7 0.346094 0.641667 0.026562 0.016667
