0 0.474219 0.385417 0.014063 0.018056
0 0.469141 0.363889 0.008594 0.013889
0 0.297266 0.951389 0.110156 0.094444
0 0.423828 0.429167 0.021094 0.027778
0 0.584375 0.405556 0.014063 0.022222
0 0.483984 0.364583 0.008594 0.012500
0 0.462891 0.418056 0.016406 0.022222
0 0.442188 0.500694 0.028125 0.040278
0 0.135156 0.920833 0.140625 0.155556
0 0.293750 0.651389 0.065625 0.094444
0 0.458984 0.378472 0.010156 0.015278
0 0.444141 0.396528 0.013281 0.018056
0 0.392578 0.473611 0.025781 0.036111
0 0.428906 0.387500 0.012500 0.016667
0 0.386719 0.433333 0.018750 0.025000
0 0.140234 0.647222 0.213281 0.277778
0 0.455469 0.360417 0.012500 0.020833
0 0.528125 0.377083 0.010937 0.015278
0 0.490234 0.354861 0.008594 0.012500
0 0.544531 0.339583 0.010937 0.026389
0 0.533984 0.340972 0.010156 0.026389
3 0.762891 0.680556 0.472656 0.630556
3 0.325391 0.697917 0.310156 0.595833
3 0.237109 0.697917 0.474219 0.595833
3 0.645703 0.681250 0.255469 0.631944
3 0.225391 0.612500 0.450781 0.486111
4 0.777344 0.621528 0.443750 0.520833
4 0.438281 0.693750 0.112500 0.609722
4 0.209766 0.736806 0.024219 0.034722
4 0.316406 0.729861 0.015625 0.031944
4 0.610938 0.578472 0.009375 0.015278
4 0.358984 0.631250 0.010156 0.020833
4 0.778906 0.967361 0.032813 0.062500
4 0.677344 0.581944 0.010937 0.013889
4 0.319922 0.572222 0.008594 0.013889
4 0.931641 0.966667 0.046094 0.063889
4 0.789453 0.751389 0.024219 0.036111
4 0.685156 0.750694 0.018750 0.037500
4 0.638672 0.643750 0.011719 0.023611
4 0.569531 0.690278 0.110937 0.616667
4 0.236328 0.920833 0.032031 0.063889
4 0.721484 0.648611 0.014844 0.022222
5 0.777344 0.622222 0.443750 0.519444
5 0.599609 0.460417 0.003906 0.006944
5 0.438281 0.690972 0.112500 0.615278
5 0.562109 0.459028 0.003906 0.006944
5 0.556641 0.443750 0.003906 0.006944
5 0.627344 0.504861 0.006250 0.009722
5 0.647656 0.536806 0.007812 0.012500
5 0.405078 0.523611 0.005469 0.011111
5 0.611328 0.480556 0.005469 0.008333
5 0.209766 0.736806 0.024219 0.034722
5 0.578906 0.502083 0.004687 0.009722
5 0.371094 0.495833 0.006250 0.008333
5 0.060156 0.963194 0.014063 0.023611
5 0.417969 0.494444 0.006250 0.008333
5 0.316406 0.729861 0.015625 0.031944
5 0.610938 0.578472 0.009375 0.015278
5 0.236328 0.920139 0.032031 0.062500
5 0.346094 0.476389 0.201563 0.213889
5 0.385547 0.569444 0.007031 0.013889
5 0.350391 0.526389 0.007031 0.011111
5 0.358984 0.631250 0.010156 0.020833
5 0.778516 0.967361 0.032031 0.062500
5 0.569531 0.477778 0.004687 0.008333
5 0.677344 0.581944 0.010937 0.013889
5 0.319922 0.572222 0.008594 0.013889
5 0.427734 0.471528 0.005469 0.006944
5 0.028516 0.822222 0.057031 0.066667
5 0.931641 0.966667 0.046094 0.063889
5 0.591797 0.533333 0.007031 0.011111
5 0.789453 0.751389 0.024219 0.036111
5 0.685156 0.750694 0.018750 0.037500
5 0.638672 0.643750 0.011719 0.023611
5 0.437891 0.447917 0.008594 0.018056
5 0.569531 0.690278 0.110937 0.616667
5 0.589844 0.445833 0.003125 0.005556
5 0.721484 0.648611 0.014844 0.022222
