0 0.628906 0.318056 0.020313 0.019444
0 0.511719 0.438889 0.067187 0.044444
0 0.533594 0.325000 0.014063 0.022222
0 0.744531 0.683333 0.082812 0.105556
0 0.478125 0.268056 0.006250 0.013889
0 0.525000 0.269444 0.006250 0.011111
0 0.455469 0.268056 0.004687 0.013889
0 0.906250 0.447222 0.071875 0.044444
0 0.855469 0.327778 0.023438 0.011111
0 0.501563 0.381944 0.021875 0.036111
0 0.800000 0.451389 0.084375 0.052778
0 0.464062 0.386111 0.018750 0.022222
0 0.163281 0.422222 0.067187 0.038889
0 0.536719 0.347222 0.017188 0.022222
0 0.593750 0.318056 0.034375 0.019444
0 0.494531 0.266667 0.004687 0.011111
0 0.583594 0.530556 0.042188 0.077778
0 0.547656 0.263889 0.004687 0.011111
0 0.503125 0.530556 0.037500 0.055556
0 0.673438 0.575000 0.056250 0.072222
0 0.540625 0.294444 0.006250 0.022222
0 0.732031 0.465278 0.070312 0.047222
3 0.754687 0.683333 0.409375 0.622222
3 0.242188 0.665278 0.406250 0.663889
3 0.541406 0.770833 0.170313 0.452778
3 0.630469 0.673611 0.342187 0.647222
4 0.803906 0.958333 0.042188 0.077778
4 0.544531 0.523611 0.010937 0.013889
4 0.936719 0.926389 0.048438 0.069444
4 0.136719 0.956944 0.039062 0.080556
4 0.303906 0.580556 0.014063 0.027778
4 0.435937 0.518056 0.012500 0.013889
4 0.242188 0.520833 0.012500 0.013889
4 0.626563 0.588889 0.012500 0.022222
4 0.598437 0.779167 0.115625 0.436111
4 0.469531 0.519444 0.010937 0.016667
4 0.582812 0.372222 0.012500 0.022222
4 0.685937 0.719444 0.025000 0.050000
4 0.246094 0.706944 0.020313 0.047222
4 0.614844 0.527778 0.007812 0.011111
4 0.382031 0.519444 0.010937 0.016667
5 0.407031 0.412500 0.235937 0.025000
7 0.412500 0.412500 0.225000 0.025000
