0 0.178125 0.384722 0.040625 0.025000
0 0.098437 0.394444 0.028125 0.033333
0 0.576562 0.494444 0.040625 0.061111
0 0.150000 0.408333 0.040625 0.033333
0 0.341406 0.394444 0.048438 0.055556
0 0.503125 0.493056 0.034375 0.052778
0 0.185938 0.801389 0.206250 0.141667
0 0.465625 0.355556 0.018750 0.022222
0 0.200000 0.395833 0.062500 0.041667
0 0.258594 0.379167 0.039062 0.019444
0 0.535937 0.322222 0.015625 0.022222
0 0.583594 0.276389 0.004687 0.019444
0 0.500781 0.333333 0.017188 0.022222
0 0.536719 0.273611 0.004687 0.019444
0 0.525781 0.269444 0.007812 0.011111
0 0.567969 0.365278 0.032813 0.030556
0 0.550781 0.306944 0.010937 0.019444
0 0.194531 0.922222 0.223438 0.150000
0 0.578125 0.459722 0.025000 0.013889
3 0.729688 0.665278 0.381250 0.652778
3 0.545312 0.748611 0.171875 0.491667
3 0.251563 0.669444 0.340625 0.644444
4 0.262500 0.483333 0.009375 0.011111
4 0.764062 0.655556 0.031250 0.044444
4 0.788281 0.908333 0.051562 0.116667
4 0.391406 0.480556 0.007812 0.011111
4 0.903125 0.855556 0.043750 0.061111
4 0.672656 0.666667 0.020313 0.044444
4 0.160156 0.894444 0.045312 0.100000
4 0.264844 0.655556 0.020313 0.044444
4 0.687500 0.544444 0.015625 0.022222
4 0.617969 0.545833 0.010937 0.019444
4 0.600781 0.766667 0.126562 0.461111
5 0.588281 0.490278 0.404687 0.047222
5 0.446094 0.386111 0.132812 0.050000
