0 0.179688 0.662500 0.037500 0.047222
0 0.571094 0.494444 0.010937 0.016667
0 0.448437 0.627778 0.028125 0.033333
0 0.309375 0.650000 0.037500 0.050000
0 0.160938 0.669444 0.053125 0.050000
0 0.382812 0.687500 0.040625 0.058333
0 0.401562 0.675000 0.031250 0.050000
0 0.672656 0.775000 0.064062 0.088889
0 0.527344 0.570833 0.020313 0.030556
0 0.443750 0.604167 0.028125 0.019444
0 0.414844 0.655556 0.029687 0.050000
0 0.014063 0.698611 0.028125 0.058333
0 0.571094 0.822222 0.054688 0.088889
0 0.062500 0.604167 0.028125 0.030556
0 0.326562 0.691667 0.040625 0.050000
0 0.457031 0.866667 0.073438 0.116667
0 0.503125 0.772222 0.046875 0.066667
0 0.251563 0.695833 0.040625 0.047222
0 0.447656 0.618056 0.032813 0.041667
0 0.178906 0.581944 0.023438 0.036111
0 0.288281 0.675000 0.039062 0.050000
0 0.569531 0.969444 0.073438 0.055556
0 0.014063 0.658333 0.028125 0.027778
0 0.467187 0.608333 0.018750 0.027778
0 0.549219 0.625000 0.035937 0.050000
0 0.357812 0.619444 0.031250 0.038889
0 0.542188 0.491667 0.009375 0.011111
0 0.190625 0.611111 0.031250 0.038889
0 0.076563 0.665278 0.053125 0.047222
0 0.063281 0.984722 0.076563 0.025000
0 0.023438 0.580556 0.012500 0.033333
0 0.603906 0.472222 0.004687 0.005556
0 0.429688 0.634722 0.025000 0.025000
0 0.415625 0.769444 0.050000 0.066667
0 0.064844 0.577778 0.026562 0.027778
0 0.443750 0.681944 0.046875 0.069444
0 0.572656 0.770833 0.051562 0.052778
0 0.588281 0.493056 0.010937 0.008333
0 0.642969 0.600000 0.020313 0.033333
0 0.418750 0.541667 0.021875 0.027778
1 0.458594 0.740278 0.010937 0.069444
3 0.419531 0.759722 0.323437 0.469444
3 0.512500 0.737500 0.506250 0.513889
3 0.271875 0.762500 0.543750 0.463889
3 0.423438 0.761111 0.331250 0.466667
4 0.257812 0.780556 0.015625 0.011111
4 0.240625 0.734722 0.012500 0.008333
4 0.125781 0.790278 0.014063 0.008333
4 0.125781 0.869444 0.023438 0.022222
4 0.277344 0.798611 0.014063 0.013889
4 0.339844 0.730556 0.014063 0.011111
4 0.307031 0.731944 0.010937 0.008333
4 0.221875 0.861111 0.015625 0.016667
4 0.530469 0.868056 0.004687 0.019444
4 0.275781 0.734722 0.014063 0.008333
4 0.296094 0.777778 0.017188 0.011111
4 0.190625 0.806944 0.012500 0.013889
4 0.631250 0.961111 0.006250 0.027778
4 0.219531 0.783333 0.017188 0.011111
4 0.031250 0.958333 0.031250 0.027778
4 0.420312 0.891667 0.090625 0.211111
4 0.146875 0.950000 0.025000 0.027778
5 0.125781 0.790278 0.014063 0.008333
5 0.125000 0.869444 0.021875 0.022222
5 0.277344 0.798611 0.014063 0.013889
5 0.500781 0.598611 0.029687 0.041667
5 0.031250 0.958333 0.031250 0.027778
5 0.240625 0.734722 0.012500 0.008333
5 0.064844 0.770833 0.026562 0.013889
5 0.221875 0.861111 0.015625 0.016667
5 0.530469 0.868056 0.004687 0.019444
5 0.146875 0.950000 0.025000 0.027778
5 0.190625 0.806944 0.012500 0.013889
5 0.631250 0.961111 0.006250 0.027778
5 0.419531 0.891667 0.089063 0.211111
5 0.558594 0.556944 0.023438 0.058333
5 0.517969 0.944444 0.007812 0.033333
7 0.750781 0.758333 0.098437 0.061111
7 0.410938 0.731944 0.428125 0.025000
