0 0.179688 0.662500 0.037500 0.047222
0 0.571094 0.494444 0.010937 0.016667
0 0.471875 0.600000 0.021875 0.027778
0 0.429688 0.634722 0.025000 0.025000
0 0.446094 0.629167 0.023438 0.030556
0 0.063281 0.573611 0.023438 0.019444
0 0.648438 0.698611 0.043750 0.047222
0 0.082031 0.622222 0.032813 0.044444
0 0.309375 0.650000 0.037500 0.050000
0 0.160156 0.669444 0.054688 0.050000
0 0.382812 0.687500 0.040625 0.058333
0 0.401562 0.675000 0.031250 0.050000
0 0.674219 0.779167 0.064062 0.091667
0 0.190625 0.613889 0.031250 0.038889
0 0.414844 0.655556 0.029687 0.050000
0 0.014063 0.697222 0.028125 0.055556
0 0.064062 0.604167 0.028125 0.025000
0 0.326562 0.691667 0.040625 0.050000
0 0.428125 0.937500 0.093750 0.119444
0 0.503906 0.772222 0.045312 0.066667
0 0.372656 0.612500 0.029687 0.036111
0 0.178906 0.581944 0.023438 0.036111
0 0.288281 0.675000 0.039062 0.050000
0 0.014063 0.659722 0.028125 0.025000
0 0.540625 0.652778 0.037500 0.061111
0 0.542188 0.493056 0.009375 0.013889
0 0.076563 0.665278 0.053125 0.047222
0 0.063281 0.586111 0.023438 0.016667
0 0.605469 0.473611 0.004687 0.008333
0 0.571094 0.769444 0.048438 0.050000
0 0.415625 0.769444 0.050000 0.066667
0 0.581250 0.468056 0.009375 0.008333
0 0.443750 0.681944 0.046875 0.069444
0 0.532031 0.559722 0.017188 0.030556
0 0.571094 0.837500 0.057813 0.091667
0 0.446875 0.616667 0.031250 0.044444
0 0.642969 0.622222 0.023438 0.038889
0 0.221094 0.861111 0.073438 0.116667
0 0.251563 0.695833 0.040625 0.047222
0 0.417969 0.541667 0.023438 0.027778
1 0.457031 0.743056 0.010937 0.063889
3 0.513281 0.762500 0.504687 0.463889
3 0.280469 0.762500 0.557813 0.463889
3 0.187500 0.862500 0.375000 0.263889
3 0.412500 0.622222 0.284375 0.194444
3 0.678906 0.762500 0.176563 0.463889
3 0.422656 0.761111 0.329688 0.466667
4 0.125000 0.869444 0.021875 0.022222
4 0.219531 0.783333 0.017188 0.011111
4 0.032031 0.959722 0.032813 0.030556
4 0.631250 0.961111 0.006250 0.027778
4 0.307812 0.731944 0.012500 0.008333
4 0.531250 0.869444 0.006250 0.022222
4 0.146875 0.950000 0.025000 0.027778
4 0.275781 0.734722 0.014063 0.008333
4 0.278125 0.798611 0.012500 0.013889
4 0.296875 0.777778 0.015625 0.011111
4 0.240625 0.736111 0.012500 0.005556
4 0.126562 0.788889 0.015625 0.011111
4 0.627344 0.872222 0.004687 0.022222
4 0.257812 0.781944 0.015625 0.008333
4 0.445312 0.831944 0.040625 0.091667
4 0.210156 0.737500 0.014063 0.008333
4 0.553125 0.569444 0.028125 0.072222
4 0.516406 0.952778 0.007812 0.027778
4 0.333594 0.775000 0.014063 0.011111
5 0.125000 0.869444 0.021875 0.022222
5 0.031250 0.958333 0.031250 0.027778
5 0.631250 0.961111 0.006250 0.027778
5 0.531250 0.869444 0.006250 0.022222
5 0.146875 0.950000 0.025000 0.027778
5 0.278125 0.798611 0.012500 0.013889
5 0.127344 0.788889 0.014063 0.011111
5 0.627344 0.872222 0.004687 0.022222
5 0.445312 0.831944 0.040625 0.091667
5 0.553125 0.569444 0.028125 0.072222
5 0.517188 0.952778 0.009375 0.027778
7 0.750000 0.758333 0.100000 0.055556
7 0.413281 0.731944 0.426563 0.025000
