0 0.665625 0.601389 0.050000 0.036111
0 0.571094 0.494444 0.010937 0.016667
0 0.443750 0.630556 0.025000 0.027778
0 0.447656 0.626389 0.029687 0.030556
0 0.570312 0.991667 0.059375 0.011111
0 0.426563 0.963889 0.081250 0.066667
0 0.586719 0.488889 0.007812 0.011111
0 0.160156 0.669444 0.054688 0.050000
0 0.382812 0.688889 0.040625 0.055556
0 0.289062 0.675000 0.040625 0.055556
0 0.401562 0.675000 0.031250 0.050000
0 0.671875 0.775000 0.062500 0.088889
0 0.563281 0.569444 0.023438 0.033333
0 0.443750 0.604167 0.028125 0.019444
0 0.600000 0.466667 0.006250 0.011111
0 0.014063 0.695833 0.028125 0.063889
0 0.414844 0.658333 0.032813 0.050000
0 0.325000 0.693056 0.040625 0.052778
0 0.181250 0.662500 0.040625 0.047222
0 0.251563 0.695833 0.040625 0.047222
0 0.310156 0.644444 0.042188 0.044444
0 0.332813 0.637500 0.025000 0.041667
0 0.178906 0.581944 0.023438 0.036111
0 0.592187 0.944444 0.084375 0.100000
0 0.543750 0.493056 0.009375 0.013889
0 0.466406 0.612500 0.014063 0.030556
0 0.570312 0.761111 0.050000 0.033333
0 0.427344 0.633333 0.026562 0.027778
0 0.190625 0.611111 0.031250 0.038889
0 0.077344 0.665278 0.051562 0.047222
0 0.023438 0.580556 0.012500 0.033333
0 0.647656 0.634722 0.032813 0.019444
0 0.506250 0.772222 0.040625 0.066667
0 0.418750 0.541667 0.021875 0.027778
0 0.571875 0.877778 0.056250 0.083333
0 0.570312 0.813889 0.056250 0.083333
0 0.418750 0.761111 0.046875 0.066667
0 0.474219 0.793056 0.057813 0.086111
0 0.064062 0.577778 0.025000 0.027778
0 0.443750 0.681944 0.046875 0.069444
0 0.121875 0.679167 0.056250 0.058333
0 0.624219 0.538889 0.014063 0.022222
0 0.467969 0.862500 0.060937 0.091667
0 0.650000 0.663889 0.034375 0.044444
1 0.740625 0.744444 0.012500 0.072222
3 0.588281 0.766667 0.354687 0.455556
3 0.689844 0.766667 0.154688 0.455556
3 0.260156 0.765278 0.514062 0.458333
3 0.414844 0.759722 0.314063 0.469444
4 0.257812 0.780556 0.015625 0.011111
4 0.125000 0.869444 0.021875 0.022222
4 0.278125 0.798611 0.012500 0.013889
4 0.223438 0.861111 0.015625 0.016667
4 0.189062 0.808333 0.018750 0.016667
4 0.031250 0.959722 0.031250 0.030556
4 0.409375 0.918056 0.065625 0.158333
4 0.517188 0.951389 0.009375 0.030556
4 0.146875 0.950000 0.025000 0.027778
5 0.504687 0.587500 0.050000 0.075000
5 0.125781 0.788889 0.014063 0.011111
5 0.125000 0.869444 0.021875 0.022222
5 0.278125 0.798611 0.012500 0.013889
5 0.031250 0.958333 0.031250 0.027778
5 0.223438 0.861111 0.015625 0.016667
5 0.146875 0.950000 0.025000 0.027778
5 0.189062 0.808333 0.018750 0.016667
5 0.409375 0.916667 0.065625 0.155556
5 0.516406 0.951389 0.007812 0.030556
7 0.752344 0.758333 0.095312 0.050000
7 0.411719 0.731944 0.432812 0.025000
