0 0.453906 0.452778 0.021875 0.030556
0 0.525391 0.370139 0.010156 0.009722
0 0.450781 0.365972 0.007812 0.012500
0 0.475391 0.379861 0.011719 0.018056
0 0.731250 0.690972 0.071875 0.109722
0 0.545703 0.376389 0.010156 0.013889
0 0.657422 0.490972 0.033594 0.051389
0 0.358203 0.754167 0.072656 0.097222
0 0.440625 0.408333 0.017188 0.025000
0 0.460938 0.345833 0.014063 0.027778
0 0.471484 0.396528 0.013281 0.018056
0 0.395313 0.369444 0.037500 0.027778
0 0.451172 0.387500 0.011719 0.022222
0 0.351172 0.564583 0.046094 0.059722
0 0.423828 0.434722 0.017969 0.041667
0 0.329297 0.496528 0.035156 0.040278
0 0.158984 0.644444 0.205469 0.272222
0 0.588672 0.412500 0.014844 0.022222
0 0.531641 0.365278 0.008594 0.016667
0 0.551562 0.396528 0.015625 0.018056
0 0.461719 0.371528 0.010937 0.018056
0 0.439453 0.493056 0.027344 0.038889
0 0.462891 0.422917 0.017969 0.023611
0 0.564453 0.415972 0.035156 0.054167
0 0.482422 0.367361 0.010156 0.018056
0 0.180078 0.831944 0.133594 0.166667
0 0.384375 0.450694 0.065625 0.140278
3 0.774219 0.613889 0.450000 0.533333
3 0.769531 0.679861 0.459375 0.629167
3 0.223828 0.697222 0.447656 0.594444
3 0.682031 0.688889 0.326562 0.619444
3 0.223047 0.613194 0.446094 0.487500
4 0.611328 0.480556 0.005469 0.008333
4 0.647656 0.537500 0.007812 0.011111
4 0.570312 0.477778 0.004687 0.008333
4 0.385937 0.569444 0.007812 0.013889
4 0.032813 0.817361 0.065625 0.076389
4 0.211328 0.733333 0.019531 0.027778
4 0.437500 0.695833 0.110937 0.605556
4 0.277344 0.636806 0.014063 0.020833
4 0.578906 0.502083 0.004687 0.009722
4 0.789453 0.751389 0.024219 0.036111
4 0.638672 0.643056 0.011719 0.022222
4 0.078125 0.938889 0.048438 0.069444
4 0.223047 0.612500 0.446094 0.486111
4 0.358984 0.630556 0.010156 0.019444
4 0.778516 0.967361 0.032031 0.062500
4 0.776563 0.620833 0.445312 0.522222
4 0.320312 0.572222 0.010937 0.013889
4 0.405469 0.523611 0.006250 0.011111
4 0.931641 0.966667 0.046094 0.063889
4 0.591797 0.533333 0.007031 0.011111
4 0.677344 0.581944 0.010937 0.013889
4 0.504687 0.689583 0.242188 0.618056
4 0.316406 0.730556 0.015625 0.030556
4 0.684766 0.750694 0.019531 0.037500
4 0.610938 0.578472 0.009375 0.015278
4 0.627344 0.504861 0.006250 0.009722
4 0.236328 0.920833 0.032031 0.063889
5 0.611328 0.480556 0.005469 0.008333
5 0.555078 0.438889 0.007031 0.016667
5 0.570312 0.477778 0.004687 0.008333
5 0.778516 0.967361 0.032031 0.062500
5 0.385937 0.568750 0.007812 0.012500
5 0.032422 0.817361 0.064844 0.076389
5 0.211328 0.733333 0.019531 0.027778
5 0.438281 0.694444 0.112500 0.608333
5 0.578906 0.502083 0.004687 0.009722
5 0.562109 0.458333 0.003906 0.005556
5 0.677344 0.581944 0.010937 0.013889
5 0.931641 0.966667 0.046094 0.063889
5 0.789453 0.751389 0.024219 0.036111
5 0.638672 0.643056 0.011719 0.022222
5 0.078125 0.938889 0.048438 0.069444
5 0.223047 0.612500 0.446094 0.486111
5 0.350391 0.527083 0.008594 0.012500
5 0.305078 0.517361 0.094531 0.101389
5 0.358984 0.630556 0.010156 0.019444
5 0.277344 0.636806 0.014063 0.020833
5 0.776953 0.621528 0.444531 0.520833
5 0.647656 0.537500 0.007812 0.011111
5 0.589844 0.445833 0.003125 0.005556
5 0.320312 0.571528 0.010937 0.012500
5 0.405469 0.523611 0.006250 0.011111
5 0.591797 0.533333 0.007031 0.011111
5 0.504297 0.689583 0.241406 0.618056
5 0.316406 0.730556 0.015625 0.030556
5 0.685156 0.750694 0.018750 0.037500
5 0.610938 0.578472 0.009375 0.015278
5 0.599219 0.460417 0.004687 0.006944
5 0.627344 0.504861 0.006250 0.009722
5 0.236328 0.920833 0.032031 0.063889
