0 0.043750 0.375926 0.069792 0.050000
0 0.542708 0.284722 0.010417 0.017593
0 0.047917 0.249074 0.030208 0.020370
0 0.352344 0.558796 0.074479 0.052778
0 0.707292 0.509722 0.060417 0.060185
0 0.065104 0.236574 0.026042 0.028704
0 0.084375 0.322222 0.028125 0.018519
0 0.114323 0.834722 0.228646 0.193519
0 0.497917 0.297685 0.013542 0.019444
0 0.078125 0.338426 0.036458 0.019444
0 0.042969 0.387037 0.070312 0.062963
0 0.617708 0.325000 0.763542 0.238889
0 0.992448 0.294444 0.014063 0.022222
0 0.541406 0.312037 0.014063 0.024074
0 0.518490 0.305093 0.013021 0.013889
0 0.451562 0.731019 0.150000 0.100926
0 0.620052 0.711111 0.144271 0.100000
0 0.515104 0.195833 0.006250 0.008333
0 0.543490 0.230093 0.009896 0.012037
3 0.498958 0.508333 0.997917 0.346296
3 0.498698 0.597222 0.997396 0.798148
3 0.498698 0.707407 0.997396 0.577778
3 0.269271 0.431481 0.535417 0.501852
4 0.666667 0.529630 0.023958 0.012963
4 0.215625 0.498611 0.113542 0.099074
4 0.778385 0.699537 0.056771 0.013889
4 0.632031 0.486574 0.030729 0.010185
4 0.864583 0.828241 0.045833 0.017593
4 0.301563 0.475926 0.090625 0.094444
4 0.886458 0.750463 0.069792 0.012037
4 0.277344 0.481944 0.095312 0.093519
4 0.527865 0.424537 0.024479 0.082407
4 0.695312 0.555093 0.030208 0.013889
4 0.488021 0.432870 0.036458 0.082407
4 0.659375 0.517130 0.028125 0.013889
4 0.648177 0.506019 0.026562 0.012037
4 0.839583 0.797222 0.055208 0.014815
4 0.358073 0.970370 0.025521 0.051852
4 0.738802 0.631481 0.044271 0.011111
4 0.354167 0.463426 0.072917 0.087963
4 0.229167 0.981944 0.025000 0.034259
5 0.666667 0.529630 0.023958 0.012963
5 0.215625 0.498611 0.112500 0.099074
5 0.622135 0.474537 0.032813 0.013889
5 0.613281 0.462963 0.026562 0.012963
5 0.778906 0.699537 0.055729 0.013889
5 0.631250 0.485648 0.027083 0.008333
5 0.864583 0.827778 0.045833 0.016667
5 0.808333 0.756481 0.041667 0.014815
5 0.499219 0.467593 0.151562 0.035185
5 0.301563 0.475926 0.090625 0.094444
5 0.886198 0.750463 0.069271 0.012037
5 0.228906 0.981944 0.024479 0.034259
5 0.277083 0.482870 0.094792 0.091667
5 0.528125 0.424074 0.023958 0.081481
5 0.695312 0.555093 0.030208 0.013889
5 0.488021 0.433333 0.035417 0.081481
5 0.854167 0.754167 0.133333 0.019444
5 0.659635 0.517130 0.027604 0.013889
5 0.839583 0.797222 0.055208 0.014815
5 0.647917 0.506019 0.026042 0.012037
5 0.358073 0.970370 0.025521 0.051852
5 0.174479 0.988426 0.019792 0.021296
5 0.720833 0.546296 0.012500 0.011111
5 0.738802 0.631481 0.043229 0.011111
5 0.325781 0.470833 0.127604 0.102778
7 0.663281 0.508333 0.126562 0.105556
