0 0.621094 0.525000 0.010937 0.016667
0 0.179688 0.662500 0.040625 0.047222
0 0.442188 0.630556 0.021875 0.027778
0 0.464062 0.613889 0.015625 0.033333
0 0.601562 0.466667 0.006250 0.011111
0 0.569531 0.804167 0.054688 0.080556
0 0.446875 0.629167 0.028125 0.030556
0 0.410938 0.959722 0.096875 0.075000
0 0.583594 0.493056 0.010937 0.013889
0 0.308594 0.648611 0.039062 0.047222
0 0.160938 0.669444 0.053125 0.050000
0 0.383594 0.688889 0.042188 0.055556
0 0.288281 0.676389 0.039062 0.052778
0 0.400781 0.675000 0.032813 0.050000
0 0.672656 0.775000 0.064062 0.088889
0 0.442188 0.606944 0.028125 0.019444
0 0.190625 0.611111 0.031250 0.038889
0 0.014844 0.694444 0.029687 0.066667
0 0.064062 0.604167 0.028125 0.025000
0 0.585156 0.484722 0.007812 0.008333
0 0.251563 0.695833 0.040625 0.047222
0 0.325000 0.626389 0.037500 0.075000
0 0.178906 0.581944 0.023438 0.036111
0 0.417969 0.761111 0.048438 0.066667
0 0.585938 0.925000 0.071875 0.100000
0 0.570312 0.494444 0.009375 0.016667
0 0.325000 0.693056 0.040625 0.052778
0 0.567187 0.761111 0.056250 0.038889
0 0.426563 0.633333 0.025000 0.027778
0 0.444531 0.919444 0.070312 0.088889
0 0.720313 0.990278 0.056250 0.013889
0 0.075781 0.665278 0.051562 0.047222
0 0.023438 0.580556 0.012500 0.033333
0 0.649219 0.634722 0.032813 0.019444
0 0.558594 0.556944 0.026562 0.030556
0 0.506250 0.772222 0.040625 0.066667
0 0.572656 0.861111 0.054688 0.077778
0 0.414844 0.656944 0.029687 0.047222
0 0.474219 0.793056 0.057813 0.086111
0 0.063281 0.577778 0.023438 0.027778
0 0.443750 0.681944 0.046875 0.069444
0 0.567969 0.972222 0.079687 0.050000
0 0.468750 0.854167 0.059375 0.086111
0 0.351562 0.869444 0.075000 0.111111
0 0.650000 0.663889 0.034375 0.044444
1 0.878125 0.755556 0.015625 0.072222
1 0.208594 0.672222 0.007812 0.033333
3 0.680469 0.763889 0.173437 0.455556
3 0.562500 0.759722 0.137500 0.463889
3 0.182031 0.877778 0.364063 0.233333
3 0.262500 0.766667 0.518750 0.455556
3 0.346875 0.904167 0.181250 0.186111
3 0.419531 0.761111 0.323437 0.466667
4 0.125000 0.869444 0.021875 0.022222
4 0.221875 0.861111 0.015625 0.016667
4 0.278125 0.798611 0.012500 0.013889
4 0.257031 0.780556 0.017188 0.011111
4 0.188281 0.809722 0.014063 0.013889
4 0.031250 0.959722 0.031250 0.030556
4 0.516406 0.952778 0.007812 0.027778
4 0.146875 0.950000 0.025000 0.027778
5 0.125781 0.788889 0.014063 0.011111
5 0.125000 0.869444 0.021875 0.022222
5 0.278125 0.798611 0.012500 0.013889
5 0.031250 0.959722 0.031250 0.030556
5 0.221875 0.861111 0.015625 0.016667
5 0.146875 0.950000 0.025000 0.027778
5 0.631250 0.956944 0.006250 0.019444
5 0.189062 0.809722 0.012500 0.013889
5 0.506250 0.586111 0.056250 0.083333
5 0.432812 0.856944 0.021875 0.047222
5 0.516406 0.952778 0.007812 0.027778
5 0.627344 0.875000 0.004687 0.016667
7 0.751563 0.758333 0.096875 0.055556
7 0.411719 0.731944 0.432812 0.025000
