0 0.778906 0.869444 0.267188 0.250000
0 0.557031 0.255556 0.051562 0.077778
0 0.861719 0.387500 0.051562 0.063889
0 0.434375 0.386111 0.084375 0.094444
0 0.346875 0.959722 0.109375 0.075000
0 0.750781 0.359722 0.054688 0.058333
0 0.703906 0.326389 0.057813 0.058333
0 0.806250 0.366667 0.043750 0.066667
1 0.435156 0.762500 0.020313 0.086111
3 0.373437 0.611111 0.571875 0.761111
3 0.260156 0.604167 0.345313 0.775000
3 0.499219 0.606944 0.823438 0.769444
3 0.584375 0.609722 0.653125 0.752778
4 0.289844 0.400000 0.017188 0.038889
4 0.342969 0.363889 0.220312 0.283333
5 0.289844 0.400000 0.017188 0.033333
5 0.340625 0.361111 0.215625 0.277778
