0 0.179688 0.662500 0.037500 0.047222
0 0.442969 0.630556 0.023438 0.027778
0 0.446875 0.627778 0.028125 0.033333
0 0.601562 0.466667 0.006250 0.011111
0 0.569531 0.809722 0.054688 0.080556
0 0.439844 0.940278 0.070312 0.102778
0 0.585938 0.486111 0.006250 0.011111
0 0.309375 0.648611 0.037500 0.047222
0 0.160938 0.669444 0.053125 0.050000
0 0.382812 0.688889 0.040625 0.055556
0 0.400781 0.675000 0.032813 0.050000
0 0.672656 0.775000 0.064062 0.088889
0 0.444531 0.616667 0.032813 0.044444
0 0.192188 0.609722 0.034375 0.036111
0 0.425781 0.634722 0.026562 0.030556
0 0.014844 0.697222 0.029687 0.055556
0 0.064062 0.612500 0.028125 0.041667
0 0.571875 0.866667 0.056250 0.077778
0 0.251563 0.695833 0.040625 0.047222
0 0.331250 0.640278 0.025000 0.047222
0 0.466406 0.612500 0.014063 0.030556
0 0.178125 0.581944 0.021875 0.036111
0 0.288281 0.676389 0.039062 0.052778
0 0.585156 0.929167 0.073438 0.097222
0 0.542969 0.493056 0.010937 0.013889
0 0.325000 0.693056 0.040625 0.052778
0 0.567969 0.763889 0.057813 0.038889
0 0.418750 0.759722 0.050000 0.069444
0 0.075781 0.665278 0.051562 0.047222
0 0.566406 0.563889 0.020313 0.033333
0 0.506250 0.772222 0.040625 0.066667
0 0.414844 0.656944 0.029687 0.047222
0 0.474219 0.791667 0.057813 0.083333
0 0.443750 0.681944 0.046875 0.069444
0 0.125000 0.681944 0.059375 0.063889
0 0.621875 0.531944 0.012500 0.013889
0 0.468750 0.855556 0.059375 0.088889
0 0.571094 0.494444 0.010937 0.016667
0 0.649219 0.633333 0.032813 0.016667
0 0.418750 0.541667 0.021875 0.027778
0 0.259375 0.976389 0.096875 0.041667
0 0.650000 0.663889 0.034375 0.044444
3 0.186719 0.862500 0.373437 0.263889
3 0.574219 0.761111 0.382812 0.466667
3 0.264844 0.768056 0.526563 0.452778
3 0.681250 0.769444 0.171875 0.450000
3 0.480469 0.759722 0.223438 0.469444
3 0.426563 0.758333 0.287500 0.466667
4 0.257031 0.780556 0.017188 0.011111
4 0.125781 0.788889 0.014063 0.011111
4 0.125000 0.869444 0.021875 0.022222
4 0.222656 0.859722 0.017188 0.019444
4 0.278125 0.798611 0.012500 0.013889
4 0.296094 0.777778 0.017188 0.011111
4 0.239844 0.736111 0.010937 0.005556
4 0.219531 0.783333 0.017188 0.011111
4 0.189844 0.809722 0.014063 0.013889
4 0.031250 0.959722 0.031250 0.030556
4 0.505469 0.586111 0.051562 0.077778
4 0.412500 0.911111 0.062500 0.155556
4 0.516406 0.951389 0.007812 0.030556
4 0.146875 0.950000 0.025000 0.027778
5 0.125781 0.788889 0.014063 0.011111
5 0.125000 0.869444 0.021875 0.022222
5 0.278125 0.798611 0.012500 0.013889
5 0.031250 0.958333 0.031250 0.027778
5 0.240625 0.736111 0.009375 0.005556
5 0.063281 0.769444 0.023438 0.016667
5 0.222656 0.859722 0.017188 0.019444
5 0.630469 0.956944 0.004687 0.019444
5 0.189844 0.809722 0.014063 0.013889
5 0.505469 0.586111 0.051562 0.077778
5 0.412500 0.911111 0.062500 0.155556
5 0.622656 0.811111 0.004687 0.016667
5 0.516406 0.951389 0.007812 0.030556
5 0.146875 0.950000 0.025000 0.027778
7 0.410938 0.731944 0.437500 0.030556
