0 0.452083 0.355093 0.021875 0.028704
0 0.047917 0.249537 0.030208 0.021296
0 0.518750 0.304167 0.013542 0.013889
0 0.087760 0.234722 0.014063 0.012037
0 0.333333 0.343981 0.017708 0.012037
0 0.077865 0.338426 0.035937 0.019444
0 0.707292 0.509722 0.059375 0.060185
0 0.065104 0.236574 0.026042 0.028704
0 0.508854 0.333796 0.017708 0.028704
0 0.422656 0.351852 0.024479 0.031481
0 0.044271 0.375926 0.068750 0.042593
0 0.541927 0.297222 0.014063 0.016667
0 0.084115 0.322222 0.028646 0.018519
0 0.499740 0.347685 0.999479 0.286111
0 0.992708 0.294444 0.013542 0.020370
0 0.491406 0.304167 0.015104 0.019444
0 0.520573 0.209722 0.006771 0.010185
0 0.546094 0.284722 0.015104 0.019444
3 0.498698 0.666204 0.997396 0.658333
3 0.498698 0.770833 0.997396 0.449074
3 0.264844 0.430093 0.525521 0.504630
4 0.219010 0.495833 0.116146 0.102778
4 0.777604 0.700000 0.057292 0.012963
4 0.864583 0.828241 0.045833 0.017593
4 0.487760 0.431944 0.035937 0.082407
4 0.666146 0.530093 0.022917 0.012037
4 0.278646 0.483333 0.097917 0.090741
4 0.528125 0.424074 0.023958 0.081481
4 0.659375 0.516667 0.029167 0.012963
4 0.839323 0.797222 0.055729 0.014815
4 0.738542 0.631481 0.043750 0.011111
4 0.354687 0.463889 0.073958 0.087037
5 0.357812 0.969444 0.025000 0.051852
5 0.218750 0.495833 0.115625 0.102778
5 0.621875 0.473611 0.033333 0.013889
5 0.613542 0.462500 0.026042 0.012037
5 0.778125 0.700000 0.056250 0.012963
5 0.632292 0.486111 0.030208 0.009259
5 0.864583 0.828241 0.045833 0.017593
5 0.666146 0.530093 0.022917 0.012037
5 0.808073 0.756481 0.042188 0.014815
5 0.886979 0.750926 0.067708 0.011111
5 0.229948 0.981481 0.024479 0.035185
5 0.278385 0.483333 0.097396 0.090741
5 0.528385 0.424074 0.023438 0.081481
5 0.696094 0.554630 0.028646 0.012963
5 0.487760 0.431019 0.035937 0.082407
5 0.300781 0.476852 0.089063 0.094444
5 0.659375 0.516667 0.029167 0.012963
5 0.647917 0.506019 0.026042 0.012037
5 0.839063 0.797222 0.055208 0.014815
5 0.738542 0.631481 0.043750 0.011111
5 0.720573 0.546296 0.013021 0.011111
5 0.354427 0.464352 0.073438 0.086111
