0 0.281250 0.422222 0.059375 0.038889
0 0.532031 0.322222 0.014063 0.022222
0 0.171875 0.411111 0.065625 0.038889
0 0.697656 0.609722 0.064062 0.086111
0 0.835156 0.816667 0.120313 0.144444
0 0.894531 0.436111 0.070312 0.044444
0 0.465625 0.375000 0.021875 0.022222
0 0.525781 0.269444 0.007812 0.011111
0 0.432031 0.434722 0.064062 0.041667
0 0.589063 0.309722 0.031250 0.019444
0 0.893750 0.329167 0.025000 0.019444
0 0.580469 0.516667 0.042188 0.077778
0 0.501563 0.372222 0.021875 0.033333
0 0.455469 0.261111 0.004687 0.011111
0 0.503906 0.516667 0.035937 0.055556
0 0.499219 0.423611 0.073438 0.047222
0 0.538281 0.347222 0.017188 0.027778
3 0.756250 0.679167 0.384375 0.630556
3 0.247656 0.663889 0.395313 0.666667
3 0.667188 0.647222 0.281250 0.694444
3 0.542969 0.761111 0.170313 0.472222
4 0.828125 0.436111 0.037500 0.027778
4 0.249219 0.508333 0.010937 0.011111
4 0.542969 0.509722 0.010937 0.013889
4 0.757031 0.536111 0.032813 0.011111
4 0.611719 0.513889 0.007812 0.011111
4 0.800000 0.945833 0.050000 0.102778
4 0.385937 0.504167 0.009375 0.013889
4 0.925781 0.904167 0.048438 0.069444
4 0.142187 0.943056 0.046875 0.102778
4 0.471094 0.506944 0.010937 0.013889
4 0.307812 0.568056 0.012500 0.025000
4 0.677344 0.531944 0.023438 0.008333
4 0.437500 0.504167 0.012500 0.013889
4 0.623437 0.575000 0.012500 0.022222
4 0.775781 0.687500 0.035937 0.047222
4 0.681250 0.702778 0.025000 0.050000
4 0.599219 0.772222 0.120313 0.450000
4 0.578906 0.359722 0.010937 0.019444
4 0.253125 0.688889 0.021875 0.044444
4 0.767969 0.523611 0.017188 0.013889
5 0.578906 0.516667 0.401562 0.050000
7 0.580469 0.518056 0.398438 0.047222
