0 0.846875 0.301389 0.059375 0.052778
0 0.420312 0.381944 0.062500 0.075000
0 0.656250 0.237500 0.025000 0.052778
0 0.603125 0.287500 0.043750 0.041667
0 0.476562 0.218056 0.050000 0.041667
0 0.538281 0.248611 0.042188 0.047222
0 0.757031 0.279167 0.060937 0.047222
0 0.712500 0.263889 0.031250 0.055556
0 0.096094 0.291667 0.020313 0.044444
0 0.282813 0.293056 0.034375 0.052778
0 0.810937 0.383333 0.059375 0.066667
0 0.632031 0.294444 0.057813 0.038889
0 0.427344 0.190278 0.039062 0.025000
0 0.180469 0.148611 0.010937 0.013889
0 0.763281 0.366667 0.054688 0.055556
0 0.229687 0.151389 0.015625 0.030556
0 0.349219 0.188889 0.020313 0.016667
0 0.151562 0.205556 0.018750 0.027778
0 0.870313 0.395833 0.050000 0.063889
0 0.334375 0.379167 0.059375 0.069444
0 0.650000 0.406944 0.081250 0.086111
0 0.171875 0.338889 0.037500 0.072222
0 0.272656 0.400000 0.057813 0.083333
0 0.366406 0.320833 0.048438 0.063889
0 0.162500 0.243056 0.021875 0.036111
0 0.667969 0.322222 0.054688 0.044444
0 0.616406 0.244444 0.035937 0.038889
0 0.712500 0.333333 0.081250 0.050000
0 0.278906 0.144444 0.023438 0.016667
0 0.908594 0.391667 0.010937 0.088889
0 0.891406 0.313889 0.042188 0.055556
0 0.612500 0.445833 0.140625 0.125000
0 0.146094 0.159722 0.010937 0.019444
0 0.563281 0.916667 0.301563 0.161111
0 0.578906 0.244444 0.039062 0.044444
0 0.185156 0.406944 0.054688 0.097222
0 0.645312 0.305556 0.056250 0.044444
0 0.257812 0.137500 0.012500 0.019444
0 0.726562 0.351389 0.059375 0.047222
3 0.575000 0.397222 0.671875 0.444444
3 0.536719 0.612500 0.748437 0.758333
3 0.713281 0.665278 0.385937 0.347222
4 0.192188 0.305556 0.006250 0.016667
4 0.205469 0.361111 0.007812 0.022222
4 0.259375 0.333333 0.009375 0.022222
4 0.218750 0.252778 0.006250 0.016667
4 0.459375 0.329167 0.021875 0.019444
4 0.362500 0.255556 0.009375 0.011111
4 0.181250 0.266667 0.006250 0.016667
4 0.235937 0.286111 0.009375 0.016667
4 0.410156 0.290278 0.014063 0.013889
4 0.628906 0.356944 0.076563 0.036111
4 0.453906 0.288889 0.014063 0.016667
4 0.222656 0.427778 0.010937 0.033333
4 0.529687 0.337500 0.025000 0.019444
4 0.322656 0.330556 0.179688 0.233333
5 0.259375 0.333333 0.009375 0.022222
5 0.205469 0.361111 0.007812 0.022222
5 0.218750 0.252778 0.006250 0.011111
5 0.322656 0.330556 0.179688 0.233333
5 0.459375 0.329167 0.021875 0.019444
5 0.363281 0.255556 0.007812 0.011111
5 0.181250 0.266667 0.006250 0.016667
5 0.235156 0.286111 0.007812 0.016667
5 0.627344 0.356944 0.073438 0.036111
5 0.192188 0.305556 0.006250 0.016667
5 0.410156 0.290278 0.014063 0.013889
5 0.454688 0.287500 0.012500 0.013889
5 0.221875 0.427778 0.009375 0.033333
5 0.529687 0.337500 0.025000 0.019444
