0 0.380078 0.672917 0.055469 0.081944
0 0.465625 0.368056 0.009375 0.013889
0 0.438281 0.378472 0.010937 0.015278
0 0.545703 0.438889 0.021094 0.033333
0 0.476953 0.385417 0.010156 0.015278
0 0.578906 0.538889 0.032813 0.055556
0 0.448828 0.367361 0.010156 0.012500
0 0.353516 0.459722 0.035156 0.066667
0 0.457813 0.359028 0.009375 0.012500
0 0.482422 0.344444 0.011719 0.013889
0 0.028516 0.902083 0.057031 0.118056
0 0.454688 0.379861 0.015625 0.020833
0 0.424219 0.395139 0.012500 0.018056
0 0.558203 0.370833 0.010156 0.013889
0 0.300391 0.632639 0.055469 0.073611
0 0.482422 0.372917 0.011719 0.015278
0 0.534375 0.348611 0.006250 0.011111
0 0.392969 0.451389 0.057813 0.111111
0 0.432812 0.420833 0.017188 0.025000
0 0.550781 0.388889 0.012500 0.016667
0 0.524219 0.343056 0.006250 0.011111
0 0.312109 0.522917 0.038281 0.051389
0 0.542188 0.369444 0.009375 0.013889
0 0.462500 0.417361 0.015625 0.023611
0 0.438672 0.488889 0.030469 0.047222
0 0.452734 0.456250 0.024219 0.040278
0 0.468750 0.397917 0.014063 0.018056
0 0.489063 0.356944 0.009375 0.013889
0 0.523828 0.368056 0.010156 0.013889
0 0.567969 0.384722 0.012500 0.016667
3 0.777344 0.613889 0.443750 0.533333
3 0.760547 0.693750 0.477344 0.601389
3 0.238672 0.693056 0.477344 0.605556
3 0.645703 0.684722 0.255469 0.622222
4 0.789844 0.638889 0.418750 0.486111
4 0.358594 0.630556 0.010937 0.019444
4 0.627344 0.504861 0.006250 0.009722
4 0.578906 0.502083 0.004687 0.009722
4 0.611328 0.480556 0.005469 0.008333
4 0.209375 0.736806 0.023438 0.034722
4 0.438281 0.693750 0.112500 0.609722
4 0.078125 0.938889 0.048438 0.069444
4 0.405078 0.523611 0.005469 0.011111
4 0.316406 0.729861 0.015625 0.031944
4 0.685156 0.750694 0.018750 0.037500
4 0.350391 0.526389 0.008594 0.011111
4 0.778516 0.967361 0.032031 0.062500
4 0.677344 0.581944 0.010937 0.013889
4 0.647656 0.537500 0.007812 0.011111
4 0.319922 0.572222 0.010156 0.013889
4 0.178516 0.664583 0.347656 0.356944
4 0.931641 0.966667 0.046094 0.063889
4 0.610938 0.578472 0.009375 0.015278
4 0.789453 0.751389 0.024219 0.036111
4 0.638672 0.643750 0.011719 0.023611
4 0.569922 0.689583 0.110156 0.618056
4 0.385547 0.569444 0.007031 0.013889
4 0.236328 0.920833 0.032031 0.063889
4 0.721484 0.648611 0.016406 0.022222
5 0.789844 0.638889 0.418750 0.486111
5 0.589844 0.445833 0.003125 0.005556
5 0.562109 0.459028 0.003906 0.006944
5 0.599609 0.461111 0.003906 0.005556
5 0.627344 0.504861 0.006250 0.009722
5 0.578906 0.502083 0.004687 0.009722
5 0.611328 0.480556 0.005469 0.008333
5 0.209375 0.736806 0.023438 0.034722
5 0.438281 0.693750 0.112500 0.609722
5 0.078125 0.938889 0.048438 0.069444
5 0.778516 0.967361 0.032031 0.062500
5 0.405078 0.523611 0.005469 0.011111
5 0.931641 0.966667 0.046094 0.063889
5 0.316406 0.730556 0.015625 0.030556
5 0.685156 0.750694 0.018750 0.037500
5 0.350391 0.526389 0.007031 0.011111
5 0.358594 0.630556 0.010937 0.019444
5 0.569922 0.478472 0.003906 0.006944
5 0.677344 0.581944 0.010937 0.013889
5 0.647656 0.537500 0.007812 0.011111
5 0.417969 0.493750 0.004687 0.009722
5 0.320312 0.572222 0.009375 0.013889
5 0.169531 0.664583 0.329688 0.356944
5 0.610938 0.578472 0.009375 0.015278
5 0.789453 0.751389 0.024219 0.036111
5 0.638672 0.643056 0.011719 0.022222
5 0.569922 0.690278 0.110156 0.616667
5 0.385547 0.569444 0.007031 0.013889
5 0.236328 0.920833 0.032031 0.063889
5 0.721094 0.648611 0.015625 0.022222
