0 0.460547 0.425694 0.019531 0.026389
0 0.479297 0.373611 0.010156 0.016667
0 0.626953 0.459028 0.022656 0.034722
0 0.486328 0.363194 0.010156 0.015278
0 0.337500 0.494444 0.034375 0.044444
0 0.432812 0.420139 0.018750 0.023611
0 0.495703 0.347917 0.008594 0.012500
0 0.845313 0.730556 0.087500 0.119444
0 0.470313 0.398611 0.015625 0.025000
0 0.533594 0.334722 0.004687 0.008333
0 0.403516 0.413194 0.016406 0.020833
0 0.411328 0.595833 0.049219 0.080556
0 0.142578 0.654167 0.208594 0.263889
0 0.423828 0.393056 0.013281 0.019444
0 0.353516 0.551389 0.039844 0.052778
0 0.398438 0.472917 0.026562 0.034722
0 0.462109 0.370833 0.010156 0.013889
0 0.521875 0.352778 0.007812 0.008333
0 0.476172 0.385417 0.011719 0.015278
0 0.442188 0.495833 0.029687 0.038889
0 0.449219 0.393056 0.012500 0.016667
0 0.433594 0.386111 0.009375 0.016667
0 0.560937 0.411806 0.015625 0.023611
0 0.542969 0.345833 0.006250 0.011111
0 0.363281 0.459722 0.026562 0.030556
0 0.342187 0.847917 0.092188 0.137500
3 0.774609 0.619444 0.449219 0.525000
3 0.760938 0.676389 0.476562 0.636111
3 0.644531 0.678472 0.257812 0.634722
3 0.227344 0.622222 0.454688 0.522222
3 0.233984 0.709722 0.467969 0.569444
4 0.776172 0.619444 0.446094 0.522222
4 0.677344 0.581250 0.010937 0.015278
4 0.385547 0.569444 0.007031 0.013889
4 0.029687 0.820833 0.059375 0.069444
4 0.209375 0.736806 0.023438 0.034722
4 0.438281 0.693750 0.112500 0.609722
4 0.276953 0.636806 0.014844 0.020833
4 0.316406 0.729861 0.015625 0.031944
4 0.638672 0.643056 0.011719 0.022222
4 0.358984 0.631250 0.010156 0.020833
4 0.778516 0.967361 0.032031 0.062500
4 0.721484 0.648611 0.016406 0.022222
4 0.648047 0.537500 0.008594 0.011111
4 0.319922 0.571528 0.010156 0.015278
4 0.077734 0.939583 0.049219 0.070833
4 0.932031 0.966667 0.046875 0.063889
4 0.591797 0.533333 0.007031 0.011111
4 0.789453 0.751389 0.024219 0.036111
4 0.504297 0.685417 0.241406 0.626389
4 0.610938 0.578472 0.009375 0.015278
4 0.684766 0.750694 0.019531 0.037500
4 0.236328 0.920833 0.032031 0.063889
5 0.776172 0.619444 0.446094 0.522222
5 0.677344 0.581250 0.010937 0.015278
5 0.562109 0.459028 0.003906 0.006944
5 0.557031 0.443750 0.004687 0.006944
5 0.551562 0.431250 0.003125 0.006944
5 0.778516 0.967361 0.032031 0.062500
5 0.385547 0.569444 0.007031 0.013889
5 0.029687 0.820833 0.059375 0.069444
5 0.209375 0.736806 0.023438 0.034722
5 0.438281 0.693750 0.112500 0.609722
5 0.276953 0.636806 0.014844 0.020833
5 0.578906 0.502083 0.004687 0.009722
5 0.418359 0.494444 0.005469 0.008333
5 0.371484 0.495833 0.005469 0.008333
5 0.316406 0.729861 0.015625 0.031944
5 0.638672 0.643056 0.011719 0.022222
5 0.077734 0.939583 0.049219 0.070833
5 0.352344 0.522917 0.006250 0.006944
5 0.349609 0.473611 0.205469 0.216667
5 0.358984 0.631250 0.010156 0.020833
5 0.569922 0.477778 0.003906 0.008333
5 0.721094 0.648611 0.015625 0.022222
5 0.648047 0.537500 0.008594 0.011111
5 0.582031 0.432639 0.003125 0.006944
5 0.319922 0.571528 0.010156 0.015278
5 0.931641 0.966667 0.046094 0.063889
5 0.591797 0.533333 0.007031 0.011111
5 0.627734 0.504861 0.007031 0.009722
5 0.427734 0.471528 0.005469 0.006944
5 0.789453 0.751389 0.024219 0.036111
5 0.504297 0.688194 0.241406 0.620833
5 0.435547 0.454167 0.003906 0.005556
5 0.610938 0.578472 0.009375 0.015278
5 0.586719 0.440278 0.010937 0.016667
5 0.684766 0.750694 0.019531 0.037500
5 0.599219 0.460417 0.004687 0.006944
5 0.611328 0.480556 0.005469 0.008333
5 0.405078 0.523611 0.005469 0.011111
5 0.236328 0.920833 0.032031 0.063889
