0 0.768750 0.868056 0.293750 0.186111
0 0.842969 0.395833 0.020313 0.025000
0 0.471094 0.650000 0.064062 0.077778
0 0.528906 0.608333 0.048438 0.050000
0 0.392969 0.618056 0.067187 0.075000
0 0.820312 0.329167 0.015625 0.025000
0 0.907813 0.281944 0.006250 0.008333
0 0.730469 0.959722 0.142187 0.075000
0 0.586719 0.559722 0.039062 0.047222
0 0.605469 0.513889 0.029687 0.033333
3 0.185156 0.848611 0.360938 0.280556
3 0.854688 0.600000 0.287500 0.600000
3 0.487500 0.580556 0.428125 0.272222
3 0.347656 0.558333 0.695312 0.300000
3 0.366406 0.716667 0.723437 0.544444
3 0.559375 0.716667 0.509375 0.550000
3 0.375781 0.723611 0.701562 0.530556
4 0.507812 0.781944 0.034375 0.030556
4 0.210938 0.733333 0.031250 0.016667
4 0.397656 0.765278 0.035937 0.030556
4 0.517188 0.970833 0.031250 0.019444
4 0.346875 0.715278 0.043750 0.019444
4 0.073438 0.768056 0.034375 0.013889
4 0.362500 0.759722 0.037500 0.025000
4 0.534375 0.711111 0.028125 0.027778
4 0.791406 0.766667 0.039062 0.027778
4 0.777344 0.768056 0.029687 0.019444
4 0.010156 0.808333 0.020313 0.011111
4 0.280469 0.709722 0.057813 0.019444
4 0.871875 0.740278 0.037500 0.025000
4 0.832031 0.752778 0.039062 0.027778
4 0.599219 0.870833 0.042188 0.019444
4 0.471094 0.775000 0.032813 0.027778
4 0.626563 0.686111 0.140625 0.166667
4 0.038281 0.787500 0.035937 0.013889
4 0.621094 0.625000 0.017188 0.022222
4 0.696875 0.505556 0.137500 0.122222
4 0.546875 0.787500 0.034375 0.030556
4 0.474219 0.573611 0.398438 0.252778
4 0.811719 0.759722 0.039062 0.030556
4 0.586719 0.795833 0.026562 0.030556
4 0.585156 0.901389 0.057813 0.019444
4 0.681250 0.562500 0.012500 0.013889
4 0.851562 0.747222 0.040625 0.027778
4 0.329688 0.756944 0.034375 0.025000
5 0.823438 0.451389 0.015625 0.019444
5 0.028906 0.923611 0.014063 0.008333
5 0.104688 0.747222 0.031250 0.011111
5 0.784375 0.456944 0.006250 0.008333
5 0.534375 0.711111 0.028125 0.027778
5 0.696875 0.505556 0.137500 0.122222
5 0.397656 0.765278 0.035937 0.030556
5 0.517188 0.970833 0.031250 0.019444
5 0.346875 0.715278 0.043750 0.019444
5 0.073438 0.768056 0.034375 0.013889
5 0.362500 0.759722 0.037500 0.025000
5 0.235937 0.738889 0.034375 0.022222
5 0.790625 0.766667 0.037500 0.027778
5 0.561719 0.543056 0.017188 0.013889
5 0.777344 0.768056 0.029687 0.019444
5 0.010156 0.808333 0.020313 0.011111
5 0.281250 0.709722 0.056250 0.019444
5 0.159375 0.688889 0.025000 0.016667
5 0.871875 0.740278 0.037500 0.025000
5 0.507812 0.781944 0.034375 0.030556
5 0.832812 0.752778 0.037500 0.027778
5 0.211719 0.733333 0.029687 0.016667
5 0.798438 0.595833 0.056250 0.197222
5 0.180469 0.730556 0.026562 0.016667
5 0.265625 0.745833 0.037500 0.030556
5 0.296875 0.750000 0.037500 0.027778
5 0.724219 0.518056 0.010937 0.013889
5 0.627344 0.686111 0.139063 0.166667
5 0.693750 0.451389 0.009375 0.008333
5 0.421094 0.779167 0.014063 0.013889
5 0.038281 0.787500 0.035937 0.013889
5 0.086719 0.918056 0.017188 0.008333
5 0.621094 0.625000 0.017188 0.022222
5 0.540625 0.933333 0.021875 0.016667
5 0.546875 0.787500 0.034375 0.030556
5 0.467187 0.577778 0.384375 0.244444
5 0.811719 0.759722 0.039062 0.030556
5 0.586719 0.795833 0.026562 0.030556
5 0.568750 0.941667 0.040625 0.022222
5 0.264844 0.876389 0.014063 0.008333
5 0.471094 0.775000 0.032813 0.027778
5 0.683594 0.502778 0.095312 0.111111
5 0.585156 0.901389 0.057813 0.019444
5 0.599219 0.870833 0.042188 0.019444
5 0.659375 0.475000 0.012500 0.011111
5 0.146875 0.906944 0.018750 0.008333
5 0.757812 0.484722 0.006250 0.008333
5 0.681250 0.562500 0.012500 0.013889
5 0.550000 0.980556 0.034375 0.022222
5 0.206250 0.893056 0.015625 0.008333
5 0.852344 0.747222 0.039062 0.027778
5 0.328906 0.755556 0.032813 0.022222
7 0.826562 0.754167 0.128125 0.052778
7 0.153906 0.687500 0.042188 0.047222
7 0.537500 0.765278 0.706250 0.091667
7 0.445312 0.769444 0.890625 0.094444
