0 0.768750 0.868056 0.293750 0.186111
0 0.471094 0.650000 0.064062 0.077778
0 0.528125 0.608333 0.046875 0.050000
0 0.587500 0.559722 0.040625 0.047222
0 0.012500 0.855556 0.025000 0.055556
0 0.340625 0.650000 0.075000 0.077778
0 0.746094 0.386111 0.026562 0.027778
0 0.864062 0.280556 0.006250 0.011111
0 0.895312 0.325000 0.009375 0.011111
0 0.730469 0.959722 0.142187 0.075000
0 0.350781 0.966667 0.120313 0.061111
0 0.820312 0.351389 0.012500 0.019444
3 0.520312 0.640278 0.406250 0.375000
3 0.360938 0.722222 0.671875 0.538889
3 0.855469 0.605556 0.285938 0.594444
3 0.490625 0.581944 0.443750 0.275000
3 0.347656 0.556944 0.695312 0.302778
3 0.372656 0.718056 0.679688 0.547222
3 0.592969 0.702778 0.454688 0.577778
4 0.546875 0.787500 0.034375 0.030556
4 0.273438 0.740278 0.025000 0.019444
4 0.617188 0.505556 0.012500 0.011111
4 0.620313 0.625000 0.018750 0.022222
4 0.517188 0.970833 0.031250 0.019444
4 0.724219 0.518056 0.010937 0.013889
4 0.073438 0.768056 0.034375 0.013889
4 0.346875 0.715278 0.046875 0.019444
4 0.362500 0.761111 0.037500 0.027778
4 0.210938 0.731944 0.031250 0.019444
4 0.534375 0.711111 0.028125 0.027778
4 0.792188 0.766667 0.037500 0.027778
4 0.010156 0.808333 0.020313 0.011111
4 0.871875 0.740278 0.037500 0.025000
4 0.508594 0.781944 0.032813 0.030556
4 0.832812 0.752778 0.037500 0.027778
4 0.599219 0.870833 0.042188 0.019444
4 0.038281 0.787500 0.035937 0.013889
4 0.280469 0.709722 0.057813 0.019444
4 0.397656 0.765278 0.035937 0.030556
4 0.235937 0.738889 0.034375 0.022222
4 0.626563 0.686111 0.140625 0.166667
4 0.471094 0.775000 0.032813 0.033333
4 0.811719 0.759722 0.039062 0.030556
4 0.586719 0.794444 0.026562 0.033333
4 0.574219 0.912500 0.089063 0.080556
4 0.585938 0.900000 0.059375 0.022222
4 0.681250 0.562500 0.012500 0.013889
4 0.550000 0.980556 0.034375 0.022222
4 0.851562 0.747222 0.040625 0.027778
4 0.777344 0.768056 0.026562 0.019444
4 0.328125 0.756944 0.031250 0.025000
5 0.528125 0.756944 0.721875 0.108333
7 0.827344 0.754167 0.126562 0.052778
7 0.528125 0.761111 0.725000 0.100000
