0 0.179688 0.662500 0.037500 0.047222
0 0.571094 0.490278 0.010937 0.025000
0 0.063281 0.612500 0.029687 0.041667
0 0.446094 0.629167 0.023438 0.030556
0 0.415625 0.769444 0.053125 0.066667
0 0.309375 0.650000 0.040625 0.050000
0 0.160156 0.669444 0.054688 0.050000
0 0.383594 0.688889 0.042188 0.055556
0 0.400781 0.675000 0.032813 0.050000
0 0.681250 0.784722 0.062500 0.097222
0 0.535937 0.548611 0.015625 0.025000
0 0.575000 0.476389 0.006250 0.008333
0 0.190625 0.612500 0.031250 0.036111
0 0.661719 0.741667 0.051562 0.050000
0 0.414844 0.654167 0.029687 0.047222
0 0.014844 0.693056 0.029687 0.058333
0 0.326562 0.691667 0.040625 0.050000
0 0.557031 0.491667 0.010937 0.011111
0 0.443750 0.681944 0.046875 0.069444
0 0.288281 0.676389 0.039062 0.052778
0 0.503906 0.770833 0.045312 0.069444
0 0.389062 0.601389 0.028125 0.036111
0 0.178125 0.581944 0.021875 0.036111
0 0.251563 0.695833 0.040625 0.047222
0 0.480469 0.590278 0.023438 0.025000
0 0.530469 0.680556 0.051562 0.066667
0 0.606250 0.475000 0.006250 0.011111
0 0.570312 0.777778 0.050000 0.066667
0 0.428906 0.633333 0.023438 0.027778
0 0.062500 0.576389 0.025000 0.025000
0 0.569531 0.884722 0.067187 0.108333
0 0.446875 0.616667 0.031250 0.044444
0 0.594531 0.491667 0.020313 0.011111
0 0.244531 0.776389 0.060937 0.086111
0 0.643750 0.651389 0.028125 0.047222
0 0.418750 0.543056 0.025000 0.025000
1 0.209375 0.672222 0.009375 0.038889
1 0.448437 0.743056 0.015625 0.063889
3 0.517188 0.762500 0.496875 0.463889
3 0.259375 0.761111 0.518750 0.466667
3 0.421094 0.761111 0.326562 0.466667
4 0.126562 0.788889 0.015625 0.011111
4 0.031250 0.959722 0.031250 0.030556
4 0.333594 0.776389 0.014063 0.008333
4 0.146875 0.950000 0.025000 0.027778
4 0.296875 0.777778 0.015625 0.011111
4 0.531250 0.866667 0.006250 0.027778
4 0.627344 0.872222 0.004687 0.022222
4 0.221875 0.861111 0.015625 0.016667
4 0.420312 0.891667 0.090625 0.211111
4 0.548438 0.579167 0.040625 0.097222
4 0.126562 0.869444 0.021875 0.022222
4 0.516406 0.952778 0.007812 0.027778
5 0.126562 0.788889 0.015625 0.011111
5 0.126562 0.869444 0.021875 0.022222
5 0.548438 0.580556 0.037500 0.094444
5 0.500000 0.598611 0.050000 0.075000
5 0.031250 0.958333 0.031250 0.027778
5 0.146875 0.950000 0.025000 0.027778
5 0.632812 0.955556 0.006250 0.033333
5 0.189062 0.809722 0.015625 0.013889
5 0.627344 0.872222 0.004687 0.022222
5 0.531250 0.868056 0.006250 0.025000
5 0.221875 0.861111 0.015625 0.016667
5 0.421094 0.891667 0.089063 0.211111
5 0.516406 0.952778 0.007812 0.027778
