0 0.834635 0.302315 0.016146 0.019444
0 0.424219 0.729630 0.058854 0.083333
0 0.585677 0.258333 0.010937 0.025926
0 0.572135 0.351852 0.013021 0.048148
0 0.494010 0.546296 0.029687 0.038889
0 0.338542 0.761111 0.058333 0.062963
0 0.332292 0.410185 0.027083 0.027778
0 0.336198 0.497222 0.040104 0.051852
0 0.580729 0.365278 0.022917 0.058333
0 0.884115 0.388889 0.017188 0.024074
0 0.569271 0.486574 0.027083 0.036111
0 0.601042 0.342130 0.013542 0.050926
3 0.688021 0.596296 0.426042 0.798148
3 0.338802 0.633333 0.576562 0.724074
3 0.278385 0.557407 0.556771 0.725926
3 0.459375 0.624537 0.427083 0.743519
4 0.426563 0.800463 0.235417 0.397222
4 0.776563 0.784722 0.122917 0.428704
4 0.236198 0.976852 0.032813 0.044444
4 0.219792 0.900463 0.051042 0.065741
4 0.608333 0.828704 0.163542 0.337037
4 0.469010 0.661574 0.320312 0.675000
4 0.715885 0.762037 0.017188 0.042593
4 0.792969 0.555093 0.009896 0.025000
4 0.760677 0.648148 0.014063 0.037037
4 0.649219 0.930093 0.025521 0.063889
5 0.431250 0.793056 0.244792 0.412037
5 0.776042 0.785648 0.121875 0.426852
5 0.180469 0.037500 0.010937 0.032407
5 0.236198 0.976852 0.032813 0.044444
5 0.219271 0.900926 0.050000 0.064815
5 0.792969 0.555093 0.009896 0.025000
5 0.608333 0.828704 0.163542 0.337037
5 0.492188 0.706944 0.366667 0.584259
5 0.715885 0.761574 0.016146 0.041667
5 0.649219 0.930093 0.025521 0.063889
5 0.760417 0.647685 0.013542 0.036111
