0 0.614062 0.491667 0.015625 0.011111
0 0.177344 0.662500 0.035937 0.047222
0 0.571875 0.494444 0.012500 0.016667
0 0.446875 0.616667 0.034375 0.044444
0 0.422656 0.577778 0.023438 0.027778
0 0.585938 0.473611 0.006250 0.008333
0 0.445312 0.629167 0.021875 0.030556
0 0.414844 0.769444 0.051562 0.066667
0 0.539062 0.529167 0.009375 0.013889
0 0.309375 0.648611 0.037500 0.047222
0 0.382812 0.687500 0.040625 0.058333
0 0.402344 0.673611 0.032813 0.047222
0 0.505469 0.561111 0.017188 0.022222
0 0.419531 0.541667 0.023438 0.027778
0 0.414062 0.650000 0.031250 0.044444
0 0.014844 0.684722 0.029687 0.058333
0 0.571094 0.777778 0.048438 0.066667
0 0.190625 0.612500 0.031250 0.036111
0 0.062500 0.612500 0.031250 0.041667
0 0.667188 0.775000 0.056250 0.094444
0 0.326562 0.691667 0.040625 0.050000
0 0.288281 0.675000 0.039062 0.055556
0 0.503125 0.770833 0.043750 0.069444
0 0.048438 0.747222 0.096875 0.066667
0 0.210156 0.727778 0.129688 0.077778
0 0.178906 0.580556 0.023438 0.033333
0 0.252344 0.693056 0.042188 0.041667
0 0.075000 0.665278 0.053125 0.047222
0 0.503906 0.708333 0.082812 0.061111
0 0.428906 0.634722 0.026562 0.030556
0 0.443750 0.681944 0.046875 0.069444
1 0.293750 0.743056 0.021875 0.069444
3 0.517188 0.762500 0.496875 0.463889
3 0.476562 0.761111 0.243750 0.466667
3 0.278125 0.762500 0.553125 0.463889
3 0.685937 0.763889 0.162500 0.461111
3 0.419531 0.762500 0.323437 0.463889
4 0.622656 0.809722 0.004687 0.019444
4 0.339844 0.730556 0.014063 0.011111
4 0.125781 0.869444 0.023438 0.022222
4 0.421094 0.893056 0.089063 0.208333
4 0.031250 0.959722 0.031250 0.030556
4 0.125781 0.788889 0.017188 0.011111
4 0.531250 0.869444 0.006250 0.022222
4 0.146875 0.950000 0.025000 0.027778
4 0.632031 0.961111 0.004687 0.027778
4 0.258594 0.780556 0.017188 0.011111
4 0.220312 0.781944 0.015625 0.008333
4 0.222656 0.861111 0.014063 0.016667
4 0.550000 0.587500 0.040625 0.108333
4 0.627344 0.872222 0.004687 0.022222
4 0.517188 0.952778 0.006250 0.027778
5 0.622656 0.811111 0.004687 0.016667
5 0.125781 0.869444 0.023438 0.022222
5 0.421094 0.893056 0.089063 0.208333
5 0.031250 0.959722 0.031250 0.030556
5 0.632031 0.961111 0.004687 0.027778
5 0.125781 0.788889 0.017188 0.011111
5 0.531250 0.869444 0.006250 0.022222
5 0.146875 0.950000 0.025000 0.027778
5 0.222656 0.861111 0.014063 0.016667
5 0.496875 0.605556 0.040625 0.061111
5 0.550781 0.586111 0.039062 0.105556
5 0.627344 0.872222 0.004687 0.022222
5 0.517188 0.952778 0.006250 0.027778
7 0.752344 0.761111 0.098437 0.061111
7 0.363281 0.744444 0.532813 0.055556
