0 0.744792 0.351852 0.026042 0.046296
0 0.851823 0.212963 0.015104 0.020370
0 0.794010 0.179630 0.013021 0.014815
0 0.937760 0.352315 0.024479 0.037963
0 0.948698 0.191204 0.015104 0.028704
0 0.793229 0.230093 0.017708 0.028704
0 0.905469 0.186574 0.014063 0.019444
0 0.664323 0.529167 0.044271 0.063889
0 0.868229 0.211111 0.016667 0.024074
0 0.493750 0.520833 0.051042 0.054630
0 0.754427 0.322222 0.034896 0.040741
0 0.947656 0.524074 0.040104 0.068519
0 0.968750 0.446296 0.032292 0.050000
0 0.903385 0.166204 0.013021 0.021296
0 0.790104 0.361574 0.023958 0.037963
0 0.104688 0.592130 0.175000 0.099074
0 0.794010 0.205093 0.017188 0.025000
0 0.744271 0.319907 0.018750 0.030556
0 0.921615 0.196296 0.014063 0.022222
0 0.995313 0.227315 0.008333 0.026852
0 0.799219 0.158333 0.013021 0.020370
0 0.282813 0.576852 0.173958 0.107407
0 0.951042 0.590278 0.042708 0.065741
0 0.912500 0.270370 0.017708 0.025926
0 0.878385 0.251389 0.011979 0.028704
0 0.828906 0.196296 0.014063 0.020370
0 0.435677 0.526852 0.053646 0.051852
0 0.871094 0.148611 0.010937 0.015741
0 0.950260 0.405556 0.026562 0.035185
0 0.883333 0.145370 0.010417 0.012963
0 0.865365 0.161111 0.010937 0.014815
0 0.967969 0.550000 0.052604 0.087037
0 0.941927 0.289352 0.020313 0.026852
0 0.906250 0.150000 0.010417 0.012963
0 0.851562 0.241204 0.018750 0.032407
0 0.794792 0.166667 0.015625 0.016667
0 0.976562 0.319907 0.021875 0.037963
0 0.800000 0.317593 0.031250 0.059259
0 0.754687 0.141204 0.008333 0.012037
0 0.894792 0.150000 0.010417 0.012963
0 0.836979 0.204167 0.014583 0.021296
0 0.905990 0.341204 0.022396 0.037963
0 0.803646 0.205093 0.013542 0.025000
0 0.863542 0.230556 0.009375 0.027778
0 0.900521 0.277778 0.020833 0.031481
0 0.885417 0.172685 0.012500 0.019444
0 0.944792 0.213426 0.015625 0.019444
0 0.916146 0.303704 0.021875 0.037037
1 0.714583 0.532870 0.007292 0.043519
1 0.751302 0.562500 0.013021 0.054630
1 0.726823 0.561111 0.006771 0.035185
3 0.914583 0.218981 0.169792 0.150926
3 0.409115 0.429630 0.818229 0.516667
3 0.871615 0.405556 0.255729 0.518519
4 0.124740 0.040741 0.015104 0.009259
4 0.179167 0.036574 0.012500 0.036111
4 0.110937 0.656481 0.221875 0.066667
4 0.054167 0.652315 0.105208 0.030556
4 0.881510 0.399074 0.054688 0.012963
5 0.124740 0.040741 0.015104 0.009259
5 0.179167 0.036574 0.012500 0.036111
5 0.110937 0.656481 0.221875 0.066667
5 0.054167 0.652315 0.105208 0.030556
5 0.881510 0.399074 0.054688 0.012963
