0 0.464583 0.654167 0.192708 0.149074
0 0.456771 0.811574 0.239583 0.232407
0 0.741927 0.769444 0.204687 0.194444
0 0.884635 0.938889 0.229687 0.120370
0 0.018750 0.629167 0.037500 0.037963
0 0.485938 0.562963 0.134375 0.107407
0 0.604427 0.975000 0.192188 0.048148
1 0.239063 0.605556 0.023958 0.168519
1 0.352083 0.512500 0.030208 0.093519
1 0.087240 0.498611 0.023438 0.139815
1 0.344010 0.530556 0.046354 0.131481
1 0.167448 0.481944 0.024479 0.067593
1 0.052865 0.572222 0.027604 0.153704
1 0.166667 0.519907 0.026042 0.143519
1 0.022656 0.483796 0.018229 0.137963
1 0.173437 0.565741 0.025000 0.151852
1 0.261198 0.532407 0.019271 0.135185
1 0.214583 0.595833 0.021875 0.165741
1 0.239063 0.510648 0.030208 0.091667
1 0.270833 0.614352 0.011458 0.158333
1 0.146615 0.524537 0.024479 0.147222
1 0.358854 0.600463 0.048958 0.136111
1 0.321615 0.521296 0.020313 0.118519
1 0.313802 0.612963 0.019271 0.161111
1 0.411979 0.499537 0.026042 0.075000
3 0.741667 0.840741 0.515625 0.181481
3 0.734375 0.782870 0.530208 0.149074
3 0.500000 0.760185 0.994792 0.338889
3 0.657292 0.956481 0.229167 0.085185
4 0.736458 0.798611 0.526042 0.119444
4 0.555729 0.758796 0.164583 0.041667
5 0.736979 0.799537 0.525000 0.117593
5 0.555990 0.760185 0.164062 0.040741
