0 0.459766 0.433333 0.017969 0.025000
0 0.553516 0.361806 0.010156 0.012500
0 0.409375 0.593750 0.045312 0.062500
0 0.539844 0.365972 0.006250 0.012500
0 0.471094 0.400694 0.015625 0.018056
0 0.719922 0.570833 0.047656 0.063889
0 0.467187 0.365278 0.009375 0.013889
0 0.415234 0.400000 0.014844 0.022222
0 0.392969 0.481250 0.057813 0.079167
0 0.430078 0.421528 0.017969 0.023611
0 0.091406 0.746528 0.182812 0.412500
0 0.442578 0.374306 0.011719 0.015278
0 0.458984 0.377083 0.010156 0.015278
0 0.607812 0.411111 0.043750 0.080556
0 0.573047 0.393056 0.011719 0.016667
0 0.419141 0.436111 0.032031 0.050000
0 0.534375 0.353472 0.006250 0.009722
0 0.544141 0.376389 0.010156 0.013889
0 0.453906 0.387500 0.012500 0.016667
0 0.484766 0.365278 0.008594 0.011111
0 0.360156 0.470139 0.028125 0.031944
0 0.475391 0.388889 0.013281 0.016667
0 0.553906 0.395833 0.012500 0.019444
0 0.451172 0.366667 0.008594 0.016667
0 0.445703 0.473611 0.025781 0.033333
0 0.490234 0.355556 0.008594 0.016667
0 0.561328 0.375000 0.010156 0.013889
0 0.543750 0.348611 0.007812 0.011111
0 0.436719 0.400000 0.023438 0.022222
0 0.489844 0.333333 0.012500 0.019444
0 0.267578 0.704167 0.072656 0.094444
0 0.576953 0.440972 0.021094 0.029167
3 0.784766 0.621528 0.428906 0.518056
3 0.759766 0.684028 0.475781 0.623611
3 0.240234 0.701389 0.474219 0.586111
3 0.216797 0.684028 0.433594 0.601389
4 0.813672 0.667361 0.371094 0.429167
4 0.209766 0.736806 0.024219 0.034722
4 0.438281 0.690972 0.112500 0.615278
4 0.078125 0.938889 0.048438 0.069444
4 0.316406 0.729861 0.015625 0.031944
4 0.638672 0.643056 0.011719 0.022222
4 0.358984 0.631250 0.010156 0.020833
4 0.305078 0.518056 0.255469 0.275000
4 0.778906 0.967361 0.032813 0.062500
4 0.319531 0.572222 0.009375 0.013889
4 0.721484 0.648611 0.014844 0.019444
4 0.276953 0.636806 0.014844 0.020833
4 0.932031 0.966667 0.045312 0.063889
4 0.789453 0.751389 0.024219 0.036111
4 0.568359 0.670139 0.113281 0.656944
4 0.684766 0.750694 0.019531 0.037500
4 0.236328 0.920139 0.032031 0.062500
5 0.611328 0.480556 0.005469 0.008333
5 0.570312 0.477778 0.004687 0.008333
5 0.778906 0.967361 0.032813 0.062500
5 0.813672 0.667361 0.371094 0.429167
5 0.385937 0.569444 0.007812 0.013889
5 0.209766 0.736806 0.024219 0.034722
5 0.438281 0.690278 0.112500 0.616667
5 0.277344 0.636806 0.014063 0.020833
5 0.578906 0.502083 0.004687 0.009722
5 0.556641 0.443750 0.005469 0.006944
5 0.677344 0.581944 0.010937 0.013889
5 0.078125 0.938889 0.048438 0.069444
5 0.316406 0.729861 0.015625 0.031944
5 0.638672 0.643056 0.011719 0.022222
5 0.350391 0.526389 0.007031 0.011111
5 0.417578 0.493056 0.005469 0.008333
5 0.405078 0.523611 0.005469 0.011111
5 0.358984 0.631250 0.010156 0.020833
5 0.305078 0.518056 0.255469 0.275000
5 0.721484 0.648611 0.014844 0.019444
5 0.599609 0.460417 0.003906 0.006944
5 0.319531 0.572222 0.009375 0.013889
5 0.562500 0.458333 0.004687 0.005556
5 0.932031 0.966667 0.045312 0.063889
5 0.591406 0.533333 0.006250 0.011111
5 0.627344 0.504861 0.006250 0.009722
5 0.789453 0.751389 0.024219 0.036111
5 0.504297 0.670833 0.241406 0.655556
5 0.386328 0.472917 0.007031 0.009722
5 0.610938 0.578472 0.009375 0.015278
5 0.684766 0.750694 0.019531 0.037500
5 0.647656 0.537500 0.007812 0.011111
5 0.236328 0.920139 0.032031 0.062500
