0 0.848437 0.301389 0.056250 0.052778
0 0.173437 0.143056 0.012500 0.013889
0 0.654687 0.240278 0.025000 0.047222
0 0.149219 0.184722 0.017188 0.025000
0 0.609375 0.288889 0.056250 0.038889
0 0.716406 0.263889 0.042188 0.055556
0 0.763281 0.366667 0.054688 0.055556
0 0.539062 0.248611 0.043750 0.047222
0 0.876563 0.508333 0.071875 0.111111
0 0.406250 0.236111 0.034375 0.022222
0 0.096094 0.291667 0.020313 0.044444
0 0.255469 0.255556 0.029687 0.038889
0 0.626563 0.295833 0.050000 0.041667
0 0.419531 0.190278 0.023438 0.025000
0 0.667969 0.320833 0.048438 0.041667
0 0.301563 0.151389 0.021875 0.025000
0 0.142969 0.152778 0.010937 0.016667
0 0.870313 0.395833 0.050000 0.063889
0 0.271094 0.398611 0.057813 0.086111
0 0.366406 0.319444 0.048438 0.066667
0 0.614844 0.244444 0.039062 0.038889
0 0.305469 0.337500 0.048438 0.058333
0 0.712500 0.333333 0.081250 0.050000
0 0.253125 0.163889 0.021875 0.038889
0 0.339062 0.156944 0.037500 0.025000
0 0.157812 0.218056 0.018750 0.030556
0 0.167969 0.305556 0.035937 0.061111
0 0.759375 0.281944 0.065625 0.047222
0 0.475000 0.218056 0.046875 0.041667
0 0.891406 0.312500 0.042188 0.058333
0 0.809375 0.380556 0.056250 0.066667
0 0.421094 0.381944 0.060937 0.075000
0 0.728125 0.352778 0.059375 0.044444
0 0.578906 0.245833 0.039062 0.047222
0 0.185156 0.398611 0.054688 0.091667
0 0.646094 0.308333 0.054688 0.044444
0 0.909375 0.383333 0.009375 0.072222
3 0.407031 0.637500 0.410938 0.708333
3 0.599219 0.593056 0.623437 0.702778
3 0.512500 0.722222 0.528125 0.538889
3 0.532031 0.613889 0.757812 0.755556
4 0.259375 0.333333 0.009375 0.022222
4 0.460156 0.329167 0.020313 0.019444
4 0.362500 0.254167 0.009375 0.013889
4 0.182031 0.265278 0.007812 0.013889
4 0.235937 0.286111 0.009375 0.016667
4 0.410938 0.290278 0.012500 0.013889
4 0.192188 0.305556 0.006250 0.016667
4 0.565625 0.411111 0.034375 0.033333
4 0.205469 0.358333 0.007812 0.027778
4 0.660937 0.484722 0.018750 0.013889
4 0.218750 0.254167 0.006250 0.013889
4 0.175781 0.240278 0.004687 0.013889
4 0.456250 0.286111 0.015625 0.016667
4 0.222656 0.425000 0.010937 0.033333
4 0.529687 0.337500 0.025000 0.019444
4 0.322656 0.330556 0.176563 0.233333
4 0.632031 0.404167 0.039062 0.030556
5 0.259375 0.331944 0.009375 0.019444
5 0.460156 0.329167 0.020313 0.019444
5 0.362500 0.254167 0.009375 0.013889
5 0.182031 0.265278 0.007812 0.013889
5 0.235156 0.286111 0.007812 0.016667
5 0.410156 0.291667 0.010937 0.011111
5 0.300781 0.412500 0.007812 0.019444
5 0.192188 0.305556 0.006250 0.016667
5 0.205469 0.359722 0.007812 0.025000
5 0.661719 0.484722 0.017188 0.013889
5 0.565625 0.411111 0.034375 0.033333
5 0.219531 0.252778 0.004687 0.011111
5 0.175781 0.238889 0.004687 0.011111
5 0.455469 0.286111 0.014063 0.016667
5 0.221875 0.425000 0.009375 0.033333
5 0.529687 0.337500 0.025000 0.019444
5 0.322656 0.331944 0.176563 0.230556
5 0.631250 0.404167 0.037500 0.030556
