0 0.744792 0.351389 0.026042 0.047222
0 0.873437 0.167130 0.012500 0.015741
0 0.608073 0.540741 0.154688 0.088889
0 0.813281 0.203241 0.015104 0.021296
0 0.794792 0.207870 0.016667 0.015741
0 0.801562 0.184722 0.012500 0.013889
0 0.842969 0.252315 0.014063 0.025000
0 0.951302 0.180556 0.027604 0.050000
0 0.903646 0.155093 0.012500 0.015741
0 0.963542 0.543981 0.063542 0.087963
0 0.930208 0.203704 0.015625 0.024074
0 0.761719 0.322222 0.021354 0.038889
0 0.945573 0.399537 0.025521 0.037963
0 0.759375 0.143981 0.011458 0.013889
0 0.934375 0.172685 0.009375 0.019444
0 0.906771 0.288889 0.022917 0.038889
0 0.985417 0.469907 0.028125 0.037963
0 0.856250 0.156944 0.011458 0.013889
0 0.966667 0.228241 0.017708 0.025000
0 0.789583 0.362500 0.023958 0.034259
0 0.444271 0.580556 0.164583 0.088889
0 0.775521 0.164352 0.008333 0.017593
0 0.745573 0.322222 0.019271 0.031481
0 0.922917 0.165278 0.011458 0.015741
0 0.908854 0.189815 0.012500 0.016667
0 0.984115 0.196759 0.030729 0.043519
0 0.799740 0.158333 0.007812 0.018519
0 0.436719 0.522685 0.051562 0.045370
0 0.950781 0.593056 0.042188 0.058333
0 0.947656 0.526389 0.041146 0.075000
0 0.494010 0.516667 0.050521 0.042593
0 0.846094 0.212963 0.011979 0.020370
0 0.782813 0.169907 0.011458 0.015741
0 0.909115 0.173148 0.013021 0.020370
0 0.826302 0.224074 0.015104 0.022222
0 0.908854 0.260185 0.017708 0.025926
0 0.859375 0.230093 0.013542 0.021296
0 0.786198 0.312500 0.010937 0.047222
0 0.991667 0.251389 0.015625 0.032407
0 0.802865 0.318981 0.026562 0.062037
0 0.852865 0.148148 0.014063 0.016667
0 0.855469 0.270370 0.021354 0.040741
0 0.793229 0.227778 0.017708 0.027778
0 0.666146 0.524537 0.050000 0.058333
0 0.814063 0.181481 0.011458 0.016667
0 0.909115 0.180093 0.013021 0.034259
0 0.891146 0.268981 0.019792 0.028704
0 0.943490 0.213889 0.016146 0.025926
0 0.814063 0.178704 0.008333 0.014815
0 0.993490 0.358333 0.011979 0.029630
0 0.912760 0.357870 0.021354 0.030556
1 0.783333 0.597685 0.009375 0.043519
1 0.713802 0.597685 0.010937 0.056481
1 0.204427 0.591204 0.007812 0.056481
1 0.752083 0.561574 0.014583 0.047222
1 0.761198 0.586574 0.007812 0.050926
3 0.917448 0.212500 0.164062 0.150926
3 0.408333 0.428704 0.816667 0.529630
3 0.873437 0.408333 0.252083 0.514815
4 0.125000 0.040278 0.014583 0.010185
4 0.812240 0.320370 0.021354 0.146296
4 0.179688 0.036111 0.013542 0.035185
4 0.833333 0.040278 0.014583 0.008333
4 0.069271 0.648148 0.132292 0.037037
5 0.125000 0.040278 0.014583 0.010185
5 0.812240 0.320370 0.021354 0.146296
5 0.179688 0.036111 0.013542 0.035185
5 0.833333 0.040278 0.014583 0.008333
5 0.069271 0.648148 0.132292 0.037037
