0 0.547266 0.387500 0.011719 0.016667
0 0.490625 0.354861 0.007812 0.012500
0 0.561328 0.411806 0.016406 0.023611
0 0.598437 0.421528 0.018750 0.023611
0 0.494922 0.326389 0.011719 0.019444
0 0.464062 0.343750 0.017188 0.026389
0 0.458594 0.425694 0.025000 0.048611
0 0.673828 0.620833 0.049219 0.077778
0 0.528906 0.395833 0.012500 0.019444
0 0.470703 0.359028 0.010156 0.015278
0 0.252344 0.600000 0.060937 0.066667
0 0.423438 0.393750 0.012500 0.018056
0 0.930078 0.817361 0.138281 0.187500
0 0.533984 0.415972 0.016406 0.023611
0 0.700000 0.552778 0.040625 0.055556
0 0.553516 0.460417 0.022656 0.034722
0 0.339453 0.586111 0.046094 0.061111
0 0.478125 0.376389 0.010937 0.013889
0 0.446875 0.370139 0.009375 0.015278
0 0.469141 0.400000 0.013281 0.027778
0 0.662109 0.797917 0.078906 0.145833
0 0.392578 0.487500 0.028906 0.036111
0 0.546875 0.345139 0.012500 0.029167
0 0.408203 0.408333 0.016406 0.022222
0 0.364453 0.453472 0.025781 0.029167
0 0.460547 0.372917 0.011719 0.015278
0 0.580469 0.448611 0.021875 0.036111
0 0.417578 0.439583 0.021094 0.029167
0 0.426563 0.526389 0.031250 0.047222
0 0.539453 0.370139 0.008594 0.015278
0 0.521875 0.372222 0.010937 0.013889
0 0.617969 0.447917 0.020313 0.029167
0 0.560937 0.362500 0.018750 0.038889
0 0.448828 0.397222 0.013281 0.019444
0 0.480078 0.352083 0.008594 0.012500
0 0.378516 0.731250 0.066406 0.098611
0 0.642188 0.476389 0.028125 0.038889
3 0.221094 0.612500 0.442188 0.488889
3 0.769141 0.693056 0.452344 0.602778
3 0.270703 0.726389 0.392969 0.544444
3 0.233203 0.688194 0.466406 0.612500
3 0.729688 0.731250 0.390625 0.534722
4 0.721875 0.558333 0.301563 0.347222
4 0.647656 0.537500 0.007812 0.011111
4 0.385547 0.569444 0.007031 0.013889
4 0.209375 0.736806 0.023438 0.034722
4 0.437891 0.694444 0.111719 0.608333
4 0.578906 0.502778 0.004687 0.011111
4 0.077734 0.939583 0.049219 0.070833
4 0.931641 0.966667 0.046094 0.063889
4 0.316406 0.729861 0.015625 0.031944
4 0.358984 0.631250 0.010156 0.020833
4 0.638281 0.643056 0.012500 0.022222
4 0.350391 0.526389 0.008594 0.011111
4 0.219531 0.615972 0.439063 0.479167
4 0.778906 0.967361 0.032813 0.062500
4 0.410547 0.510417 0.014844 0.037500
4 0.277344 0.636806 0.015625 0.020833
4 0.591797 0.534028 0.007031 0.009722
4 0.789062 0.751389 0.025000 0.036111
4 0.685937 0.751389 0.018750 0.038889
4 0.610938 0.578472 0.009375 0.015278
4 0.627344 0.504861 0.006250 0.009722
4 0.235937 0.920833 0.031250 0.063889
4 0.721094 0.648611 0.015625 0.022222
5 0.450391 0.690972 0.136719 0.615278
5 0.569922 0.477083 0.003906 0.006944
5 0.385547 0.569444 0.007031 0.013889
5 0.647656 0.537500 0.007812 0.011111
5 0.319531 0.572917 0.009375 0.012500
5 0.578906 0.502083 0.004687 0.009722
5 0.077734 0.939583 0.049219 0.070833
5 0.931641 0.966667 0.046094 0.063889
5 0.316406 0.729861 0.015625 0.031944
5 0.358984 0.631250 0.010156 0.020833
5 0.638281 0.643056 0.012500 0.022222
5 0.372656 0.495139 0.007812 0.009722
5 0.350781 0.526389 0.007812 0.011111
5 0.219531 0.615972 0.439063 0.479167
5 0.778516 0.967361 0.032031 0.062500
5 0.417578 0.494444 0.005469 0.011111
5 0.410547 0.511111 0.014844 0.036111
5 0.675391 0.579167 0.007031 0.011111
5 0.599609 0.461111 0.003906 0.005556
5 0.277344 0.636806 0.015625 0.020833
5 0.209375 0.736806 0.023438 0.034722
5 0.721875 0.559028 0.301563 0.345833
5 0.591797 0.534028 0.007031 0.009722
5 0.428125 0.470833 0.004687 0.008333
5 0.789062 0.751389 0.025000 0.036111
5 0.685937 0.751389 0.018750 0.038889
5 0.610938 0.578472 0.009375 0.015278
5 0.611328 0.479167 0.005469 0.008333
5 0.627344 0.504861 0.006250 0.009722
5 0.235937 0.920833 0.031250 0.063889
5 0.435937 0.453472 0.004687 0.006944
5 0.721094 0.648611 0.015625 0.022222
