0 0.313281 0.668056 0.054688 0.113889
0 0.345313 0.483333 0.021875 0.027778
0 0.007031 0.518056 0.014063 0.025000
0 0.813281 0.944444 0.135937 0.105556
0 0.959375 0.756944 0.078125 0.075000
0 0.207813 0.380556 0.006250 0.016667
0 0.187500 0.408333 0.009375 0.016667
0 0.205469 0.551389 0.026562 0.036111
0 0.196875 0.430556 0.012500 0.022222
0 0.547656 0.620833 0.057813 0.052778
0 0.241406 0.398611 0.010937 0.019444
0 0.339844 0.540278 0.057813 0.086111
3 0.364844 0.720833 0.564063 0.547222
3 0.023438 0.669444 0.046875 0.272222
3 0.603906 0.722222 0.614062 0.533333
3 0.381250 0.609722 0.268750 0.286111
3 0.359375 0.884722 0.550000 0.219444
3 0.284375 0.611111 0.184375 0.366667
3 0.234375 0.606944 0.131250 0.380556
3 0.608594 0.616667 0.776563 0.444444
3 0.164062 0.616667 0.125000 0.405556
3 0.548438 0.738889 0.550000 0.505556
3 0.326562 0.604167 0.237500 0.347222
4 0.470313 0.790278 0.009375 0.013889
4 0.275000 0.800000 0.356250 0.072222
4 0.492969 0.648611 0.020313 0.019444
4 0.879687 0.806944 0.050000 0.019444
4 0.296875 0.611111 0.178125 0.333333
4 0.391406 0.555556 0.010937 0.011111
4 0.028125 0.941667 0.056250 0.027778
4 0.146875 0.491667 0.006250 0.088889
4 0.925000 0.823611 0.140625 0.047222
4 0.493750 0.822222 0.009375 0.016667
4 0.522656 0.858333 0.010937 0.016667
4 0.207813 0.508333 0.003125 0.011111
4 0.433594 0.593056 0.014063 0.013889
4 0.664844 0.988889 0.023438 0.016667
4 0.656250 0.734722 0.550000 0.436111
4 0.227344 0.562500 0.004687 0.013889
4 0.264062 0.663889 0.009375 0.022222
4 0.242188 0.604167 0.006250 0.013889
4 0.201563 0.634722 0.065625 0.336111
4 0.025781 0.981944 0.051562 0.030556
4 0.558594 0.897222 0.014063 0.016667
4 0.723437 0.856944 0.056250 0.052778
4 0.357812 0.630556 0.178125 0.250000
4 0.419531 0.770833 0.067187 0.019444
4 0.482812 0.751389 0.071875 0.019444
4 0.605469 0.943056 0.017188 0.019444
4 0.380469 0.586111 0.295312 0.316667
4 0.297656 0.758333 0.014063 0.033333
4 0.581250 0.727778 0.028125 0.027778
4 0.879687 0.786111 0.050000 0.016667
5 0.609375 0.718056 0.640625 0.469444
5 0.470313 0.790278 0.009375 0.013889
5 0.275781 0.800000 0.354687 0.072222
5 0.492969 0.648611 0.020313 0.019444
5 0.391406 0.555556 0.010937 0.011111
5 0.008594 0.556944 0.010937 0.019444
5 0.887500 0.769444 0.025000 0.011111
5 0.879687 0.806944 0.050000 0.019444
5 0.141406 0.590278 0.073438 0.263889
5 0.242188 0.604167 0.006250 0.013889
5 0.296875 0.606944 0.178125 0.341667
5 0.028125 0.941667 0.056250 0.027778
5 0.219531 0.543056 0.014063 0.030556
5 0.201563 0.487500 0.003125 0.008333
5 0.146875 0.491667 0.006250 0.088889
5 0.925781 0.823611 0.139063 0.047222
5 0.297656 0.758333 0.014063 0.033333
5 0.493750 0.822222 0.009375 0.016667
5 0.522656 0.858333 0.010937 0.016667
5 0.207813 0.508333 0.003125 0.011111
5 0.433594 0.593056 0.014063 0.013889
5 0.193750 0.466667 0.006250 0.016667
5 0.664844 0.988889 0.023438 0.016667
5 0.227344 0.562500 0.004687 0.013889
5 0.264062 0.663889 0.009375 0.022222
5 0.953906 0.887500 0.032813 0.013889
5 0.206250 0.663889 0.056250 0.277778
5 0.025781 0.983333 0.051562 0.027778
5 0.975000 0.906944 0.046875 0.019444
5 0.558594 0.897222 0.014063 0.016667
5 0.723437 0.856944 0.056250 0.052778
5 0.357812 0.630556 0.178125 0.250000
5 0.419531 0.770833 0.067187 0.019444
5 0.482812 0.751389 0.071875 0.019444
5 0.605469 0.943056 0.017188 0.019444
5 0.382812 0.587500 0.287500 0.313889
5 0.687500 0.743056 0.096875 0.047222
5 0.581250 0.727778 0.028125 0.027778
5 0.879687 0.786111 0.050000 0.016667
7 0.926562 0.840278 0.143750 0.152778
7 0.028125 0.962500 0.056250 0.069444
7 0.879687 0.797222 0.050000 0.066667
