0 0.047917 0.249537 0.030208 0.021296
0 0.707292 0.510185 0.059375 0.059259
0 0.901823 0.767130 0.113021 0.095370
0 0.471094 0.332407 0.014063 0.022222
0 0.078125 0.338426 0.036458 0.019444
0 0.162760 0.235648 0.018229 0.012037
0 0.065365 0.237037 0.025521 0.027778
0 0.449479 0.349537 0.019792 0.034259
0 0.532552 0.330093 0.009896 0.036111
0 0.043490 0.377315 0.069271 0.045370
0 0.422656 0.349074 0.025521 0.035185
0 0.550000 0.282870 0.008333 0.023148
0 0.534375 0.216204 0.007292 0.010185
0 0.084375 0.322222 0.027083 0.018519
0 0.039844 0.425463 0.079687 0.126852
0 0.540625 0.301852 0.015625 0.024074
0 0.519792 0.298148 0.013542 0.018519
0 0.451823 0.231481 0.018229 0.012963
0 0.992448 0.294444 0.014063 0.020370
0 0.526042 0.278704 0.011458 0.022222
0 0.507292 0.331944 0.017708 0.032407
0 0.533333 0.249074 0.008333 0.012963
3 0.283333 0.605093 0.562500 0.780556
3 0.498698 0.670370 0.997396 0.650000
3 0.499740 0.810185 0.999479 0.370370
4 0.666406 0.529630 0.023438 0.012963
4 0.219271 0.496759 0.117708 0.102778
4 0.622917 0.475463 0.031250 0.012037
4 0.613021 0.462037 0.026042 0.011111
4 0.630469 0.485648 0.027604 0.010185
4 0.855990 0.819444 0.063021 0.035185
4 0.354427 0.463426 0.070312 0.084259
4 0.808594 0.756944 0.041146 0.015741
4 0.302083 0.474074 0.088542 0.092593
4 0.229948 0.981481 0.023438 0.035185
4 0.278385 0.482407 0.097396 0.090741
4 0.528906 0.423148 0.023438 0.081481
4 0.695312 0.555556 0.030208 0.012963
4 0.487760 0.431481 0.035937 0.085185
4 0.358333 0.970370 0.026042 0.051852
4 0.659896 0.516667 0.028125 0.012963
4 0.648177 0.506019 0.026562 0.012037
4 0.780990 0.700000 0.051562 0.012963
4 0.750000 0.650926 0.045833 0.012963
4 0.720573 0.546296 0.013021 0.011111
4 0.738802 0.631481 0.043229 0.011111
5 0.647135 0.468981 0.026562 0.028704
5 0.666406 0.530093 0.023438 0.012037
5 0.219010 0.496759 0.116146 0.102778
5 0.612760 0.462037 0.025521 0.011111
5 0.630469 0.485185 0.026562 0.009259
5 0.864323 0.828241 0.046354 0.017593
5 0.354687 0.462963 0.070833 0.083333
5 0.808594 0.757407 0.041146 0.014815
5 0.818750 0.798611 0.015625 0.012037
5 0.110417 0.994444 0.019792 0.009259
5 0.302083 0.474074 0.088542 0.090741
5 0.526823 0.462037 0.094271 0.024074
5 0.229948 0.981481 0.023438 0.035185
5 0.278646 0.482870 0.097917 0.091667
5 0.528906 0.423148 0.023438 0.081481
5 0.695312 0.555556 0.030208 0.012963
5 0.487760 0.431481 0.035937 0.085185
5 0.358333 0.970370 0.026042 0.051852
5 0.659896 0.516667 0.028125 0.012963
5 0.648177 0.506019 0.026562 0.012037
5 0.781510 0.700000 0.050521 0.012963
5 0.622396 0.474537 0.032292 0.012037
5 0.750000 0.650926 0.045833 0.012963
5 0.177865 0.988889 0.013021 0.020370
5 0.720573 0.545833 0.013021 0.010185
5 0.738802 0.631481 0.043229 0.011111
