0 0.814063 0.551389 0.081250 0.119444
0 0.246875 0.904167 0.321875 0.186111
0 0.396094 0.180556 0.017188 0.022222
0 0.599219 0.488889 0.132812 0.083333
0 0.412500 0.186111 0.018750 0.016667
0 0.349219 0.305556 0.032813 0.055556
1 0.742969 0.411111 0.010937 0.061111
3 0.191406 0.693056 0.210938 0.325000
3 0.590625 0.369444 0.365625 0.311111
3 0.666406 0.751389 0.464062 0.480556
3 0.482031 0.313889 0.248438 0.305556
4 0.507812 0.450000 0.018750 0.033333
4 0.180469 0.736111 0.135937 0.027778
4 0.424219 0.468056 0.014063 0.036111
4 0.568750 0.398611 0.018750 0.008333
4 0.182812 0.551389 0.037500 0.019444
4 0.491406 0.401389 0.010937 0.008333
4 0.529687 0.401389 0.006250 0.008333
4 0.652344 0.398611 0.020313 0.008333
4 0.681250 0.423611 0.028125 0.025000
4 0.703906 0.422222 0.020313 0.016667
4 0.875000 0.500000 0.050000 0.016667
4 0.373437 0.484722 0.009375 0.030556
4 0.189844 0.613889 0.032813 0.016667
4 0.412500 0.269444 0.006250 0.011111
4 0.414844 0.470833 0.014063 0.036111
4 0.885156 0.525000 0.054688 0.016667
4 0.517188 0.448611 0.018750 0.030556
4 0.279687 0.290278 0.009375 0.013889
4 0.750000 0.450000 0.021875 0.027778
4 0.358594 0.413889 0.010937 0.011111
4 0.392188 0.372222 0.009375 0.022222
4 0.445312 0.404167 0.009375 0.013889
4 0.473438 0.458333 0.018750 0.033333
4 0.511719 0.450000 0.026562 0.033333
4 0.178906 0.741667 0.139063 0.038889
4 0.464844 0.363889 0.014063 0.022222
4 0.908594 0.480556 0.007812 0.011111
4 0.195312 0.641667 0.115625 0.033333
4 0.091406 0.568056 0.010937 0.013889
4 0.321875 0.419444 0.012500 0.011111
4 0.238281 0.604167 0.032813 0.019444
4 0.470313 0.279167 0.009375 0.013889
4 0.167187 0.818056 0.156250 0.047222
4 0.849219 0.484722 0.057813 0.013889
4 0.901563 0.551389 0.021875 0.013889
4 0.433594 0.306944 0.007812 0.019444
4 0.558594 0.441667 0.026562 0.033333
4 0.375000 0.313889 0.009375 0.016667
4 0.463281 0.458333 0.017188 0.033333
4 0.560937 0.386111 0.018750 0.022222
4 0.642188 0.430556 0.021875 0.027778
4 0.507031 0.322222 0.010937 0.016667
4 0.189062 0.683333 0.125000 0.033333
4 0.599219 0.433333 0.026562 0.022222
4 0.403906 0.408333 0.026562 0.011111
4 0.447656 0.250000 0.007812 0.011111
4 0.716406 0.434722 0.020313 0.019444
5 0.171094 0.719444 0.167187 0.250000
5 0.506250 0.461111 0.287500 0.083333
7 0.868750 0.516667 0.090625 0.083333
7 0.171094 0.719444 0.167187 0.250000
7 0.507031 0.461111 0.289062 0.083333
