0 0.458203 0.446528 0.021094 0.029167
0 0.555859 0.369444 0.008594 0.013889
0 0.461328 0.348611 0.010156 0.025000
0 0.438672 0.377083 0.010156 0.015278
0 0.379688 0.730556 0.071875 0.105556
0 0.551172 0.388194 0.011719 0.018056
0 0.447266 0.353472 0.017969 0.043056
0 0.349609 0.472222 0.030469 0.041667
0 0.466016 0.418056 0.016406 0.022222
0 0.851562 0.673611 0.257812 0.369444
0 0.528125 0.380556 0.014063 0.027778
0 0.470313 0.358333 0.010937 0.019444
0 0.417969 0.402083 0.014063 0.020833
0 0.553125 0.470139 0.023438 0.037500
0 0.194141 0.838889 0.102344 0.136111
0 0.447266 0.393750 0.013281 0.020833
0 0.439453 0.408333 0.016406 0.022222
0 0.492969 0.349306 0.007812 0.012500
0 0.473047 0.393750 0.014844 0.018056
0 0.385156 0.493056 0.031250 0.041667
0 0.588672 0.456250 0.021094 0.034722
0 0.478516 0.379167 0.010156 0.016667
0 0.406641 0.415278 0.017969 0.022222
0 0.165234 0.615278 0.236719 0.294444
0 0.574219 0.393750 0.014063 0.018056
0 0.537109 0.412500 0.014844 0.022222
0 0.666406 0.605556 0.053125 0.075000
0 0.439844 0.501389 0.032813 0.055556
0 0.642578 0.732639 0.080469 0.156944
0 0.487500 0.362500 0.009375 0.013889
0 0.291797 0.643056 0.058594 0.077778
0 0.621875 0.454167 0.023438 0.030556
3 0.778125 0.700000 0.442188 0.588889
3 0.784766 0.700694 0.428906 0.587500
3 0.235156 0.615972 0.470313 0.481944
3 0.234766 0.685417 0.469531 0.618056
3 0.728125 0.700000 0.407813 0.591667
4 0.436328 0.699306 0.108594 0.598611
4 0.931641 0.966667 0.046094 0.063889
4 0.039844 0.809722 0.079687 0.091667
4 0.209766 0.736806 0.024219 0.034722
4 0.789062 0.751389 0.025000 0.036111
4 0.316406 0.730556 0.015625 0.033333
4 0.685547 0.750694 0.017969 0.037500
4 0.216016 0.618750 0.432031 0.473611
4 0.385547 0.569444 0.007031 0.013889
4 0.350391 0.527083 0.008594 0.012500
4 0.358984 0.631250 0.010156 0.020833
4 0.778516 0.967361 0.032031 0.062500
4 0.319531 0.571528 0.009375 0.015278
4 0.077734 0.939583 0.049219 0.070833
4 0.638672 0.643750 0.011719 0.020833
4 0.647656 0.537500 0.007812 0.011111
4 0.610938 0.578472 0.009375 0.015278
4 0.504297 0.702778 0.241406 0.591667
4 0.236328 0.920833 0.032031 0.063889
4 0.721875 0.648611 0.015625 0.022222
5 0.610938 0.479167 0.004687 0.008333
5 0.436328 0.700000 0.108594 0.597222
5 0.578906 0.502083 0.004687 0.009722
5 0.931641 0.966667 0.046094 0.063889
5 0.410156 0.436806 0.009375 0.015278
5 0.627344 0.504861 0.006250 0.009722
5 0.039844 0.809722 0.079687 0.091667
5 0.210156 0.736806 0.023438 0.034722
5 0.789453 0.751389 0.024219 0.036111
5 0.591406 0.534028 0.006250 0.009722
5 0.398438 0.454861 0.004687 0.006944
5 0.077734 0.939583 0.049219 0.070833
5 0.405469 0.523611 0.004687 0.011111
5 0.316406 0.730556 0.015625 0.033333
5 0.433203 0.461806 0.010156 0.020833
5 0.216016 0.618750 0.432031 0.473611
5 0.418359 0.493750 0.005469 0.009722
5 0.357031 0.462500 0.150000 0.158333
5 0.385547 0.568750 0.007031 0.015278
5 0.350391 0.527083 0.008594 0.012500
5 0.358984 0.631250 0.010156 0.020833
5 0.778516 0.967361 0.032031 0.062500
5 0.647656 0.537500 0.007812 0.011111
5 0.569922 0.477778 0.003906 0.008333
5 0.319531 0.572222 0.009375 0.013889
5 0.642969 0.468056 0.157812 0.186111
5 0.638281 0.643750 0.010937 0.020833
5 0.610938 0.578472 0.009375 0.015278
5 0.427734 0.471528 0.003906 0.006944
5 0.570312 0.702778 0.109375 0.591667
5 0.685547 0.750694 0.017969 0.037500
5 0.236328 0.920833 0.032031 0.063889
5 0.985938 0.863194 0.026562 0.034722
5 0.721875 0.648611 0.015625 0.022222
