0 0.639844 0.298611 0.039062 0.047222
0 0.752344 0.358333 0.057813 0.061111
0 0.437500 0.386111 0.078125 0.094444
0 0.861719 0.387500 0.048438 0.069444
0 0.437500 0.206944 0.025000 0.041667
0 0.707812 0.323611 0.062500 0.052778
0 0.460938 0.208333 0.059375 0.044444
0 0.563281 0.898611 0.307812 0.197222
0 0.807813 0.372222 0.037500 0.055556
3 0.583594 0.612500 0.654687 0.758333
3 0.340625 0.597222 0.506250 0.794444
3 0.499219 0.586111 0.823438 0.816667
4 0.214844 0.422222 0.007812 0.027778
4 0.287500 0.398611 0.015625 0.030556
4 0.089063 0.283333 0.006250 0.033333
4 0.622656 0.395833 0.035937 0.030556
4 0.498437 0.433333 0.040625 0.033333
4 0.556250 0.408333 0.031250 0.027778
4 0.321094 0.337500 0.170313 0.230556
5 0.214844 0.422222 0.007812 0.027778
5 0.287500 0.398611 0.015625 0.030556
5 0.089063 0.283333 0.006250 0.033333
5 0.622656 0.395833 0.035937 0.030556
5 0.498437 0.434722 0.040625 0.030556
5 0.555469 0.408333 0.029687 0.027778
5 0.320312 0.336111 0.168750 0.227778
