0 0.989062 0.026852 0.016667 0.020370
0 0.853906 0.876389 0.180729 0.245370
0 0.968750 0.143981 0.031250 0.054630
0 0.013542 0.095370 0.027083 0.053704
0 0.198177 0.191667 0.040104 0.112963
0 0.919271 0.012037 0.020833 0.024074
0 0.080729 0.054630 0.035417 0.042593
0 0.129427 0.242130 0.060937 0.121296
0 0.752865 0.216204 0.255729 0.265741
0 0.046354 0.095833 0.032292 0.041667
0 0.007292 0.078241 0.014583 0.021296
0 0.967187 0.027315 0.021875 0.021296
0 0.847656 0.293519 0.069271 0.105556
0 0.335156 0.258333 0.091146 0.122222
0 0.038802 0.062500 0.033854 0.036111
0 0.428906 0.162037 0.131771 0.131481
0 0.080990 0.120833 0.041146 0.058333
0 0.952344 0.092130 0.025521 0.041667
3 0.825521 0.784722 0.343750 0.421296
3 0.026042 0.856019 0.052083 0.232407
3 0.411719 0.631481 0.674479 0.722222
3 0.301302 0.434259 0.484896 0.433333
3 0.850260 0.239352 0.298438 0.371296
3 0.482031 0.501389 0.906771 0.978704
4 0.936198 0.091667 0.121354 0.088889
4 0.711458 0.697222 0.165625 0.598148
4 0.396875 0.470833 0.014583 0.021296
4 0.309375 0.610648 0.495833 0.725000
4 0.453385 0.545833 0.016146 0.023148
4 0.010937 0.855556 0.021875 0.027778
4 0.863021 0.654167 0.272917 0.165741
4 0.681250 0.801389 0.009375 0.013889
4 0.035417 0.852315 0.056250 0.241667
4 0.768229 0.881944 0.019792 0.023148
4 0.891146 0.300000 0.211458 0.325926
4 0.733073 0.405556 0.090104 0.129630
4 0.957292 0.061111 0.075000 0.042593
4 0.978906 0.963426 0.014063 0.010185
4 0.602083 0.719907 0.022917 0.026852
4 0.226823 0.150926 0.016146 0.020370
4 0.171354 0.205556 0.014583 0.022222
4 0.522917 0.629630 0.019792 0.025926
4 0.110156 0.821759 0.095312 0.304630
4 0.484115 0.949074 0.075521 0.100000
4 0.285417 0.386111 0.435417 0.364815
4 0.401562 0.949074 0.098958 0.100000
5 0.442708 0.245370 0.121875 0.085185
5 0.711719 0.697685 0.165104 0.599074
5 0.396875 0.470833 0.014583 0.021296
5 0.028125 0.640278 0.033333 0.078704
5 0.453385 0.545833 0.016146 0.023148
5 0.010937 0.855556 0.021875 0.027778
5 0.863281 0.654167 0.272396 0.165741
5 0.309375 0.471296 0.495833 0.446296
5 0.483854 0.949074 0.076042 0.100000
5 0.681250 0.801389 0.009375 0.013889
5 0.035417 0.852315 0.056250 0.241667
5 0.171354 0.206019 0.014583 0.023148
5 0.170833 0.224074 0.017708 0.012963
5 0.309115 0.610648 0.496354 0.725000
5 0.768229 0.882407 0.019792 0.022222
5 0.891146 0.300000 0.211458 0.325926
5 0.733333 0.405556 0.089583 0.129630
5 0.957292 0.061574 0.075000 0.041667
5 0.978906 0.963426 0.014063 0.010185
5 0.320312 0.116204 0.021875 0.017593
5 0.634635 0.751389 0.088021 0.089815
5 0.227083 0.150926 0.015625 0.020370
5 0.522917 0.629630 0.019792 0.025926
5 0.542188 0.213889 0.039583 0.035185
5 0.109896 0.822222 0.094792 0.303704
5 0.935937 0.092130 0.120833 0.087963
5 0.285156 0.386574 0.434896 0.363889
5 0.401562 0.949074 0.098958 0.100000
