0 0.934896 0.008796 0.034375 0.017593
0 0.809115 0.106481 0.045312 0.042593
0 0.006510 0.283333 0.013021 0.038889
0 0.014063 0.468519 0.028125 0.070370
0 0.118750 0.077315 0.029167 0.030556
0 0.241927 0.007870 0.016146 0.015741
0 0.976042 0.174537 0.046875 0.043519
0 0.651563 0.686111 0.118750 0.077778
3 0.067187 0.060185 0.134375 0.120370
3 0.149740 0.294907 0.299479 0.589815
3 0.753385 0.094444 0.492188 0.188889
3 0.171354 0.428704 0.342708 0.857407
4 0.104688 0.193519 0.011458 0.016667
4 0.065625 0.246296 0.014583 0.020370
4 0.052344 0.192593 0.011979 0.014815
4 0.161458 0.114815 0.008333 0.011111
4 0.007031 0.243981 0.014063 0.015741
4 0.135937 0.150000 0.009375 0.012963
4 0.150000 0.300463 0.300000 0.593519
4 0.145573 0.082407 0.007812 0.011111
4 0.090625 0.147685 0.012500 0.015741
4 0.014583 0.313889 0.017708 0.024074
4 0.122396 0.111574 0.011458 0.013889
5 0.104688 0.193519 0.011458 0.016667
5 0.065885 0.246296 0.014063 0.020370
5 0.052344 0.192593 0.011979 0.014815
5 0.007031 0.243981 0.014063 0.015741
5 0.135937 0.150000 0.009375 0.012963
5 0.148438 0.302778 0.296875 0.588889
5 0.090885 0.147685 0.011979 0.015741
5 0.014844 0.313889 0.017188 0.024074
5 0.122396 0.111574 0.011458 0.013889
5 0.161458 0.114815 0.008333 0.011111
5 0.145573 0.082407 0.007812 0.011111
