0 0.007031 0.518056 0.014063 0.025000
0 0.212500 0.438889 0.012500 0.016667
0 0.866406 0.931944 0.139063 0.130556
0 0.225781 0.388889 0.010937 0.016667
0 0.192969 0.422222 0.010937 0.016667
0 0.224219 0.620833 0.032813 0.052778
0 0.299219 0.448611 0.014063 0.019444
0 0.207031 0.456944 0.014063 0.019444
0 0.688281 0.686111 0.076563 0.055556
0 0.936719 0.965278 0.101562 0.063889
0 0.199219 0.372222 0.007812 0.011111
0 0.427344 0.545833 0.035937 0.036111
0 0.323437 0.688889 0.059375 0.122222
0 0.375000 0.586111 0.075000 0.100000
0 0.191406 0.366667 0.007812 0.011111
3 0.332031 0.604167 0.226562 0.330556
3 0.373437 0.608333 0.284375 0.288889
3 0.359375 0.887500 0.550000 0.213889
3 0.164844 0.627778 0.123438 0.383333
3 0.235937 0.604167 0.131250 0.386111
3 0.613281 0.618056 0.767188 0.430556
3 0.557031 0.695833 0.542188 0.408333
3 0.042969 0.918056 0.085938 0.152778
3 0.564844 0.702778 0.523438 0.444444
3 0.557031 0.741667 0.542188 0.500000
3 0.624219 0.868056 0.364063 0.252778
4 0.470313 0.790278 0.009375 0.013889
4 0.492188 0.647222 0.021875 0.022222
4 0.434375 0.594444 0.015625 0.016667
4 0.936719 0.777778 0.123438 0.022222
4 0.975781 0.906944 0.045312 0.019444
4 0.558594 0.898611 0.014063 0.019444
4 0.879687 0.806944 0.050000 0.019444
4 0.028125 0.941667 0.056250 0.027778
4 0.522656 0.858333 0.010937 0.016667
4 0.357812 0.629167 0.178125 0.252778
4 0.215625 0.530556 0.006250 0.011111
4 0.664844 0.988889 0.023438 0.016667
4 0.644531 0.726389 0.392188 0.308333
4 0.242188 0.604167 0.006250 0.013889
4 0.264062 0.665278 0.009375 0.019444
4 0.950781 0.888889 0.035937 0.016667
4 0.227344 0.562500 0.004687 0.013889
4 0.200781 0.630556 0.067187 0.344444
4 0.025781 0.983333 0.051562 0.027778
4 0.723437 0.856944 0.056250 0.052778
4 0.420312 0.770833 0.065625 0.019444
4 0.493750 0.822222 0.009375 0.016667
4 0.482812 0.751389 0.071875 0.019444
4 0.604688 0.943056 0.018750 0.019444
4 0.297656 0.758333 0.014063 0.033333
4 0.378906 0.584722 0.295312 0.319444
4 0.581250 0.727778 0.028125 0.027778
4 0.879687 0.786111 0.050000 0.016667
4 0.302344 0.623611 0.167187 0.308333
5 0.470313 0.790278 0.009375 0.013889
5 0.492188 0.648611 0.021875 0.019444
5 0.469531 0.681944 0.110937 0.119444
5 0.008594 0.556944 0.010937 0.019444
5 0.937500 0.777778 0.121875 0.022222
5 0.975781 0.906944 0.045312 0.019444
5 0.558594 0.898611 0.014063 0.019444
5 0.879687 0.806944 0.050000 0.019444
5 0.927344 0.822222 0.142187 0.050000
5 0.384375 0.536111 0.012500 0.011111
5 0.028125 0.941667 0.056250 0.027778
5 0.146094 0.497222 0.004687 0.100000
5 0.493750 0.822222 0.009375 0.016667
5 0.522656 0.858333 0.010937 0.016667
5 0.434375 0.594444 0.015625 0.016667
5 0.207813 0.506944 0.003125 0.008333
5 0.214844 0.530556 0.004687 0.011111
5 0.664062 0.988889 0.021875 0.016667
5 0.645312 0.727778 0.390625 0.305556
5 0.732812 0.766667 0.021875 0.011111
5 0.242188 0.604167 0.006250 0.013889
5 0.264062 0.665278 0.009375 0.019444
5 0.950781 0.888889 0.035937 0.016667
5 0.334375 0.502778 0.009375 0.011111
5 0.227344 0.562500 0.004687 0.013889
5 0.201563 0.631944 0.065625 0.341667
5 0.025781 0.983333 0.051562 0.027778
5 0.378125 0.584722 0.296875 0.319444
5 0.360156 0.525000 0.007812 0.011111
5 0.723437 0.856944 0.056250 0.052778
5 0.357812 0.629167 0.178125 0.252778
5 0.420312 0.770833 0.065625 0.019444
5 0.482031 0.750000 0.070312 0.016667
5 0.604688 0.943056 0.018750 0.019444
5 0.297656 0.758333 0.014063 0.033333
5 0.581250 0.727778 0.028125 0.027778
5 0.879687 0.786111 0.050000 0.016667
5 0.302344 0.623611 0.167187 0.308333
7 0.372656 0.641667 0.079687 0.016667
7 0.926562 0.847222 0.143750 0.144444
7 0.028125 0.962500 0.056250 0.069444
