0 0.483203 0.369444 0.010156 0.013889
0 0.476172 0.382639 0.013281 0.020833
0 0.420703 0.445139 0.021094 0.029167
0 0.403516 0.650000 0.052344 0.063889
0 0.455859 0.345833 0.019531 0.013889
0 0.599219 0.478472 0.026562 0.037500
0 0.528906 0.367361 0.010937 0.026389
0 0.410938 0.383333 0.031250 0.055556
0 0.457031 0.436806 0.017188 0.026389
0 0.630078 0.463889 0.025781 0.033333
0 0.225781 0.766667 0.087500 0.108333
0 0.463281 0.371528 0.009375 0.018056
0 0.436328 0.410417 0.016406 0.026389
0 0.353125 0.457639 0.029687 0.045833
0 0.381250 0.509722 0.031250 0.044444
0 0.488672 0.357639 0.011719 0.018056
0 0.570312 0.400694 0.014063 0.018056
0 0.396094 0.425694 0.018750 0.026389
0 0.298047 0.533333 0.044531 0.050000
0 0.446484 0.379167 0.027344 0.055556
0 0.444141 0.482639 0.024219 0.037500
0 0.546875 0.383333 0.010937 0.016667
0 0.474219 0.361806 0.010937 0.015278
0 0.322266 0.603472 0.057031 0.068056
0 0.566406 0.367361 0.020313 0.043056
0 0.539453 0.365972 0.008594 0.012500
0 0.544531 0.345833 0.007812 0.013889
0 0.477344 0.338889 0.015625 0.033333
3 0.760547 0.690972 0.477344 0.609722
3 0.790625 0.701389 0.417187 0.586111
3 0.240234 0.696528 0.480469 0.598611
4 0.789844 0.638889 0.418750 0.486111
4 0.350391 0.527083 0.007031 0.009722
4 0.677344 0.581250 0.010937 0.015278
4 0.405469 0.523611 0.004687 0.011111
4 0.647656 0.537500 0.007812 0.011111
4 0.385547 0.569444 0.007031 0.013889
4 0.277344 0.636806 0.014063 0.020833
4 0.438281 0.694444 0.112500 0.608333
4 0.077734 0.938889 0.049219 0.069444
4 0.638672 0.643056 0.011719 0.022222
4 0.358984 0.630556 0.010156 0.019444
4 0.192969 0.643056 0.385937 0.427778
4 0.778516 0.967361 0.032031 0.062500
4 0.721875 0.648611 0.015625 0.022222
4 0.932422 0.966667 0.046094 0.063889
4 0.591797 0.533333 0.005469 0.011111
4 0.789453 0.751389 0.024219 0.036111
4 0.504297 0.688889 0.241406 0.619444
4 0.610938 0.578472 0.009375 0.015278
4 0.684766 0.750694 0.019531 0.037500
4 0.316406 0.729861 0.015625 0.031944
4 0.236328 0.920833 0.032031 0.063889
5 0.789844 0.638889 0.418750 0.486111
5 0.677344 0.581250 0.010937 0.015278
5 0.578906 0.501389 0.004687 0.008333
5 0.589844 0.445833 0.003125 0.005556
5 0.778516 0.967361 0.032031 0.062500
5 0.627344 0.504167 0.006250 0.008333
5 0.405469 0.523611 0.004687 0.011111
5 0.647656 0.537500 0.007812 0.011111
5 0.277344 0.636806 0.014063 0.020833
5 0.438281 0.693750 0.112500 0.609722
5 0.569922 0.477778 0.003906 0.008333
5 0.398438 0.454861 0.004687 0.006944
5 0.077734 0.938889 0.049219 0.069444
5 0.418359 0.493750 0.005469 0.009722
5 0.386328 0.472917 0.005469 0.006944
5 0.638672 0.643056 0.011719 0.022222
5 0.557031 0.443750 0.004687 0.006944
5 0.385547 0.569444 0.007031 0.013889
5 0.358984 0.630556 0.010156 0.019444
5 0.350391 0.527083 0.007031 0.009722
5 0.721484 0.648611 0.014844 0.022222
5 0.426953 0.470833 0.003906 0.008333
5 0.192969 0.643750 0.385937 0.426389
5 0.932031 0.966667 0.045312 0.063889
5 0.591797 0.533333 0.005469 0.011111
5 0.789453 0.751389 0.024219 0.036111
5 0.504297 0.688889 0.241406 0.619444
5 0.562109 0.459028 0.003906 0.006944
5 0.610938 0.578472 0.009375 0.015278
5 0.684766 0.750694 0.019531 0.037500
5 0.551562 0.431250 0.003125 0.006944
5 0.316406 0.729861 0.015625 0.031944
5 0.236328 0.920833 0.032031 0.063889
