0 0.844792 0.176389 0.021875 0.025000
0 0.638542 0.192130 0.019792 0.032407
0 0.676042 0.287963 0.020833 0.057407
0 0.493490 0.258796 0.025521 0.045370
0 0.683594 0.251852 0.020313 0.027778
0 0.838802 0.277778 0.024479 0.025926
0 0.492969 0.225926 0.018229 0.025926
0 0.687760 0.128241 0.016146 0.026852
0 0.626823 0.137963 0.016146 0.024074
0 0.653125 0.087037 0.012500 0.020370
0 0.916927 0.196759 0.024479 0.026852
0 0.734375 0.123611 0.015625 0.019444
0 0.521875 0.065741 0.008333 0.014815
0 0.913542 0.216204 0.019792 0.026852
0 0.774479 0.154167 0.016667 0.026852
0 0.896354 0.306944 0.031250 0.041667
0 0.589583 0.163426 0.015625 0.023148
0 0.686458 0.493981 0.038542 0.058333
0 0.719531 0.132870 0.014063 0.023148
0 0.240365 0.426852 0.051562 0.055556
0 0.604427 0.190741 0.019271 0.035185
0 0.688021 0.204630 0.019792 0.031481
0 0.733594 0.260185 0.025521 0.038889
0 0.673698 0.197222 0.014063 0.025926
0 0.496875 0.060185 0.010417 0.014815
0 0.597396 0.120833 0.012500 0.021296
0 0.596354 0.140741 0.014583 0.022222
0 0.789844 0.458333 0.049479 0.094444
0 0.571354 0.131019 0.014583 0.025000
0 0.536979 0.264352 0.021875 0.043519
0 0.778125 0.140278 0.015625 0.017593
0 0.547396 0.225000 0.027083 0.057407
0 0.683594 0.426389 0.036979 0.069444
0 0.547135 0.100926 0.008854 0.014815
0 0.532031 0.080093 0.011979 0.023148
0 0.740104 0.131944 0.015625 0.019444
0 0.633594 0.062037 0.014063 0.016667
0 0.538281 0.127315 0.017188 0.030556
0 0.865365 0.617130 0.051562 0.076852
0 0.650260 0.170370 0.015104 0.027778
0 0.876042 0.236574 0.056250 0.087963
0 0.703385 0.101389 0.025521 0.047222
0 0.662500 0.110185 0.014583 0.024074
0 0.659635 0.068981 0.016146 0.026852
0 0.758854 0.282407 0.030208 0.062963
0 0.943229 0.365278 0.038542 0.043519
0 0.509635 0.228241 0.019271 0.039815
0 0.180729 0.431019 0.056250 0.052778
0 0.954948 0.726852 0.068229 0.129630
0 0.665365 0.226389 0.029687 0.034259
0 0.742708 0.183796 0.018750 0.025000
0 0.610417 0.118981 0.014583 0.021296
0 0.960677 0.239352 0.026562 0.021296
0 0.800000 0.408796 0.038542 0.060185
0 0.696615 0.319907 0.032813 0.067593
0 0.705469 0.451852 0.048438 0.085185
0 0.663021 0.177315 0.017708 0.028704
0 0.698698 0.282870 0.031771 0.056481
0 0.560937 0.088426 0.012500 0.019444
0 0.657292 0.270370 0.023958 0.042593
0 0.680729 0.093519 0.014583 0.020370
0 0.700781 0.268519 0.024479 0.038889
0 0.705469 0.227315 0.020313 0.037963
0 0.764844 0.129630 0.017188 0.022222
0 0.603646 0.068519 0.010417 0.016667
0 0.642708 0.078704 0.012500 0.014815
0 0.386198 0.457870 0.305729 0.110185
0 0.975781 0.318981 0.047396 0.108333
0 0.779427 0.181944 0.018229 0.028704
0 0.744792 0.332407 0.027083 0.044444
1 0.486198 0.493056 0.011979 0.049074
1 0.531771 0.509722 0.013542 0.047222
1 0.012240 0.483333 0.007812 0.053704
1 0.546094 0.513426 0.013021 0.049074
3 0.751823 0.531944 0.495312 0.926852
3 0.818229 0.150000 0.362500 0.248148
3 0.784896 0.270370 0.429167 0.422222
3 0.281510 0.303241 0.563021 0.463889
4 0.786719 0.553704 0.425521 0.766667
5 0.790104 0.501389 0.418750 0.867593
5 0.179688 0.036111 0.013542 0.037037
