0 0.273698 0.550463 0.052604 0.041667
0 0.043490 0.191667 0.026562 0.025926
0 0.446094 0.287500 0.021354 0.026852
0 0.516406 0.565278 0.157812 0.100926
0 0.608073 0.281944 0.018229 0.023148
0 0.218490 0.534722 0.047396 0.039815
0 0.310937 0.518981 0.039583 0.037963
0 0.055469 0.570833 0.080729 0.050926
0 0.186979 0.292130 0.022917 0.034259
0 0.384115 0.591204 0.138021 0.097222
0 0.150781 0.537963 0.057813 0.040741
0 0.279687 0.322222 0.027083 0.029630
0 0.192969 0.536574 0.031771 0.036111
0 0.076563 0.259259 0.023958 0.025926
0 0.018750 0.162037 0.032292 0.020370
0 0.740365 0.200926 0.014063 0.018519
0 0.460677 0.470833 0.017188 0.026852
0 0.276823 0.286111 0.020313 0.025926
0 0.324740 0.505556 0.028646 0.024074
0 0.318750 0.543981 0.034375 0.021296
0 0.499219 0.210648 0.018229 0.021296
0 0.591406 0.199537 0.027604 0.026852
0 0.271354 0.522222 0.050000 0.033333
1 0.721354 0.557870 0.013542 0.047222
1 0.670833 0.564815 0.010417 0.051852
3 0.506250 0.639352 0.986458 0.254630
4 0.179427 0.036574 0.011979 0.036111
4 0.125260 0.039815 0.014063 0.009259
4 0.833073 0.040741 0.014063 0.009259
5 0.179427 0.036574 0.011979 0.036111
5 0.125260 0.039815 0.014063 0.009259
5 0.833073 0.040741 0.014063 0.009259
