0 0.390625 0.430556 0.017188 0.025000
0 0.391406 0.647917 0.053125 0.076389
0 0.478125 0.377778 0.012500 0.016667
0 0.525391 0.380556 0.013281 0.011111
0 0.472656 0.387500 0.012500 0.019444
0 0.547266 0.352083 0.008594 0.012500
0 0.449219 0.365278 0.009375 0.013889
0 0.761719 0.762500 0.092188 0.133333
0 0.561719 0.408333 0.015625 0.025000
0 0.761719 0.616667 0.054688 0.080556
0 0.427344 0.427778 0.018750 0.025000
0 0.335547 0.508333 0.067969 0.055556
0 0.063672 0.804167 0.127344 0.216667
0 0.430078 0.386806 0.013281 0.015278
0 0.397266 0.470833 0.032031 0.050000
0 0.411719 0.406944 0.017188 0.019444
0 0.526953 0.390972 0.014844 0.020833
0 0.299609 0.961111 0.125781 0.075000
0 0.460938 0.366667 0.014063 0.025000
0 0.448828 0.467361 0.022656 0.031944
0 0.359375 0.472222 0.026562 0.033333
0 0.260156 0.584722 0.056250 0.061111
0 0.534766 0.412500 0.016406 0.022222
0 0.549219 0.466667 0.023438 0.036111
0 0.616016 0.664583 0.058594 0.093056
0 0.458984 0.427778 0.017969 0.025000
0 0.464453 0.405556 0.016406 0.022222
0 0.428906 0.531944 0.031250 0.047222
0 0.523828 0.361111 0.008594 0.016667
0 0.594531 0.472222 0.025000 0.036111
0 0.483984 0.363889 0.010156 0.019444
0 0.552734 0.388889 0.013281 0.016667
0 0.533594 0.346528 0.007812 0.009722
0 0.491016 0.334028 0.011719 0.023611
0 0.250391 0.734028 0.088281 0.115278
0 0.473438 0.347917 0.015625 0.029167
3 0.775000 0.684028 0.448437 0.623611
3 0.228125 0.547222 0.456250 0.350000
3 0.240234 0.686111 0.472656 0.619444
3 0.649219 0.681250 0.256250 0.631944
4 0.360156 0.512500 0.026562 0.038889
4 0.450391 0.693750 0.136719 0.609722
4 0.358984 0.630556 0.010156 0.019444
4 0.405469 0.523611 0.004687 0.011111
4 0.204297 0.743750 0.011719 0.020833
4 0.591406 0.533333 0.006250 0.011111
4 0.677344 0.581944 0.010937 0.013889
4 0.931641 0.966667 0.046094 0.063889
4 0.316406 0.730556 0.015625 0.030556
4 0.077734 0.938889 0.049219 0.069444
4 0.385547 0.569444 0.007031 0.013889
4 0.277734 0.549306 0.330469 0.354167
4 0.778516 0.967361 0.032031 0.062500
4 0.778125 0.622917 0.442188 0.520833
4 0.319922 0.571528 0.010156 0.015278
4 0.277344 0.636806 0.015625 0.020833
4 0.627734 0.505556 0.007031 0.008333
4 0.571484 0.709722 0.107031 0.577778
4 0.684766 0.750694 0.019531 0.037500
4 0.578906 0.502778 0.004687 0.011111
4 0.610938 0.578472 0.009375 0.015278
4 0.647656 0.537500 0.007812 0.011111
4 0.236328 0.920833 0.032031 0.063889
4 0.721094 0.649306 0.015625 0.020833
5 0.778125 0.622222 0.442188 0.519444
5 0.360156 0.512500 0.026562 0.038889
5 0.611719 0.480556 0.006250 0.008333
5 0.450391 0.690972 0.136719 0.615278
5 0.557422 0.444444 0.003906 0.005556
5 0.570312 0.477778 0.004687 0.008333
5 0.778516 0.967361 0.032031 0.062500
5 0.405469 0.523611 0.004687 0.011111
5 0.204687 0.743750 0.012500 0.020833
5 0.677344 0.581944 0.010937 0.013889
5 0.931641 0.966667 0.046094 0.063889
5 0.316406 0.730556 0.015625 0.030556
5 0.638672 0.644444 0.011719 0.022222
5 0.077734 0.938889 0.049219 0.069444
5 0.371094 0.495139 0.006250 0.009722
5 0.236328 0.920833 0.032031 0.063889
5 0.385547 0.569444 0.007031 0.013889
5 0.358984 0.630556 0.010156 0.019444
5 0.319922 0.572222 0.010156 0.013889
5 0.610938 0.578472 0.009375 0.015278
5 0.417969 0.493750 0.006250 0.009722
5 0.276953 0.636806 0.014844 0.020833
5 0.627734 0.505556 0.007031 0.008333
5 0.591406 0.533333 0.006250 0.011111
5 0.578906 0.502778 0.004687 0.011111
5 0.684766 0.750694 0.019531 0.037500
5 0.277734 0.549306 0.330469 0.354167
5 0.571484 0.709722 0.107031 0.577778
5 0.647656 0.537500 0.007812 0.011111
5 0.721094 0.649306 0.015625 0.020833
