0 0.420833 0.720833 0.052083 0.056481
0 0.825781 0.287500 0.023438 0.030556
0 0.492188 0.325463 0.022917 0.056481
0 0.764062 0.220370 0.011458 0.020370
0 0.482552 0.325926 0.041146 0.057407
3 0.686458 0.589815 0.447917 0.812963
3 0.350260 0.597222 0.643229 0.796296
3 0.279948 0.561111 0.559896 0.740741
3 0.199740 0.580093 0.399479 0.671296
4 0.776563 0.781481 0.120833 0.435185
4 0.217969 0.899537 0.053646 0.067593
4 0.360938 0.792593 0.032292 0.055556
4 0.333073 0.750463 0.019271 0.028704
4 0.792188 0.554167 0.010417 0.028704
4 0.611458 0.824074 0.166667 0.340741
4 0.443229 0.766204 0.269792 0.465741
4 0.715885 0.761111 0.017188 0.040741
4 0.649740 0.929167 0.025521 0.063889
4 0.236198 0.974074 0.035937 0.050000
4 0.761458 0.643056 0.012500 0.030556
5 0.180208 0.037963 0.010417 0.031481
5 0.776563 0.781944 0.120833 0.434259
5 0.359896 0.796759 0.030208 0.047222
5 0.217969 0.900000 0.053646 0.066667
5 0.333073 0.750463 0.019271 0.028704
5 0.611458 0.824074 0.166667 0.340741
5 0.442969 0.767130 0.269271 0.463889
5 0.715885 0.761111 0.017188 0.040741
5 0.792188 0.554630 0.010417 0.027778
5 0.650000 0.929630 0.025000 0.062963
5 0.236198 0.974074 0.035937 0.050000
5 0.761458 0.643056 0.012500 0.030556
