0 0.417187 0.522222 0.031250 0.027778
0 0.311719 0.458333 0.017188 0.022222
0 0.647656 0.787500 0.120313 0.108333
0 0.262500 0.502778 0.018750 0.027778
0 0.007031 0.519444 0.014063 0.027778
0 0.204687 0.370833 0.006250 0.013889
0 0.325000 0.691667 0.059375 0.122222
0 0.211719 0.465278 0.017188 0.025000
0 0.995313 0.776389 0.006250 0.041667
0 0.246875 0.408333 0.009375 0.011111
0 0.670312 0.912500 0.150000 0.147222
0 0.173437 0.370833 0.006250 0.008333
0 0.231250 0.511111 0.025000 0.038889
0 0.422656 0.640278 0.098437 0.130556
0 0.250000 0.725000 0.046875 0.077778
3 0.367188 0.884722 0.568750 0.219444
3 0.024219 0.670833 0.048438 0.275000
3 0.586719 0.690278 0.654687 0.536111
3 0.279687 0.605556 0.193750 0.377778
3 0.164062 0.629167 0.125000 0.380556
3 0.334375 0.605556 0.218750 0.338889
3 0.235937 0.609722 0.134375 0.380556
3 0.603906 0.611111 0.782813 0.444444
3 0.925000 0.804167 0.146875 0.086111
3 0.692969 0.875000 0.489063 0.238889
3 0.364063 0.583333 0.300000 0.333333
4 0.470313 0.791667 0.009375 0.011111
4 0.879687 0.806944 0.050000 0.019444
4 0.975000 0.906944 0.046875 0.019444
4 0.558594 0.897222 0.014063 0.016667
4 0.264062 0.665278 0.009375 0.025000
4 0.303906 0.625000 0.164062 0.305556
4 0.242188 0.604167 0.006250 0.013889
4 0.360156 0.526389 0.007812 0.008333
4 0.028125 0.941667 0.056250 0.027778
4 0.146094 0.494444 0.004687 0.094444
4 0.926562 0.822222 0.143750 0.050000
4 0.297656 0.758333 0.014063 0.033333
4 0.493750 0.823611 0.009375 0.013889
4 0.522656 0.858333 0.010937 0.016667
4 0.201563 0.629167 0.068750 0.347222
4 0.392188 0.555556 0.009375 0.011111
4 0.664844 0.988889 0.023438 0.016667
4 0.679688 0.752778 0.512500 0.405556
4 0.227344 0.562500 0.004687 0.013889
4 0.025781 0.981944 0.051562 0.030556
4 0.482031 0.751389 0.070312 0.019444
4 0.932813 0.776389 0.109375 0.019444
4 0.728125 0.859722 0.050000 0.047222
4 0.363281 0.638889 0.167187 0.233333
4 0.580469 0.727778 0.029687 0.027778
4 0.879687 0.786111 0.050000 0.016667
5 0.314844 0.620833 0.401562 0.402778
5 0.028125 0.962500 0.056250 0.069444
7 0.926562 0.841667 0.143750 0.150000
7 0.028125 0.962500 0.056250 0.069444
7 0.879687 0.800000 0.050000 0.050000
