0 0.846875 0.302778 0.059375 0.050000
0 0.654687 0.238889 0.028125 0.055556
0 0.157031 0.230556 0.023438 0.033333
0 0.607812 0.287500 0.050000 0.036111
0 0.428906 0.190278 0.039062 0.025000
0 0.519531 0.288889 0.067187 0.061111
0 0.096094 0.291667 0.020313 0.044444
0 0.296875 0.313889 0.040625 0.061111
0 0.172656 0.350000 0.039062 0.072222
0 0.203906 0.136111 0.014063 0.022222
0 0.366406 0.319444 0.048438 0.066667
0 0.762500 0.366667 0.053125 0.055556
0 0.625781 0.295833 0.048438 0.036111
0 0.661719 0.323611 0.032813 0.041667
0 0.275000 0.155556 0.018750 0.022222
0 0.193750 0.169444 0.015625 0.022222
0 0.148438 0.177778 0.015625 0.022222
0 0.871094 0.394444 0.051562 0.066667
0 0.271875 0.400000 0.056250 0.083333
0 0.420312 0.381944 0.062500 0.075000
0 0.185156 0.405556 0.054688 0.100000
0 0.392969 0.254167 0.039062 0.041667
0 0.616406 0.243056 0.035937 0.041667
0 0.578125 0.244444 0.037500 0.050000
0 0.712500 0.333333 0.081250 0.050000
0 0.167187 0.286111 0.028125 0.044444
0 0.115625 0.836111 0.059375 0.144444
0 0.758594 0.279167 0.064062 0.047222
0 0.908594 0.391667 0.010937 0.088889
0 0.153125 0.125000 0.009375 0.016667
0 0.891406 0.312500 0.042188 0.058333
0 0.814063 0.383333 0.068750 0.066667
0 0.338281 0.384722 0.057813 0.069444
0 0.478125 0.218056 0.053125 0.041667
0 0.728125 0.351389 0.062500 0.047222
0 0.538281 0.245833 0.042188 0.047222
0 0.712500 0.265278 0.028125 0.052778
0 0.645312 0.306944 0.053125 0.041667
0 0.259375 0.138889 0.012500 0.016667
3 0.405469 0.626389 0.417187 0.730556
3 0.587500 0.508333 0.646875 0.544444
3 0.525000 0.722222 0.509375 0.538889
3 0.171094 0.619444 0.167187 0.744444
3 0.585938 0.433333 0.650000 0.394444
3 0.542969 0.612500 0.735938 0.758333
3 0.570312 0.375000 0.681250 0.427778
3 0.603906 0.605556 0.610938 0.688889
4 0.192188 0.306944 0.006250 0.019444
4 0.205469 0.359722 0.007812 0.025000
4 0.656250 0.483333 0.012500 0.011111
4 0.182031 0.266667 0.007812 0.016667
4 0.235156 0.286111 0.007812 0.016667
4 0.259375 0.331944 0.009375 0.019444
4 0.458594 0.327778 0.023438 0.016667
4 0.455469 0.286111 0.017188 0.011111
4 0.221094 0.426389 0.010937 0.036111
4 0.564844 0.411111 0.039062 0.033333
4 0.322656 0.329167 0.179688 0.236111
4 0.620313 0.452778 0.015625 0.016667
4 0.635938 0.406944 0.028125 0.019444
5 0.192188 0.306944 0.006250 0.019444
5 0.458594 0.326389 0.023438 0.013889
5 0.259375 0.331944 0.009375 0.019444
5 0.205469 0.359722 0.007812 0.025000
5 0.182031 0.268056 0.007812 0.013889
5 0.235156 0.286111 0.007812 0.016667
5 0.564844 0.411111 0.039062 0.033333
5 0.322656 0.330556 0.179688 0.233333
5 0.455469 0.286111 0.017188 0.011111
5 0.221094 0.425000 0.010937 0.033333
5 0.635938 0.406944 0.028125 0.019444
