0 0.438672 0.493056 0.028906 0.038889
0 0.544531 0.340972 0.010937 0.023611
0 0.526172 0.378472 0.010156 0.015278
0 0.459375 0.379167 0.010937 0.016667
0 0.537891 0.363889 0.010156 0.013889
0 0.444531 0.395139 0.014063 0.018056
0 0.349609 0.479861 0.030469 0.040278
0 0.453125 0.441667 0.018750 0.027778
0 0.700781 0.670139 0.065625 0.095833
0 0.461719 0.370833 0.010937 0.011111
0 0.614062 0.443056 0.018750 0.027778
0 0.427344 0.556944 0.037500 0.055556
0 0.195703 0.815972 0.108594 0.134722
0 0.552344 0.361111 0.007812 0.011111
0 0.419141 0.396528 0.011719 0.018056
0 0.544531 0.379861 0.010937 0.015278
0 0.381641 0.498611 0.030469 0.041667
0 0.563672 0.391667 0.013281 0.022222
0 0.437500 0.364583 0.021875 0.040278
0 0.401953 0.417361 0.016406 0.020833
0 0.300391 0.535417 0.042969 0.051389
0 0.562109 0.375000 0.010156 0.013889
0 0.977734 0.920833 0.042969 0.155556
0 0.527734 0.401389 0.014844 0.019444
0 0.475000 0.386111 0.012500 0.016667
0 0.564063 0.417361 0.015625 0.026389
0 0.605078 0.625000 0.050781 0.080556
0 0.483984 0.366667 0.008594 0.013889
0 0.452344 0.365278 0.007812 0.013889
0 0.491797 0.352778 0.010156 0.013889
0 0.425391 0.430556 0.021094 0.027778
0 0.475781 0.354861 0.007812 0.012500
0 0.338672 0.796528 0.121094 0.259722
0 0.583594 0.406944 0.014063 0.022222
3 0.794922 0.618056 0.408594 0.441667
3 0.741797 0.695139 0.438281 0.601389
3 0.793359 0.697222 0.411719 0.591667
3 0.240625 0.694444 0.481250 0.602778
4 0.785156 0.631250 0.375000 0.429167
4 0.578906 0.502083 0.004687 0.009722
4 0.647656 0.537500 0.007812 0.011111
4 0.702344 0.618750 0.054688 0.081944
4 0.385547 0.569444 0.007031 0.013889
4 0.611719 0.480556 0.006250 0.008333
4 0.210938 0.734028 0.020313 0.029167
4 0.450391 0.693750 0.136719 0.609722
4 0.638281 0.643750 0.012500 0.020833
4 0.077734 0.939583 0.049219 0.070833
4 0.358984 0.631250 0.010156 0.020833
4 0.205859 0.629167 0.411719 0.455556
4 0.778516 0.967361 0.032031 0.062500
4 0.677734 0.581250 0.011719 0.015278
4 0.319922 0.572222 0.010156 0.013889
4 0.276953 0.636111 0.014844 0.022222
4 0.931250 0.966667 0.045312 0.063889
4 0.611328 0.578472 0.008594 0.015278
4 0.627344 0.504861 0.006250 0.009722
4 0.789453 0.751389 0.024219 0.036111
4 0.504297 0.709722 0.241406 0.577778
4 0.591797 0.533333 0.007031 0.011111
4 0.684766 0.751389 0.019531 0.036111
4 0.350391 0.527083 0.008594 0.012500
4 0.235937 0.920833 0.031250 0.063889
5 0.785156 0.631250 0.375000 0.429167
5 0.599219 0.460417 0.004687 0.006944
5 0.450391 0.694444 0.136719 0.608333
5 0.205469 0.629861 0.410938 0.451389
5 0.557031 0.443750 0.004687 0.006944
5 0.398828 0.454861 0.003906 0.006944
5 0.578906 0.502083 0.004687 0.009722
5 0.778516 0.967361 0.032031 0.062500
5 0.647656 0.537500 0.007812 0.011111
5 0.701953 0.618750 0.053906 0.081944
5 0.385547 0.569444 0.007031 0.013889
5 0.611328 0.480556 0.005469 0.008333
5 0.210938 0.734722 0.020313 0.027778
5 0.410156 0.511806 0.015625 0.034722
5 0.386719 0.472222 0.006250 0.008333
5 0.931250 0.966667 0.045312 0.063889
5 0.611328 0.577778 0.008594 0.013889
5 0.638281 0.643750 0.012500 0.020833
5 0.077734 0.938889 0.049219 0.069444
5 0.430859 0.465278 0.008594 0.019444
5 0.350391 0.527083 0.008594 0.012500
5 0.569922 0.477778 0.003906 0.008333
5 0.358984 0.630556 0.010156 0.019444
5 0.276953 0.636111 0.014844 0.022222
5 0.418359 0.494444 0.005469 0.008333
5 0.562109 0.459028 0.003906 0.006944
5 0.319531 0.572222 0.009375 0.013889
5 0.627344 0.504861 0.006250 0.009722
5 0.789453 0.751389 0.024219 0.036111
5 0.571484 0.711806 0.107031 0.573611
5 0.591797 0.533333 0.007031 0.011111
5 0.586328 0.440972 0.010156 0.015278
5 0.684766 0.751389 0.019531 0.036111
5 0.235937 0.920833 0.031250 0.063889
5 0.677734 0.581250 0.011719 0.015278
