0 0.425000 0.557639 0.042188 0.065278
0 0.560547 0.405556 0.014844 0.019444
0 0.525391 0.375000 0.011719 0.016667
0 0.458984 0.358333 0.008594 0.011111
0 0.544531 0.379861 0.012500 0.015278
0 0.450391 0.389583 0.011719 0.018056
0 0.464844 0.415972 0.018750 0.023611
0 0.469141 0.350694 0.008594 0.012500
0 0.530859 0.393056 0.013281 0.019444
0 0.496094 0.343750 0.010937 0.018056
0 0.446875 0.370139 0.009375 0.012500
0 0.466797 0.365278 0.008594 0.013889
0 0.921484 0.760417 0.155469 0.387500
0 0.551953 0.357639 0.008594 0.015278
0 0.696094 0.541667 0.042188 0.058333
0 0.427344 0.424306 0.018750 0.023611
0 0.546484 0.463889 0.022656 0.036111
0 0.044922 0.864583 0.089844 0.140278
0 0.488672 0.359028 0.008594 0.009722
0 0.474219 0.379167 0.010937 0.016667
0 0.416797 0.401389 0.013281 0.019444
0 0.697656 0.643750 0.065625 0.101389
0 0.483594 0.372222 0.009375 0.016667
0 0.629687 0.436806 0.053125 0.081944
0 0.592187 0.415972 0.018750 0.023611
0 0.524219 0.361111 0.010937 0.013889
0 0.353516 0.553472 0.039844 0.054167
0 0.386719 0.434028 0.020313 0.026389
0 0.310547 0.484722 0.097656 0.150000
0 0.074219 0.968750 0.148438 0.059722
0 0.537109 0.418056 0.016406 0.025000
0 0.477344 0.356944 0.007812 0.013889
0 0.444531 0.468056 0.026562 0.038889
0 0.575781 0.554861 0.039062 0.059722
0 0.534375 0.351389 0.006250 0.016667
0 0.580469 0.399306 0.014063 0.018056
0 0.570703 0.386806 0.013281 0.018056
0 0.308984 0.950000 0.111719 0.097222
3 0.759375 0.704167 0.471875 0.583333
3 0.221875 0.583333 0.443750 0.416667
3 0.243359 0.688194 0.478906 0.609722
4 0.746094 0.588194 0.193750 0.223611
4 0.778516 0.967361 0.032031 0.062500
4 0.209375 0.737500 0.023438 0.033333
4 0.438281 0.693750 0.112500 0.609722
4 0.276953 0.636806 0.014844 0.020833
4 0.089453 0.920833 0.025781 0.033333
4 0.931641 0.966667 0.046094 0.063889
4 0.316406 0.730556 0.015625 0.030556
4 0.789453 0.751389 0.024219 0.036111
4 0.358984 0.631250 0.010156 0.020833
4 0.319922 0.572222 0.008594 0.013889
4 0.158984 0.675694 0.219531 0.237500
4 0.638672 0.643056 0.011719 0.022222
4 0.570703 0.702778 0.108594 0.591667
4 0.684766 0.750694 0.019531 0.037500
4 0.235937 0.920833 0.031250 0.063889
5 0.746094 0.588194 0.193750 0.223611
5 0.455469 0.693750 0.146875 0.609722
5 0.591797 0.534722 0.007031 0.011111
5 0.567578 0.470833 0.008594 0.022222
5 0.626953 0.504167 0.005469 0.008333
5 0.778125 0.967361 0.031250 0.062500
5 0.647656 0.537500 0.007812 0.011111
5 0.385156 0.569444 0.006250 0.013889
5 0.611328 0.480556 0.005469 0.008333
5 0.209375 0.737500 0.023438 0.033333
5 0.277344 0.636806 0.014063 0.020833
5 0.578906 0.502083 0.004687 0.009722
5 0.351562 0.524306 0.007812 0.006944
5 0.089453 0.920833 0.025781 0.033333
5 0.405469 0.524306 0.004687 0.009722
5 0.370703 0.496528 0.005469 0.009722
5 0.931250 0.966667 0.045312 0.063889
5 0.316406 0.730556 0.015625 0.030556
5 0.789453 0.751389 0.024219 0.036111
5 0.358984 0.631250 0.010156 0.020833
5 0.677344 0.582639 0.010937 0.015278
5 0.319922 0.572222 0.008594 0.013889
5 0.417969 0.493056 0.004687 0.008333
5 0.159375 0.675000 0.220312 0.238889
5 0.611328 0.578472 0.008594 0.015278
5 0.638672 0.643056 0.011719 0.022222
5 0.570312 0.703472 0.109375 0.590278
5 0.684766 0.750694 0.019531 0.037500
5 0.385937 0.473611 0.004687 0.008333
5 0.235937 0.920833 0.031250 0.063889
