0 0.495703 0.347917 0.008594 0.015278
0 0.484766 0.370833 0.011719 0.016667
0 0.573438 0.431944 0.018750 0.027778
0 0.571875 0.390278 0.012500 0.016667
0 0.378516 0.509722 0.033594 0.041667
0 0.534766 0.353472 0.007031 0.009722
0 0.411719 0.457639 0.026562 0.031944
0 0.291016 0.552778 0.046094 0.050000
0 0.478516 0.381944 0.011719 0.016667
0 0.151172 0.721528 0.096094 0.109722
0 0.719141 0.567361 0.046094 0.062500
0 0.308594 0.624306 0.057813 0.070833
0 0.443750 0.479861 0.025000 0.034722
0 0.429688 0.538889 0.034375 0.050000
0 0.121484 0.918056 0.158594 0.161111
0 0.450391 0.388194 0.014844 0.023611
0 0.383203 0.432639 0.025781 0.043056
0 0.426172 0.426389 0.019531 0.025000
0 0.260156 0.965972 0.118750 0.065278
0 0.466016 0.368056 0.008594 0.013889
0 0.343359 0.486806 0.030469 0.037500
0 0.461719 0.420139 0.026562 0.054167
0 0.431250 0.375694 0.023438 0.037500
0 0.449609 0.366667 0.010156 0.013889
0 0.469922 0.401389 0.014844 0.019444
0 0.583203 0.404167 0.013281 0.019444
3 0.774609 0.614583 0.449219 0.531944
3 0.761719 0.679167 0.475000 0.633333
3 0.237891 0.695833 0.475781 0.597222
3 0.646875 0.672222 0.264062 0.650000
3 0.225000 0.624306 0.450000 0.462500
4 0.774609 0.617361 0.449219 0.529167
4 0.350781 0.526389 0.007812 0.011111
4 0.611328 0.480556 0.005469 0.008333
4 0.438281 0.694444 0.112500 0.608333
4 0.627734 0.504861 0.007031 0.009722
4 0.275391 0.638194 0.010156 0.018056
4 0.385156 0.569444 0.007812 0.013889
4 0.677344 0.581944 0.010937 0.013889
4 0.209766 0.736806 0.024219 0.034722
4 0.405078 0.523611 0.005469 0.011111
4 0.316406 0.730556 0.015625 0.030556
4 0.610938 0.578472 0.009375 0.015278
4 0.638672 0.643750 0.011719 0.023611
4 0.569531 0.477778 0.004687 0.008333
4 0.358984 0.631250 0.010156 0.020833
4 0.778516 0.967361 0.032031 0.062500
4 0.320703 0.570833 0.008594 0.013889
4 0.209766 0.626389 0.419531 0.461111
4 0.932031 0.966667 0.046875 0.063889
4 0.591797 0.533333 0.007031 0.011111
4 0.789062 0.751389 0.025000 0.036111
4 0.504297 0.681944 0.241406 0.633333
4 0.578906 0.502083 0.004687 0.009722
4 0.684766 0.750694 0.019531 0.037500
4 0.647656 0.537500 0.007812 0.011111
4 0.235937 0.920139 0.031250 0.062500
4 0.721484 0.648611 0.014844 0.022222
5 0.775781 0.620139 0.446875 0.523611
5 0.611719 0.480556 0.004687 0.008333
5 0.438672 0.694444 0.111719 0.608333
5 0.569531 0.477778 0.004687 0.008333
5 0.778516 0.967361 0.032031 0.062500
5 0.275391 0.638194 0.010156 0.018056
5 0.385547 0.569444 0.007031 0.013889
5 0.677344 0.581944 0.010937 0.013889
5 0.210156 0.736806 0.023438 0.034722
5 0.405078 0.523611 0.005469 0.011111
5 0.316406 0.730556 0.015625 0.030556
5 0.610938 0.578472 0.009375 0.015278
5 0.638672 0.643750 0.011719 0.023611
5 0.387109 0.472917 0.007031 0.006944
5 0.350781 0.526389 0.007812 0.011111
5 0.358984 0.631250 0.010156 0.020833
5 0.721484 0.648611 0.014844 0.022222
5 0.590234 0.445833 0.003906 0.005556
5 0.627344 0.504861 0.006250 0.009722
5 0.417969 0.493056 0.004687 0.008333
5 0.320703 0.570833 0.008594 0.013889
5 0.931641 0.966667 0.046094 0.063889
5 0.591797 0.533333 0.007031 0.011111
5 0.551562 0.430556 0.003125 0.008333
5 0.789062 0.751389 0.025000 0.036111
5 0.562109 0.459028 0.003906 0.006944
5 0.504297 0.685417 0.241406 0.626389
5 0.578906 0.502083 0.004687 0.009722
5 0.595313 0.454861 0.012500 0.018056
5 0.684766 0.750694 0.019531 0.037500
5 0.647656 0.537500 0.007812 0.011111
5 0.235937 0.920139 0.031250 0.062500
