0 0.319010 0.008796 0.013021 0.017593
0 0.301302 0.521759 0.288021 0.237963
0 0.502865 0.468981 0.047396 0.067593
0 0.625000 0.181944 0.025000 0.049074
0 0.533594 0.152778 0.034896 0.055556
0 0.504427 0.106481 0.029687 0.042593
0 0.528906 0.073148 0.031771 0.046296
0 0.108333 0.310185 0.052083 0.048148
0 0.851302 0.093519 0.032813 0.035185
0 0.673438 0.047685 0.032292 0.045370
0 0.298177 0.067130 0.030729 0.025000
0 0.744792 0.403241 0.110417 0.215741
0 0.521875 0.212963 0.041667 0.062963
0 0.294792 0.009259 0.026042 0.018519
0 0.726823 0.140278 0.041146 0.058333
0 0.330469 0.205556 0.022396 0.044444
0 0.486719 0.499074 0.047396 0.081481
0 0.646094 0.213889 0.032813 0.046296
0 0.051042 0.333796 0.058333 0.052778
0 0.311719 0.225000 0.033854 0.064815
0 0.188542 0.316667 0.046875 0.064815
0 0.447396 0.335648 0.060417 0.102778
0 0.145052 0.293981 0.029687 0.017593
0 0.503125 0.290278 0.046875 0.078704
0 0.861198 0.474074 0.056771 0.090741
0 0.729948 0.285648 0.036979 0.017593
0 0.581771 0.155556 0.063542 0.150000
0 0.496094 0.031481 0.026562 0.040741
0 0.295573 0.076852 0.029687 0.044444
0 0.812240 0.404630 0.036979 0.075926
0 0.408594 0.087500 0.036979 0.054630
0 0.335677 0.140741 0.033854 0.038889
0 0.839844 0.568981 0.095312 0.121296
0 0.339062 0.090278 0.031250 0.039815
0 0.140885 0.264815 0.040104 0.038889
0 0.956771 0.340278 0.048958 0.058333
0 0.277604 0.113426 0.038542 0.056481
0 0.302344 0.239815 0.035937 0.048148
0 0.973958 0.616204 0.051042 0.228704
0 0.148698 0.333796 0.052604 0.067593
0 0.337500 0.115278 0.031250 0.039815
0 0.410938 0.106944 0.041667 0.091667
0 0.516667 0.128704 0.032292 0.042593
0 0.346615 0.169444 0.029687 0.051852
0 0.282031 0.093519 0.033854 0.046296
0 0.988802 0.259722 0.021354 0.047222
0 0.196094 0.247685 0.125521 0.091667
0 0.232813 0.293056 0.044792 0.062037
0 0.735417 0.788889 0.095833 0.151852
0 0.414062 0.124537 0.035417 0.056481
0 0.856250 0.197222 0.059375 0.064815
0 0.100521 0.332407 0.045833 0.038889
0 0.591146 0.019907 0.025000 0.030556
0 0.198698 0.270370 0.038021 0.048148
0 0.531771 0.063426 0.032292 0.043519
0 0.265625 0.187500 0.039583 0.058333
0 0.690885 0.267593 0.041146 0.061111
0 0.929688 0.565741 0.039583 0.085185
0 0.628125 0.017593 0.025000 0.031481
0 0.323437 0.177315 0.032292 0.034259
0 0.343229 0.052778 0.029167 0.031481
0 0.423698 0.311111 0.044271 0.092593
0 0.219271 0.234722 0.082292 0.095370
0 0.041927 0.381481 0.060937 0.057407
0 0.892188 0.177778 0.027083 0.051852
0 0.570312 0.242593 0.040625 0.046296
0 0.675000 0.243519 0.043750 0.059259
0 0.008333 0.394907 0.016667 0.065741
0 0.609896 0.263889 0.040625 0.061111
0 0.455729 0.034259 0.043750 0.068519
0 0.915625 0.252778 0.042708 0.062963
0 0.568750 0.462037 0.064583 0.081481
0 0.991667 0.685648 0.015625 0.117593
0 0.266146 0.272222 0.038542 0.057407
0 0.714063 0.505093 0.064583 0.167593
0 0.348438 0.024537 0.023958 0.036111
0 0.473438 0.404630 0.043750 0.068519
0 0.571354 0.303241 0.047917 0.086111
0 0.570312 0.101389 0.042708 0.047222
0 0.265885 0.145833 0.032813 0.030556
0 0.650521 0.307407 0.042708 0.068519
0 0.100521 0.360185 0.058333 0.061111
0 0.768229 0.191667 0.035417 0.046296
0 0.571354 0.544444 0.072917 0.090741
0 0.742188 0.093056 0.037500 0.069444
0 0.351302 0.071759 0.027604 0.034259
0 0.351823 0.085185 0.026562 0.057407
0 0.344792 0.037037 0.026042 0.029630
1 0.493490 0.551389 0.016146 0.065741
1 0.542708 0.489352 0.012500 0.039815
1 0.460156 0.582870 0.009896 0.069444
1 0.516667 0.546759 0.019792 0.075000
1 0.521615 0.548611 0.013021 0.075000
1 0.473958 0.548611 0.014583 0.056481
3 0.565625 0.502315 0.416667 0.986111
3 0.684635 0.499074 0.623437 0.990741
3 0.741667 0.477315 0.515625 0.895370
3 0.760677 0.247222 0.477604 0.494444
3 0.186458 0.242593 0.372917 0.485185
