0 0.459115 0.525926 0.032813 0.064815
0 0.555990 0.626852 0.039062 0.070370
0 0.246615 0.439352 0.025521 0.043519
0 0.252865 0.417593 0.024479 0.035185
0 0.214844 0.521296 0.033854 0.046296
0 0.459115 0.636574 0.041146 0.063889
0 0.088802 0.554630 0.039062 0.035185
0 0.455990 0.406481 0.029687 0.044444
0 0.451042 0.381944 0.031250 0.047222
0 0.474219 0.290741 0.019271 0.022222
0 0.580990 0.542593 0.027604 0.044444
0 0.969271 0.231019 0.053125 0.054630
0 0.688542 0.681481 0.061458 0.057407
0 0.425000 0.249074 0.014583 0.011111
0 0.476302 0.436574 0.024479 0.049074
0 0.805729 0.820833 0.046875 0.076852
0 0.267708 0.218981 0.019792 0.032407
0 0.597396 0.437963 0.031250 0.025926
0 0.597656 0.642593 0.031771 0.051852
0 0.559896 0.515278 0.016667 0.049074
0 0.176042 0.506019 0.036458 0.026852
0 0.291146 0.446296 0.026042 0.040741
0 0.108073 0.576389 0.039062 0.041667
0 0.277865 0.260648 0.023438 0.043519
0 0.371094 0.545833 0.042188 0.071296
0 0.208594 0.497222 0.027604 0.035185
0 0.476823 0.474074 0.023438 0.040741
0 0.465885 0.321296 0.017188 0.020370
0 0.560937 0.611111 0.042708 0.055556
0 0.296615 0.416204 0.027604 0.032407
0 0.013021 0.608796 0.026042 0.052778
0 0.347135 0.399537 0.024479 0.039815
0 0.253385 0.391667 0.028646 0.025926
0 0.955729 0.687037 0.083333 0.116667
0 0.399219 0.661574 0.033854 0.062037
0 0.659375 0.401389 0.054167 0.086111
0 0.260156 0.493519 0.032813 0.042593
0 0.549219 0.582407 0.028646 0.048148
0 0.853125 0.637500 0.039583 0.050926
0 0.262500 0.337500 0.022917 0.026852
0 0.299479 0.431481 0.029167 0.035185
0 0.355729 0.530556 0.030208 0.066667
0 0.477604 0.427315 0.019792 0.050926
0 0.269010 0.308796 0.024479 0.034259
0 0.391146 0.595833 0.030208 0.049074
0 0.983333 0.231019 0.028125 0.056481
0 0.458073 0.273611 0.013021 0.017593
0 0.261458 0.366204 0.023958 0.032407
0 0.171875 0.543056 0.036458 0.049074
0 0.742708 0.862037 0.048958 0.068519
0 0.397917 0.376389 0.021875 0.036111
0 0.691406 0.537963 0.033854 0.046296
0 0.140104 0.558796 0.036458 0.047222
0 0.236198 0.462037 0.022396 0.037037
0 0.233854 0.513889 0.025000 0.040741
0 0.500260 0.448611 0.021354 0.039815
0 0.598437 0.565741 0.037500 0.055556
0 0.752865 0.767593 0.047396 0.072222
0 0.503385 0.331019 0.017188 0.025000
0 0.416667 0.401389 0.021875 0.034259
0 0.218229 0.476852 0.025000 0.033333
0 0.067187 0.589815 0.043750 0.050000
0 0.490104 0.496296 0.030208 0.040741
0 0.321875 0.254630 0.021875 0.035185
0 0.573438 0.862963 0.064583 0.103704
0 0.497917 0.517130 0.022917 0.045370
0 0.386198 0.332407 0.031771 0.068519
0 0.841667 0.576389 0.035417 0.041667
0 0.714323 0.723148 0.039062 0.059259
0 0.630469 0.697222 0.036979 0.062963
0 0.201302 0.538426 0.024479 0.036111
0 0.440885 0.263426 0.011979 0.017593
0 0.453646 0.437500 0.029167 0.052778
0 0.306250 0.292593 0.013542 0.024074
0 0.459635 0.694444 0.049479 0.059259
0 0.531250 0.520833 0.043750 0.108333
0 0.522396 0.453704 0.028125 0.035185
0 0.558594 0.684722 0.044271 0.078704
0 0.644531 0.632407 0.042188 0.070370
0 0.428125 0.362037 0.025000 0.031481
0 0.639062 0.487500 0.027083 0.037963
0 0.605208 0.574537 0.061458 0.104630
0 0.586719 0.384722 0.045312 0.076852
0 0.275260 0.467593 0.028646 0.055556
0 0.405990 0.267130 0.009896 0.012037
0 0.250781 0.698611 0.188021 0.119444
0 0.252344 0.506481 0.022396 0.033333
0 0.382552 0.248148 0.015104 0.014815
1 0.427865 0.695833 0.009896 0.050926
1 0.438542 0.654630 0.008333 0.031481
1 0.411719 0.698148 0.008854 0.048148
1 0.386719 0.688889 0.009896 0.051852
1 0.422396 0.695370 0.010417 0.050000
1 0.432552 0.696296 0.008854 0.048148
3 0.159896 0.434722 0.311458 0.425000
3 0.663281 0.576852 0.672396 0.711111
3 0.630208 0.647685 0.639583 0.695370
4 0.179427 0.036111 0.013021 0.035185
5 0.179427 0.036111 0.013021 0.035185
