0 0.435417 0.573611 0.036458 0.076852
0 0.475521 0.617593 0.031250 0.079630
0 0.197917 0.466204 0.023958 0.036111
0 0.168229 0.380093 0.021875 0.056481
0 0.145833 0.521759 0.029167 0.041667
0 0.357292 0.691667 0.045833 0.062963
0 0.490365 0.558796 0.039062 0.037963
0 0.167187 0.365741 0.026042 0.031481
0 0.389844 0.445370 0.023438 0.033333
0 0.412760 0.397222 0.018229 0.022222
0 0.828125 0.268981 0.027083 0.049074
0 0.478125 0.370833 0.013542 0.017593
0 0.451562 0.432870 0.019792 0.025000
0 0.736979 0.940741 0.090625 0.116667
0 0.193229 0.268056 0.017708 0.034259
0 0.585938 0.479630 0.020833 0.027778
0 0.478385 0.423611 0.020313 0.028704
0 0.079427 0.525463 0.031771 0.034259
0 0.253646 0.418519 0.020833 0.035185
0 0.090104 0.549074 0.037500 0.044444
0 0.248438 0.304630 0.022917 0.033333
0 0.356771 0.636111 0.037500 0.053704
0 0.203385 0.448148 0.030729 0.046296
0 0.434375 0.501852 0.027083 0.024074
0 0.677083 0.800000 0.052083 0.105556
0 0.372396 0.335185 0.015625 0.022222
0 0.465365 0.548148 0.024479 0.048148
0 0.400260 0.474074 0.023438 0.050000
0 0.011458 0.587963 0.022917 0.044444
0 0.378906 0.503704 0.022396 0.038889
0 0.213542 0.318519 0.015625 0.031481
0 0.345313 0.450463 0.025000 0.039815
0 0.159635 0.413889 0.024479 0.037037
0 0.892448 0.728704 0.052604 0.061111
0 0.293229 0.598148 0.028125 0.046296
0 0.436979 0.563889 0.034375 0.062963
0 0.461979 0.843981 0.059375 0.095370
0 0.040625 0.572685 0.041667 0.050926
0 0.354948 0.343056 0.015104 0.017593
0 0.119271 0.507870 0.022917 0.037963
0 0.183854 0.311111 0.022917 0.042593
0 0.356510 0.524074 0.030729 0.081481
0 0.249740 0.394907 0.025521 0.034259
0 0.241406 0.528704 0.104688 0.118519
0 0.355208 0.419907 0.020833 0.049074
0 0.104167 0.516204 0.021875 0.041667
0 0.436719 0.336111 0.019271 0.020370
0 0.163281 0.437963 0.025521 0.042593
0 0.399479 0.375926 0.019792 0.025926
0 0.206510 0.400463 0.022396 0.039815
0 0.175260 0.487963 0.029687 0.044444
0 0.501563 0.595833 0.031250 0.056481
0 0.328125 0.408796 0.035417 0.084259
0 0.300781 0.658796 0.033854 0.054630
0 0.737500 0.866667 0.056250 0.044444
0 0.301042 0.396296 0.019792 0.044444
0 0.324740 0.313889 0.015104 0.022222
0 0.310937 0.641204 0.036458 0.045370
0 0.412240 0.548148 0.027604 0.046296
0 0.148438 0.462037 0.025000 0.044444
0 0.126042 0.489815 0.026042 0.040741
0 0.558333 0.414815 0.022917 0.024074
0 0.804167 0.269444 0.027083 0.046296
0 0.471615 0.578704 0.032813 0.053704
0 0.444010 0.633796 0.031771 0.058333
0 0.412760 0.538426 0.047396 0.073148
0 0.442448 0.531944 0.036979 0.076852
0 0.770573 0.543981 0.033854 0.034259
0 0.597135 0.813426 0.046354 0.073148
0 0.168750 0.509722 0.029167 0.037963
0 0.369010 0.436574 0.016146 0.026852
0 0.419792 0.482870 0.026042 0.045370
0 0.231510 0.292593 0.016146 0.042593
0 0.299219 0.278241 0.010937 0.019444
0 0.448177 0.679167 0.041146 0.076852
0 0.018750 0.556481 0.032292 0.029630
0 0.509375 0.686111 0.035417 0.064815
0 0.552865 0.660185 0.030729 0.051852
0 0.464583 0.379167 0.021875 0.026852
0 0.071354 0.565278 0.027083 0.037963
0 0.653125 0.536574 0.028125 0.032407
0 0.592187 0.522222 0.028125 0.040741
0 0.045052 0.545370 0.039062 0.029630
0 0.311979 0.287037 0.011458 0.024074
0 0.384115 0.308796 0.016146 0.023148
0 0.590885 0.703241 0.035937 0.060185
0 0.123958 0.542130 0.029167 0.036111
0 0.335417 0.310648 0.033333 0.023148
1 0.336458 0.651389 0.009375 0.032407
1 0.267188 0.711111 0.011458 0.061111
1 0.326562 0.691204 0.010417 0.049074
1 0.284115 0.713426 0.011979 0.052778
1 0.311198 0.692593 0.013021 0.046296
1 0.297917 0.689815 0.011458 0.046296
3 0.620573 0.627315 0.754687 0.732407
3 0.160417 0.375000 0.120833 0.255556
3 0.113542 0.431944 0.216667 0.367593
3 0.540885 0.662500 0.646354 0.665741
3 0.649219 0.441204 0.700521 0.408333
4 0.911198 0.865741 0.019271 0.020370
4 0.179688 0.036111 0.012500 0.037037
4 0.865365 0.821759 0.015104 0.015741
4 0.985417 0.863426 0.028125 0.026852
4 0.888542 0.780556 0.018750 0.018519
4 0.790625 0.748611 0.012500 0.013889
4 0.757031 0.716667 0.010937 0.012963
4 0.825260 0.782870 0.014063 0.015741
5 0.911198 0.865741 0.019271 0.020370
5 0.179688 0.036111 0.012500 0.037037
5 0.865365 0.821759 0.015104 0.015741
5 0.985417 0.863426 0.028125 0.026852
5 0.888542 0.780556 0.018750 0.018519
5 0.790625 0.748611 0.012500 0.013889
5 0.757031 0.716667 0.010937 0.012963
5 0.825260 0.782870 0.014063 0.015741
