0 0.439063 0.387500 0.075000 0.102778
0 0.863281 0.375000 0.057813 0.083333
0 0.708594 0.329167 0.064062 0.069444
0 0.586719 0.897222 0.348438 0.200000
0 0.754687 0.359722 0.056250 0.052778
3 0.584375 0.612500 0.653125 0.758333
4 0.189844 0.986111 0.092188 0.022222
4 0.165625 0.827778 0.156250 0.033333
4 0.164062 0.902778 0.156250 0.050000
4 0.173437 0.750000 0.146875 0.027778
4 0.182031 0.736111 0.132812 0.027778
4 0.165625 0.818056 0.156250 0.047222
4 0.689063 0.365278 0.443750 0.225000
4 0.303125 0.315278 0.131250 0.169444
5 0.169531 0.768056 0.167187 0.452778
