0 0.449479 0.348611 0.017708 0.036111
0 0.047917 0.249537 0.030208 0.021296
0 0.532292 0.257407 0.010417 0.020370
0 0.088281 0.233796 0.013021 0.012037
0 0.707552 0.510185 0.059896 0.059259
0 0.815625 0.650463 0.080208 0.062037
0 0.078125 0.338426 0.037500 0.019444
0 0.532031 0.238426 0.008854 0.012037
0 0.065104 0.237037 0.025000 0.027778
0 0.422396 0.349074 0.022917 0.033333
0 0.043229 0.385648 0.069792 0.062037
0 0.254688 0.395833 0.211458 0.115741
0 0.475521 0.325463 0.013542 0.019444
0 0.084375 0.322222 0.028125 0.018519
0 0.508073 0.338889 0.982812 0.268519
0 0.542188 0.295833 0.012500 0.019444
0 0.992448 0.294444 0.014063 0.022222
0 0.532813 0.329630 0.015625 0.035185
0 0.519271 0.303241 0.013542 0.013889
0 0.508073 0.332870 0.017188 0.028704
3 0.285677 0.599537 0.567187 0.789815
3 0.498177 0.673611 0.996354 0.641667
3 0.498698 0.794907 0.997396 0.400926
4 0.666146 0.529167 0.022917 0.012037
4 0.622917 0.474074 0.032292 0.014815
4 0.612500 0.462500 0.023958 0.010185
4 0.808333 0.756481 0.041667 0.016667
4 0.864583 0.828241 0.046875 0.017593
4 0.853646 0.754630 0.132292 0.018519
4 0.631771 0.486111 0.029167 0.009259
4 0.301563 0.475463 0.088542 0.093519
4 0.885938 0.750463 0.068750 0.012037
4 0.229427 0.981481 0.024479 0.035185
4 0.528125 0.424074 0.023958 0.083333
4 0.695052 0.555556 0.030729 0.012963
4 0.488281 0.431019 0.035937 0.084259
4 0.357552 0.969444 0.025521 0.051852
4 0.839323 0.797222 0.054688 0.014815
4 0.277344 0.481944 0.095312 0.089815
4 0.219792 0.496296 0.118750 0.103704
4 0.659635 0.517130 0.028646 0.012037
4 0.647396 0.506019 0.026042 0.012037
4 0.778125 0.700463 0.059375 0.012037
4 0.720833 0.546296 0.012500 0.011111
4 0.760677 0.660648 0.085938 0.071296
4 0.325781 0.471759 0.127604 0.100926
5 0.666146 0.529167 0.022917 0.012037
5 0.219271 0.496296 0.116667 0.103704
5 0.612240 0.462500 0.023438 0.010185
5 0.675521 0.497685 0.014583 0.010185
5 0.808333 0.756481 0.041667 0.016667
5 0.864323 0.828241 0.046354 0.017593
5 0.121354 0.556944 0.080208 0.023148
5 0.630990 0.485648 0.027604 0.008333
5 0.301563 0.475463 0.088542 0.093519
5 0.885938 0.750926 0.068750 0.011111
5 0.528385 0.423611 0.023438 0.082407
5 0.695052 0.555556 0.030729 0.012963
5 0.488021 0.431481 0.035417 0.083333
5 0.839323 0.797222 0.054688 0.014815
5 0.527083 0.461574 0.094792 0.023148
5 0.277083 0.482407 0.094792 0.090741
5 0.659375 0.516667 0.029167 0.012963
5 0.647396 0.506019 0.026042 0.012037
5 0.357552 0.969444 0.025521 0.051852
5 0.622656 0.473611 0.032813 0.013889
5 0.778125 0.700463 0.059375 0.012037
5 0.178385 0.988426 0.013021 0.021296
5 0.720833 0.546296 0.012500 0.011111
5 0.738802 0.630556 0.042188 0.011111
5 0.325781 0.471759 0.127604 0.100926
5 0.229427 0.981481 0.024479 0.035185
