0 0.488672 0.361111 0.008594 0.013889
0 0.525000 0.347222 0.006250 0.011111
0 0.353125 0.473611 0.028125 0.038889
0 0.432031 0.379167 0.014063 0.025000
0 0.578906 0.437500 0.018750 0.027778
0 0.480078 0.373611 0.010156 0.013889
0 0.542188 0.332639 0.007812 0.018056
0 0.435937 0.485417 0.029687 0.037500
0 0.419922 0.568056 0.039844 0.055556
0 0.471094 0.403472 0.015625 0.020833
0 0.184375 0.723611 0.287500 0.494444
0 0.385156 0.490972 0.031250 0.045833
0 0.416016 0.399306 0.014844 0.018056
0 0.457422 0.382639 0.013281 0.018056
0 0.534766 0.352778 0.007031 0.011111
0 0.342969 0.561806 0.045312 0.079167
0 0.462109 0.371528 0.010156 0.012500
0 0.397656 0.425694 0.017188 0.023611
0 0.474219 0.388889 0.014063 0.013889
0 0.442188 0.399306 0.014063 0.018056
0 0.456641 0.351389 0.013281 0.019444
0 0.472656 0.357639 0.010937 0.015278
0 0.555469 0.369444 0.007812 0.011111
0 0.386719 0.446528 0.021875 0.029167
0 0.314844 0.928472 0.117188 0.140278
0 0.545312 0.350000 0.007812 0.008333
3 0.760547 0.681944 0.477344 0.627778
3 0.228125 0.641667 0.456250 0.555556
3 0.237109 0.700694 0.474219 0.590278
3 0.645703 0.679167 0.255469 0.633333
4 0.782813 0.629861 0.432812 0.504167
4 0.316406 0.729861 0.015625 0.031944
4 0.611719 0.480556 0.004687 0.008333
4 0.556250 0.443750 0.004687 0.006944
4 0.551562 0.430556 0.003125 0.005556
4 0.569531 0.477778 0.004687 0.008333
4 0.778516 0.967361 0.032031 0.062500
4 0.648047 0.536806 0.008594 0.012500
4 0.436719 0.701389 0.109375 0.594444
4 0.578906 0.502083 0.004687 0.009722
4 0.677344 0.581944 0.010937 0.013889
4 0.062500 0.961806 0.017188 0.023611
4 0.610938 0.578472 0.009375 0.015278
4 0.638672 0.643056 0.011719 0.022222
4 0.441406 0.439583 0.004687 0.006944
4 0.435547 0.453472 0.003906 0.006944
4 0.383984 0.434028 0.136719 0.140278
4 0.721875 0.648611 0.015625 0.022222
4 0.599609 0.461111 0.003906 0.005556
4 0.385547 0.569444 0.007031 0.013889
4 0.358984 0.631250 0.010156 0.020833
4 0.562109 0.459028 0.003906 0.006944
4 0.023828 0.826389 0.047656 0.061111
4 0.932031 0.966667 0.045312 0.063889
4 0.591797 0.533333 0.007031 0.011111
4 0.627344 0.504861 0.006250 0.009722
4 0.789062 0.751389 0.025000 0.036111
4 0.569141 0.687500 0.111719 0.622222
4 0.684766 0.750694 0.019531 0.037500
4 0.405469 0.523611 0.004687 0.011111
4 0.235937 0.920139 0.031250 0.062500
5 0.782813 0.629861 0.432812 0.504167
5 0.316406 0.729861 0.015625 0.031944
5 0.611719 0.480556 0.004687 0.008333
5 0.556250 0.443750 0.004687 0.006944
5 0.551562 0.430556 0.003125 0.005556
5 0.569531 0.477778 0.004687 0.008333
5 0.778516 0.967361 0.032031 0.062500
5 0.648047 0.536806 0.008594 0.012500
5 0.436719 0.701389 0.109375 0.594444
5 0.578906 0.502083 0.004687 0.009722
5 0.677344 0.581944 0.010937 0.013889
5 0.062500 0.961806 0.017188 0.023611
5 0.610938 0.578472 0.009375 0.015278
5 0.638672 0.643056 0.011719 0.022222
5 0.441406 0.439583 0.004687 0.006944
5 0.435547 0.453472 0.003906 0.006944
5 0.383984 0.434028 0.136719 0.140278
5 0.721875 0.648611 0.015625 0.022222
5 0.599609 0.461111 0.003906 0.005556
5 0.385547 0.569444 0.007031 0.013889
5 0.358984 0.631250 0.010156 0.020833
5 0.562109 0.459028 0.003906 0.006944
5 0.023828 0.826389 0.047656 0.061111
5 0.932031 0.966667 0.045312 0.063889
5 0.591797 0.533333 0.007031 0.011111
5 0.627344 0.504861 0.006250 0.009722
5 0.789062 0.751389 0.025000 0.036111
5 0.569141 0.687500 0.111719 0.622222
5 0.684766 0.750694 0.019531 0.037500
5 0.405469 0.523611 0.004687 0.011111
5 0.235937 0.920139 0.031250 0.062500
