0 0.769531 0.868056 0.295312 0.186111
0 0.528906 0.608333 0.048438 0.050000
0 0.839063 0.330556 0.006250 0.011111
0 0.471094 0.650000 0.064062 0.077778
0 0.343750 0.648611 0.075000 0.080556
0 0.587500 0.559722 0.040625 0.047222
0 0.546875 0.983333 0.128125 0.027778
0 0.275781 0.747222 0.073438 0.077778
0 0.877344 0.354167 0.014063 0.019444
0 0.730469 0.959722 0.142187 0.075000
0 0.790625 0.355556 0.021875 0.027778
3 0.601562 0.666667 0.528125 0.650000
3 0.350000 0.723611 0.690625 0.536111
3 0.856250 0.606944 0.284375 0.591667
3 0.066406 0.688889 0.132812 0.044444
3 0.184375 0.852778 0.365625 0.283333
3 0.346094 0.558333 0.692187 0.300000
3 0.378906 0.702778 0.710938 0.577778
3 0.498437 0.590278 0.446875 0.297222
3 0.547656 0.609722 0.389062 0.325000
4 0.627344 0.686111 0.139063 0.166667
4 0.682031 0.562500 0.014063 0.013889
4 0.791406 0.766667 0.039062 0.027778
4 0.621094 0.625000 0.017188 0.022222
4 0.364844 0.688889 0.082812 0.072222
4 0.073438 0.768056 0.034375 0.013889
4 0.211719 0.733333 0.029687 0.016667
4 0.534375 0.712500 0.028125 0.030556
4 0.616406 0.505556 0.014063 0.011111
4 0.871875 0.740278 0.037500 0.025000
4 0.832812 0.752778 0.037500 0.027778
4 0.599219 0.870833 0.042188 0.019444
4 0.362500 0.761111 0.037500 0.027778
4 0.397656 0.765278 0.035937 0.030556
4 0.038281 0.787500 0.035937 0.013889
4 0.586719 0.795833 0.026562 0.030556
4 0.546094 0.787500 0.032813 0.030556
4 0.811719 0.758333 0.039062 0.027778
4 0.471094 0.775000 0.032813 0.027778
4 0.507812 0.780556 0.034375 0.033333
4 0.585156 0.900000 0.057813 0.022222
4 0.852344 0.747222 0.039062 0.027778
5 0.833594 0.516667 0.126562 0.361111
5 0.694531 0.451389 0.007812 0.008333
5 0.627344 0.686111 0.139063 0.166667
5 0.103906 0.747222 0.029687 0.011111
5 0.682031 0.562500 0.014063 0.013889
5 0.621094 0.625000 0.017188 0.022222
5 0.278906 0.693056 0.054688 0.030556
5 0.367969 0.830556 0.014063 0.011111
5 0.517969 0.970833 0.032813 0.019444
5 0.364844 0.688889 0.082812 0.072222
5 0.073438 0.768056 0.034375 0.013889
5 0.211719 0.733333 0.029687 0.016667
5 0.534375 0.711111 0.028125 0.027778
5 0.790625 0.766667 0.037500 0.027778
5 0.010156 0.808333 0.020313 0.011111
5 0.159375 0.687500 0.025000 0.019444
5 0.871875 0.740278 0.037500 0.025000
5 0.832812 0.752778 0.037500 0.027778
5 0.362500 0.761111 0.037500 0.027778
5 0.599219 0.870833 0.042188 0.019444
5 0.276562 0.695833 0.056250 0.030556
5 0.407813 0.650000 0.012500 0.011111
5 0.798438 0.598611 0.056250 0.191667
5 0.179688 0.729167 0.025000 0.013889
5 0.660156 0.475000 0.010937 0.011111
5 0.241406 0.736111 0.023438 0.016667
5 0.397656 0.765278 0.035937 0.030556
5 0.562500 0.543056 0.018750 0.013889
5 0.421875 0.779167 0.015625 0.013889
5 0.038281 0.787500 0.035937 0.013889
5 0.086719 0.918056 0.017188 0.008333
5 0.784375 0.456944 0.006250 0.008333
5 0.540625 0.933333 0.021875 0.016667
5 0.698438 0.504167 0.134375 0.119444
5 0.028906 0.923611 0.014063 0.008333
5 0.586719 0.795833 0.026562 0.030556
5 0.546094 0.787500 0.032813 0.030556
5 0.525000 0.540278 0.284375 0.180556
5 0.811719 0.758333 0.039062 0.027778
5 0.568750 0.941667 0.040625 0.022222
5 0.264844 0.876389 0.014063 0.008333
5 0.471094 0.775000 0.032813 0.027778
5 0.507812 0.780556 0.034375 0.033333
5 0.669531 0.504167 0.123438 0.113889
5 0.585156 0.900000 0.057813 0.022222
5 0.616406 0.505556 0.014063 0.011111
5 0.146875 0.906944 0.018750 0.008333
5 0.757812 0.484722 0.006250 0.008333
5 0.724219 0.518056 0.010937 0.013889
5 0.559375 0.938889 0.059375 0.027778
5 0.207031 0.893056 0.017188 0.008333
5 0.852344 0.747222 0.039062 0.027778
7 0.826562 0.754167 0.128125 0.052778
7 0.153125 0.686111 0.040625 0.044444
7 0.492188 0.765278 0.796875 0.091667
