0 0.464453 0.421528 0.017969 0.023611
0 0.494531 0.349306 0.007812 0.012500
0 0.481641 0.373611 0.010156 0.013889
0 0.577344 0.393750 0.014063 0.023611
0 0.450391 0.388889 0.013281 0.016667
0 0.334766 0.493056 0.027344 0.038889
0 0.470703 0.338194 0.013281 0.029167
0 0.526172 0.370139 0.010156 0.012500
0 0.482031 0.338889 0.007812 0.019444
0 0.560937 0.409722 0.014063 0.019444
0 0.420312 0.395139 0.015625 0.020833
0 0.469141 0.361806 0.008594 0.012500
0 0.618750 0.631250 0.050000 0.081944
0 0.945312 0.863194 0.107813 0.168056
0 0.629297 0.461111 0.024219 0.033333
0 0.426563 0.425000 0.017188 0.025000
0 0.242969 0.722222 0.087500 0.108333
0 0.384375 0.411111 0.046875 0.077778
0 0.377344 0.502778 0.032813 0.041667
0 0.590234 0.413889 0.016406 0.022222
0 0.419531 0.442361 0.018750 0.029167
0 0.246484 0.600000 0.053906 0.066667
0 0.475781 0.356250 0.007812 0.012500
0 0.608984 0.486806 0.028906 0.040278
0 0.533203 0.405556 0.016406 0.022222
0 0.476172 0.387500 0.013281 0.022222
0 0.450000 0.368056 0.010937 0.013889
0 0.441016 0.481944 0.025781 0.036111
0 0.533984 0.355556 0.007031 0.013889
0 0.552734 0.363194 0.008594 0.012500
0 0.544141 0.379861 0.011719 0.015278
0 0.334766 0.839583 0.094531 0.134722
3 0.777734 0.580556 0.442969 0.466667
3 0.758594 0.687500 0.471875 0.616667
3 0.222266 0.613194 0.444531 0.490278
3 0.238672 0.686111 0.477344 0.619444
4 0.737109 0.572917 0.355469 0.412500
4 0.450391 0.694444 0.136719 0.608333
4 0.647656 0.537500 0.007812 0.011111
4 0.569922 0.477778 0.003906 0.008333
4 0.385547 0.569444 0.007031 0.013889
4 0.277344 0.636806 0.015625 0.020833
4 0.677344 0.581250 0.010937 0.015278
4 0.077734 0.938889 0.049219 0.069444
4 0.405469 0.523611 0.004687 0.011111
4 0.931641 0.966667 0.046094 0.063889
4 0.316406 0.729861 0.015625 0.031944
4 0.610938 0.578472 0.009375 0.015278
4 0.684766 0.750694 0.019531 0.037500
4 0.350391 0.526389 0.008594 0.011111
4 0.358594 0.631250 0.010937 0.020833
4 0.778516 0.967361 0.032031 0.062500
4 0.319531 0.571528 0.009375 0.015278
4 0.183594 0.652778 0.367188 0.408333
4 0.789453 0.751389 0.024219 0.036111
4 0.504297 0.689583 0.241406 0.618056
4 0.578906 0.502083 0.004687 0.009722
4 0.591797 0.533333 0.007031 0.011111
4 0.235937 0.920833 0.031250 0.063889
4 0.721484 0.648611 0.016406 0.022222
5 0.737109 0.572222 0.355469 0.411111
5 0.450391 0.694444 0.136719 0.608333
5 0.183594 0.652778 0.367188 0.405556
5 0.556641 0.444444 0.003906 0.005556
5 0.569922 0.477778 0.003906 0.008333
5 0.778516 0.967361 0.032031 0.062500
5 0.277344 0.636806 0.014063 0.020833
5 0.677344 0.581250 0.010937 0.015278
5 0.077734 0.938889 0.049219 0.069444
5 0.405078 0.523611 0.005469 0.011111
5 0.931641 0.966667 0.046094 0.063889
5 0.316406 0.729861 0.015625 0.031944
5 0.610938 0.578472 0.009375 0.015278
5 0.684766 0.750694 0.019531 0.037500
5 0.385547 0.569444 0.007031 0.013889
5 0.350781 0.526389 0.007812 0.011111
5 0.358984 0.631250 0.010156 0.020833
5 0.721094 0.648611 0.015625 0.022222
5 0.647656 0.537500 0.007812 0.011111
5 0.319531 0.571528 0.009375 0.015278
5 0.562109 0.459028 0.003906 0.006944
5 0.417969 0.493056 0.004687 0.008333
5 0.789453 0.751389 0.024219 0.036111
5 0.504297 0.689583 0.241406 0.618056
5 0.578906 0.502083 0.004687 0.009722
5 0.591797 0.534028 0.007031 0.009722
5 0.627344 0.505556 0.006250 0.008333
5 0.589844 0.445833 0.004687 0.005556
5 0.235937 0.920833 0.031250 0.063889
