0 0.047656 0.250463 0.029687 0.021296
0 0.088281 0.235185 0.014063 0.011111
0 0.707812 0.509722 0.059375 0.060185
0 0.541927 0.296296 0.011979 0.018519
0 0.811719 0.771759 0.138021 0.102778
0 0.078125 0.338426 0.036458 0.019444
0 0.064844 0.237037 0.025521 0.027778
0 0.016146 0.747685 0.032292 0.069444
0 0.084115 0.418519 0.168229 0.125926
0 0.486198 0.314815 0.015104 0.022222
0 0.084375 0.322685 0.028125 0.017593
0 0.044271 0.374537 0.068750 0.039815
0 0.992188 0.294907 0.014583 0.021296
0 0.535677 0.333796 0.016146 0.034259
0 0.508333 0.337500 0.016667 0.023148
0 0.526823 0.222222 0.007812 0.012963
0 0.549479 0.285185 0.009375 0.020370
0 0.765625 0.487963 0.016667 0.033333
3 0.287500 0.691204 0.567708 0.606481
3 0.800000 0.436111 0.398958 0.214815
3 0.498437 0.610648 0.996875 0.769444
3 0.499740 0.780093 0.995313 0.430556
4 0.528125 0.425000 0.025000 0.083333
4 0.278646 0.481944 0.096875 0.091667
4 0.218490 0.497222 0.121354 0.103704
4 0.738802 0.631481 0.043229 0.011111
4 0.666146 0.529167 0.022917 0.012037
4 0.488021 0.430093 0.036458 0.084259
4 0.325260 0.472222 0.126562 0.100000
5 0.621354 0.474074 0.032292 0.014815
5 0.612760 0.462500 0.024479 0.012037
5 0.696094 0.555556 0.027604 0.012963
5 0.864844 0.828704 0.045312 0.014815
5 0.655990 0.478241 0.043229 0.047222
5 0.301563 0.475000 0.088542 0.094444
5 0.897656 0.750463 0.047396 0.010185
5 0.528385 0.424537 0.024479 0.082407
5 0.632031 0.485648 0.030729 0.010185
5 0.358333 0.969907 0.023958 0.050926
5 0.278125 0.482407 0.096875 0.090741
5 0.218229 0.497222 0.119792 0.103704
5 0.720833 0.546296 0.012500 0.011111
5 0.658333 0.513426 0.029167 0.017593
5 0.647917 0.506019 0.027083 0.012037
5 0.738802 0.631481 0.043229 0.011111
5 0.666146 0.529167 0.022917 0.012037
5 0.488021 0.430093 0.036458 0.084259
5 0.325260 0.472685 0.127604 0.100926
5 0.230469 0.981944 0.022396 0.034259
5 0.749219 0.651852 0.045312 0.011111
7 0.639323 0.495833 0.077604 0.080556
