0 0.589063 0.525000 0.025000 0.016667
0 0.742188 0.934722 0.134375 0.125000
0 0.598437 0.323611 0.034375 0.041667
0 0.477344 0.281944 0.004687 0.013889
0 0.710938 0.645833 0.068750 0.091667
0 0.495312 0.281944 0.006250 0.013889
0 0.653125 0.759722 0.081250 0.119444
0 0.452344 0.326389 0.010937 0.013889
0 0.543750 0.312500 0.009375 0.025000
0 0.287500 0.461111 0.062500 0.038889
0 0.461719 0.405556 0.023438 0.022222
0 0.487500 0.309722 0.006250 0.019444
0 0.144531 0.445833 0.070312 0.041667
0 0.532813 0.352778 0.015625 0.022222
0 0.928125 0.473611 0.075000 0.047222
0 0.588281 0.562500 0.045312 0.080556
0 0.503125 0.404167 0.025000 0.036111
0 0.452344 0.284722 0.004687 0.013889
0 0.503906 0.561111 0.039062 0.061111
0 0.553125 0.325000 0.018750 0.027778
0 0.667188 0.579167 0.053125 0.069444
3 0.758594 0.675000 0.454688 0.638889
3 0.540625 0.666667 0.181250 0.661111
3 0.228125 0.669444 0.431250 0.650000
3 0.537500 0.784722 0.159375 0.425000
4 0.800000 0.747222 0.034375 0.050000
4 0.958594 0.969444 0.045312 0.055556
4 0.128125 0.983333 0.015625 0.027778
4 0.289062 0.622222 0.006250 0.011111
4 0.432812 0.548611 0.012500 0.013889
4 0.328125 0.550000 0.009375 0.011111
4 0.375781 0.548611 0.007812 0.013889
4 0.228906 0.551389 0.014063 0.013889
4 0.633594 0.622222 0.010937 0.022222
4 0.599219 0.812500 0.101562 0.369444
4 0.702344 0.772222 0.014063 0.027778
4 0.231250 0.748611 0.021875 0.047222
5 0.230469 0.748611 0.020313 0.047222
5 0.800781 0.747222 0.032813 0.044444
5 0.959375 0.969444 0.043750 0.055556
5 0.128125 0.983333 0.015625 0.027778
5 0.289062 0.622222 0.006250 0.011111
5 0.328125 0.550000 0.009375 0.011111
5 0.375781 0.547222 0.007812 0.011111
5 0.632812 0.622222 0.009375 0.022222
5 0.599219 0.812500 0.101562 0.369444
5 0.702344 0.773611 0.014063 0.025000
