0 0.943750 0.175000 0.016667 0.022222
0 0.744792 0.351389 0.026042 0.047222
0 0.318490 0.571759 0.338021 0.110185
0 0.884635 0.164815 0.013021 0.020370
0 0.794271 0.210185 0.017708 0.016667
0 0.845313 0.217593 0.013542 0.031481
0 0.908073 0.170833 0.011979 0.019444
0 0.891667 0.275926 0.020833 0.031481
0 0.792969 0.230093 0.018229 0.026852
0 0.969271 0.544907 0.050000 0.078704
0 0.873958 0.217593 0.016667 0.025926
0 0.663802 0.529167 0.043229 0.065741
0 0.494010 0.519907 0.050521 0.050926
0 0.762240 0.321759 0.021354 0.039815
0 0.772917 0.158333 0.010417 0.014815
0 0.916667 0.309259 0.020833 0.027778
0 0.235677 0.577778 0.173437 0.098148
0 0.947656 0.523611 0.041146 0.073148
0 0.965885 0.233333 0.016146 0.020370
0 0.790625 0.358796 0.023958 0.041667
0 0.775260 0.185648 0.011979 0.017593
0 0.825000 0.192593 0.009375 0.024074
0 0.744010 0.321759 0.018229 0.030556
0 0.951042 0.594444 0.042708 0.057407
0 0.942448 0.212037 0.017188 0.024074
0 0.866927 0.159259 0.013021 0.020370
0 0.435937 0.521759 0.053125 0.043519
0 0.834375 0.202315 0.017708 0.025000
0 0.858333 0.230093 0.016667 0.026852
0 0.930469 0.168981 0.011979 0.019444
0 0.829948 0.174074 0.011979 0.016667
0 0.781510 0.146296 0.007812 0.011111
0 0.957552 0.184259 0.011979 0.018519
0 0.991406 0.477778 0.016146 0.042593
0 0.909635 0.191667 0.013021 0.016667
0 0.908333 0.120833 0.018750 0.067593
0 0.786198 0.312963 0.010937 0.048148
0 0.788542 0.182870 0.011458 0.015741
0 0.984896 0.250000 0.017708 0.027778
0 0.933854 0.375000 0.026042 0.042593
0 0.801823 0.317593 0.027604 0.059259
0 0.915104 0.334722 0.021875 0.036111
0 0.982292 0.131944 0.026042 0.023148
0 0.914323 0.160185 0.013021 0.018519
0 0.854167 0.267593 0.016667 0.042593
0 0.813802 0.178704 0.014063 0.016667
0 0.405208 0.568519 0.165625 0.103704
0 0.890365 0.231944 0.016146 0.023148
0 0.870833 0.245370 0.016667 0.029630
0 0.952604 0.197685 0.017708 0.025000
1 0.751563 0.560648 0.013542 0.054630
1 0.069271 0.612500 0.008333 0.049074
1 0.726823 0.556944 0.007812 0.036111
3 0.912240 0.218519 0.174479 0.148148
3 0.409375 0.415741 0.818750 0.544444
3 0.872135 0.404167 0.254688 0.523148
3 0.905469 0.479167 0.183854 0.439815
4 0.124740 0.039815 0.015104 0.009259
4 0.179427 0.036574 0.013021 0.036111
4 0.880469 0.399074 0.053646 0.012963
4 0.833333 0.040278 0.014583 0.008333
4 0.075000 0.646296 0.143750 0.038889
5 0.124740 0.039815 0.015104 0.009259
5 0.179427 0.036574 0.013021 0.036111
5 0.880469 0.399074 0.053646 0.012963
5 0.833333 0.040278 0.014583 0.008333
5 0.075000 0.646296 0.143750 0.038889
