0 0.846875 0.301389 0.059375 0.052778
0 0.172656 0.348611 0.039062 0.075000
0 0.420312 0.381944 0.062500 0.075000
0 0.538281 0.248611 0.042188 0.047222
0 0.628125 0.295833 0.046875 0.036111
0 0.714063 0.333333 0.081250 0.050000
0 0.758594 0.280556 0.060937 0.044444
0 0.258594 0.137500 0.014063 0.019444
0 0.096094 0.290278 0.020313 0.041667
0 0.295312 0.315278 0.040625 0.058333
0 0.449219 0.311111 0.064062 0.066667
0 0.810156 0.381944 0.054688 0.063889
0 0.427344 0.190278 0.039062 0.025000
0 0.662500 0.322222 0.037500 0.038889
0 0.763281 0.369444 0.054688 0.050000
0 0.214844 0.143056 0.014063 0.025000
0 0.148438 0.172222 0.012500 0.022222
0 0.869531 0.395833 0.048438 0.063889
0 0.185938 0.406944 0.053125 0.097222
0 0.304688 0.165278 0.018750 0.030556
0 0.271875 0.400000 0.056250 0.083333
0 0.365625 0.319444 0.046875 0.066667
0 0.185938 0.159722 0.012500 0.019444
0 0.645312 0.305556 0.056250 0.044444
0 0.614844 0.244444 0.039062 0.038889
0 0.338281 0.156944 0.039062 0.025000
0 0.155469 0.223611 0.020313 0.030556
0 0.166406 0.268056 0.026562 0.041667
0 0.907031 0.391667 0.014063 0.083333
0 0.278125 0.143056 0.025000 0.019444
0 0.891406 0.313889 0.042188 0.055556
0 0.727344 0.351389 0.060937 0.047222
0 0.569531 0.322222 0.067187 0.072222
0 0.337500 0.386111 0.059375 0.066667
0 0.477344 0.218056 0.051562 0.041667
0 0.578125 0.244444 0.040625 0.044444
0 0.712500 0.265278 0.031250 0.052778
0 0.656250 0.237500 0.025000 0.058333
3 0.214062 0.615278 0.143750 0.752778
3 0.401562 0.641667 0.406250 0.700000
3 0.610156 0.593056 0.601562 0.702778
3 0.283594 0.615278 0.223438 0.752778
3 0.573438 0.397222 0.675000 0.466667
3 0.534375 0.612500 0.753125 0.758333
3 0.700781 0.655556 0.410938 0.344444
3 0.513281 0.720833 0.529687 0.536111
4 0.347656 0.509722 0.010937 0.013889
4 0.192188 0.305556 0.006250 0.016667
4 0.205469 0.359722 0.007812 0.025000
4 0.235156 0.284722 0.007812 0.013889
4 0.259375 0.331944 0.009375 0.019444
4 0.323437 0.330556 0.181250 0.233333
4 0.218750 0.254167 0.006250 0.013889
4 0.221094 0.425000 0.010937 0.033333
5 0.192188 0.305556 0.006250 0.016667
5 0.235156 0.284722 0.007812 0.013889
5 0.205469 0.359722 0.007812 0.025000
5 0.259375 0.331944 0.009375 0.019444
5 0.322656 0.330556 0.179688 0.233333
5 0.218750 0.255556 0.006250 0.011111
5 0.221875 0.426389 0.009375 0.030556
