0 0.504687 0.574537 0.035417 0.058333
0 0.337240 0.342130 0.024479 0.052778
0 0.629948 0.234722 0.020313 0.036111
0 0.604167 0.439815 0.031250 0.044444
0 0.269792 0.426389 0.044792 0.054630
0 0.561979 0.317593 0.025000 0.035185
0 0.543750 0.355093 0.028125 0.043519
0 0.491406 0.284722 0.022396 0.039815
0 0.528125 0.288889 0.018750 0.029630
0 0.197656 0.459259 0.122396 0.088889
0 0.678125 0.260648 0.020833 0.023148
0 0.503125 0.183796 0.013542 0.019444
0 0.550781 0.374537 0.032813 0.060185
0 0.857812 0.812500 0.055208 0.086111
0 0.618750 0.400463 0.046875 0.054630
0 0.857552 0.435648 0.078646 0.112037
0 0.386458 0.344907 0.023958 0.043519
0 0.353646 0.255093 0.023958 0.037963
0 0.386979 0.301389 0.025000 0.032407
0 0.112760 0.524537 0.050521 0.060185
0 0.370312 0.163889 0.013542 0.024074
0 0.469792 0.487963 0.057292 0.109259
0 0.289323 0.407870 0.021354 0.032407
0 0.290885 0.448148 0.030729 0.051852
0 0.553906 0.414352 0.030729 0.054630
0 0.821615 0.645833 0.043229 0.056481
0 0.601042 0.370370 0.033333 0.053704
0 0.699479 0.270370 0.025000 0.033333
0 0.533073 0.339352 0.027604 0.041667
0 0.447135 0.454167 0.032813 0.065741
0 0.019792 0.555093 0.039583 0.062037
0 0.385937 0.307407 0.022917 0.037037
0 0.241146 0.438889 0.033333 0.037037
0 0.975000 0.625463 0.044792 0.050926
0 0.802083 0.325463 0.025000 0.026852
0 0.555729 0.630093 0.054167 0.065741
0 0.625000 0.588889 0.034375 0.081481
0 0.197135 0.486111 0.116146 0.094444
0 0.452604 0.232870 0.021875 0.037963
0 0.459896 0.239352 0.019792 0.037963
0 0.511198 0.270833 0.022396 0.047222
0 0.378385 0.365741 0.025521 0.042593
0 0.349219 0.282407 0.022396 0.037037
0 0.483333 0.523611 0.032292 0.052778
0 0.521354 0.177315 0.015625 0.025000
0 0.267448 0.458333 0.040104 0.055556
0 0.509375 0.303241 0.019792 0.039815
0 0.720573 0.518056 0.036979 0.060185
0 0.291406 0.393056 0.086979 0.091667
0 0.330469 0.376852 0.027604 0.048148
0 0.318750 0.435185 0.034375 0.050000
0 0.575260 0.344444 0.020313 0.035185
0 0.596354 0.363426 0.032292 0.052778
0 0.436458 0.305093 0.029167 0.065741
0 0.914062 0.756481 0.060417 0.107407
0 0.569792 0.189815 0.013542 0.020370
0 0.365365 0.236111 0.020313 0.051852
0 0.435417 0.220370 0.017708 0.033333
0 0.306771 0.401852 0.021875 0.035185
0 0.345313 0.318981 0.025000 0.037963
0 0.200521 0.469444 0.033333 0.033333
0 0.571615 0.381944 0.026562 0.058333
0 0.786458 0.393981 0.036458 0.049074
0 0.629427 0.479630 0.034896 0.050000
0 0.591146 0.422685 0.028125 0.037963
0 0.416667 0.174537 0.030208 0.060185
0 0.905990 0.380556 0.034896 0.033333
0 0.694531 0.573611 0.036979 0.050926
0 0.661979 0.618519 0.047917 0.090741
0 0.236719 0.479630 0.030729 0.044444
0 0.515365 0.319444 0.024479 0.033333
0 0.386198 0.214352 0.016146 0.026852
0 0.493750 0.591204 0.037500 0.060185
0 0.556250 0.564352 0.043750 0.060185
0 0.556510 0.453241 0.036979 0.063889
0 0.551562 0.309259 0.018750 0.037037
0 0.677083 0.809259 0.070833 0.111111
0 0.658854 0.532407 0.037500 0.079630
0 0.208333 0.490741 0.039583 0.048148
0 0.540104 0.304630 0.017708 0.037037
0 0.662500 0.455093 0.030208 0.039815
0 0.366146 0.392130 0.031250 0.049074
0 0.547656 0.181944 0.014063 0.023148
0 0.357812 0.608796 0.196875 0.167593
0 0.960156 0.540278 0.045312 0.054630
0 0.391146 0.260648 0.020833 0.028704
0 0.767448 0.578241 0.039062 0.056481
0 0.799219 0.728704 0.046354 0.066667
0 0.339583 0.422685 0.038542 0.047222
0 0.458594 0.199537 0.017188 0.025000
1 0.534635 0.587963 0.009896 0.029630
1 0.482812 0.630556 0.012500 0.044444
1 0.471615 0.628704 0.010937 0.042593
1 0.513802 0.641667 0.010937 0.050000
1 0.526042 0.621296 0.010417 0.051852
1 0.548438 0.648611 0.010417 0.049074
1 0.464844 0.564815 0.013021 0.042593
3 0.676823 0.584722 0.641146 0.819444
3 0.197917 0.372685 0.395833 0.504630
3 0.712240 0.429630 0.574479 0.607407
4 0.616406 0.619907 0.403646 0.752778
5 0.616146 0.629167 0.403125 0.734259
