0 0.639062 0.297222 0.040625 0.044444
0 0.861719 0.387500 0.048438 0.063889
0 0.437500 0.386111 0.081250 0.094444
0 0.753125 0.358333 0.056250 0.061111
0 0.290625 0.109722 0.084375 0.075000
0 0.475781 0.597222 0.126562 0.166667
0 0.464062 0.208333 0.056250 0.044444
0 0.707812 0.326389 0.062500 0.058333
0 0.330469 0.905556 0.314063 0.183333
0 0.807813 0.369444 0.040625 0.061111
3 0.582812 0.612500 0.656250 0.758333
3 0.275000 0.586111 0.378125 0.816667
3 0.499219 0.587500 0.823438 0.813889
4 0.214062 0.420833 0.009375 0.025000
4 0.499219 0.431944 0.039062 0.036111
4 0.289844 0.400000 0.014063 0.027778
4 0.325781 0.341667 0.182812 0.238889
5 0.214062 0.420833 0.009375 0.025000
5 0.289844 0.401389 0.014063 0.025000
5 0.500000 0.433333 0.037500 0.033333
5 0.325781 0.341667 0.182812 0.238889
