0 0.461328 0.424306 0.016406 0.023611
0 0.550000 0.359722 0.007812 0.011111
0 0.531250 0.394444 0.014063 0.019444
0 0.452734 0.365972 0.011719 0.020833
0 0.395313 0.485417 0.028125 0.034722
0 0.546875 0.384722 0.010937 0.016667
0 0.404297 0.631250 0.053906 0.073611
0 0.358203 0.468750 0.028906 0.037500
0 0.601172 0.426389 0.016406 0.022222
0 0.474609 0.387500 0.013281 0.016667
0 0.471094 0.400694 0.015625 0.018056
0 0.323047 0.599306 0.053906 0.065278
0 0.452734 0.452083 0.021094 0.029167
0 0.095703 0.781944 0.116406 0.119444
0 0.487891 0.364583 0.010156 0.018056
0 0.433594 0.411806 0.017188 0.020833
0 0.476562 0.345139 0.014063 0.023611
0 0.448437 0.390278 0.014063 0.019444
0 0.642578 0.477778 0.027344 0.036111
0 0.429297 0.389583 0.011719 0.015278
0 0.456641 0.380556 0.010156 0.016667
0 0.376172 0.447222 0.021094 0.027778
0 0.324219 0.511111 0.090625 0.094444
0 0.086719 0.980556 0.118750 0.036111
0 0.566797 0.381944 0.010156 0.013889
0 0.442188 0.374306 0.010937 0.015278
0 0.435937 0.502778 0.031250 0.052778
0 0.558984 0.406944 0.014844 0.022222
0 0.481250 0.370139 0.010937 0.018056
0 0.462500 0.376389 0.009375 0.016667
3 0.777344 0.619444 0.443750 0.527778
3 0.758984 0.672917 0.475781 0.643056
3 0.211719 0.625694 0.423438 0.462500
3 0.237891 0.698611 0.475781 0.591667
4 0.779687 0.624306 0.439063 0.515278
4 0.677344 0.581250 0.010937 0.015278
4 0.385547 0.569444 0.007031 0.013889
4 0.276953 0.636806 0.014844 0.020833
4 0.209375 0.736806 0.023438 0.034722
4 0.450391 0.693750 0.136719 0.609722
4 0.578906 0.502083 0.004687 0.009722
4 0.316406 0.729861 0.015625 0.031944
4 0.638672 0.643056 0.011719 0.022222
4 0.358984 0.630556 0.010156 0.019444
4 0.350391 0.527083 0.008594 0.012500
4 0.210156 0.626389 0.420312 0.461111
4 0.778516 0.967361 0.032031 0.062500
4 0.721875 0.648611 0.015625 0.022222
4 0.648047 0.537500 0.008594 0.011111
4 0.077734 0.939583 0.049219 0.070833
4 0.931641 0.966667 0.046094 0.063889
4 0.591797 0.533333 0.007031 0.011111
4 0.627734 0.504861 0.007031 0.009722
4 0.610938 0.577778 0.009375 0.016667
4 0.789453 0.751389 0.024219 0.036111
4 0.504297 0.678472 0.241406 0.640278
4 0.684766 0.750694 0.019531 0.037500
4 0.236328 0.920833 0.032031 0.063889
5 0.789453 0.637500 0.419531 0.488889
5 0.599609 0.460417 0.003906 0.006944
5 0.677344 0.581250 0.010937 0.015278
5 0.557422 0.444444 0.003906 0.005556
5 0.398438 0.454861 0.004687 0.006944
5 0.569922 0.477778 0.003906 0.008333
5 0.778516 0.967361 0.032031 0.062500
5 0.385547 0.569444 0.007031 0.013889
5 0.276953 0.636806 0.014844 0.020833
5 0.209375 0.736806 0.023438 0.034722
5 0.408984 0.440278 0.003906 0.005556
5 0.450391 0.693750 0.136719 0.609722
5 0.578906 0.502083 0.004687 0.009722
5 0.405469 0.522917 0.004687 0.009722
5 0.077734 0.939583 0.049219 0.070833
5 0.371094 0.495833 0.006250 0.008333
5 0.316406 0.729861 0.015625 0.031944
5 0.638672 0.643056 0.011719 0.022222
5 0.417969 0.493056 0.006250 0.011111
5 0.358984 0.630556 0.010156 0.019444
5 0.350000 0.526389 0.007812 0.011111
5 0.210156 0.625000 0.420312 0.461111
5 0.721484 0.648611 0.014844 0.022222
5 0.648047 0.537500 0.008594 0.011111
5 0.627344 0.504861 0.006250 0.009722
5 0.562109 0.459028 0.003906 0.006944
5 0.931641 0.966667 0.046094 0.063889
5 0.591797 0.533333 0.007031 0.011111
5 0.610938 0.578472 0.009375 0.015278
5 0.789453 0.751389 0.024219 0.036111
5 0.504297 0.682639 0.241406 0.631944
5 0.589844 0.445833 0.003125 0.005556
5 0.684766 0.750694 0.019531 0.037500
5 0.611328 0.479861 0.005469 0.006944
5 0.236328 0.920833 0.032031 0.063889
