0 0.454688 0.436111 0.020313 0.030556
0 0.418359 0.438194 0.022656 0.034722
0 0.553516 0.363889 0.008594 0.016667
0 0.480469 0.375000 0.012500 0.016667
0 0.485938 0.365972 0.010937 0.018056
0 0.742188 0.604861 0.056250 0.079167
0 0.578906 0.399306 0.014063 0.018056
0 0.596094 0.420139 0.017188 0.023611
0 0.394141 0.643056 0.053906 0.072222
0 0.559766 0.375694 0.010156 0.015278
0 0.454688 0.364583 0.009375 0.012500
0 0.463672 0.406944 0.016406 0.022222
0 0.469141 0.368056 0.010156 0.016667
0 0.416016 0.400694 0.011719 0.018056
0 0.643359 0.485417 0.028906 0.040278
0 0.537500 0.434722 0.018750 0.025000
0 0.089453 0.822222 0.178906 0.352778
0 0.436719 0.364583 0.023438 0.043056
0 0.379297 0.506250 0.033594 0.051389
0 0.396484 0.481250 0.025781 0.037500
0 0.543359 0.379861 0.011719 0.015278
0 0.455859 0.385417 0.011719 0.015278
0 0.226562 0.544444 0.167187 0.247222
0 0.470703 0.392361 0.011719 0.018056
0 0.448437 0.470833 0.023438 0.033333
0 0.568750 0.499306 0.031250 0.045833
0 0.533984 0.350000 0.010156 0.016667
0 0.496484 0.351389 0.008594 0.013889
0 0.556250 0.406250 0.014063 0.020833
0 0.549219 0.357639 0.009375 0.012500
0 0.437109 0.404167 0.016406 0.025000
0 0.474609 0.357639 0.008594 0.018056
0 0.287891 0.649306 0.122656 0.184722
3 0.776172 0.614583 0.446094 0.537500
3 0.767578 0.693750 0.463281 0.601389
3 0.319922 0.743056 0.282031 0.508333
3 0.644531 0.677083 0.257812 0.637500
3 0.264062 0.556250 0.321875 0.326389
3 0.300391 0.695139 0.361719 0.601389
3 0.290625 0.556250 0.373437 0.404167
4 0.803516 0.655556 0.391406 0.452778
4 0.647656 0.537500 0.007812 0.011111
4 0.209375 0.736806 0.023438 0.034722
4 0.438281 0.695139 0.112500 0.606944
4 0.316406 0.729861 0.015625 0.031944
4 0.638672 0.643056 0.011719 0.022222
4 0.236328 0.920833 0.032031 0.063889
4 0.778516 0.967361 0.032031 0.062500
4 0.405469 0.523611 0.004687 0.011111
4 0.721484 0.648611 0.016406 0.022222
4 0.931641 0.966667 0.046094 0.063889
4 0.591797 0.533333 0.007031 0.011111
4 0.677344 0.581944 0.010937 0.013889
4 0.789453 0.751389 0.024219 0.036111
4 0.358984 0.631250 0.010156 0.018056
4 0.569531 0.680556 0.110937 0.636111
4 0.610938 0.578472 0.009375 0.015278
4 0.684766 0.750694 0.019531 0.037500
4 0.385547 0.569444 0.007031 0.013889
5 0.803906 0.656250 0.390625 0.451389
5 0.721484 0.648611 0.016406 0.022222
5 0.778516 0.967361 0.032031 0.062500
5 0.647656 0.537500 0.007812 0.011111
5 0.137500 0.700000 0.057813 0.061111
5 0.405469 0.523611 0.004687 0.011111
5 0.209375 0.736806 0.023438 0.034722
5 0.438281 0.694444 0.112500 0.608333
5 0.316406 0.729861 0.015625 0.031944
5 0.638672 0.643056 0.011719 0.022222
5 0.235937 0.920833 0.031250 0.063889
5 0.556250 0.443056 0.004687 0.008333
5 0.367969 0.450694 0.115625 0.123611
5 0.350391 0.526389 0.007031 0.011111
5 0.589453 0.445139 0.003906 0.006944
5 0.417969 0.493750 0.004687 0.009722
5 0.430469 0.464583 0.010937 0.020833
5 0.931641 0.966667 0.046094 0.063889
5 0.591797 0.533333 0.007031 0.011111
5 0.677344 0.581250 0.010937 0.015278
5 0.611328 0.479861 0.005469 0.006944
5 0.789453 0.751389 0.024219 0.036111
5 0.504297 0.687500 0.241406 0.622222
5 0.358984 0.631250 0.010156 0.018056
5 0.562891 0.459722 0.003906 0.005556
5 0.610938 0.578472 0.009375 0.015278
5 0.684766 0.750694 0.019531 0.037500
5 0.600000 0.460417 0.004687 0.006944
5 0.627344 0.504167 0.006250 0.008333
5 0.385547 0.569444 0.007031 0.013889
