0 0.936719 0.004167 0.022396 0.008333
0 0.698438 0.160648 0.035417 0.071296
0 0.889844 0.473148 0.071354 0.127778
0 0.467969 0.420370 0.050521 0.038889
0 0.630469 0.015278 0.021354 0.025000
0 0.877865 0.463889 0.095312 0.155556
0 0.921354 0.358333 0.041667 0.064815
0 0.405990 0.416204 0.056771 0.049074
0 0.581250 0.497685 0.227083 0.167593
0 0.861198 0.532407 0.057813 0.085185
0 0.836979 0.231019 0.033333 0.045370
0 0.736719 0.157870 0.036979 0.065741
0 0.352083 0.402778 0.054167 0.055556
0 0.306250 0.376389 0.052083 0.065741
0 0.962500 0.075926 0.028125 0.037037
0 0.856771 0.437963 0.053125 0.105556
0 0.537240 0.297222 0.046354 0.064815
0 0.757292 0.007870 0.026042 0.015741
0 0.479167 0.492130 0.430208 0.178704
0 0.734115 0.118519 0.031771 0.033333
0 0.803125 0.108796 0.026042 0.034259
0 0.756250 0.032870 0.026042 0.060185
0 0.368750 0.466204 0.209375 0.130556
3 0.905990 0.088426 0.186979 0.176852
3 0.340104 0.277778 0.677083 0.546296
3 0.832552 0.397222 0.333854 0.790741
3 0.834635 0.511111 0.329688 0.877778
3 0.307552 0.271759 0.615104 0.534259
4 0.618229 0.143056 0.066667 0.250926
4 0.344792 0.287500 0.681250 0.504630
4 0.575000 0.142593 0.083333 0.246296
4 0.555469 0.224537 0.258854 0.350926
4 0.765365 0.259259 0.072396 0.012963
5 0.618750 0.142593 0.064583 0.250000
5 0.723698 0.684722 0.010937 0.628704
5 0.179948 0.036111 0.013021 0.037037
5 0.574479 0.142593 0.082292 0.246296
5 0.555990 0.223611 0.257812 0.350926
5 0.765104 0.258796 0.070833 0.013889
