0 0.523828 0.370139 0.011719 0.018056
0 0.766016 0.764583 0.092969 0.143056
0 0.576953 0.379167 0.025781 0.052778
0 0.667578 0.470139 0.083594 0.134722
0 0.447266 0.368750 0.010156 0.015278
0 0.404297 0.630556 0.053906 0.075000
0 0.544531 0.379167 0.012500 0.016667
0 0.310156 0.522917 0.037500 0.045833
0 0.444141 0.455556 0.024219 0.041667
0 0.472266 0.393750 0.013281 0.018056
0 0.430859 0.383333 0.011719 0.016667
0 0.448047 0.390972 0.011719 0.018056
0 0.542969 0.435417 0.018750 0.029167
0 0.178516 0.673611 0.077344 0.086111
0 0.470703 0.363194 0.010156 0.015278
0 0.483984 0.365278 0.013281 0.025000
0 0.379297 0.509028 0.032031 0.043056
0 0.558594 0.402083 0.015625 0.020833
0 0.456641 0.379167 0.010156 0.016667
0 0.462500 0.430556 0.017188 0.025000
0 0.405469 0.417361 0.018750 0.023611
0 0.453516 0.361806 0.008594 0.012500
0 0.528516 0.397917 0.014844 0.020833
0 0.562500 0.514583 0.029687 0.048611
0 0.605078 0.489583 0.027344 0.043056
0 0.595703 0.413194 0.016406 0.031944
0 0.556250 0.361806 0.017188 0.043056
0 0.437891 0.407639 0.014844 0.020833
0 0.288281 0.670833 0.067187 0.086111
0 0.469141 0.350694 0.008594 0.012500
3 0.788281 0.648611 0.421875 0.472222
3 0.214453 0.623611 0.428906 0.463889
3 0.761328 0.703472 0.475781 0.584722
3 0.649609 0.703472 0.255469 0.584722
3 0.228125 0.694444 0.456250 0.602778
4 0.358594 0.631250 0.009375 0.020833
4 0.350391 0.526389 0.007031 0.011111
4 0.647656 0.537500 0.007812 0.011111
4 0.850781 0.710417 0.296875 0.343056
4 0.405078 0.522917 0.005469 0.009722
4 0.209375 0.736806 0.023438 0.034722
4 0.438281 0.694444 0.112500 0.608333
4 0.805469 0.658333 0.387500 0.447222
4 0.077734 0.939583 0.049219 0.070833
4 0.316406 0.731250 0.015625 0.031944
4 0.684766 0.750694 0.019531 0.037500
4 0.385547 0.569444 0.007031 0.013889
4 0.208984 0.626389 0.417969 0.461111
4 0.778516 0.967361 0.032031 0.062500
4 0.319922 0.572222 0.010156 0.013889
4 0.931641 0.966667 0.046094 0.063889
4 0.591797 0.533333 0.007031 0.011111
4 0.677344 0.582639 0.010937 0.015278
4 0.610938 0.578472 0.009375 0.015278
4 0.504297 0.713889 0.241406 0.569444
4 0.638281 0.643750 0.012500 0.023611
4 0.236328 0.920833 0.032031 0.063889
4 0.721094 0.648611 0.015625 0.022222
5 0.805859 0.658333 0.386719 0.447222
5 0.350391 0.526389 0.007031 0.011111
5 0.434766 0.709722 0.105469 0.577778
5 0.562109 0.459028 0.003906 0.006944
5 0.647656 0.537500 0.007812 0.011111
5 0.778516 0.967361 0.032031 0.062500
5 0.850781 0.710417 0.296875 0.343056
5 0.405078 0.522917 0.005469 0.009722
5 0.209766 0.736806 0.022656 0.034722
5 0.569922 0.477778 0.003906 0.008333
5 0.077734 0.939583 0.049219 0.070833
5 0.931641 0.966667 0.046094 0.063889
5 0.316406 0.730556 0.015625 0.030556
5 0.721094 0.648611 0.015625 0.022222
5 0.385937 0.473611 0.004687 0.008333
5 0.385547 0.569444 0.007031 0.013889
5 0.358594 0.631250 0.009375 0.020833
5 0.417578 0.493750 0.005469 0.009722
5 0.590234 0.445833 0.003906 0.005556
5 0.319922 0.572222 0.010156 0.013889
5 0.591797 0.533333 0.007031 0.011111
5 0.677344 0.582639 0.010937 0.015278
5 0.627344 0.505556 0.006250 0.008333
5 0.610938 0.578472 0.009375 0.015278
5 0.684766 0.750694 0.019531 0.037500
5 0.638281 0.643056 0.012500 0.022222
5 0.398438 0.455556 0.004687 0.008333
5 0.571875 0.717361 0.106250 0.562500
5 0.236328 0.920833 0.032031 0.063889
