0 0.274219 0.944444 0.137500 0.108333
0 0.445312 0.479167 0.026562 0.044444
0 0.488672 0.361111 0.011719 0.016667
0 0.470703 0.362500 0.010156 0.013889
0 0.582031 0.443056 0.020313 0.030556
0 0.435547 0.417361 0.005469 0.029167
0 0.451953 0.364583 0.010156 0.012500
0 0.467969 0.393750 0.014063 0.018056
0 0.549219 0.344444 0.010937 0.025000
0 0.523047 0.366667 0.008594 0.013889
0 0.442188 0.376389 0.010937 0.013889
0 0.435547 0.417361 0.005469 0.029167
0 0.937500 0.850000 0.123438 0.163889
0 0.465234 0.418750 0.017969 0.020833
0 0.416406 0.574306 0.042188 0.068056
0 0.124609 0.813889 0.249219 0.369444
0 0.444531 0.395139 0.014063 0.020833
0 0.476172 0.337500 0.010156 0.019444
0 0.363281 0.529861 0.037500 0.048611
0 0.537500 0.409028 0.015625 0.023611
0 0.522656 0.343750 0.009375 0.015278
0 0.365234 0.456944 0.027344 0.033333
0 0.281250 0.547917 0.045312 0.056944
0 0.537109 0.354167 0.008594 0.013889
0 0.457422 0.356250 0.011719 0.018056
0 0.357812 0.788194 0.076563 0.123611
0 0.477734 0.353472 0.008594 0.015278
0 0.312891 0.620833 0.057031 0.075000
0 0.576562 0.395139 0.014063 0.018056
0 0.559375 0.402778 0.014063 0.019444
0 0.417969 0.420833 0.062500 0.102778
3 0.760547 0.679167 0.471094 0.630556
3 0.776172 0.679861 0.446094 0.629167
3 0.314453 0.684722 0.346094 0.627778
3 0.730078 0.686806 0.416406 0.620833
4 0.730859 0.564583 0.347656 0.404167
4 0.611328 0.480556 0.005469 0.008333
4 0.677344 0.581250 0.010937 0.015278
4 0.931641 0.966667 0.046094 0.063889
4 0.385547 0.569444 0.007031 0.013889
4 0.647656 0.537500 0.007812 0.011111
4 0.502344 0.699306 0.240625 0.598611
4 0.578906 0.502083 0.004687 0.009722
4 0.370703 0.495139 0.005469 0.009722
4 0.276953 0.637500 0.013281 0.019444
4 0.358984 0.630556 0.010156 0.019444
4 0.610938 0.578472 0.009375 0.015278
4 0.638672 0.643056 0.011719 0.022222
4 0.418359 0.493750 0.005469 0.009722
4 0.293359 0.529861 0.186719 0.198611
4 0.778516 0.967361 0.032031 0.062500
4 0.569922 0.477778 0.003906 0.008333
4 0.319922 0.570833 0.008594 0.013889
4 0.592187 0.533333 0.006250 0.011111
4 0.627734 0.504861 0.007031 0.009722
4 0.789453 0.751389 0.024219 0.036111
4 0.504297 0.689583 0.241406 0.618056
4 0.684766 0.750694 0.019531 0.037500
4 0.316406 0.729861 0.015625 0.031944
4 0.405078 0.523611 0.005469 0.011111
4 0.721484 0.648611 0.016406 0.022222
5 0.730859 0.564583 0.347656 0.404167
5 0.611328 0.480556 0.005469 0.008333
5 0.293359 0.529861 0.186719 0.198611
5 0.556641 0.443750 0.003906 0.006944
5 0.451953 0.702083 0.139844 0.593056
5 0.677344 0.581250 0.010937 0.015278
5 0.578906 0.502083 0.004687 0.009722
5 0.370703 0.495139 0.005469 0.009722
5 0.385547 0.569444 0.007031 0.013889
5 0.931641 0.966667 0.046094 0.063889
5 0.358984 0.630556 0.010156 0.019444
5 0.610938 0.578472 0.009375 0.015278
5 0.386328 0.473611 0.007031 0.008333
5 0.638672 0.643056 0.011719 0.022222
5 0.276953 0.637500 0.013281 0.019444
5 0.418359 0.493750 0.005469 0.009722
5 0.569922 0.477778 0.003906 0.008333
5 0.778516 0.967361 0.032031 0.062500
5 0.599609 0.461111 0.003906 0.005556
5 0.319922 0.570833 0.008594 0.013889
5 0.591797 0.533333 0.005469 0.011111
5 0.627344 0.504861 0.006250 0.009722
5 0.789453 0.751389 0.024219 0.036111
5 0.562109 0.459028 0.003906 0.006944
5 0.504297 0.689583 0.241406 0.618056
5 0.684766 0.750694 0.019531 0.037500
5 0.316406 0.730556 0.015625 0.030556
5 0.647656 0.537500 0.007812 0.011111
5 0.405078 0.523611 0.005469 0.011111
5 0.721094 0.648611 0.015625 0.022222
