0 0.424219 0.393750 0.015625 0.018056
0 0.547266 0.352778 0.007031 0.011111
0 0.454688 0.373611 0.023438 0.038889
0 0.492578 0.354167 0.008594 0.013889
0 0.409375 0.457639 0.023438 0.031944
0 0.425391 0.387500 0.016406 0.030556
0 0.395703 0.647222 0.055469 0.077778
0 0.438672 0.377083 0.011719 0.015278
0 0.462500 0.413194 0.015625 0.020833
0 0.051172 0.877083 0.102344 0.193056
0 0.628125 0.519444 0.032813 0.047222
0 0.732812 0.586806 0.054688 0.076389
0 0.271875 0.695833 0.075000 0.094444
0 0.470703 0.357639 0.010156 0.015278
0 0.432812 0.411111 0.015625 0.022222
0 0.473438 0.386111 0.014063 0.022222
0 0.606250 0.429167 0.018750 0.025000
0 0.558594 0.397222 0.014063 0.022222
0 0.380859 0.498611 0.030469 0.041667
0 0.408594 0.408333 0.015625 0.022222
0 0.365234 0.459722 0.022656 0.030556
0 0.532031 0.393750 0.014063 0.020833
0 0.440625 0.477778 0.029687 0.041667
0 0.525781 0.375000 0.010937 0.016667
0 0.539844 0.383333 0.010937 0.016667
0 0.476953 0.350000 0.011719 0.016667
0 0.629297 0.463194 0.022656 0.031944
3 0.775391 0.613889 0.447656 0.536111
3 0.761719 0.673611 0.475000 0.644444
3 0.646484 0.672917 0.252344 0.648611
3 0.238281 0.695833 0.476562 0.597222
4 0.777734 0.621528 0.442969 0.518056
4 0.405469 0.523611 0.004687 0.011111
4 0.385547 0.569444 0.007031 0.013889
4 0.209375 0.736806 0.023438 0.034722
4 0.438281 0.693750 0.112500 0.609722
4 0.578906 0.502083 0.004687 0.009722
4 0.677344 0.581944 0.010937 0.013889
4 0.078125 0.939583 0.050000 0.070833
4 0.316406 0.729861 0.015625 0.031944
4 0.638672 0.644444 0.011719 0.022222
4 0.350391 0.526389 0.008594 0.011111
4 0.231250 0.597917 0.337500 0.365278
4 0.358984 0.630556 0.010156 0.019444
4 0.778516 0.967361 0.032031 0.062500
4 0.319531 0.572222 0.009375 0.013889
4 0.721094 0.648611 0.015625 0.022222
4 0.277344 0.636111 0.014063 0.019444
4 0.931641 0.966667 0.046094 0.063889
4 0.591797 0.534028 0.007031 0.009722
4 0.789453 0.751389 0.024219 0.036111
4 0.570312 0.703472 0.109375 0.590278
4 0.610938 0.578472 0.009375 0.015278
4 0.684766 0.750694 0.019531 0.037500
4 0.236328 0.920833 0.032031 0.063889
5 0.777344 0.621528 0.443750 0.518056
5 0.438281 0.693750 0.112500 0.609722
5 0.230859 0.597917 0.336719 0.365278
5 0.556641 0.443750 0.003906 0.006944
5 0.611328 0.479861 0.005469 0.006944
5 0.778516 0.967361 0.032031 0.062500
5 0.405469 0.523611 0.004687 0.011111
5 0.599219 0.461806 0.004687 0.006944
5 0.209375 0.736806 0.023438 0.034722
5 0.578906 0.502083 0.004687 0.009722
5 0.677344 0.581944 0.010937 0.013889
5 0.077734 0.939583 0.049219 0.070833
5 0.417969 0.493056 0.004687 0.008333
5 0.316406 0.730556 0.015625 0.030556
5 0.638672 0.644444 0.011719 0.022222
5 0.569922 0.477778 0.003906 0.008333
5 0.385547 0.569444 0.007031 0.013889
5 0.350391 0.526389 0.008594 0.011111
5 0.358984 0.630556 0.010156 0.019444
5 0.721094 0.648611 0.015625 0.022222
5 0.319531 0.572222 0.009375 0.013889
5 0.277344 0.636111 0.014063 0.019444
5 0.931641 0.966667 0.046094 0.063889
5 0.591797 0.534028 0.007031 0.009722
5 0.789453 0.751389 0.024219 0.036111
5 0.569922 0.692361 0.110156 0.612500
5 0.684766 0.750694 0.019531 0.037500
5 0.562109 0.459722 0.003906 0.005556
5 0.610938 0.578472 0.009375 0.015278
5 0.589453 0.445833 0.003906 0.005556
5 0.648047 0.537500 0.007031 0.011111
5 0.236328 0.920833 0.032031 0.063889
