0 0.494010 0.470833 0.025521 0.028704
0 0.097917 0.322685 0.034375 0.017593
0 0.564844 0.339815 0.014063 0.024074
0 0.446094 0.356944 0.015104 0.013889
0 0.536458 0.404167 0.020833 0.025000
0 0.102083 0.986574 0.107292 0.025000
0 0.152083 0.659722 0.073958 0.076852
0 0.578646 0.356019 0.040625 0.063889
0 0.473958 0.343056 0.017708 0.019444
0 0.673958 0.182870 0.011458 0.015741
0 0.574479 0.400926 0.019792 0.031481
0 0.610938 0.374074 0.017708 0.022222
3 0.692448 0.590278 0.432812 0.812037
3 0.276823 0.558796 0.553646 0.726852
3 0.353646 0.597222 0.636458 0.796296
4 0.850260 0.392593 0.005729 0.014815
4 0.778385 0.777778 0.124479 0.442593
4 0.360156 0.798611 0.029687 0.043519
4 0.802865 0.643981 0.173437 0.710185
4 0.716406 0.761574 0.017188 0.041667
4 0.214323 0.510185 0.019271 0.016667
4 0.792969 0.556944 0.010937 0.026852
4 0.336979 0.745833 0.026042 0.034259
4 0.057292 0.666204 0.114583 0.089815
4 0.835938 0.436111 0.006250 0.012963
4 0.636719 0.773148 0.218229 0.451852
4 0.477344 0.649074 0.333854 0.700000
4 0.761458 0.643519 0.012500 0.031481
4 0.219531 0.898611 0.054688 0.069444
4 0.650260 0.930556 0.025521 0.064815
4 0.238281 0.973611 0.036979 0.050926
4 0.817969 0.487500 0.008854 0.019444
5 0.850260 0.392593 0.005729 0.014815
5 0.336719 0.745833 0.025521 0.034259
5 0.014583 0.660648 0.021875 0.015741
5 0.360156 0.799074 0.029687 0.042593
5 0.778385 0.777778 0.124479 0.442593
5 0.257552 0.502315 0.020313 0.019444
5 0.716146 0.761574 0.016667 0.041667
5 0.270052 0.464815 0.010937 0.012963
5 0.214323 0.509722 0.018229 0.015741
5 0.537500 0.521296 0.010417 0.016667
5 0.792708 0.556944 0.010417 0.026852
5 0.057031 0.666204 0.114062 0.089815
5 0.854167 0.357407 0.005208 0.016667
5 0.835938 0.436111 0.006250 0.012963
5 0.636719 0.773611 0.218229 0.450926
5 0.180469 0.037500 0.010937 0.032407
5 0.477344 0.649537 0.333854 0.699074
5 0.761198 0.643519 0.011979 0.031481
5 0.219792 0.898611 0.054167 0.069444
5 0.650260 0.930556 0.025521 0.064815
5 0.238281 0.974074 0.035937 0.050000
5 0.817969 0.487037 0.007812 0.020370
