0 0.451562 0.452778 0.021875 0.030556
0 0.412500 0.572917 0.039062 0.059722
0 0.523438 0.346528 0.007812 0.009722
0 0.467187 0.408333 0.015625 0.022222
0 0.423438 0.431944 0.018750 0.027778
0 0.371484 0.456944 0.025781 0.030556
0 0.671094 0.519444 0.110937 0.225000
0 0.414844 0.401389 0.015625 0.022222
0 0.436719 0.413889 0.015625 0.022222
0 0.533594 0.350694 0.007812 0.009722
0 0.405078 0.463889 0.025781 0.033333
0 0.444531 0.479861 0.025000 0.037500
0 0.172656 0.685417 0.085938 0.084722
0 0.472656 0.390278 0.012500 0.019444
0 0.398438 0.422917 0.018750 0.023611
0 0.482422 0.373611 0.010156 0.019444
0 0.480078 0.379167 0.010156 0.016667
0 0.545312 0.380556 0.010937 0.016667
0 0.030469 0.902778 0.060937 0.138889
0 0.578125 0.391667 0.012500 0.019444
0 0.456250 0.365278 0.020313 0.047222
0 0.554297 0.491667 0.027344 0.044444
0 0.457813 0.424306 0.018750 0.031944
0 0.428125 0.388889 0.012500 0.016667
0 0.565234 0.406250 0.014844 0.020833
0 0.343359 0.561111 0.046094 0.055556
0 0.556641 0.369444 0.008594 0.013889
0 0.550000 0.359028 0.007812 0.012500
0 0.476953 0.354861 0.008594 0.015278
0 0.353906 0.803472 0.082812 0.131944
3 0.787891 0.629167 0.422656 0.502778
3 0.758984 0.683333 0.480469 0.625000
3 0.221094 0.602083 0.442188 0.451389
3 0.240625 0.694444 0.473438 0.602778
3 0.644922 0.673611 0.258594 0.644444
4 0.864062 0.724306 0.270313 0.315278
4 0.209766 0.736806 0.024219 0.034722
4 0.438281 0.694444 0.112500 0.608333
4 0.350781 0.526389 0.007812 0.011111
4 0.078125 0.938889 0.048438 0.069444
4 0.385547 0.569444 0.007031 0.013889
4 0.316406 0.729861 0.015625 0.031944
4 0.684766 0.750694 0.019531 0.037500
4 0.358984 0.631250 0.010156 0.020833
4 0.229297 0.603472 0.430469 0.462500
4 0.778516 0.967361 0.032031 0.062500
4 0.405078 0.524306 0.005469 0.012500
4 0.792578 0.643056 0.413281 0.477778
4 0.721875 0.649306 0.015625 0.020833
4 0.638281 0.643056 0.012500 0.022222
4 0.276953 0.636806 0.014844 0.020833
4 0.931641 0.966667 0.046094 0.063889
4 0.591797 0.534028 0.007031 0.009722
4 0.603516 0.559028 0.024219 0.054167
4 0.789062 0.751389 0.025000 0.036111
4 0.568750 0.684028 0.112500 0.629167
4 0.236328 0.920833 0.032031 0.063889
5 0.318359 0.572222 0.007031 0.011111
5 0.438281 0.694444 0.112500 0.608333
5 0.863672 0.724306 0.271094 0.315278
5 0.599219 0.460417 0.004687 0.006944
5 0.209766 0.736806 0.024219 0.034722
5 0.562500 0.459028 0.004687 0.006944
5 0.350391 0.526389 0.007031 0.011111
5 0.385547 0.569444 0.007031 0.013889
5 0.316406 0.730556 0.015625 0.030556
5 0.078125 0.938889 0.048438 0.069444
5 0.371094 0.495833 0.006250 0.008333
5 0.417969 0.494444 0.004687 0.008333
5 0.358984 0.631250 0.010156 0.020833
5 0.229297 0.603472 0.430469 0.462500
5 0.778516 0.967361 0.032031 0.062500
5 0.405078 0.524306 0.005469 0.012500
5 0.792188 0.698611 0.414062 0.591667
5 0.569922 0.478472 0.005469 0.009722
5 0.610938 0.479861 0.004687 0.006944
5 0.276953 0.636806 0.014844 0.020833
5 0.931641 0.966667 0.046094 0.063889
5 0.591797 0.534028 0.007031 0.009722
5 0.603516 0.559028 0.024219 0.054167
5 0.789062 0.751389 0.025000 0.036111
5 0.638672 0.643056 0.011719 0.022222
5 0.684766 0.750694 0.019531 0.037500
5 0.569141 0.686806 0.111719 0.623611
5 0.556641 0.444444 0.003906 0.005556
5 0.578906 0.502083 0.004687 0.009722
5 0.590234 0.445833 0.003906 0.005556
5 0.235937 0.920833 0.031250 0.063889
5 0.721484 0.649306 0.014844 0.020833
