0 0.521875 0.272222 0.006250 0.011111
0 0.967969 0.341667 0.010937 0.016667
0 0.534375 0.338889 0.015625 0.044444
0 0.477344 0.276389 0.004687 0.013889
0 0.502344 0.391667 0.023438 0.038889
0 0.715625 0.643056 0.071875 0.091667
0 0.033594 0.443056 0.017188 0.025000
0 0.453906 0.276389 0.004687 0.013889
0 0.809375 0.337500 0.025000 0.019444
0 0.534375 0.326389 0.015625 0.019444
0 0.153125 0.431944 0.065625 0.041667
0 0.696094 0.855556 0.104688 0.155556
0 0.852344 0.469444 0.073438 0.050000
0 0.462500 0.397222 0.021875 0.022222
0 0.534375 0.350000 0.015625 0.022222
0 0.596094 0.325000 0.035937 0.022222
0 0.921094 0.462500 0.064062 0.047222
0 0.585938 0.544444 0.043750 0.083333
0 0.503125 0.545833 0.037500 0.058333
0 0.666406 0.570833 0.054688 0.069444
0 0.541406 0.302778 0.007812 0.022222
3 0.754687 0.669444 0.437500 0.650000
3 0.535156 0.668056 0.195312 0.658333
3 0.235156 0.683333 0.420312 0.627778
3 0.664844 0.672222 0.264062 0.650000
3 0.539844 0.776389 0.167187 0.441667
4 0.607031 0.423611 0.007812 0.008333
4 0.328125 0.541667 0.018750 0.033333
4 0.469531 0.534722 0.010937 0.013889
4 0.792188 0.726389 0.037500 0.052778
4 0.235937 0.536111 0.012500 0.011111
4 0.948438 0.951389 0.050000 0.075000
4 0.133594 0.969444 0.026562 0.055556
4 0.298438 0.598611 0.012500 0.025000
4 0.805469 0.970833 0.029687 0.052778
4 0.588281 0.384722 0.010937 0.019444
4 0.332031 0.533333 0.014063 0.016667
4 0.617969 0.543056 0.007812 0.013889
4 0.630469 0.606944 0.014063 0.025000
4 0.545312 0.538889 0.012500 0.016667
4 0.596875 0.786111 0.112500 0.422222
4 0.434375 0.533333 0.012500 0.016667
4 0.691406 0.740278 0.026562 0.052778
4 0.239063 0.727778 0.021875 0.050000
4 0.378906 0.533333 0.010937 0.016667
5 0.498437 0.538889 0.253125 0.033333
7 0.498437 0.538889 0.253125 0.033333
