0 0.270703 0.976389 0.113281 0.044444
0 0.344922 0.521528 0.022656 0.020833
0 0.451172 0.385417 0.011719 0.015278
0 0.813672 0.960417 0.141406 0.076389
0 0.440625 0.376389 0.010937 0.016667
0 0.390625 0.683333 0.057813 0.077778
0 0.448437 0.354167 0.018750 0.030556
0 0.417578 0.453472 0.025781 0.029167
0 0.807813 0.618750 0.210938 0.309722
0 0.462891 0.372222 0.010156 0.016667
0 0.424219 0.430556 0.020313 0.025000
0 0.418750 0.391667 0.015625 0.025000
0 0.541406 0.336111 0.007812 0.013889
0 0.456250 0.437500 0.021875 0.027778
0 0.174609 0.875694 0.122656 0.148611
0 0.316797 0.633333 0.064844 0.075000
0 0.440234 0.407639 0.016406 0.020833
0 0.466016 0.351389 0.021094 0.030556
0 0.350000 0.471528 0.026562 0.031944
0 0.347656 0.549306 0.043750 0.056944
0 0.492188 0.352083 0.010937 0.015278
0 0.392578 0.479167 0.030469 0.041667
0 0.480078 0.376389 0.013281 0.019444
0 0.529297 0.383333 0.011719 0.019444
0 0.410156 0.407639 0.029687 0.040278
0 0.185938 0.656250 0.073438 0.079167
0 0.468359 0.409028 0.014844 0.018056
0 0.568750 0.384722 0.012500 0.022222
0 0.719141 0.693056 0.078906 0.119444
0 0.476562 0.383333 0.012500 0.016667
0 0.541406 0.331250 0.007812 0.020833
0 0.429297 0.531944 0.032031 0.052778
0 0.534375 0.351389 0.009375 0.016667
0 0.553125 0.396528 0.012500 0.020833
0 0.553125 0.363194 0.009375 0.015278
0 0.476562 0.343750 0.009375 0.018056
0 0.489063 0.333333 0.012500 0.027778
3 0.776172 0.615278 0.446094 0.541667
3 0.762891 0.704167 0.472656 0.580556
3 0.256641 0.724306 0.422656 0.543056
3 0.214062 0.644444 0.428125 0.483333
3 0.233203 0.712500 0.466406 0.563889
3 0.202344 0.709722 0.404687 0.566667
4 0.569531 0.477778 0.004687 0.008333
4 0.931641 0.966667 0.046094 0.063889
4 0.627734 0.504861 0.007031 0.009722
4 0.358984 0.630556 0.010156 0.019444
4 0.611328 0.480556 0.005469 0.008333
4 0.277344 0.636111 0.014063 0.022222
4 0.209766 0.736806 0.024219 0.034722
4 0.436719 0.703472 0.109375 0.590278
4 0.788672 0.636806 0.421094 0.487500
4 0.078125 0.938889 0.048438 0.069444
4 0.952344 0.824306 0.093750 0.112500
4 0.316406 0.729861 0.015625 0.031944
4 0.638672 0.643750 0.011719 0.023611
4 0.405078 0.523611 0.005469 0.011111
4 0.385547 0.569444 0.007031 0.013889
4 0.196875 0.638889 0.393750 0.436111
4 0.647656 0.537500 0.007812 0.011111
4 0.319922 0.571528 0.010156 0.015278
4 0.592187 0.533333 0.006250 0.011111
4 0.610938 0.578472 0.009375 0.015278
4 0.789062 0.751389 0.025000 0.036111
4 0.569922 0.683333 0.110156 0.630556
4 0.579297 0.502083 0.005469 0.009722
4 0.684766 0.750694 0.019531 0.037500
4 0.236328 0.920139 0.032031 0.062500
4 0.677344 0.581944 0.010937 0.013889
5 0.640625 0.466667 0.125000 0.147222
5 0.209766 0.736806 0.024219 0.034722
5 0.611328 0.480556 0.005469 0.008333
5 0.438281 0.693750 0.112500 0.609722
5 0.562109 0.459028 0.003906 0.006944
5 0.569531 0.477778 0.004687 0.008333
5 0.931641 0.966667 0.046094 0.063889
5 0.358984 0.630556 0.010156 0.019444
5 0.599609 0.460417 0.003906 0.006944
5 0.277344 0.636111 0.014063 0.022222
5 0.371094 0.495833 0.006250 0.008333
5 0.078125 0.938889 0.048438 0.069444
5 0.684375 0.750694 0.018750 0.037500
5 0.952344 0.824306 0.093750 0.112500
5 0.316406 0.729861 0.015625 0.031944
5 0.638672 0.643056 0.011719 0.022222
5 0.405078 0.523611 0.005469 0.011111
5 0.385547 0.569444 0.007031 0.013889
5 0.196875 0.638194 0.393750 0.434722
5 0.627344 0.505556 0.006250 0.008333
5 0.659375 0.554861 0.031250 0.045833
5 0.582031 0.432639 0.003125 0.006944
5 0.320312 0.570833 0.010937 0.013889
5 0.417969 0.493750 0.006250 0.009722
5 0.592187 0.533333 0.006250 0.011111
5 0.610938 0.578472 0.009375 0.015278
5 0.789062 0.751389 0.025000 0.036111
5 0.569922 0.683333 0.110156 0.630556
5 0.579297 0.502083 0.005469 0.009722
5 0.590234 0.445833 0.003906 0.005556
5 0.557031 0.443750 0.004687 0.006944
5 0.236328 0.920139 0.032031 0.062500
5 0.664844 0.562500 0.035937 0.052778
