0 0.453906 0.360185 0.074479 0.150000
0 0.502604 0.470370 0.047917 0.068519
0 0.258073 0.198148 0.035937 0.051852
0 0.189583 0.327315 0.075000 0.065741
0 0.618229 0.051389 0.026042 0.034259
0 0.479948 0.440741 0.056771 0.137037
0 0.083594 0.315741 0.065104 0.055556
0 0.524219 0.137500 0.031771 0.050926
0 0.522396 0.067593 0.027083 0.044444
0 0.692708 0.274537 0.036458 0.054630
0 0.859635 0.091204 0.035937 0.039815
0 0.704948 0.388426 0.048438 0.071296
0 0.539844 0.159722 0.028646 0.043519
0 0.940104 0.734722 0.118750 0.143519
0 0.298438 0.009259 0.025000 0.018519
0 0.721615 0.141667 0.032813 0.044444
0 0.326042 0.208333 0.025000 0.061111
0 0.277865 0.120833 0.028646 0.049074
0 0.485938 0.498148 0.048958 0.075926
0 0.152865 0.336111 0.079687 0.075926
0 0.294792 0.083796 0.027083 0.045370
0 0.537240 0.246759 0.031771 0.058333
0 0.833594 0.518056 0.128646 0.258333
0 0.340625 0.052778 0.021875 0.025926
0 0.146094 0.294444 0.055729 0.031481
0 0.615885 0.225926 0.074479 0.161111
0 0.495052 0.036574 0.020313 0.043519
0 0.796094 0.384259 0.052604 0.066667
0 0.041927 0.383333 0.057813 0.059259
0 0.340104 0.157407 0.041667 0.061111
0 0.714323 0.507870 0.068229 0.169444
0 0.336719 0.085185 0.031771 0.037037
0 0.016406 0.331019 0.032813 0.039815
0 0.967448 0.612037 0.064062 0.101852
0 0.607552 0.137963 0.045312 0.027778
0 0.569271 0.464352 0.062500 0.087963
0 0.092969 0.365278 0.054688 0.058333
0 0.408073 0.089815 0.038021 0.053704
0 0.338542 0.116667 0.032292 0.042593
0 0.350521 0.087963 0.030208 0.059259
0 0.557813 0.190741 0.040625 0.059259
0 0.344010 0.182407 0.030729 0.051852
0 0.313021 0.234722 0.030208 0.054630
0 0.214062 0.253241 0.045833 0.052778
0 0.226823 0.307407 0.071354 0.087037
0 0.735156 0.436111 0.096354 0.862963
0 0.410156 0.108796 0.040104 0.089815
0 0.722396 0.309259 0.048958 0.079630
0 0.591146 0.018519 0.029167 0.037037
0 0.271875 0.131019 0.035417 0.034259
0 0.316406 0.217130 0.043229 0.043519
0 0.275781 0.268519 0.039062 0.055556
0 0.910417 0.521296 0.042708 0.092593
0 0.628646 0.017130 0.029167 0.034259
0 0.320833 0.188426 0.030208 0.025000
0 0.289323 0.104167 0.027604 0.049074
0 0.251302 0.211574 0.039062 0.056481
0 0.039062 0.347685 0.070833 0.054630
0 0.276302 0.076389 0.020313 0.037963
0 0.792448 0.109259 0.031771 0.040741
0 0.008073 0.396759 0.016146 0.065741
0 0.571094 0.303704 0.049479 0.081481
0 0.568229 0.252778 0.039583 0.062963
0 0.465625 0.042593 0.045833 0.077778
0 0.965365 0.244444 0.039062 0.044444
0 0.575781 0.372222 0.065104 0.083333
0 0.225521 0.293056 0.081250 0.097222
0 0.344531 0.039815 0.026562 0.033333
0 0.698698 0.010185 0.026562 0.020370
0 0.554427 0.106481 0.033854 0.059259
0 0.653906 0.330093 0.041146 0.067593
0 0.743490 0.113426 0.030729 0.045370
0 0.671094 0.243519 0.031771 0.050000
0 0.571094 0.547685 0.072396 0.087963
0 0.709635 0.074537 0.044271 0.060185
0 0.880208 0.163889 0.044792 0.053704
0 0.298698 0.246296 0.032813 0.053704
0 0.741146 0.336111 0.043750 0.074074
0 0.765365 0.503241 0.016146 0.062037
1 0.495573 0.551389 0.009896 0.069444
1 0.473177 0.553704 0.015104 0.062963
1 0.459635 0.583333 0.010937 0.074074
1 0.442708 0.568056 0.016667 0.082407
1 0.520312 0.549074 0.014583 0.079630
1 0.512500 0.552315 0.012500 0.069444
1 0.542708 0.491667 0.011458 0.038889
3 0.680469 0.499537 0.630729 0.989815
3 0.183333 0.241204 0.366667 0.482407
3 0.748698 0.248611 0.501563 0.497222
4 0.179688 0.036574 0.013542 0.036111
5 0.179688 0.036574 0.013542 0.036111
