0 0.502344 0.356944 0.020313 0.030556
0 0.546094 0.250000 0.004687 0.011111
0 0.533594 0.318056 0.014063 0.019444
0 0.524219 0.269444 0.007812 0.016667
0 0.894531 0.425000 0.070312 0.044444
0 0.776563 0.730556 0.096875 0.116667
0 0.466406 0.366667 0.020313 0.022222
0 0.298438 0.409722 0.068750 0.041667
0 0.478906 0.254167 0.004687 0.013889
0 0.185156 0.400000 0.051562 0.038889
0 0.146094 0.406944 0.051562 0.036111
0 0.554688 0.301389 0.031250 0.019444
0 0.542188 0.355556 0.018750 0.027778
0 0.578906 0.502778 0.042188 0.077778
0 0.502344 0.502778 0.035937 0.055556
0 0.538281 0.279167 0.004687 0.019444
0 0.238281 0.419444 0.060937 0.038889
3 0.761719 0.694444 0.351562 0.600000
3 0.544531 0.661111 0.173437 0.672222
3 0.425000 0.384722 0.131250 0.247222
3 0.252344 0.655556 0.379688 0.677778
3 0.635938 0.663889 0.343750 0.666667
3 0.675781 0.695833 0.276562 0.602778
3 0.543750 0.756944 0.168750 0.480556
4 0.259375 0.670833 0.021875 0.047222
4 0.675000 0.518056 0.025000 0.008333
4 0.471094 0.493056 0.010937 0.013889
4 0.609375 0.501389 0.006250 0.013889
4 0.796094 0.931944 0.054688 0.113889
4 0.255469 0.494444 0.010937 0.011111
4 0.914844 0.877778 0.045312 0.066667
4 0.678125 0.686111 0.021875 0.044444
4 0.150781 0.920833 0.045312 0.102778
4 0.439063 0.493056 0.012500 0.013889
4 0.388281 0.493056 0.010937 0.013889
4 0.314063 0.551389 0.012500 0.025000
4 0.693750 0.558333 0.015625 0.022222
4 0.542188 0.495833 0.009375 0.013889
4 0.620313 0.559722 0.012500 0.025000
4 0.600000 0.766667 0.121875 0.461111
4 0.599219 0.390278 0.007812 0.008333
4 0.758594 0.508333 0.014063 0.016667
4 0.762500 0.661111 0.018750 0.022222
5 0.825000 0.429167 0.050000 0.036111
5 0.259375 0.670833 0.021875 0.047222
5 0.455469 0.754167 0.020313 0.486111
5 0.763281 0.661111 0.017188 0.022222
5 0.675000 0.518056 0.025000 0.008333
5 0.796094 0.931944 0.054688 0.113889
5 0.381250 0.387500 0.006250 0.008333
5 0.314063 0.551389 0.012500 0.025000
5 0.471094 0.493056 0.010937 0.013889
5 0.609375 0.500000 0.006250 0.011111
5 0.255469 0.494444 0.010937 0.011111
5 0.914844 0.877778 0.045312 0.066667
5 0.678125 0.686111 0.021875 0.044444
5 0.150781 0.920833 0.045312 0.102778
5 0.345313 0.493056 0.012500 0.019444
5 0.387500 0.493056 0.009375 0.013889
5 0.693750 0.558333 0.015625 0.022222
5 0.542188 0.495833 0.009375 0.013889
5 0.683594 0.504167 0.010937 0.013889
5 0.620313 0.559722 0.012500 0.025000
5 0.600000 0.766667 0.121875 0.461111
5 0.438281 0.493056 0.010937 0.013889
5 0.421875 0.387500 0.006250 0.008333
5 0.599219 0.390278 0.007812 0.008333
5 0.759375 0.508333 0.012500 0.016667
7 0.585156 0.505556 0.401562 0.044444
