0 0.347266 0.496528 0.088281 0.087500
0 0.534766 0.352083 0.007031 0.009722
0 0.440625 0.479861 0.029687 0.034722
0 0.486719 0.363194 0.009375 0.015278
0 0.601172 0.597917 0.042969 0.073611
0 0.560156 0.370139 0.009375 0.015278
0 0.480859 0.375000 0.011719 0.016667
0 0.416797 0.398611 0.011719 0.019444
0 0.882422 0.915278 0.141406 0.166667
0 0.453125 0.434722 0.018750 0.025000
0 0.130859 0.797222 0.261719 0.402778
0 0.460156 0.372917 0.010937 0.015278
0 0.428125 0.427778 0.020313 0.027778
0 0.375391 0.426389 0.044531 0.075000
0 0.703516 0.910417 0.111719 0.176389
0 0.399609 0.465278 0.028906 0.038889
0 0.469531 0.360417 0.009375 0.015278
0 0.469141 0.400000 0.013281 0.022222
0 0.438281 0.377083 0.032813 0.081944
0 0.476172 0.385417 0.013281 0.018056
0 0.558594 0.410417 0.015625 0.023611
0 0.488281 0.354861 0.009375 0.015278
3 0.766016 0.681250 0.466406 0.629167
3 0.331641 0.706250 0.291406 0.584722
3 0.678906 0.679167 0.325000 0.638889
4 0.778906 0.967361 0.032813 0.062500
4 0.438281 0.694444 0.112500 0.608333
4 0.784375 0.631250 0.429688 0.501389
4 0.789453 0.751389 0.024219 0.036111
4 0.592187 0.533333 0.006250 0.011111
4 0.639062 0.643750 0.010937 0.020833
4 0.236328 0.920833 0.032031 0.063889
4 0.317188 0.503472 0.187500 0.201389
4 0.351172 0.526389 0.007031 0.011111
4 0.358984 0.630556 0.010156 0.019444
4 0.677344 0.581250 0.010937 0.015278
4 0.320312 0.572222 0.009375 0.013889
4 0.385547 0.568750 0.007031 0.015278
4 0.276953 0.636806 0.014844 0.020833
4 0.504687 0.681944 0.242188 0.633333
4 0.684766 0.750694 0.019531 0.037500
4 0.316406 0.729861 0.015625 0.031944
4 0.647656 0.537500 0.007812 0.011111
4 0.721484 0.648611 0.014844 0.022222
5 0.589844 0.445833 0.003125 0.005556
5 0.438281 0.693750 0.112500 0.609722
5 0.562109 0.459722 0.003906 0.005556
5 0.556250 0.443750 0.004687 0.006944
5 0.611719 0.480556 0.004687 0.008333
5 0.569922 0.477778 0.003906 0.008333
5 0.778906 0.967361 0.032813 0.062500
5 0.405078 0.523611 0.005469 0.011111
5 0.599609 0.460417 0.003906 0.006944
5 0.784375 0.631250 0.429688 0.501389
5 0.677344 0.581250 0.010937 0.015278
5 0.122266 0.888194 0.135156 0.220833
5 0.418750 0.492361 0.004687 0.009722
5 0.789453 0.751389 0.024219 0.036111
5 0.592187 0.533333 0.006250 0.011111
5 0.639062 0.643750 0.010937 0.020833
5 0.371094 0.495833 0.006250 0.008333
5 0.317188 0.503472 0.187500 0.201389
5 0.385547 0.568750 0.007031 0.015278
5 0.358984 0.630556 0.010156 0.019444
5 0.721484 0.648611 0.014844 0.022222
5 0.319922 0.572222 0.008594 0.013889
5 0.627734 0.504861 0.007031 0.009722
5 0.277344 0.636806 0.014063 0.020833
5 0.504297 0.685417 0.241406 0.626389
5 0.578906 0.502083 0.004687 0.009722
5 0.684766 0.750694 0.019531 0.037500
5 0.316406 0.729861 0.015625 0.031944
5 0.647656 0.537500 0.007812 0.011111
5 0.351172 0.526389 0.007031 0.011111
5 0.235937 0.920833 0.031250 0.063889
