0 0.524609 0.368750 0.010156 0.015278
0 0.481641 0.369444 0.010156 0.011111
0 0.455469 0.360417 0.009375 0.015278
0 0.618750 0.486806 0.037500 0.070833
0 0.701172 0.812500 0.103906 0.183333
0 0.442578 0.358333 0.017969 0.044444
0 0.467578 0.365972 0.010156 0.015278
0 0.798828 0.664583 0.069531 0.090278
0 0.451172 0.475694 0.022656 0.034722
0 0.419141 0.445833 0.019531 0.027778
0 0.429688 0.529167 0.032813 0.044444
0 0.200391 0.814583 0.111719 0.131944
0 0.455469 0.380556 0.012500 0.016667
0 0.355859 0.546528 0.041406 0.054167
0 0.478906 0.343056 0.012500 0.027778
0 0.414453 0.404861 0.013281 0.020833
0 0.439063 0.404167 0.014063 0.019444
0 0.396094 0.471528 0.026562 0.034722
0 0.549609 0.386111 0.011719 0.016667
0 0.393359 0.423611 0.019531 0.025000
0 0.315234 0.522222 0.042969 0.055556
0 0.530078 0.388194 0.011719 0.018056
0 0.543750 0.363889 0.010937 0.019444
0 0.466016 0.402083 0.013281 0.020833
0 0.476172 0.381250 0.013281 0.020833
0 0.559375 0.413194 0.015625 0.023611
0 0.489063 0.360417 0.009375 0.015278
0 0.595703 0.398611 0.035156 0.069444
0 0.553516 0.352778 0.014844 0.033333
0 0.430469 0.417361 0.023438 0.040278
0 0.465625 0.353472 0.009375 0.012500
0 0.494141 0.331250 0.013281 0.023611
0 0.344531 0.849306 0.090625 0.140278
3 0.780078 0.629167 0.438281 0.513889
3 0.761328 0.697222 0.471094 0.594444
3 0.216016 0.620833 0.432031 0.475000
3 0.240234 0.695139 0.480469 0.601389
3 0.722266 0.702778 0.394531 0.591667
4 0.433594 0.702083 0.103125 0.593056
4 0.578906 0.502083 0.004687 0.009722
4 0.385937 0.569444 0.007812 0.013889
4 0.210547 0.734028 0.021094 0.029167
4 0.782813 0.629167 0.432812 0.505556
4 0.570312 0.477778 0.004687 0.008333
4 0.370703 0.495833 0.005469 0.008333
4 0.077734 0.939583 0.049219 0.070833
4 0.316406 0.729861 0.015625 0.031944
4 0.358984 0.631250 0.010156 0.020833
4 0.638672 0.643056 0.011719 0.022222
4 0.562109 0.459028 0.003906 0.006944
4 0.214844 0.620139 0.429688 0.470833
4 0.778516 0.967361 0.032031 0.062500
4 0.418359 0.493056 0.005469 0.008333
4 0.677344 0.581250 0.010937 0.015278
4 0.320312 0.572222 0.009375 0.013889
4 0.426953 0.471528 0.003906 0.006944
4 0.276953 0.636806 0.014844 0.020833
4 0.931641 0.966667 0.046094 0.063889
4 0.591797 0.533333 0.007031 0.011111
4 0.789453 0.751389 0.024219 0.036111
4 0.610938 0.578472 0.009375 0.015278
4 0.570703 0.703472 0.108594 0.590278
4 0.647656 0.537500 0.007812 0.011111
4 0.405469 0.523611 0.004687 0.011111
4 0.236328 0.920833 0.032031 0.063889
4 0.721875 0.648611 0.015625 0.022222
5 0.450781 0.702083 0.135937 0.593056
5 0.578906 0.502083 0.004687 0.009722
5 0.385937 0.569444 0.007812 0.013889
5 0.210547 0.734028 0.021094 0.029167
5 0.277344 0.636806 0.014063 0.020833
5 0.783203 0.628472 0.432031 0.504167
5 0.569922 0.477778 0.003906 0.008333
5 0.077734 0.938889 0.049219 0.069444
5 0.370703 0.495833 0.005469 0.008333
5 0.916406 0.781250 0.165625 0.198611
5 0.316406 0.729861 0.015625 0.031944
5 0.586719 0.440278 0.010937 0.016667
5 0.358984 0.631250 0.010156 0.020833
5 0.638672 0.643056 0.011719 0.022222
5 0.435547 0.453472 0.003906 0.006944
5 0.562109 0.459028 0.003906 0.006944
5 0.216016 0.619444 0.432031 0.472222
5 0.778516 0.967361 0.032031 0.062500
5 0.412500 0.506944 0.017188 0.036111
5 0.721484 0.648611 0.014844 0.022222
5 0.677344 0.581250 0.010937 0.015278
5 0.320312 0.572222 0.009375 0.013889
5 0.426953 0.471528 0.003906 0.006944
5 0.931641 0.966667 0.046094 0.063889
5 0.591797 0.533333 0.007031 0.011111
5 0.598437 0.460417 0.006250 0.006944
5 0.789453 0.751389 0.024219 0.036111
5 0.610938 0.578472 0.009375 0.015278
5 0.571094 0.687500 0.107813 0.622222
5 0.557031 0.444444 0.003125 0.005556
5 0.647656 0.537500 0.007812 0.011111
5 0.405469 0.523611 0.004687 0.011111
5 0.236328 0.920833 0.032031 0.063889
