0 0.625000 0.381944 0.065625 0.086111
0 0.532031 0.877778 0.342187 0.238889
1 0.742188 0.408333 0.012500 0.061111
1 0.246094 0.301389 0.004687 0.025000
3 0.501563 0.298611 0.175000 0.197222
3 0.675000 0.616667 0.471875 0.744444
3 0.502344 0.505556 0.273438 0.538889
3 0.175781 0.773611 0.179688 0.441667
3 0.558594 0.615278 0.704688 0.758333
3 0.486719 0.280556 0.204687 0.222222
4 0.182812 0.986111 0.106250 0.022222
4 0.423438 0.468056 0.015625 0.036111
4 0.560156 0.386111 0.017188 0.022222
4 0.507812 0.450000 0.018750 0.033333
4 0.681250 0.425000 0.028125 0.027778
4 0.472656 0.280556 0.007812 0.011111
4 0.090625 0.569444 0.009375 0.011111
4 0.465625 0.363889 0.012500 0.022222
4 0.863281 0.501389 0.073438 0.019444
4 0.372656 0.484722 0.010937 0.030556
4 0.190625 0.613889 0.031250 0.016667
4 0.364844 0.275000 0.004687 0.011111
4 0.414844 0.470833 0.014063 0.036111
4 0.195312 0.641667 0.115625 0.033333
4 0.463281 0.458333 0.017188 0.033333
4 0.517188 0.448611 0.018750 0.030556
4 0.358594 0.415278 0.010937 0.008333
4 0.375781 0.313889 0.007812 0.016667
4 0.182031 0.551389 0.035937 0.019444
4 0.884375 0.525000 0.056250 0.016667
4 0.509375 0.325000 0.012500 0.016667
4 0.467969 0.458333 0.026562 0.033333
4 0.180469 0.736111 0.135937 0.027778
4 0.558594 0.441667 0.026562 0.033333
4 0.163281 0.895833 0.154688 0.036111
4 0.391406 0.372222 0.007812 0.022222
4 0.178125 0.747222 0.137500 0.027778
4 0.909375 0.480556 0.006250 0.011111
4 0.321094 0.419444 0.010937 0.011111
4 0.188281 0.681944 0.126562 0.036111
4 0.602344 0.437500 0.029687 0.030556
4 0.403906 0.408333 0.026562 0.011111
4 0.413281 0.269444 0.004687 0.011111
4 0.238281 0.604167 0.032813 0.019444
4 0.901563 0.550000 0.021875 0.016667
4 0.474219 0.458333 0.017188 0.033333
4 0.492188 0.401389 0.009375 0.008333
4 0.167969 0.811111 0.154688 0.033333
4 0.596094 0.436111 0.020313 0.027778
4 0.433594 0.305556 0.007812 0.016667
4 0.648438 0.437500 0.012500 0.013889
4 0.166406 0.825000 0.157812 0.038889
4 0.844531 0.486111 0.067187 0.016667
4 0.163281 0.913889 0.154688 0.038889
5 0.507812 0.461111 0.290625 0.083333
5 0.170313 0.794444 0.168750 0.405556
7 0.861719 0.518056 0.101562 0.086111
7 0.508594 0.461111 0.292187 0.083333
7 0.170313 0.794444 0.168750 0.405556
