0 0.542188 0.334028 0.009375 0.023611
0 0.400781 0.620833 0.046875 0.072222
0 0.472266 0.361111 0.010156 0.016667
0 0.495703 0.347222 0.007031 0.008333
0 0.475391 0.379167 0.013281 0.016667
0 0.878125 0.964583 0.110937 0.068056
0 0.459766 0.357639 0.008594 0.012500
0 0.349609 0.476389 0.028906 0.036111
0 0.398047 0.425694 0.019531 0.026389
0 0.633203 0.461806 0.024219 0.031944
0 0.023438 0.929167 0.046875 0.119444
0 0.439063 0.377778 0.010937 0.013889
0 0.450000 0.390972 0.012500 0.018056
0 0.422266 0.396528 0.014844 0.018056
0 0.319531 0.620139 0.054688 0.070833
0 0.433594 0.420139 0.017188 0.023611
0 0.538672 0.361111 0.008594 0.013889
0 0.464062 0.371528 0.009375 0.015278
0 0.485547 0.364583 0.008594 0.015278
0 0.533203 0.352778 0.007031 0.008333
0 0.443750 0.463194 0.026562 0.043056
0 0.467969 0.413889 0.015625 0.022222
0 0.470703 0.398611 0.014844 0.016667
0 0.560937 0.400694 0.015625 0.026389
3 0.774609 0.614583 0.449219 0.537500
3 0.758984 0.678472 0.480469 0.631944
3 0.228516 0.613194 0.457031 0.495833
3 0.237891 0.692361 0.466406 0.606944
3 0.644531 0.677778 0.256250 0.636111
4 0.776953 0.622222 0.444531 0.519444
4 0.226562 0.610417 0.453125 0.490278
4 0.721094 0.649306 0.015625 0.020833
4 0.276562 0.636806 0.014063 0.020833
4 0.209375 0.737500 0.023438 0.033333
4 0.432031 0.710417 0.100000 0.576389
4 0.578906 0.502778 0.004687 0.008333
4 0.677344 0.582639 0.010937 0.015278
4 0.316406 0.731250 0.015625 0.031944
4 0.638281 0.643750 0.012500 0.023611
4 0.405078 0.524306 0.005469 0.009722
4 0.350000 0.527778 0.007812 0.011111
4 0.778516 0.967361 0.032031 0.062500
4 0.626953 0.505556 0.007031 0.008333
4 0.319531 0.572222 0.009375 0.013889
4 0.077734 0.939583 0.049219 0.070833
4 0.931250 0.967361 0.045312 0.062500
4 0.591797 0.534722 0.007031 0.011111
4 0.610547 0.579167 0.010156 0.016667
4 0.789453 0.751389 0.024219 0.036111
4 0.504297 0.681944 0.241406 0.633333
4 0.358594 0.630556 0.009375 0.019444
4 0.684766 0.751389 0.019531 0.036111
4 0.647656 0.537500 0.007812 0.011111
4 0.235937 0.920833 0.031250 0.063889
5 0.776953 0.622222 0.444531 0.519444
5 0.370703 0.495833 0.007031 0.011111
5 0.610938 0.480556 0.006250 0.008333
5 0.438281 0.690972 0.112500 0.615278
5 0.226953 0.610417 0.453906 0.490278
5 0.562109 0.459722 0.003906 0.005556
5 0.569531 0.478472 0.004687 0.006944
5 0.721094 0.649306 0.015625 0.020833
5 0.385156 0.569444 0.007812 0.013889
5 0.599219 0.461806 0.004687 0.006944
5 0.276562 0.636806 0.014063 0.020833
5 0.208984 0.737500 0.022656 0.033333
5 0.578906 0.502778 0.004687 0.008333
5 0.677344 0.582639 0.010937 0.015278
5 0.931250 0.967361 0.045312 0.062500
5 0.316406 0.730556 0.015625 0.030556
5 0.638672 0.644444 0.011719 0.022222
5 0.077344 0.938889 0.048438 0.069444
5 0.390625 0.466667 0.014063 0.022222
5 0.418359 0.494444 0.005469 0.008333
5 0.405078 0.524306 0.005469 0.009722
5 0.350000 0.527778 0.007812 0.011111
5 0.778516 0.967361 0.032031 0.062500
5 0.626953 0.505556 0.007031 0.008333
5 0.592969 0.451389 0.010937 0.016667
5 0.319531 0.572222 0.009375 0.013889
5 0.591797 0.534722 0.007031 0.011111
5 0.610156 0.578472 0.009375 0.015278
5 0.789453 0.751389 0.024219 0.036111
5 0.503906 0.682639 0.240625 0.631944
5 0.391797 0.464583 0.016406 0.023611
5 0.684766 0.751389 0.019531 0.036111
5 0.556641 0.444444 0.003906 0.005556
5 0.647656 0.537500 0.007812 0.011111
5 0.235937 0.920833 0.031250 0.063889
5 0.358594 0.630556 0.009375 0.019444
