0 0.251563 0.090278 0.084375 0.063889
0 0.489063 0.215278 0.493750 0.319444
3 0.499219 0.341667 0.989062 0.550000
3 0.499219 0.430556 0.992188 0.705556
3 0.291406 0.108333 0.582812 0.216667
3 0.517188 0.513889 0.956250 0.544444
4 0.935937 0.133333 0.046875 0.022222
4 0.072656 0.126389 0.060937 0.025000
4 0.505469 0.306944 0.076563 0.036111
4 0.891406 0.244444 0.017188 0.011111
4 0.215625 0.336111 0.090625 0.038889
4 0.385937 0.473611 0.143750 0.075000
4 0.521875 0.412500 0.043750 0.025000
4 0.078125 0.068056 0.056250 0.019444
4 0.242969 0.541667 0.054688 0.033333
4 0.888281 0.079167 0.045312 0.019444
4 0.098437 0.609722 0.143750 0.075000
4 0.218750 0.431944 0.087500 0.041667
4 0.760156 0.302778 0.023438 0.016667
4 0.680469 0.338889 0.042188 0.022222
4 0.328125 0.101389 0.584375 0.202778
4 0.614062 0.369444 0.025000 0.016667
4 0.513281 0.566667 0.970313 0.533333
4 0.743750 0.208333 0.062500 0.027778
4 0.829688 0.273611 0.018750 0.013889
5 0.935937 0.133333 0.046875 0.022222
5 0.072656 0.125000 0.060937 0.022222
5 0.506250 0.306944 0.075000 0.036111
5 0.891406 0.244444 0.017188 0.011111
5 0.214844 0.336111 0.089063 0.038889
5 0.385937 0.473611 0.143750 0.075000
5 0.077344 0.068056 0.054688 0.019444
5 0.016406 0.883333 0.032813 0.138889
5 0.242969 0.541667 0.054688 0.033333
5 0.522656 0.412500 0.042188 0.025000
5 0.098437 0.609722 0.143750 0.075000
5 0.218750 0.431944 0.087500 0.041667
5 0.760156 0.304167 0.023438 0.013889
5 0.888281 0.077778 0.045312 0.016667
5 0.332031 0.100000 0.573438 0.200000
5 0.614844 0.369444 0.023438 0.016667
5 0.513281 0.568056 0.970313 0.530556
5 0.322656 0.159722 0.592187 0.319444
5 0.679688 0.338889 0.040625 0.022222
5 0.743750 0.208333 0.062500 0.027778
5 0.829688 0.273611 0.018750 0.013889
