0 0.326562 0.281944 0.062500 0.102778
0 0.389062 0.073611 0.012500 0.013889
0 0.367969 0.102778 0.010937 0.016667
0 0.604688 0.477778 0.065625 0.038889
0 0.203125 0.286111 0.025000 0.033333
0 0.336719 0.145833 0.014063 0.019444
0 0.384375 0.025000 0.006250 0.005556
0 0.292187 0.120833 0.012500 0.019444
0 0.289062 0.180556 0.015625 0.022222
0 0.169531 0.386111 0.032813 0.038889
0 0.338281 0.081944 0.007812 0.008333
0 0.252344 0.125000 0.014063 0.016667
0 0.358594 0.048611 0.007812 0.008333
0 0.342187 0.113889 0.012500 0.016667
0 0.354687 0.063889 0.006250 0.011111
0 0.125000 0.226389 0.028125 0.030556
0 0.325000 0.073611 0.009375 0.013889
0 0.371094 0.125000 0.014063 0.022222
0 0.437500 0.019444 0.003125 0.005556
3 0.219531 0.483333 0.439063 0.933333
3 0.205469 0.231944 0.410938 0.458333
3 0.722656 0.170833 0.551562 0.336111
4 0.216406 0.500000 0.423438 0.994444
4 0.020313 0.580556 0.028125 0.038889
4 0.074219 0.579167 0.026562 0.041667
4 0.103125 0.462500 0.018750 0.025000
5 0.052344 0.351389 0.010937 0.013889
5 0.020313 0.580556 0.028125 0.038889
5 0.074219 0.579167 0.026562 0.041667
5 0.103125 0.462500 0.018750 0.025000
5 0.225781 0.477778 0.401562 0.950000
5 0.145313 0.463889 0.015625 0.027778
