0 0.814063 0.093056 0.021875 0.075000
0 0.923438 0.238889 0.059375 0.088889
0 0.382812 0.423611 0.290625 0.186111
0 0.023438 0.272222 0.046875 0.077778
0 0.121094 0.202778 0.042188 0.044444
0 0.974219 0.401389 0.048438 0.230556
0 0.698438 0.384722 0.065625 0.102778
0 0.309375 0.123611 0.040625 0.052778
0 0.857812 0.706944 0.065625 0.102778
0 0.167969 0.219444 0.064062 0.072222
0 0.710938 0.100000 0.025000 0.077778
0 0.741406 0.248611 0.060937 0.102778
0 0.194531 0.179167 0.064062 0.075000
0 0.094531 0.238889 0.079687 0.094444
0 0.984375 0.941667 0.028125 0.111111
0 0.685937 0.325000 0.068750 0.077778
0 0.877344 0.200000 0.045312 0.055556
0 0.764062 0.127778 0.084375 0.144444
0 0.367188 0.020833 0.037500 0.041667
0 0.918750 0.361111 0.068750 0.100000
0 0.648438 0.577778 0.162500 0.172222
0 0.660937 0.025000 0.046875 0.050000
0 0.691406 0.058333 0.035937 0.066667
0 0.736719 0.176389 0.048438 0.080556
0 0.855469 0.158333 0.045312 0.061111
0 0.264844 0.184722 0.060937 0.075000
0 0.634375 0.013889 0.018750 0.027778
0 0.818750 0.218056 0.053125 0.091667
3 0.900781 0.097222 0.195312 0.194444
3 0.775781 0.477778 0.442188 0.950000
3 0.233594 0.166667 0.457813 0.333333
4 0.179688 0.034722 0.012500 0.036111
5 0.179688 0.034722 0.012500 0.036111
