0 0.267969 0.343056 0.020313 0.025000
0 0.225781 0.301389 0.014063 0.019444
0 0.485938 0.377778 0.018750 0.022222
0 0.178125 0.287500 0.018750 0.047222
0 0.385156 0.347222 0.017188 0.016667
0 0.213281 0.284722 0.010937 0.019444
0 0.948438 0.819444 0.087500 0.111111
0 0.686719 0.487500 0.045312 0.058333
0 0.925781 0.761111 0.051562 0.061111
0 0.346094 0.409722 0.017188 0.025000
0 0.659375 0.470833 0.025000 0.041667
0 0.207813 0.354167 0.015625 0.019444
0 0.370312 0.444444 0.021875 0.033333
0 0.267188 0.330556 0.025000 0.027778
0 0.897656 0.869444 0.051562 0.066667
0 0.175781 0.383333 0.017188 0.027778
0 0.367188 0.356944 0.015625 0.019444
0 0.199219 0.293056 0.010937 0.019444
0 0.545312 0.730556 0.046875 0.077778
0 0.631250 0.543056 0.034375 0.047222
0 0.346094 0.316667 0.017188 0.044444
0 0.403125 0.359722 0.015625 0.025000
0 0.385156 0.365278 0.017188 0.019444
0 0.400000 0.330556 0.018750 0.022222
0 0.298438 0.375000 0.031250 0.061111
0 0.725000 0.981944 0.050000 0.030556
0 0.782813 0.550000 0.034375 0.038889
0 0.620313 0.505556 0.053125 0.066667
0 0.360156 0.480556 0.023438 0.044444
0 0.956250 0.806944 0.050000 0.047222
0 0.253125 0.302778 0.015625 0.022222
0 0.221094 0.326389 0.014063 0.025000
0 0.507031 0.451389 0.020313 0.025000
0 0.596875 0.479167 0.034375 0.052778
0 0.840625 0.573611 0.040625 0.041667
0 0.750000 0.620833 0.031250 0.036111
0 0.253906 0.376389 0.017188 0.025000
0 0.429688 0.381944 0.015625 0.019444
0 0.307031 0.300000 0.014063 0.016667
0 0.401562 0.480556 0.021875 0.033333
0 0.458594 0.405556 0.020313 0.022222
0 0.444531 0.366667 0.017188 0.016667
0 0.304688 0.451389 0.021875 0.041667
0 0.340625 0.293056 0.012500 0.013889
3 0.623437 0.623611 0.743750 0.730556
3 0.111719 0.436111 0.220312 0.361111
3 0.543750 0.636111 0.634375 0.716667
4 0.400000 0.677778 0.346875 0.633333
5 0.414062 0.704167 0.318750 0.580556
5 0.863281 0.820833 0.017188 0.013889
5 0.825000 0.781944 0.012500 0.013889
5 0.687500 0.922222 0.009375 0.016667
5 0.610156 0.915278 0.010937 0.019444
5 0.179688 0.034722 0.012500 0.036111
5 0.642969 0.969444 0.014063 0.022222
