0 0.973437 0.109722 0.043750 0.063889
0 0.747656 0.219444 0.039062 0.066667
0 0.758594 0.252778 0.023438 0.061111
0 0.996875 0.212500 0.003125 0.041667
0 0.439844 0.034722 0.042188 0.069444
0 0.896875 0.408333 0.062500 0.100000
0 0.842187 0.043056 0.034375 0.086111
0 0.129688 0.326389 0.065625 0.075000
0 0.971875 0.390278 0.053125 0.075000
0 0.842187 0.069444 0.034375 0.033333
0 0.682031 0.415278 0.060937 0.080556
0 0.909375 0.313889 0.059375 0.088889
0 0.641406 0.666667 0.176563 0.172222
0 0.375781 0.512500 0.282813 0.186111
0 0.241406 0.284722 0.064062 0.080556
0 0.858594 0.800000 0.064062 0.105556
0 0.821875 0.276389 0.103125 0.213889
0 0.826562 0.156944 0.343750 0.119444
0 0.325781 0.194444 0.045312 0.077778
0 0.266406 0.245833 0.042188 0.052778
0 0.914844 0.070833 0.035937 0.036111
0 0.990625 0.444444 0.015625 0.072222
0 0.697656 0.472222 0.067187 0.100000
0 0.583594 0.094444 0.042188 0.077778
0 0.842969 0.006944 0.032813 0.013889
0 0.703906 0.125000 0.079687 0.161111
0 0.772656 0.365278 0.064062 0.158333
0 0.596875 0.020833 0.037500 0.041667
0 0.871875 0.262500 0.018750 0.069444
0 0.578906 0.013889 0.020313 0.027778
0 0.766406 0.316667 0.051562 0.061111
0 0.570312 0.008333 0.018750 0.016667
1 0.646094 0.411111 0.010937 0.072222
3 0.837500 0.145833 0.321875 0.291667
3 0.751563 0.497222 0.493750 0.988889
3 0.235156 0.209722 0.467187 0.413889
4 0.749219 0.455556 0.498437 0.905556
4 0.238281 0.211111 0.470313 0.416667
5 0.750000 0.455556 0.496875 0.900000
5 0.238281 0.212500 0.470313 0.413889
5 0.179688 0.034722 0.012500 0.036111
5 0.357031 0.072222 0.032813 0.144444
