0 0.490234 0.359028 0.008594 0.012500
0 0.587891 0.456944 0.025781 0.047222
0 0.555469 0.365972 0.009375 0.012500
0 0.426172 0.430556 0.017969 0.025000
0 0.396094 0.665972 0.059375 0.084722
0 0.534375 0.345833 0.007812 0.011111
0 0.323437 0.509028 0.034375 0.043056
0 0.481250 0.370139 0.009375 0.015278
0 0.094531 0.782639 0.112500 0.126389
0 0.685156 0.529167 0.039062 0.052778
0 0.481250 0.345139 0.009375 0.015278
0 0.379297 0.441667 0.022656 0.027778
0 0.379688 0.503472 0.029687 0.043056
0 0.444141 0.398611 0.013281 0.019444
0 0.428906 0.388889 0.014063 0.025000
0 0.465625 0.408333 0.015625 0.025000
0 0.440625 0.375694 0.010937 0.015278
0 0.463672 0.369444 0.008594 0.013889
0 0.453906 0.363194 0.009375 0.012500
0 0.425781 0.552778 0.035937 0.052778
0 0.442578 0.470833 0.030469 0.041667
0 0.473828 0.356250 0.008594 0.012500
0 0.490234 0.344444 0.010156 0.016667
0 0.530078 0.369444 0.010156 0.011111
0 0.215625 0.813194 0.107813 0.131944
0 0.562109 0.381944 0.011719 0.016667
3 0.772656 0.611806 0.453125 0.540278
3 0.763672 0.690278 0.471094 0.611111
3 0.644922 0.672222 0.255469 0.647222
3 0.210938 0.631250 0.421875 0.490278
3 0.242578 0.686806 0.485156 0.615278
3 0.212109 0.690278 0.424219 0.586111
3 0.721875 0.689583 0.398438 0.612500
4 0.783984 0.631250 0.430469 0.501389
4 0.434375 0.692361 0.106250 0.612500
4 0.648047 0.537500 0.008594 0.011111
4 0.591406 0.534028 0.006250 0.009722
4 0.627344 0.505556 0.006250 0.008333
4 0.385547 0.569444 0.007031 0.013889
4 0.210156 0.735417 0.021875 0.031944
4 0.316406 0.730556 0.015625 0.030556
4 0.638672 0.644444 0.011719 0.022222
4 0.077734 0.939583 0.049219 0.070833
4 0.209766 0.626389 0.419531 0.461111
4 0.358203 0.631250 0.010156 0.020833
4 0.778516 0.967361 0.032031 0.062500
4 0.677344 0.582639 0.010937 0.015278
4 0.319531 0.572222 0.009375 0.013889
4 0.276953 0.636806 0.014844 0.020833
4 0.931250 0.967361 0.045312 0.062500
4 0.789453 0.751389 0.024219 0.036111
4 0.503906 0.686806 0.240625 0.623611
4 0.578906 0.503472 0.004687 0.009722
4 0.610547 0.579167 0.010156 0.016667
4 0.684375 0.751389 0.018750 0.036111
4 0.236328 0.920833 0.032031 0.063889
4 0.721094 0.649306 0.015625 0.020833
5 0.783984 0.631250 0.430469 0.501389
5 0.350781 0.527083 0.007812 0.012500
5 0.611719 0.480556 0.004687 0.008333
5 0.433594 0.709028 0.103125 0.579167
5 0.569531 0.478472 0.004687 0.006944
5 0.562109 0.459028 0.003906 0.006944
5 0.648047 0.537500 0.008594 0.011111
5 0.591406 0.534028 0.006250 0.009722
5 0.778516 0.967361 0.032031 0.062500
5 0.627344 0.505556 0.006250 0.008333
5 0.385547 0.569444 0.007031 0.013889
5 0.210156 0.736111 0.021875 0.030556
5 0.405078 0.525000 0.005469 0.011111
5 0.316406 0.730556 0.015625 0.030556
5 0.638672 0.644444 0.011719 0.022222
5 0.077344 0.939583 0.048438 0.070833
5 0.417969 0.493750 0.006250 0.009722
5 0.358203 0.631250 0.010156 0.020833
5 0.721094 0.649306 0.015625 0.020833
5 0.677344 0.582639 0.010937 0.015278
5 0.319531 0.572917 0.009375 0.012500
5 0.276953 0.636806 0.014844 0.020833
5 0.931250 0.967361 0.045312 0.062500
5 0.789453 0.751389 0.024219 0.036111
5 0.503906 0.688889 0.240625 0.619444
5 0.578906 0.503472 0.004687 0.009722
5 0.398438 0.456250 0.004687 0.006944
5 0.610938 0.579167 0.009375 0.016667
5 0.684375 0.751389 0.018750 0.036111
5 0.550000 0.427778 0.006250 0.013889
5 0.556641 0.444444 0.003906 0.005556
5 0.236328 0.920833 0.032031 0.063889
