0 0.739844 0.658333 0.098437 0.111111
0 0.810937 0.987500 0.046875 0.019444
0 0.343750 0.461111 0.021875 0.038889
0 0.517188 0.412500 0.031250 0.052778
0 0.201563 0.234722 0.043750 0.047222
0 0.410938 0.550000 0.053125 0.072222
0 0.756250 0.654167 0.065625 0.102778
0 0.467969 0.413889 0.026562 0.044444
0 0.330469 0.509722 0.029687 0.047222
0 0.069531 0.559722 0.035937 0.041667
0 0.410938 0.391667 0.018750 0.027778
0 0.374219 0.455556 0.020313 0.033333
0 0.733594 0.508333 0.073438 0.094444
0 0.238281 0.430556 0.026562 0.050000
0 0.171875 0.394444 0.028125 0.055556
0 0.444531 0.529167 0.029687 0.058333
0 0.384375 0.336111 0.031250 0.061111
0 0.905469 0.586111 0.048438 0.066667
0 0.521875 0.687500 0.065625 0.147222
0 0.418750 0.648611 0.031250 0.058333
0 0.710938 0.684722 0.040625 0.058333
0 0.619531 0.456944 0.039062 0.047222
3 0.636719 0.634722 0.723437 0.708333
3 0.428906 0.641667 0.854688 0.705556
4 0.178906 0.036111 0.014063 0.033333
5 0.178906 0.036111 0.014063 0.033333
