0 0.388281 0.083333 0.017188 0.044444
0 0.250000 0.144444 0.028125 0.033333
0 0.920312 0.365278 0.071875 0.047222
0 0.187500 0.436111 0.071875 0.066667
0 0.071094 0.848611 0.139063 0.291667
0 0.346875 0.131944 0.012500 0.030556
0 0.257812 0.306944 0.028125 0.047222
0 0.178125 0.461111 0.090625 0.116667
0 0.210938 0.330556 0.037500 0.072222
0 0.154688 0.486111 0.046875 0.066667
0 0.332813 0.184722 0.031250 0.080556
3 0.213281 0.461111 0.423438 0.777778
3 0.208594 0.234722 0.417187 0.458333
3 0.743750 0.197222 0.509375 0.283333
3 0.200000 0.298611 0.393750 0.552778
4 0.089063 0.620833 0.034375 0.041667
4 0.178906 0.034722 0.014063 0.036111
4 0.140625 0.656944 0.040625 0.052778
4 0.381250 0.555556 0.496875 0.883333
5 0.089063 0.620833 0.034375 0.041667
5 0.178906 0.034722 0.014063 0.036111
5 0.140625 0.656944 0.040625 0.052778
5 0.381250 0.555556 0.496875 0.883333
