0 0.382031 0.306944 0.020313 0.025000
0 0.719531 0.563889 0.048438 0.050000
0 0.471094 0.537500 0.045312 0.058333
0 0.520312 0.426389 0.025000 0.036111
0 0.564063 0.431944 0.053125 0.091667
0 0.292187 0.565278 0.018750 0.025000
0 0.957031 0.704167 0.082812 0.202778
0 0.897656 0.605556 0.057813 0.050000
0 0.432812 0.305556 0.015625 0.022222
0 0.324219 0.320833 0.060937 0.125000
0 0.735938 0.515278 0.100000 0.075000
0 0.609375 0.486111 0.037500 0.044444
0 0.807031 0.897222 0.101562 0.122222
0 0.485938 0.630556 0.043750 0.061111
0 0.527344 0.406944 0.026562 0.030556
0 0.667188 0.905556 0.193750 0.183333
0 0.764062 0.531944 0.043750 0.041667
0 0.710156 0.526389 0.048438 0.041667
0 0.722656 0.494444 0.057813 0.038889
0 0.404687 0.340278 0.028125 0.041667
3 0.298438 0.776389 0.196875 0.436111
3 0.703125 0.631944 0.590625 0.613889
3 0.664062 0.562500 0.512500 0.363889
3 0.300781 0.637500 0.201563 0.713889
3 0.648438 0.736111 0.515625 0.516667
3 0.481250 0.847222 0.165625 0.300000
4 0.398438 0.841667 0.012500 0.311111
4 0.477344 0.840278 0.167187 0.308333
5 0.398438 0.841667 0.012500 0.311111
5 0.179688 0.033333 0.012500 0.033333
5 0.776563 0.038889 0.012500 0.011111
5 0.478125 0.840278 0.165625 0.308333
