0 0.160938 0.223611 0.021875 0.030556
0 0.343750 0.106944 0.012500 0.019444
0 0.370312 0.037500 0.006250 0.013889
0 0.604688 0.477778 0.065625 0.038889
0 0.373437 0.116667 0.009375 0.016667
0 0.722656 0.090278 0.010937 0.019444
0 0.271875 0.106944 0.012500 0.019444
0 0.033594 0.372222 0.042188 0.055556
0 0.241406 0.236111 0.020313 0.027778
0 0.278906 0.100000 0.010937 0.016667
0 0.278906 0.281944 0.039062 0.075000
0 0.350781 0.120833 0.014063 0.019444
0 0.221094 0.175000 0.017188 0.022222
0 0.008594 0.566667 0.017188 0.055556
0 0.958594 0.258333 0.045312 0.033333
0 0.471875 0.026389 0.003125 0.008333
0 0.237500 0.281944 0.025000 0.030556
0 0.292187 0.104167 0.012500 0.019444
0 0.378906 0.087500 0.007812 0.013889
0 0.296094 0.202778 0.017188 0.022222
0 0.392969 0.016667 0.004687 0.005556
0 0.328125 0.090278 0.009375 0.025000
0 0.333594 0.069444 0.007812 0.011111
0 0.026562 0.716667 0.053125 0.094444
0 0.344531 0.048611 0.007812 0.008333
0 0.147656 0.356944 0.032813 0.036111
0 0.249219 0.379167 0.026562 0.036111
0 0.421875 0.044444 0.006250 0.011111
0 0.121875 0.444444 0.040625 0.044444
0 0.646094 0.126389 0.017188 0.013889
0 0.158594 0.477778 0.042188 0.050000
0 0.360938 0.044444 0.006250 0.011111
3 0.219531 0.481944 0.439063 0.936111
3 0.196094 0.234722 0.392188 0.452778
3 0.725000 0.169444 0.546875 0.333333
3 0.912500 0.202778 0.171875 0.050000
4 0.221094 0.505556 0.432812 0.983333
4 0.017969 0.583333 0.023438 0.033333
4 0.073438 0.579167 0.021875 0.036111
5 0.073438 0.579167 0.021875 0.036111
5 0.212500 0.504167 0.415625 0.986111
5 0.017969 0.581944 0.023438 0.030556
