0 0.443359 0.436806 0.021094 0.026389
0 0.524219 0.370139 0.012500 0.015278
0 0.460547 0.372222 0.010156 0.013889
0 0.491016 0.353472 0.007031 0.012500
0 0.544922 0.349306 0.007031 0.012500
0 0.347266 0.460417 0.021094 0.006944
0 0.448828 0.391667 0.013281 0.016667
0 0.692187 0.675000 0.068750 0.102778
0 0.482422 0.340972 0.011719 0.020833
0 0.441406 0.480556 0.028125 0.044444
0 0.083203 0.738889 0.166406 0.425000
0 0.484375 0.362500 0.009375 0.013889
0 0.432422 0.414583 0.016406 0.020833
0 0.430859 0.386806 0.013281 0.015278
0 0.339844 0.531250 0.073438 0.134722
0 0.567969 0.386806 0.010937 0.018056
0 0.558984 0.398611 0.011719 0.019444
0 0.400781 0.415972 0.017188 0.023611
0 0.376563 0.441667 0.023438 0.030556
0 0.473828 0.387500 0.013281 0.016667
0 0.525391 0.388889 0.013281 0.019444
0 0.453125 0.365972 0.009375 0.012500
0 0.523828 0.359722 0.011719 0.011111
0 0.545312 0.422917 0.018750 0.026389
0 0.542969 0.374306 0.010937 0.015278
0 0.373437 0.728472 0.068750 0.101389
0 0.470703 0.352083 0.010156 0.012500
3 0.224609 0.675694 0.442969 0.609722
3 0.775781 0.701389 0.446875 0.588889
3 0.306250 0.516667 0.285938 0.308333
3 0.240625 0.697222 0.473438 0.594444
3 0.646484 0.694444 0.252344 0.608333
4 0.778125 0.624306 0.442188 0.518056
4 0.399609 0.535417 0.036719 0.081944
4 0.276953 0.636806 0.014844 0.020833
4 0.436328 0.702083 0.108594 0.593056
4 0.077734 0.939583 0.049219 0.070833
4 0.931250 0.967361 0.045312 0.062500
4 0.316406 0.731250 0.015625 0.031944
4 0.571094 0.704861 0.107813 0.587500
4 0.638281 0.644444 0.010937 0.022222
4 0.303516 0.522222 0.280469 0.300000
4 0.778125 0.967361 0.031250 0.062500
4 0.358984 0.631250 0.010156 0.020833
4 0.677344 0.581944 0.010937 0.013889
4 0.208984 0.737500 0.022656 0.033333
4 0.721484 0.649306 0.014844 0.020833
4 0.789062 0.751389 0.025000 0.036111
4 0.610938 0.579167 0.009375 0.016667
4 0.684766 0.751389 0.019531 0.036111
4 0.235937 0.920833 0.031250 0.063889
5 0.208984 0.737500 0.022656 0.033333
5 0.232813 0.595139 0.139063 0.154167
5 0.647656 0.537500 0.007812 0.011111
5 0.778125 0.967361 0.031250 0.062500
5 0.778125 0.623611 0.442188 0.516667
5 0.385547 0.569444 0.008594 0.013889
5 0.611328 0.480556 0.005469 0.008333
5 0.436719 0.702083 0.109375 0.593056
5 0.578906 0.502778 0.004687 0.008333
5 0.077344 0.939583 0.048438 0.070833
5 0.398047 0.456250 0.005469 0.006944
5 0.931250 0.967361 0.045312 0.062500
5 0.316406 0.731250 0.015625 0.031944
5 0.571094 0.704861 0.107813 0.587500
5 0.638281 0.644444 0.010937 0.022222
5 0.385937 0.473611 0.004687 0.008333
5 0.418359 0.493750 0.005469 0.009722
5 0.358984 0.631250 0.010156 0.020833
5 0.303125 0.522222 0.279687 0.300000
5 0.569922 0.478472 0.005469 0.006944
5 0.562109 0.459028 0.003906 0.006944
5 0.677344 0.581944 0.010937 0.013889
5 0.276953 0.636806 0.014844 0.020833
5 0.591406 0.534722 0.006250 0.011111
5 0.721484 0.649306 0.014844 0.020833
5 0.626953 0.505556 0.007031 0.008333
5 0.789453 0.751389 0.024219 0.036111
5 0.610938 0.578472 0.009375 0.015278
5 0.589844 0.445833 0.003125 0.005556
5 0.684766 0.751389 0.019531 0.036111
5 0.599219 0.460417 0.004687 0.006944
5 0.405078 0.525000 0.005469 0.011111
5 0.235937 0.920833 0.031250 0.063889
