0 0.425781 0.553472 0.035937 0.054167
0 0.541016 0.375694 0.010156 0.015278
0 0.565625 0.381250 0.010937 0.015278
0 0.441406 0.404167 0.015625 0.025000
0 0.478125 0.378472 0.012500 0.015278
0 0.524609 0.377778 0.011719 0.013889
0 0.309375 0.518056 0.040625 0.047222
0 0.443750 0.375000 0.010937 0.013889
0 0.945312 0.840278 0.107813 0.152778
0 0.430859 0.425000 0.017969 0.025000
0 0.345703 0.571528 0.047656 0.059722
0 0.480469 0.363889 0.009375 0.011111
0 0.450391 0.356944 0.013281 0.027778
0 0.406641 0.411111 0.016406 0.022222
0 0.388281 0.490278 0.031250 0.038889
0 0.489063 0.356944 0.007812 0.013889
0 0.551562 0.363194 0.009375 0.012500
0 0.469531 0.363194 0.009375 0.015278
0 0.596094 0.418056 0.015625 0.022222
0 0.555469 0.400000 0.014063 0.022222
0 0.617969 0.508333 0.032813 0.050000
0 0.458984 0.448611 0.021094 0.027778
0 0.587891 0.597222 0.044531 0.069444
0 0.521094 0.351389 0.006250 0.011111
0 0.533984 0.354167 0.007031 0.008333
0 0.347656 0.787500 0.084375 0.136111
0 0.467969 0.347222 0.009375 0.016667
3 0.218359 0.617361 0.436719 0.479167
3 0.760938 0.697222 0.470313 0.597222
3 0.241016 0.688194 0.482031 0.615278
4 0.739453 0.580556 0.330469 0.380556
4 0.591797 0.534028 0.007031 0.009722
4 0.385156 0.569444 0.006250 0.013889
4 0.209375 0.737500 0.023438 0.033333
4 0.434375 0.699306 0.104688 0.598611
4 0.931641 0.967361 0.046094 0.062500
4 0.358203 0.631250 0.010156 0.020833
4 0.216797 0.619444 0.433594 0.475000
4 0.316406 0.730556 0.015625 0.030556
4 0.778516 0.967361 0.032031 0.062500
4 0.721094 0.649306 0.015625 0.020833
4 0.276953 0.636806 0.014844 0.020833
4 0.077734 0.939583 0.049219 0.070833
4 0.610938 0.578472 0.009375 0.015278
4 0.677344 0.581944 0.010937 0.013889
4 0.638672 0.643056 0.011719 0.022222
4 0.789453 0.751389 0.024219 0.036111
4 0.504297 0.701389 0.241406 0.594444
4 0.684766 0.751389 0.019531 0.036111
4 0.235937 0.920833 0.031250 0.063889
5 0.739844 0.579861 0.331250 0.381944
5 0.319922 0.572222 0.010156 0.013889
5 0.585938 0.439583 0.010937 0.018056
5 0.562109 0.459028 0.003906 0.006944
5 0.591797 0.534028 0.007031 0.009722
5 0.401953 0.448611 0.011719 0.019444
5 0.647656 0.537500 0.007812 0.011111
5 0.385156 0.569444 0.006250 0.013889
5 0.611328 0.480556 0.005469 0.005556
5 0.209375 0.737500 0.023438 0.033333
5 0.433984 0.702083 0.103906 0.593056
5 0.578906 0.502083 0.004687 0.009722
5 0.077734 0.939583 0.049219 0.070833
5 0.350391 0.526389 0.007031 0.011111
5 0.371094 0.495139 0.004687 0.009722
5 0.931250 0.967361 0.045312 0.062500
5 0.638672 0.643056 0.011719 0.022222
5 0.569922 0.478472 0.003906 0.006944
5 0.358594 0.631250 0.009375 0.020833
5 0.316406 0.730556 0.015625 0.030556
5 0.778516 0.967361 0.032031 0.062500
5 0.417578 0.494444 0.005469 0.008333
5 0.721094 0.649306 0.015625 0.020833
5 0.276953 0.636806 0.014844 0.020833
5 0.599219 0.460417 0.004687 0.006944
5 0.216406 0.618750 0.432812 0.473611
5 0.610938 0.578472 0.009375 0.015278
5 0.677344 0.581944 0.010937 0.013889
5 0.427344 0.471528 0.004687 0.006944
5 0.789453 0.751389 0.024219 0.036111
5 0.504297 0.702083 0.241406 0.593056
5 0.684766 0.751389 0.019531 0.036111
5 0.435156 0.454861 0.004687 0.006944
5 0.556641 0.444444 0.003906 0.005556
5 0.405078 0.524306 0.005469 0.009722
5 0.235937 0.920833 0.031250 0.063889
