0 0.384375 0.308333 0.015625 0.022222
0 0.410938 0.525000 0.043750 0.066667
0 0.785156 0.658333 0.067187 0.077778
0 0.294531 0.376389 0.020313 0.025000
0 0.323437 0.484722 0.031250 0.052778
0 0.399219 0.286111 0.017188 0.022222
0 0.558594 0.456944 0.029687 0.036111
0 0.428906 0.301389 0.017188 0.025000
0 0.903906 0.645833 0.060937 0.052778
0 0.827344 0.637500 0.042188 0.052778
0 0.417187 0.372222 0.021875 0.027778
0 0.627344 0.711111 0.057813 0.072222
0 0.443750 0.330556 0.018750 0.027778
0 0.383594 0.297222 0.017188 0.033333
0 0.447656 0.405556 0.020313 0.027778
0 0.424219 0.345833 0.017188 0.025000
0 0.385937 0.325000 0.015625 0.022222
0 0.727344 0.506944 0.057813 0.058333
0 0.977344 0.688889 0.042188 0.066667
0 0.607812 0.526389 0.037500 0.041667
0 0.481250 0.398611 0.021875 0.036111
0 0.500000 0.566667 0.040625 0.044444
0 0.664062 0.858333 0.078125 0.116667
0 0.348438 0.630556 0.034375 0.066667
0 0.675781 0.508333 0.039062 0.033333
0 0.435937 0.261111 0.015625 0.016667
3 0.692969 0.569444 0.610938 0.605556
3 0.300000 0.675000 0.193750 0.638889
3 0.600781 0.704167 0.573438 0.580556
4 0.126562 0.040278 0.015625 0.013889
4 0.179688 0.033333 0.012500 0.033333
4 0.396875 0.844444 0.012500 0.305556
4 0.777344 0.038889 0.014063 0.011111
4 0.234375 0.040278 0.015625 0.013889
4 0.482031 0.848611 0.160938 0.297222
5 0.126562 0.040278 0.015625 0.013889
5 0.179688 0.033333 0.012500 0.033333
5 0.396875 0.844444 0.012500 0.305556
5 0.777344 0.038889 0.014063 0.011111
5 0.234375 0.040278 0.015625 0.013889
5 0.482031 0.848611 0.160938 0.297222
