0 0.317969 0.270833 0.035937 0.063889
0 0.357031 0.059722 0.007812 0.013889
0 0.604688 0.477778 0.065625 0.038889
0 0.378125 0.084722 0.009375 0.013889
0 0.268750 0.240278 0.021875 0.030556
0 0.489063 0.055556 0.009375 0.011111
0 0.246875 0.230556 0.021875 0.027778
0 0.336719 0.175000 0.014063 0.022222
0 0.367969 0.029167 0.007812 0.008333
0 0.075000 0.500000 0.065625 0.094444
0 0.278125 0.116667 0.012500 0.016667
0 0.208594 0.156944 0.020313 0.025000
0 0.277344 0.306944 0.026562 0.036111
0 0.137500 0.415278 0.100000 0.175000
0 0.306250 0.081944 0.028125 0.041667
0 0.337500 0.062500 0.009375 0.013889
0 0.224219 0.136111 0.029687 0.038889
0 0.411719 0.029167 0.004687 0.008333
0 0.412500 0.043056 0.006250 0.013889
0 0.346875 0.047222 0.006250 0.011111
0 0.250781 0.159722 0.017188 0.025000
0 0.203906 0.181944 0.020313 0.030556
0 0.364844 0.079167 0.010937 0.013889
0 0.327344 0.283333 0.064062 0.100000
0 0.424219 0.018056 0.004687 0.013889
0 0.387500 0.056944 0.006250 0.008333
0 0.305469 0.152778 0.014063 0.022222
0 0.221094 0.527778 0.051562 0.088889
0 0.674219 0.143056 0.020313 0.019444
1 0.308594 0.358333 0.007812 0.033333
3 0.219531 0.484722 0.439063 0.930556
3 0.202344 0.233333 0.404687 0.461111
3 0.723437 0.170833 0.550000 0.336111
3 0.913281 0.202778 0.170313 0.044444
3 0.235156 0.519444 0.414062 0.950000
4 0.022656 0.576389 0.032813 0.047222
4 0.146875 0.462500 0.018750 0.030556
4 0.221875 0.480556 0.393750 0.944444
4 0.076563 0.573611 0.025000 0.041667
5 0.021875 0.576389 0.028125 0.041667
5 0.146875 0.462500 0.018750 0.030556
5 0.076563 0.575000 0.025000 0.038889
5 0.225000 0.477778 0.400000 0.950000
5 0.179688 0.034722 0.012500 0.036111
