0 0.473047 0.392361 0.013281 0.020833
0 0.382812 0.685417 0.064062 0.106944
0 0.545703 0.384028 0.010156 0.018056
0 0.567969 0.425694 0.017188 0.026389
0 0.460938 0.363889 0.017188 0.030556
0 0.271094 0.600000 0.018750 0.058333
0 0.441406 0.404167 0.012500 0.038889
0 0.278125 0.601389 0.032813 0.058333
0 0.442969 0.371528 0.009375 0.015278
0 0.473828 0.377778 0.010156 0.013889
0 0.659375 0.504167 0.032813 0.044444
0 0.055078 0.884028 0.110156 0.212500
0 0.282422 0.669444 0.072656 0.091667
0 0.384766 0.432639 0.014844 0.026389
0 0.521484 0.362500 0.008594 0.013889
0 0.541016 0.365278 0.010156 0.013889
0 0.473828 0.346528 0.014844 0.034722
0 0.483984 0.372222 0.010156 0.016667
0 0.451562 0.445833 0.020313 0.027778
0 0.543359 0.337500 0.010156 0.022222
0 0.413672 0.413194 0.044531 0.098611
0 0.570312 0.392361 0.012500 0.018056
3 0.774609 0.615278 0.449219 0.533333
3 0.770703 0.679861 0.457031 0.629167
3 0.643359 0.684028 0.252344 0.623611
3 0.238672 0.693056 0.477344 0.605556
3 0.729688 0.699306 0.404687 0.595833
4 0.777344 0.622222 0.443750 0.519444
4 0.358594 0.630556 0.009375 0.019444
4 0.350391 0.527083 0.008594 0.012500
4 0.405078 0.523611 0.005469 0.011111
4 0.209375 0.737500 0.023438 0.033333
4 0.436719 0.699306 0.109375 0.598611
4 0.385547 0.569444 0.007031 0.013889
4 0.077734 0.939583 0.049219 0.070833
4 0.316406 0.731250 0.015625 0.031944
4 0.638672 0.644444 0.011719 0.022222
4 0.370703 0.496528 0.005469 0.009722
4 0.778516 0.967361 0.032031 0.062500
4 0.721094 0.649306 0.015625 0.020833
4 0.319531 0.572222 0.009375 0.013889
4 0.220703 0.608333 0.311719 0.338889
4 0.931250 0.967361 0.045312 0.062500
4 0.591406 0.534028 0.006250 0.009722
4 0.677344 0.582639 0.010937 0.015278
4 0.610938 0.579167 0.009375 0.016667
4 0.789453 0.751389 0.024219 0.036111
4 0.504297 0.689583 0.241406 0.618056
4 0.684766 0.752083 0.019531 0.037500
4 0.647656 0.537500 0.007812 0.011111
4 0.236328 0.920833 0.032031 0.063889
5 0.777734 0.622222 0.442969 0.519444
5 0.611328 0.480556 0.005469 0.008333
5 0.448437 0.694444 0.132812 0.608333
5 0.554297 0.439583 0.008594 0.018056
5 0.385937 0.472917 0.004687 0.009722
5 0.569531 0.478472 0.004687 0.006944
5 0.405078 0.523611 0.005469 0.011111
5 0.208984 0.737500 0.022656 0.033333
5 0.077344 0.939583 0.048438 0.070833
5 0.931250 0.967361 0.045312 0.062500
5 0.316406 0.731250 0.015625 0.031944
5 0.593359 0.452778 0.011719 0.019444
5 0.638672 0.644444 0.011719 0.022222
5 0.428125 0.471528 0.004687 0.006944
5 0.385547 0.569444 0.007031 0.013889
5 0.370703 0.495833 0.005469 0.008333
5 0.350000 0.527778 0.007812 0.011111
5 0.778516 0.967361 0.032031 0.062500
5 0.721094 0.649306 0.015625 0.020833
5 0.319531 0.572222 0.009375 0.013889
5 0.358594 0.630556 0.009375 0.019444
5 0.417578 0.494444 0.005469 0.008333
5 0.594922 0.454167 0.013281 0.019444
5 0.562109 0.459028 0.003906 0.006944
5 0.220703 0.608333 0.311719 0.338889
5 0.591406 0.534028 0.006250 0.009722
5 0.677344 0.581944 0.010937 0.013889
5 0.627344 0.505556 0.006250 0.008333
5 0.610938 0.578472 0.009375 0.015278
5 0.789453 0.751389 0.024219 0.036111
5 0.504297 0.689583 0.241406 0.618056
5 0.684766 0.752083 0.019531 0.037500
5 0.578906 0.502778 0.004687 0.008333
5 0.647656 0.537500 0.007812 0.011111
5 0.235937 0.920833 0.031250 0.063889
