0 0.570703 0.373611 0.022656 0.047222
0 0.414062 0.601389 0.045312 0.066667
0 0.534766 0.406944 0.016406 0.022222
0 0.523047 0.369444 0.010156 0.016667
0 0.478906 0.379167 0.010937 0.016667
0 0.472266 0.395139 0.014844 0.020833
0 0.683984 0.880556 0.092969 0.169444
0 0.631641 0.467361 0.025781 0.034722
0 0.310156 0.489583 0.028125 0.031944
0 0.353516 0.466667 0.025781 0.033333
0 0.436328 0.413194 0.016406 0.023611
0 0.424219 0.391667 0.014063 0.016667
0 0.117578 0.764583 0.114844 0.112500
0 0.452734 0.385417 0.013281 0.015278
0 0.468359 0.362500 0.010156 0.013889
0 0.437500 0.364583 0.018750 0.043056
0 0.405859 0.414583 0.014844 0.023611
0 0.388672 0.477778 0.032031 0.050000
0 0.416797 0.439583 0.019531 0.026389
0 0.551172 0.386806 0.017969 0.034722
0 0.478125 0.352778 0.007812 0.013889
0 0.458203 0.431250 0.017969 0.023611
0 0.272266 0.522222 0.092969 0.147222
0 0.604688 0.431250 0.017188 0.026389
0 0.453906 0.352778 0.015625 0.033333
0 0.447656 0.397917 0.014063 0.018056
0 0.437500 0.494444 0.031250 0.050000
0 0.566797 0.525000 0.032031 0.050000
0 0.491797 0.354167 0.008594 0.013889
0 0.589063 0.450694 0.020313 0.031944
0 0.321484 0.607639 0.049219 0.068056
0 0.482422 0.368750 0.011719 0.015278
0 0.588281 0.413889 0.017188 0.022222
0 0.551562 0.354861 0.015625 0.026389
3 0.794922 0.643056 0.408594 0.491667
3 0.812500 0.712500 0.373437 0.563889
3 0.760156 0.697917 0.473438 0.593056
3 0.212891 0.626389 0.425781 0.461111
3 0.237109 0.700694 0.474219 0.587500
3 0.730859 0.707639 0.402344 0.576389
3 0.650000 0.690972 0.257812 0.615278
4 0.807031 0.659028 0.384375 0.445833
4 0.209766 0.736806 0.024219 0.034722
4 0.438281 0.694444 0.112500 0.608333
4 0.931641 0.967361 0.046094 0.062500
4 0.316406 0.731250 0.015625 0.031944
4 0.610938 0.578472 0.009375 0.015278
4 0.684766 0.751389 0.019531 0.036111
4 0.358984 0.631250 0.010156 0.020833
4 0.207813 0.628472 0.415625 0.456944
4 0.778516 0.967361 0.032031 0.062500
4 0.677344 0.581944 0.010937 0.013889
4 0.276953 0.636806 0.014844 0.020833
4 0.077734 0.939583 0.049219 0.070833
4 0.789453 0.751389 0.024219 0.036111
4 0.638281 0.643056 0.012500 0.022222
4 0.504297 0.704861 0.241406 0.587500
4 0.235937 0.920833 0.031250 0.063889
4 0.721094 0.649306 0.015625 0.020833
5 0.807031 0.659722 0.384375 0.444444
5 0.578516 0.502778 0.007031 0.008333
5 0.570312 0.477778 0.004687 0.008333
5 0.627344 0.505556 0.006250 0.008333
5 0.385547 0.569444 0.007031 0.013889
5 0.370312 0.496528 0.006250 0.006944
5 0.209375 0.736806 0.023438 0.034722
5 0.450391 0.704167 0.136719 0.588889
5 0.778516 0.967361 0.032031 0.062500
5 0.931641 0.967361 0.046094 0.062500
5 0.316406 0.731250 0.015625 0.031944
5 0.610938 0.578472 0.009375 0.015278
5 0.685156 0.751389 0.018750 0.036111
5 0.077344 0.939583 0.048438 0.070833
5 0.435547 0.454167 0.003906 0.005556
5 0.207813 0.628472 0.415625 0.456944
5 0.350391 0.527083 0.007031 0.009722
5 0.562109 0.459028 0.003906 0.006944
5 0.370703 0.448611 0.094531 0.100000
5 0.358984 0.631250 0.010156 0.020833
5 0.721094 0.649306 0.015625 0.020833
5 0.677344 0.581944 0.010937 0.013889
5 0.321094 0.568750 0.007812 0.009722
5 0.611328 0.480556 0.005469 0.008333
5 0.405078 0.523611 0.005469 0.011111
5 0.276953 0.636806 0.014844 0.020833
5 0.114844 0.727083 0.229687 0.259722
5 0.591797 0.534722 0.007031 0.011111
5 0.789453 0.751389 0.024219 0.036111
5 0.638281 0.643056 0.012500 0.022222
5 0.504297 0.709028 0.241406 0.579167
5 0.556641 0.444444 0.003906 0.005556
5 0.647656 0.537500 0.007812 0.011111
5 0.235937 0.920833 0.031250 0.063889
