0 0.542578 0.372222 0.010156 0.016667
0 0.521484 0.358333 0.008594 0.011111
0 0.696094 0.643750 0.064062 0.095833
0 0.317578 0.547222 0.044531 0.047222
0 0.465625 0.359028 0.015625 0.029167
0 0.529687 0.400000 0.015625 0.019444
0 0.480859 0.351389 0.010156 0.011111
0 0.449219 0.368056 0.009375 0.013889
0 0.638281 0.733333 0.071875 0.125000
0 0.712891 0.551389 0.044531 0.075000
0 0.553125 0.482639 0.025000 0.040278
0 0.169922 0.777778 0.277344 0.436111
0 0.457813 0.381250 0.010937 0.015278
0 0.467969 0.396528 0.014063 0.018056
0 0.460938 0.427778 0.018750 0.025000
0 0.389453 0.492361 0.028906 0.040278
0 0.478906 0.379861 0.010937 0.015278
0 0.626953 0.455556 0.028906 0.044444
0 0.439453 0.409028 0.014844 0.020833
0 0.396484 0.427083 0.019531 0.023611
0 0.355078 0.473611 0.027344 0.036111
0 0.538281 0.422917 0.018750 0.023611
0 0.490234 0.356944 0.010156 0.013889
0 0.478906 0.342361 0.007812 0.015278
0 0.441016 0.495833 0.025781 0.038889
0 0.543359 0.334722 0.010156 0.025000
0 0.597656 0.477083 0.028125 0.037500
0 0.579688 0.402778 0.012500 0.022222
0 0.564844 0.414583 0.015625 0.023611
0 0.534766 0.350694 0.007031 0.012500
0 0.361328 0.761806 0.074219 0.115278
3 0.767578 0.682639 0.463281 0.626389
3 0.334375 0.695833 0.298438 0.605556
3 0.225781 0.650000 0.451562 0.575000
3 0.242578 0.686806 0.485156 0.618056
3 0.733203 0.690972 0.385156 0.609722
3 0.646875 0.682639 0.257812 0.629167
4 0.350391 0.527083 0.008594 0.012500
4 0.591797 0.534722 0.007031 0.011111
4 0.647656 0.537500 0.007812 0.011111
4 0.433594 0.709722 0.104688 0.577778
4 0.235937 0.920833 0.031250 0.063889
4 0.385547 0.569444 0.007031 0.013889
4 0.358984 0.631250 0.010156 0.020833
4 0.778516 0.967361 0.032031 0.062500
4 0.777344 0.622917 0.443750 0.518056
4 0.676953 0.582639 0.011719 0.015278
4 0.217188 0.618750 0.434375 0.473611
4 0.931250 0.967361 0.045312 0.062500
4 0.638281 0.643750 0.012500 0.023611
4 0.789062 0.751389 0.025000 0.036111
4 0.504297 0.684722 0.241406 0.627778
4 0.610938 0.578472 0.009375 0.015278
4 0.316406 0.730556 0.015625 0.030556
4 0.684375 0.751389 0.020313 0.038889
5 0.350391 0.527083 0.008594 0.012500
5 0.433984 0.709722 0.103906 0.577778
5 0.350781 0.470139 0.167187 0.176389
5 0.562500 0.459028 0.004687 0.009722
5 0.591797 0.534722 0.007031 0.011111
5 0.627344 0.505556 0.006250 0.008333
5 0.405078 0.524306 0.005469 0.009722
5 0.647656 0.537500 0.007812 0.011111
5 0.317969 0.575000 0.006250 0.008333
5 0.398828 0.454861 0.003906 0.006944
5 0.016016 0.834722 0.032031 0.041667
5 0.778125 0.967361 0.031250 0.062500
5 0.931250 0.967361 0.045312 0.062500
5 0.638281 0.643750 0.012500 0.020833
5 0.235937 0.920833 0.031250 0.063889
5 0.435547 0.454167 0.003906 0.005556
5 0.427344 0.471528 0.004687 0.006944
5 0.569531 0.478472 0.004687 0.009722
5 0.417578 0.494444 0.005469 0.008333
5 0.385547 0.569444 0.007031 0.013889
5 0.371094 0.495833 0.006250 0.008333
5 0.358594 0.631250 0.009375 0.020833
5 0.777344 0.623611 0.443750 0.516667
5 0.217578 0.618750 0.435156 0.473611
5 0.676953 0.582639 0.011719 0.015278
5 0.578906 0.502083 0.004687 0.009722
5 0.789062 0.751389 0.025000 0.036111
5 0.610938 0.578472 0.009375 0.015278
5 0.589844 0.446528 0.004687 0.006944
5 0.504297 0.684722 0.241406 0.627778
5 0.556250 0.445139 0.004687 0.006944
5 0.316406 0.730556 0.015625 0.030556
5 0.684375 0.751389 0.020313 0.038889
