0 0.426172 0.562500 0.041406 0.063889
0 0.522266 0.368056 0.010156 0.011111
0 0.452734 0.363889 0.008594 0.013889
0 0.551562 0.358333 0.006250 0.011111
0 0.435547 0.415972 0.016406 0.026389
0 0.361328 0.458333 0.025781 0.033333
0 0.462500 0.422222 0.017188 0.025000
0 0.481250 0.352083 0.006250 0.012500
0 0.578906 0.440278 0.020313 0.030556
0 0.070312 0.803472 0.125000 0.126389
0 0.708203 0.912500 0.124219 0.172222
0 0.439063 0.373611 0.014063 0.025000
0 0.454297 0.386111 0.011719 0.016667
0 0.785156 0.786806 0.092188 0.143056
0 0.413672 0.439583 0.022656 0.031944
0 0.553125 0.495833 0.025000 0.041667
0 0.490625 0.354167 0.007812 0.011111
0 0.396484 0.402778 0.033594 0.058333
0 0.604297 0.404861 0.041406 0.090278
0 0.575391 0.401389 0.016406 0.022222
0 0.460156 0.371528 0.009375 0.015278
0 0.469922 0.357639 0.014844 0.026389
0 0.624219 0.525000 0.035937 0.050000
0 0.538281 0.422222 0.018750 0.030556
0 0.525000 0.377083 0.009375 0.015278
0 0.537891 0.362500 0.008594 0.013889
0 0.252344 0.711806 0.081250 0.112500
0 0.559375 0.409028 0.015625 0.023611
0 0.572266 0.386806 0.011719 0.015278
0 0.498047 0.331944 0.008594 0.016667
3 0.759766 0.685417 0.474219 0.620833
3 0.220312 0.619444 0.440625 0.466667
3 0.243750 0.683333 0.487500 0.622222
4 0.436719 0.691667 0.109375 0.613889
4 0.812109 0.665278 0.374219 0.433333
4 0.385547 0.569444 0.007031 0.013889
4 0.205078 0.742361 0.014844 0.023611
4 0.578906 0.502083 0.004687 0.009722
4 0.677344 0.581944 0.010937 0.013889
4 0.370703 0.495833 0.005469 0.011111
4 0.931641 0.966667 0.046094 0.063889
4 0.316016 0.730556 0.016406 0.030556
4 0.638281 0.643750 0.012500 0.023611
4 0.077734 0.938889 0.049219 0.069444
4 0.350000 0.527083 0.007812 0.012500
4 0.358594 0.631250 0.010937 0.020833
4 0.215234 0.620139 0.430469 0.470833
4 0.778516 0.967361 0.033594 0.062500
4 0.319531 0.572222 0.009375 0.013889
4 0.417578 0.494444 0.005469 0.008333
4 0.276953 0.636806 0.014844 0.020833
4 0.591797 0.534028 0.007031 0.009722
4 0.684766 0.751389 0.019531 0.038889
4 0.504297 0.685417 0.241406 0.626389
4 0.610938 0.578472 0.009375 0.015278
4 0.647266 0.537500 0.007031 0.011111
4 0.405078 0.523611 0.005469 0.011111
4 0.236328 0.920833 0.032031 0.063889
4 0.721094 0.649306 0.015625 0.020833
5 0.812109 0.665278 0.374219 0.433333
5 0.611328 0.480556 0.005469 0.008333
5 0.436328 0.692361 0.108594 0.612500
5 0.778125 0.967361 0.032813 0.062500
5 0.385547 0.569444 0.007031 0.013889
5 0.385937 0.473611 0.004687 0.008333
5 0.205469 0.743056 0.015625 0.022222
5 0.578906 0.502083 0.004687 0.009722
5 0.677344 0.581944 0.010937 0.013889
5 0.370703 0.495833 0.005469 0.008333
5 0.931641 0.967361 0.046094 0.062500
5 0.316016 0.730556 0.016406 0.030556
5 0.599219 0.460417 0.004687 0.006944
5 0.638281 0.643750 0.012500 0.023611
5 0.077344 0.938889 0.048438 0.069444
5 0.350000 0.527083 0.007812 0.012500
5 0.435547 0.453472 0.003906 0.006944
5 0.358594 0.631250 0.010937 0.020833
5 0.215234 0.620139 0.430469 0.470833
5 0.427344 0.471528 0.004687 0.006944
5 0.721094 0.649306 0.015625 0.020833
5 0.319531 0.572222 0.009375 0.013889
5 0.562109 0.459028 0.003906 0.006944
5 0.417578 0.494444 0.005469 0.008333
5 0.277344 0.636806 0.014063 0.020833
5 0.591797 0.534028 0.007031 0.009722
5 0.684766 0.750694 0.019531 0.037500
5 0.610938 0.578472 0.009375 0.015278
5 0.504297 0.685417 0.241406 0.626389
5 0.569531 0.478472 0.004687 0.006944
5 0.647266 0.537500 0.007031 0.011111
5 0.405078 0.523611 0.005469 0.011111
5 0.235937 0.920833 0.031250 0.063889
