0 0.562109 0.370139 0.010156 0.023611
0 0.416797 0.569444 0.039844 0.066667
0 0.466797 0.400694 0.014844 0.020833
0 0.548047 0.370139 0.019531 0.048611
0 0.316406 0.508333 0.042188 0.063889
0 0.441797 0.361111 0.017969 0.038889
0 0.478516 0.372917 0.011719 0.018056
0 0.134766 0.723611 0.105469 0.097222
0 0.436328 0.390278 0.013281 0.016667
0 0.600000 0.625694 0.051562 0.079167
0 0.396484 0.419444 0.019531 0.022222
0 0.830078 0.858333 0.132031 0.186111
0 0.461328 0.373611 0.010156 0.016667
0 0.439063 0.409722 0.015625 0.019444
0 0.363672 0.450694 0.027344 0.037500
0 0.387891 0.490278 0.032031 0.038889
0 0.575391 0.395139 0.011719 0.018056
0 0.526953 0.371528 0.008594 0.015278
0 0.545312 0.454861 0.020313 0.031944
0 0.440234 0.480556 0.025781 0.038889
0 0.490625 0.352083 0.010937 0.012500
0 0.469922 0.364583 0.010156 0.015278
0 0.557422 0.406250 0.014844 0.020833
0 0.275781 0.687500 0.076563 0.088889
3 0.791016 0.705556 0.416406 0.577778
3 0.759766 0.694444 0.474219 0.600000
3 0.645312 0.692361 0.253125 0.609722
3 0.214062 0.621528 0.428125 0.470833
3 0.239844 0.691667 0.479687 0.608333
3 0.728516 0.697917 0.411719 0.598611
4 0.791797 0.640972 0.414844 0.481944
4 0.209375 0.737500 0.023438 0.033333
4 0.077734 0.938889 0.049219 0.069444
4 0.214844 0.620833 0.429688 0.472222
5 0.791406 0.640972 0.415625 0.481944
5 0.591406 0.534028 0.006250 0.009722
5 0.385547 0.569444 0.007031 0.013889
5 0.611328 0.480556 0.005469 0.008333
5 0.208984 0.737500 0.022656 0.033333
5 0.436719 0.687500 0.109375 0.622222
5 0.578906 0.502778 0.004687 0.008333
5 0.370703 0.495139 0.005469 0.009722
5 0.077734 0.938889 0.049219 0.069444
5 0.417969 0.493750 0.006250 0.009722
5 0.788672 0.749306 0.024219 0.031944
5 0.316406 0.730556 0.015625 0.030556
5 0.569531 0.477778 0.004687 0.008333
5 0.358984 0.631250 0.010156 0.020833
5 0.214453 0.620139 0.428906 0.470833
5 0.778125 0.967361 0.031250 0.062500
5 0.405078 0.523611 0.005469 0.011111
5 0.677344 0.581944 0.010937 0.013889
5 0.319531 0.572222 0.009375 0.013889
5 0.278516 0.634028 0.011719 0.015278
5 0.931250 0.967361 0.045312 0.062500
5 0.611328 0.578472 0.008594 0.015278
5 0.627344 0.504861 0.006250 0.009722
5 0.569531 0.689583 0.110937 0.618056
5 0.684375 0.751389 0.018750 0.036111
5 0.638672 0.644444 0.011719 0.022222
5 0.589844 0.445833 0.003125 0.005556
5 0.599219 0.460417 0.004687 0.006944
5 0.647656 0.537500 0.007812 0.011111
5 0.350391 0.527083 0.007031 0.012500
5 0.235937 0.920833 0.031250 0.063889
5 0.721094 0.649306 0.015625 0.020833
