0 0.437891 0.513889 0.030469 0.047222
0 0.582812 0.403472 0.012500 0.018056
0 0.543750 0.379167 0.009375 0.011111
0 0.496094 0.343056 0.009375 0.016667
0 0.458594 0.377083 0.014063 0.023611
0 0.454688 0.443750 0.023438 0.029167
0 0.756641 0.600694 0.185156 0.293056
0 0.042578 0.806944 0.085156 0.369444
0 0.488281 0.357639 0.010937 0.015278
0 0.476562 0.356250 0.006250 0.012500
0 0.417578 0.383333 0.028906 0.055556
0 0.388281 0.488889 0.032813 0.038889
0 0.470313 0.361111 0.012500 0.016667
0 0.380078 0.440972 0.021094 0.026389
0 0.278516 0.509722 0.119531 0.175000
0 0.615234 0.498611 0.030469 0.044444
0 0.554297 0.468750 0.024219 0.048611
0 0.473438 0.390278 0.012500 0.016667
0 0.529687 0.403472 0.014063 0.020833
0 0.538281 0.364583 0.010937 0.012500
0 0.565234 0.421528 0.016406 0.023611
0 0.323828 0.595139 0.047656 0.062500
0 0.558203 0.370139 0.010156 0.009722
0 0.552344 0.389583 0.012500 0.020833
0 0.447266 0.398611 0.011719 0.019444
0 0.381641 0.635417 0.055469 0.084722
0 0.630469 0.460417 0.025000 0.040278
0 0.469922 0.345833 0.010156 0.016667
3 0.777734 0.614583 0.442969 0.534722
3 0.758984 0.681250 0.480469 0.629167
3 0.264062 0.556250 0.387500 0.395833
3 0.247656 0.698611 0.462500 0.594444
4 0.209766 0.736806 0.024219 0.034722
4 0.436719 0.699306 0.109375 0.598611
4 0.077734 0.938889 0.049219 0.069444
4 0.316406 0.730556 0.015625 0.033333
4 0.684766 0.751389 0.019531 0.038889
4 0.267578 0.563194 0.377344 0.406944
4 0.778516 0.967361 0.032031 0.062500
4 0.783203 0.629861 0.432031 0.504167
4 0.638281 0.643750 0.012500 0.023611
4 0.276953 0.636806 0.014844 0.020833
4 0.931641 0.966667 0.046094 0.063889
4 0.610938 0.578472 0.009375 0.015278
4 0.510156 0.682639 0.253125 0.631944
4 0.236328 0.920833 0.032031 0.063889
4 0.793359 0.758333 0.016406 0.022222
5 0.350000 0.527083 0.007812 0.012500
5 0.599219 0.460417 0.004687 0.006944
5 0.591406 0.534028 0.006250 0.009722
5 0.921484 0.788889 0.155469 0.186111
5 0.405078 0.524306 0.005469 0.009722
5 0.209375 0.736806 0.023438 0.034722
5 0.396875 0.422222 0.118750 0.122222
5 0.436719 0.699306 0.109375 0.598611
5 0.077734 0.938889 0.049219 0.069444
5 0.417969 0.494444 0.004687 0.008333
5 0.316406 0.730556 0.015625 0.033333
5 0.684766 0.751389 0.019531 0.038889
5 0.435937 0.454167 0.004687 0.008333
5 0.235937 0.920833 0.031250 0.063889
5 0.266016 0.564583 0.374219 0.404167
5 0.385547 0.569444 0.007031 0.013889
5 0.778516 0.967361 0.032031 0.062500
5 0.783203 0.630556 0.432031 0.502778
5 0.638281 0.643750 0.012500 0.023611
5 0.427734 0.471528 0.003906 0.006944
5 0.276562 0.636806 0.014063 0.020833
5 0.154297 0.682639 0.149219 0.165278
5 0.931641 0.966667 0.046094 0.063889
5 0.610938 0.578472 0.009375 0.015278
5 0.578906 0.502083 0.004687 0.009722
5 0.503906 0.682639 0.240625 0.631944
5 0.398438 0.454861 0.004687 0.006944
5 0.647656 0.537500 0.007812 0.011111
5 0.408594 0.440972 0.004687 0.004167
5 0.793359 0.758333 0.016406 0.022222
