0 0.897656 0.076389 0.054688 0.047222
0 0.821094 0.006944 0.029687 0.013889
0 0.678125 0.180556 0.056250 0.083333
0 0.981250 0.869444 0.034375 0.188889
0 0.957031 0.231944 0.082812 0.280556
0 0.026562 0.119444 0.053125 0.077778
0 0.223438 0.008333 0.043750 0.016667
0 0.383594 0.280556 0.292187 0.188889
0 0.857812 0.561111 0.065625 0.100000
0 0.092969 0.095833 0.079687 0.080556
0 0.770312 0.006944 0.031250 0.013889
0 0.699219 0.241667 0.067187 0.100000
0 0.167187 0.080556 0.065625 0.050000
0 0.805469 0.048611 0.051562 0.091667
0 0.275000 0.034722 0.062500 0.069444
0 0.648438 0.431944 0.162500 0.169444
0 0.728906 0.077778 0.057813 0.094444
0 0.888281 0.176389 0.057813 0.091667
1 0.467969 0.393056 0.023438 0.069444
3 0.775781 0.431944 0.445312 0.858333
3 0.817187 0.433333 0.362500 0.855556
3 0.197656 0.095833 0.395313 0.191667
3 0.879687 0.223611 0.237500 0.430556
4 0.179688 0.036111 0.012500 0.033333
5 0.179688 0.036111 0.012500 0.033333
