0 0.432812 0.305556 0.015625 0.022222
0 0.709375 0.608333 0.043750 0.055556
0 0.855469 0.683333 0.073438 0.127778
0 0.825000 0.588889 0.056250 0.050000
0 0.409375 0.316667 0.018750 0.022222
0 0.335156 0.434722 0.032813 0.041667
0 0.389844 0.276389 0.017188 0.025000
0 0.490625 0.438889 0.021875 0.033333
0 0.391406 0.333333 0.017188 0.022222
0 0.531250 0.675000 0.065625 0.094444
0 0.340625 0.813889 0.056250 0.100000
0 0.487500 0.401389 0.025000 0.030556
0 0.435156 0.356944 0.020313 0.030556
0 0.435937 0.283333 0.012500 0.022222
0 0.385937 0.298611 0.018750 0.019444
0 0.389062 0.593056 0.043750 0.075000
0 0.711719 0.797222 0.067187 0.083333
0 0.725000 0.506944 0.059375 0.058333
0 0.419531 0.272222 0.014063 0.016667
0 0.473438 0.543056 0.037500 0.047222
0 0.584375 0.505556 0.040625 0.055556
0 0.575781 0.443056 0.026562 0.030556
0 0.641406 0.509722 0.035937 0.036111
0 0.398438 0.358333 0.021875 0.027778
0 0.761719 0.559722 0.045312 0.041667
3 0.686719 0.597222 0.623437 0.561111
3 0.654687 0.752778 0.487500 0.483333
3 0.318750 0.694444 0.225000 0.600000
3 0.628906 0.709722 0.539062 0.569444
3 0.558594 0.704167 0.676562 0.580556
4 0.827344 0.038889 0.014063 0.011111
4 0.125781 0.040278 0.017188 0.013889
4 0.777344 0.038889 0.014063 0.011111
4 0.179688 0.033333 0.012500 0.033333
4 0.396094 0.838889 0.014063 0.316667
4 0.233594 0.040278 0.014063 0.013889
4 0.479687 0.851389 0.159375 0.286111
5 0.827344 0.038889 0.014063 0.011111
5 0.125781 0.040278 0.017188 0.013889
5 0.777344 0.038889 0.014063 0.011111
5 0.179688 0.033333 0.012500 0.033333
5 0.396094 0.838889 0.014063 0.316667
5 0.233594 0.040278 0.014063 0.013889
5 0.479687 0.851389 0.159375 0.286111
