0 0.426172 0.527083 0.032031 0.045833
0 0.483984 0.365278 0.010156 0.016667
0 0.689453 0.650000 0.061719 0.088889
0 0.309766 0.513889 0.038281 0.052778
0 0.371484 0.456944 0.025781 0.030556
0 0.423047 0.391667 0.011719 0.016667
0 0.852734 0.736806 0.091406 0.123611
0 0.455469 0.434722 0.018750 0.025000
0 0.236328 0.761111 0.096094 0.113889
0 0.470313 0.365278 0.009375 0.013889
0 0.358203 0.546528 0.041406 0.051389
0 0.428516 0.425694 0.017969 0.023611
0 0.490234 0.339583 0.008594 0.012500
0 0.405859 0.407639 0.014844 0.020833
0 0.723437 0.963889 0.087500 0.069444
0 0.608984 0.438889 0.021094 0.033333
0 0.392578 0.429167 0.019531 0.025000
0 0.396484 0.468056 0.027344 0.033333
0 0.521484 0.348611 0.007031 0.016667
0 0.537109 0.363889 0.008594 0.011111
0 0.533984 0.350000 0.007031 0.011111
0 0.478125 0.379861 0.012500 0.018056
0 0.453125 0.368750 0.023438 0.048611
0 0.557422 0.502778 0.030469 0.044444
0 0.465234 0.398611 0.016406 0.038889
0 0.436719 0.378472 0.009375 0.015278
0 0.492578 0.352083 0.007031 0.009722
0 0.563672 0.379861 0.011719 0.015278
0 0.564453 0.414583 0.016406 0.023611
0 0.550000 0.347222 0.012500 0.027778
0 0.473438 0.347917 0.009375 0.012500
0 0.503906 0.336806 0.007812 0.012500
0 0.287109 0.926389 0.119531 0.144444
0 0.682813 0.529167 0.037500 0.050000
3 0.783594 0.629167 0.431250 0.516667
3 0.758984 0.682639 0.474219 0.623611
3 0.191797 0.636111 0.383594 0.441667
3 0.240234 0.695139 0.480469 0.601389
4 0.410547 0.511806 0.014844 0.034722
4 0.611328 0.480556 0.005469 0.008333
4 0.627344 0.505556 0.006250 0.008333
4 0.647656 0.537500 0.007812 0.011111
4 0.385937 0.569444 0.007812 0.013889
4 0.319922 0.572222 0.010156 0.013889
4 0.438281 0.693750 0.112500 0.609722
4 0.579297 0.502083 0.005469 0.009722
4 0.371094 0.495139 0.006250 0.009722
4 0.723828 0.651389 0.011719 0.016667
4 0.077734 0.938889 0.049219 0.069444
4 0.638672 0.644444 0.011719 0.022222
4 0.427344 0.471528 0.004687 0.006944
4 0.358984 0.631250 0.010156 0.020833
4 0.191016 0.645139 0.382031 0.423611
4 0.778516 0.967361 0.032031 0.062500
4 0.786328 0.634028 0.425781 0.495833
4 0.570312 0.478472 0.004687 0.006944
4 0.276953 0.636806 0.014844 0.020833
4 0.931641 0.966667 0.046094 0.063889
4 0.591797 0.534028 0.007031 0.012500
4 0.789453 0.751389 0.024219 0.036111
4 0.562109 0.459028 0.003906 0.006944
4 0.504297 0.683333 0.241406 0.630556
4 0.610547 0.578472 0.010156 0.015278
4 0.599609 0.460417 0.003906 0.006944
4 0.684766 0.751389 0.019531 0.036111
4 0.316406 0.730556 0.015625 0.030556
4 0.417578 0.494444 0.005469 0.008333
4 0.235547 0.920833 0.030469 0.063889
4 0.677344 0.582639 0.010937 0.015278
5 0.611328 0.480556 0.005469 0.008333
5 0.457031 0.690972 0.150000 0.615278
5 0.778516 0.967361 0.032031 0.062500
5 0.385937 0.569444 0.007812 0.013889
5 0.319922 0.572222 0.010156 0.013889
5 0.579297 0.502083 0.005469 0.009722
5 0.556641 0.443750 0.003906 0.006944
5 0.371094 0.495833 0.006250 0.008333
5 0.723828 0.651389 0.011719 0.016667
5 0.077734 0.938889 0.049219 0.069444
5 0.410547 0.511806 0.014844 0.034722
5 0.589844 0.445833 0.004687 0.005556
5 0.638672 0.644444 0.011719 0.022222
5 0.435937 0.454167 0.004687 0.005556
5 0.427344 0.471528 0.004687 0.006944
5 0.358984 0.631250 0.010156 0.020833
5 0.191016 0.645139 0.382031 0.423611
5 0.785937 0.634028 0.426563 0.495833
5 0.647656 0.537500 0.007812 0.011111
5 0.589844 0.445833 0.004687 0.005556
5 0.570312 0.478472 0.004687 0.006944
5 0.276953 0.636806 0.014844 0.020833
5 0.931641 0.966667 0.046094 0.063889
5 0.591797 0.534028 0.007031 0.012500
5 0.550000 0.427083 0.006250 0.015278
5 0.789453 0.751389 0.024219 0.036111
5 0.562109 0.459028 0.003906 0.006944
5 0.504297 0.684028 0.241406 0.629167
5 0.610938 0.578472 0.009375 0.015278
5 0.599609 0.460417 0.003906 0.006944
5 0.684766 0.751389 0.019531 0.036111
5 0.316406 0.730556 0.015625 0.030556
5 0.627344 0.505556 0.006250 0.008333
5 0.417578 0.494444 0.005469 0.008333
5 0.235547 0.920833 0.030469 0.063889
5 0.677344 0.582639 0.010937 0.015278
