0 0.047656 0.208333 0.014063 0.011111
0 0.272656 0.248611 0.010937 0.019444
0 0.075000 0.197222 0.012500 0.011111
0 0.027344 0.212500 0.017188 0.013889
0 0.494531 0.369444 0.029687 0.033333
0 0.203125 0.184722 0.006250 0.008333
0 0.007812 0.220833 0.015625 0.013889
0 0.252344 0.245833 0.010937 0.019444
0 0.208594 0.145833 0.004687 0.008333
0 0.260156 0.281944 0.014063 0.025000
0 0.204687 0.234722 0.009375 0.013889
0 0.288281 0.320833 0.020313 0.030556
0 0.103125 0.358333 0.025000 0.022222
0 0.182812 0.198611 0.009375 0.019444
0 0.062500 0.200000 0.012500 0.011111
0 0.161719 0.387500 0.029687 0.030556
0 0.357812 0.372222 0.021875 0.027778
0 0.043750 0.356944 0.031250 0.025000
0 0.227344 0.200000 0.007812 0.011111
0 0.222656 0.211111 0.010937 0.016667
0 0.244531 0.215278 0.007812 0.013889
0 0.131250 0.165278 0.006250 0.008333
0 0.110937 0.179167 0.009375 0.008333
0 0.253906 0.227778 0.007812 0.016667
0 0.369531 0.181944 0.010937 0.008333
0 0.225781 0.268056 0.014063 0.025000
0 0.330469 0.261111 0.010937 0.016667
0 0.087500 0.191667 0.009375 0.011111
0 0.403125 0.304167 0.015625 0.025000
0 0.214844 0.200000 0.007812 0.016667
0 0.177344 0.218056 0.020313 0.019444
0 0.193750 0.186111 0.006250 0.011111
0 0.899219 0.195833 0.032813 0.019444
0 0.288281 0.269444 0.010937 0.022222
0 0.222656 0.155556 0.004687 0.011111
0 0.313281 0.352778 0.020313 0.033333
0 0.358594 0.480556 0.079687 0.127778
0 0.277344 0.197222 0.010937 0.016667
0 0.377344 0.359722 0.020313 0.030556
0 0.296875 0.233333 0.009375 0.016667
0 0.128906 0.368056 0.032813 0.025000
0 0.351562 0.409722 0.021875 0.030556
0 0.808594 0.190278 0.023438 0.013889
0 0.221875 0.225000 0.012500 0.022222
0 0.239844 0.181944 0.004687 0.008333
0 0.240625 0.293056 0.015625 0.025000
3 0.757031 0.736111 0.482812 0.516667
3 0.174219 0.454167 0.342187 0.213889
3 0.139063 0.393056 0.271875 0.091667
3 0.937500 0.894444 0.121875 0.200000
3 0.497656 0.636111 0.995313 0.711111
3 0.328906 0.330556 0.335938 0.361111
3 0.621094 0.188889 0.729688 0.061111
3 0.082031 0.172222 0.139063 0.111111
3 0.397656 0.288889 0.420312 0.333333
4 0.232031 0.951389 0.092188 0.058333
4 0.457031 0.477778 0.014063 0.016667
4 0.385937 0.437500 0.009375 0.013889
4 0.931250 0.893056 0.121875 0.202778
4 0.192969 0.822222 0.048438 0.033333
4 0.411719 0.425000 0.010937 0.016667
4 0.291406 0.977778 0.067187 0.038889
4 0.147656 0.802778 0.295312 0.161111
4 0.421875 0.481944 0.015625 0.019444
4 0.674219 0.555556 0.035937 0.027778
4 0.117969 0.751389 0.235937 0.119444
4 0.857031 0.420833 0.007812 0.008333
4 0.903125 0.380556 0.012500 0.011111
4 0.956250 0.647222 0.025000 0.033333
4 0.841406 0.802778 0.042188 0.055556
4 0.500781 0.673611 0.057813 0.041667
4 0.205469 0.859722 0.104688 0.063889
4 0.550000 0.434722 0.015625 0.013889
4 0.279687 0.493056 0.096875 0.108333
4 0.219531 0.904167 0.060937 0.041667
5 0.232031 0.951389 0.092188 0.058333
5 0.457031 0.477778 0.014063 0.016667
5 0.385937 0.437500 0.009375 0.013889
5 0.930469 0.893056 0.120313 0.202778
5 0.857031 0.420833 0.007812 0.008333
5 0.192188 0.822222 0.046875 0.033333
5 0.421875 0.481944 0.015625 0.019444
5 0.411719 0.426389 0.010937 0.013889
5 0.291406 0.977778 0.067187 0.038889
5 0.147656 0.802778 0.295312 0.161111
5 0.674219 0.555556 0.035937 0.027778
5 0.117188 0.751389 0.234375 0.119444
5 0.903125 0.380556 0.012500 0.011111
5 0.956250 0.647222 0.025000 0.033333
5 0.841406 0.802778 0.042188 0.055556
5 0.500781 0.673611 0.057813 0.041667
5 0.200781 0.862500 0.095312 0.058333
5 0.550781 0.434722 0.014063 0.013889
5 0.280469 0.493056 0.095312 0.108333
5 0.219531 0.904167 0.060937 0.041667
