0 0.472266 0.350000 0.007031 0.011111
0 0.607031 0.497917 0.028125 0.043056
0 0.713672 0.662500 0.066406 0.111111
0 0.458203 0.380556 0.010156 0.016667
0 0.523828 0.373611 0.010156 0.013889
0 0.554688 0.350694 0.012500 0.037500
0 0.550391 0.470833 0.022656 0.036111
0 0.082031 0.779167 0.164062 0.386111
0 0.473828 0.359722 0.008594 0.013889
0 0.348047 0.552083 0.042969 0.056944
0 0.485547 0.363194 0.008594 0.012500
0 0.470313 0.398611 0.012500 0.019444
0 0.605078 0.430556 0.017969 0.025000
0 0.558984 0.404861 0.016406 0.020833
0 0.401172 0.415278 0.016406 0.022222
0 0.406641 0.456944 0.024219 0.036111
0 0.439453 0.381250 0.028906 0.031944
0 0.340234 0.469444 0.038281 0.063889
0 0.538281 0.419444 0.017188 0.025000
0 0.478906 0.376389 0.010937 0.013889
0 0.528516 0.393056 0.011719 0.022222
0 0.546484 0.378472 0.010156 0.015278
0 0.537109 0.364583 0.008594 0.012500
0 0.434766 0.400000 0.027344 0.050000
0 0.305078 0.795833 0.085156 0.133333
0 0.485156 0.341667 0.009375 0.022222
3 0.762500 0.686111 0.473438 0.619444
3 0.245703 0.704167 0.463281 0.583333
4 0.591797 0.533333 0.007031 0.011111
4 0.782813 0.630556 0.432812 0.505556
4 0.385547 0.569444 0.007031 0.013889
4 0.647656 0.537500 0.007812 0.011111
4 0.208984 0.737500 0.022656 0.033333
4 0.436328 0.702778 0.108594 0.591667
4 0.077344 0.939583 0.048438 0.070833
4 0.371094 0.496528 0.006250 0.009722
4 0.319141 0.721528 0.010156 0.015278
4 0.789062 0.751389 0.025000 0.036111
4 0.358594 0.631250 0.010937 0.020833
4 0.638672 0.643750 0.011719 0.023611
4 0.291406 0.534028 0.256250 0.276389
4 0.778516 0.967361 0.032031 0.062500
4 0.417969 0.494444 0.004687 0.008333
4 0.319922 0.572222 0.010156 0.013889
4 0.610547 0.578472 0.010156 0.015278
4 0.276953 0.636806 0.014844 0.020833
4 0.931641 0.967361 0.046094 0.062500
4 0.677344 0.581944 0.010937 0.013889
4 0.571484 0.715972 0.107031 0.565278
4 0.684766 0.751389 0.019531 0.036111
4 0.578906 0.503472 0.004687 0.009722
4 0.405078 0.523611 0.005469 0.011111
4 0.235937 0.920833 0.031250 0.063889
5 0.436328 0.702778 0.108594 0.591667
5 0.677344 0.581944 0.010937 0.013889
5 0.570312 0.479167 0.004687 0.008333
5 0.385547 0.473611 0.005469 0.008333
5 0.591406 0.533333 0.006250 0.011111
5 0.778516 0.967361 0.032031 0.062500
5 0.782813 0.629861 0.432812 0.504167
5 0.385547 0.569444 0.007031 0.013889
5 0.647656 0.537500 0.007812 0.011111
5 0.208984 0.737500 0.022656 0.033333
5 0.276953 0.636806 0.014844 0.020833
5 0.435547 0.454167 0.003906 0.005556
5 0.077344 0.939583 0.048438 0.070833
5 0.371094 0.495833 0.006250 0.008333
5 0.931641 0.967361 0.046094 0.062500
5 0.319141 0.721528 0.010156 0.015278
5 0.789062 0.751389 0.025000 0.036111
5 0.358984 0.631250 0.010156 0.020833
5 0.638672 0.643750 0.011719 0.023611
5 0.556250 0.444444 0.004687 0.005556
5 0.291406 0.534028 0.256250 0.276389
5 0.417969 0.494444 0.004687 0.008333
5 0.319922 0.572222 0.010156 0.013889
5 0.610547 0.578472 0.010156 0.015278
5 0.427344 0.471528 0.004687 0.006944
5 0.571094 0.716667 0.106250 0.563889
5 0.684766 0.751389 0.019531 0.036111
5 0.578906 0.502778 0.004687 0.008333
5 0.589453 0.445833 0.003906 0.005556
5 0.600000 0.462500 0.004687 0.008333
5 0.627344 0.505556 0.006250 0.008333
5 0.405078 0.523611 0.005469 0.011111
5 0.235937 0.920833 0.031250 0.063889
