0 0.462891 0.415278 0.017969 0.019444
0 0.392188 0.638889 0.053125 0.075000
0 0.472266 0.359028 0.008594 0.015278
0 0.489844 0.345833 0.010937 0.011111
0 0.649609 0.560417 0.041406 0.062500
0 0.421484 0.430556 0.017969 0.025000
0 0.479297 0.378472 0.010156 0.018056
0 0.443359 0.373611 0.010156 0.013889
0 0.631641 0.460417 0.024219 0.031944
0 0.484375 0.362500 0.009375 0.013889
0 0.459375 0.374306 0.009375 0.012500
0 0.381250 0.463889 0.059375 0.111111
0 0.562109 0.411111 0.016406 0.022222
0 0.335547 0.487500 0.030469 0.038889
0 0.213281 0.645833 0.071875 0.077778
0 0.534375 0.354167 0.007812 0.008333
0 0.556641 0.370139 0.008594 0.012500
0 0.542969 0.372917 0.009375 0.015278
0 0.543750 0.350000 0.007812 0.008333
0 0.233203 0.738194 0.102344 0.126389
0 0.472266 0.350000 0.005469 0.008333
3 0.777344 0.615278 0.443750 0.536111
3 0.760547 0.688194 0.477344 0.615278
3 0.232031 0.606250 0.464062 0.501389
3 0.232031 0.678472 0.464062 0.634722
3 0.644141 0.672917 0.257031 0.645833
4 0.783203 0.630556 0.432031 0.502778
4 0.358594 0.630556 0.009375 0.019444
4 0.351172 0.526389 0.008594 0.011111
4 0.433594 0.709722 0.104688 0.577778
4 0.077344 0.939583 0.050000 0.070833
4 0.316406 0.731250 0.015625 0.031944
4 0.610547 0.579167 0.010156 0.016667
4 0.569531 0.477778 0.004687 0.008333
4 0.385547 0.569444 0.007031 0.013889
4 0.229687 0.609028 0.459375 0.495833
4 0.778516 0.967361 0.032031 0.062500
4 0.721094 0.649306 0.015625 0.020833
4 0.677734 0.583333 0.010156 0.013889
4 0.319531 0.572917 0.009375 0.012500
4 0.405078 0.523611 0.005469 0.011111
4 0.276953 0.636806 0.014844 0.020833
4 0.931250 0.967361 0.045312 0.062500
4 0.591797 0.534722 0.007031 0.011111
4 0.627344 0.505556 0.006250 0.008333
4 0.789453 0.751389 0.024219 0.036111
4 0.684766 0.752083 0.019531 0.037500
4 0.578906 0.502083 0.004687 0.009722
4 0.513672 0.677778 0.260156 0.641667
4 0.236328 0.920833 0.032031 0.063889
5 0.783203 0.630556 0.432031 0.502778
5 0.358594 0.630556 0.009375 0.019444
5 0.556641 0.444444 0.003906 0.005556
5 0.405078 0.523611 0.005469 0.011111
5 0.433984 0.709722 0.105469 0.577778
5 0.276953 0.636806 0.014844 0.020833
5 0.589453 0.445833 0.003906 0.005556
5 0.077344 0.939583 0.050000 0.070833
5 0.417578 0.494444 0.005469 0.008333
5 0.316406 0.730556 0.015625 0.030556
5 0.610547 0.578472 0.008594 0.015278
5 0.427344 0.472222 0.004687 0.008333
5 0.569531 0.477778 0.004687 0.008333
5 0.159766 0.678472 0.319531 0.354167
5 0.385547 0.569444 0.007031 0.013889
5 0.351172 0.526389 0.008594 0.011111
5 0.778516 0.967361 0.032031 0.062500
5 0.721094 0.649306 0.015625 0.020833
5 0.319531 0.572917 0.009375 0.012500
5 0.931250 0.967361 0.045312 0.062500
5 0.591797 0.534722 0.007031 0.011111
5 0.677734 0.583333 0.010156 0.013889
5 0.627344 0.505556 0.006250 0.008333
5 0.789453 0.751389 0.024219 0.036111
5 0.638281 0.643750 0.012500 0.023611
5 0.684766 0.751389 0.019531 0.036111
5 0.562109 0.459028 0.003906 0.006944
5 0.435547 0.454167 0.003906 0.005556
5 0.578906 0.502083 0.004687 0.009722
5 0.599219 0.460417 0.004687 0.006944
5 0.503906 0.681250 0.240625 0.634722
5 0.610938 0.480556 0.004687 0.008333
5 0.235937 0.920833 0.031250 0.063889
