0 0.457422 0.419444 0.017969 0.027778
0 0.549609 0.359722 0.008594 0.011111
0 0.425781 0.556250 0.035937 0.054167
0 0.487891 0.356944 0.010156 0.016667
0 0.603516 0.459028 0.052344 0.098611
0 0.468750 0.393750 0.012500 0.018056
0 0.432422 0.415278 0.016406 0.022222
0 0.767578 0.627083 0.060156 0.087500
0 0.560937 0.495833 0.028125 0.044444
0 0.030469 0.907639 0.060937 0.123611
0 0.478125 0.377778 0.010937 0.013889
0 0.435156 0.365972 0.020313 0.040278
0 0.328906 0.525000 0.115625 0.219444
0 0.544922 0.379861 0.010156 0.015278
0 0.401953 0.472917 0.025781 0.034722
0 0.523828 0.378472 0.011719 0.018056
0 0.392188 0.425000 0.017188 0.025000
0 0.537109 0.403472 0.014844 0.020833
0 0.457813 0.363194 0.020313 0.043056
0 0.446094 0.473611 0.023438 0.033333
0 0.492188 0.348611 0.010937 0.022222
0 0.298047 0.988194 0.089844 0.020833
3 0.762500 0.673611 0.473438 0.644444
3 0.645703 0.673611 0.253906 0.644444
3 0.244922 0.683333 0.485156 0.627778
4 0.209375 0.737500 0.023438 0.033333
4 0.077734 0.938889 0.049219 0.069444
4 0.212891 0.617361 0.425781 0.456944
4 0.778125 0.624306 0.442188 0.518056
4 0.789453 0.751389 0.024219 0.036111
4 0.684766 0.751389 0.019531 0.036111
4 0.235937 0.920833 0.031250 0.063889
5 0.578906 0.502778 0.004687 0.008333
5 0.591406 0.534028 0.006250 0.009722
5 0.385547 0.569444 0.007031 0.013889
5 0.647656 0.537500 0.007812 0.011111
5 0.358594 0.631250 0.010937 0.020833
5 0.209375 0.737500 0.023438 0.033333
5 0.434766 0.707639 0.105469 0.581944
5 0.077734 0.938889 0.049219 0.069444
5 0.427344 0.470833 0.004687 0.008333
5 0.931250 0.967361 0.045312 0.062500
5 0.316406 0.731250 0.015625 0.031944
5 0.638672 0.644444 0.011719 0.022222
5 0.562109 0.459028 0.003906 0.006944
5 0.213672 0.617361 0.424219 0.456944
5 0.778125 0.967361 0.031250 0.062500
5 0.778906 0.625000 0.440625 0.516667
5 0.677344 0.582639 0.010937 0.015278
5 0.274609 0.639583 0.010156 0.015278
5 0.721094 0.649306 0.015625 0.020833
5 0.417969 0.494444 0.004687 0.008333
5 0.137109 0.699306 0.269531 0.293056
5 0.789453 0.751389 0.024219 0.036111
5 0.503906 0.702778 0.242188 0.591667
5 0.610938 0.578472 0.009375 0.015278
5 0.684766 0.751389 0.019531 0.036111
5 0.556641 0.443750 0.003906 0.006944
5 0.405078 0.523611 0.005469 0.011111
5 0.235937 0.920833 0.031250 0.063889
