0 0.921094 0.366667 0.073438 0.055556
0 0.482031 0.118056 0.032813 0.036111
0 0.418750 0.056944 0.025000 0.036111
0 0.022656 0.637500 0.045312 0.086111
0 0.338281 0.158333 0.035937 0.038889
0 0.085938 0.384722 0.071875 0.080556
3 0.235937 0.173611 0.468750 0.347222
3 0.235937 0.176389 0.468750 0.347222
3 0.272656 0.255556 0.545312 0.500000
3 0.343750 0.498611 0.681250 0.986111
4 0.113281 0.829167 0.039062 0.058333
4 0.279687 0.576389 0.012500 0.019444
4 0.519531 0.106944 0.010937 0.013889
4 0.089063 0.320833 0.062500 0.052778
4 0.421094 0.223611 0.017188 0.025000
4 0.388281 0.325000 0.023438 0.033333
4 0.174219 0.223611 0.348438 0.263889
4 0.012500 0.437500 0.025000 0.025000
4 0.235156 0.643056 0.014063 0.019444
4 0.289062 0.455556 0.037500 0.050000
4 0.243750 0.230556 0.025000 0.022222
4 0.182812 0.723611 0.015625 0.025000
4 0.256250 0.770833 0.250000 0.452778
4 0.053125 0.923611 0.021875 0.030556
4 0.275781 0.168056 0.039062 0.030556
4 0.193750 0.234722 0.056250 0.047222
4 0.348438 0.111111 0.028125 0.022222
4 0.119531 0.391667 0.239063 0.233333
4 0.139063 0.323611 0.037500 0.036111
4 0.139844 0.656944 0.054688 0.075000
4 0.458594 0.233333 0.017188 0.022222
4 0.083594 0.627778 0.054688 0.066667
4 0.512500 0.163889 0.012500 0.016667
4 0.103906 0.843056 0.020313 0.030556
4 0.343750 0.315278 0.025000 0.030556
4 0.346094 0.612500 0.429688 0.769444
4 0.123438 0.815278 0.018750 0.030556
4 0.551562 0.113889 0.009375 0.011111
4 0.238281 0.440278 0.035937 0.047222
5 0.135156 0.472222 0.248438 0.244444
5 0.519531 0.106944 0.010937 0.013889
5 0.346094 0.612500 0.429688 0.769444
5 0.089844 0.320833 0.060937 0.052778
5 0.421094 0.223611 0.017188 0.025000
5 0.555469 0.069444 0.010937 0.011111
5 0.388281 0.325000 0.023438 0.033333
5 0.012500 0.437500 0.025000 0.025000
5 0.235156 0.643056 0.014063 0.019444
5 0.289062 0.455556 0.037500 0.050000
5 0.389062 0.077778 0.012500 0.011111
5 0.149219 0.443056 0.282813 0.302778
5 0.243750 0.231944 0.025000 0.019444
5 0.182812 0.722222 0.015625 0.022222
5 0.256250 0.770833 0.250000 0.452778
5 0.053125 0.923611 0.021875 0.030556
5 0.275000 0.168056 0.037500 0.030556
5 0.193750 0.234722 0.056250 0.047222
5 0.349219 0.111111 0.026562 0.022222
5 0.120313 0.393056 0.237500 0.230556
5 0.138281 0.325000 0.035937 0.033333
5 0.139844 0.655556 0.054688 0.072222
5 0.459375 0.233333 0.015625 0.022222
5 0.168750 0.223611 0.334375 0.263889
5 0.279687 0.576389 0.012500 0.019444
5 0.083594 0.627778 0.054688 0.066667
5 0.032031 0.956944 0.010937 0.019444
5 0.512500 0.163889 0.012500 0.016667
5 0.103906 0.843056 0.020313 0.030556
5 0.343750 0.315278 0.025000 0.030556
5 0.123438 0.815278 0.018750 0.030556
5 0.551562 0.113889 0.009375 0.011111
5 0.238281 0.440278 0.035937 0.047222
