0 0.395703 0.609028 0.055469 0.090278
0 0.462891 0.370139 0.008594 0.012500
0 0.521094 0.355556 0.007812 0.011111
0 0.475781 0.378472 0.010937 0.015278
0 0.550781 0.348611 0.012500 0.027778
0 0.426172 0.425694 0.019531 0.031944
0 0.456250 0.360417 0.009375 0.015278
0 0.487500 0.362500 0.012500 0.016667
0 0.391406 0.428472 0.017188 0.026389
0 0.776172 0.799306 0.105469 0.148611
0 0.418750 0.394444 0.014063 0.022222
0 0.449219 0.392361 0.014063 0.018056
0 0.872266 0.760417 0.102344 0.120833
0 0.410156 0.447222 0.026562 0.041667
0 0.232422 0.621528 0.066406 0.070833
0 0.405078 0.412500 0.016406 0.022222
0 0.432422 0.381250 0.010156 0.015278
0 0.591406 0.415278 0.015625 0.022222
0 0.175000 0.688889 0.109375 0.080556
0 0.472656 0.392361 0.014063 0.020833
0 0.466016 0.354861 0.007031 0.009722
0 0.443750 0.468750 0.026562 0.034722
0 0.461719 0.415278 0.018750 0.033333
0 0.473438 0.360417 0.007812 0.012500
0 0.338281 0.575000 0.045312 0.058333
0 0.573438 0.391667 0.010937 0.016667
3 0.767578 0.624306 0.463281 0.515278
3 0.759375 0.679861 0.476562 0.629167
3 0.768750 0.684028 0.460938 0.620833
3 0.224609 0.615278 0.449219 0.494444
3 0.233984 0.697222 0.467969 0.597222
4 0.778906 0.625000 0.440625 0.516667
4 0.611719 0.480556 0.004687 0.008333
4 0.358984 0.630556 0.010156 0.019444
4 0.405078 0.523611 0.005469 0.011111
4 0.209375 0.737500 0.023438 0.033333
4 0.438281 0.694444 0.112500 0.608333
4 0.578906 0.502083 0.004687 0.009722
4 0.677344 0.581944 0.010937 0.013889
4 0.350781 0.526389 0.007812 0.011111
4 0.931641 0.966667 0.046094 0.063889
4 0.316406 0.731250 0.015625 0.031944
4 0.638672 0.643056 0.011719 0.022222
4 0.077734 0.938889 0.049219 0.069444
4 0.371094 0.495833 0.006250 0.008333
4 0.778516 0.967361 0.032031 0.062500
4 0.569531 0.477778 0.004687 0.008333
4 0.647656 0.537500 0.007812 0.011111
4 0.627734 0.505556 0.007031 0.008333
4 0.277344 0.636806 0.015625 0.020833
4 0.191406 0.644444 0.382812 0.425000
4 0.591797 0.534028 0.007031 0.009722
4 0.610938 0.578472 0.009375 0.015278
4 0.684766 0.750694 0.019531 0.037500
4 0.504297 0.688194 0.241406 0.620833
4 0.236328 0.920833 0.032031 0.063889
4 0.721094 0.648611 0.015625 0.022222
5 0.778125 0.623611 0.442188 0.516667
5 0.350781 0.526389 0.007812 0.011111
5 0.611719 0.480556 0.004687 0.008333
5 0.551562 0.431250 0.003125 0.006944
5 0.569531 0.477778 0.004687 0.008333
5 0.721094 0.649306 0.015625 0.020833
5 0.358984 0.630556 0.010156 0.019444
5 0.599219 0.460417 0.004687 0.006944
5 0.405078 0.523611 0.005469 0.011111
5 0.209375 0.737500 0.023438 0.033333
5 0.386328 0.472222 0.005469 0.008333
5 0.438281 0.693750 0.112500 0.609722
5 0.677344 0.581944 0.010937 0.013889
5 0.077734 0.938889 0.049219 0.069444
5 0.418359 0.493750 0.005469 0.006944
5 0.931641 0.966667 0.046094 0.063889
5 0.316406 0.730556 0.015625 0.030556
5 0.638672 0.643056 0.011719 0.022222
5 0.371094 0.495833 0.006250 0.008333
5 0.778516 0.967361 0.032031 0.062500
5 0.647656 0.537500 0.007812 0.011111
5 0.627734 0.505556 0.007031 0.008333
5 0.277344 0.636806 0.015625 0.020833
5 0.221094 0.614583 0.442188 0.484722
5 0.591797 0.534028 0.007031 0.009722
5 0.610938 0.578472 0.009375 0.015278
5 0.684766 0.750694 0.019531 0.037500
5 0.562109 0.459028 0.003906 0.006944
5 0.578906 0.502083 0.004687 0.009722
5 0.589844 0.445833 0.003125 0.005556
5 0.504297 0.688889 0.241406 0.619444
5 0.556641 0.444444 0.003906 0.005556
5 0.235937 0.920833 0.031250 0.063889
