0 0.471875 0.400000 0.014063 0.019444
0 0.547656 0.351389 0.012500 0.016667
0 0.480859 0.368750 0.010156 0.015278
0 0.521484 0.363194 0.008594 0.015278
0 0.826562 0.838889 0.109375 0.169444
0 0.428906 0.420833 0.017188 0.022222
0 0.466797 0.352778 0.008594 0.011111
0 0.457422 0.425694 0.021094 0.029167
0 0.759375 0.613194 0.073438 0.112500
0 0.035156 0.910417 0.070312 0.165278
0 0.466406 0.366667 0.009375 0.013889
0 0.434766 0.384028 0.011719 0.020833
0 0.423047 0.556944 0.036719 0.055556
0 0.192188 0.820833 0.134375 0.197222
0 0.405859 0.411806 0.017969 0.023611
0 0.387109 0.498611 0.030469 0.041667
0 0.481250 0.345139 0.006250 0.012500
0 0.612500 0.434722 0.021875 0.027778
0 0.556641 0.403472 0.011719 0.020833
0 0.525000 0.379167 0.012500 0.016667
0 0.304297 0.520139 0.047656 0.073611
0 0.553516 0.363889 0.008594 0.013889
0 0.535156 0.409722 0.015625 0.027778
0 0.473438 0.356944 0.007812 0.011111
0 0.475000 0.382639 0.010937 0.015278
0 0.449609 0.475694 0.024219 0.034722
0 0.488672 0.354861 0.008594 0.015278
0 0.543750 0.375000 0.010937 0.019444
0 0.388281 0.449306 0.026562 0.029167
0 0.667578 0.511806 0.036719 0.045833
3 0.779297 0.622222 0.439844 0.519444
3 0.777344 0.688194 0.443750 0.612500
3 0.643750 0.692361 0.248438 0.606944
3 0.231641 0.590278 0.463281 0.463889
3 0.242969 0.686806 0.462500 0.618056
3 0.732031 0.709028 0.414062 0.576389
4 0.782422 0.629861 0.433594 0.504167
4 0.611328 0.480556 0.005469 0.008333
4 0.450391 0.693056 0.136719 0.611111
4 0.721094 0.648611 0.015625 0.022222
4 0.931641 0.967361 0.046094 0.062500
4 0.385547 0.569444 0.007031 0.013889
4 0.350391 0.527083 0.008594 0.012500
4 0.077344 0.938889 0.048438 0.069444
4 0.316406 0.731250 0.015625 0.031944
4 0.610938 0.578472 0.009375 0.015278
4 0.576953 0.709722 0.119531 0.577778
4 0.240234 0.592361 0.439844 0.468056
4 0.778516 0.967361 0.032031 0.062500
4 0.569531 0.478472 0.004687 0.006944
4 0.677344 0.581944 0.010937 0.013889
4 0.319531 0.572222 0.009375 0.013889
4 0.276953 0.636806 0.014844 0.020833
4 0.591797 0.534722 0.007031 0.011111
4 0.627734 0.505556 0.007031 0.008333
4 0.784375 0.743750 0.015625 0.020833
4 0.638281 0.643750 0.012500 0.023611
4 0.684766 0.752083 0.019531 0.037500
4 0.578906 0.502778 0.004687 0.008333
4 0.647656 0.537500 0.007812 0.011111
4 0.405078 0.524306 0.005469 0.009722
4 0.236328 0.920833 0.032031 0.063889
5 0.782422 0.629861 0.433594 0.504167
5 0.611328 0.480556 0.005469 0.008333
5 0.450781 0.693750 0.137500 0.609722
5 0.562109 0.459722 0.003906 0.005556
5 0.721094 0.649306 0.015625 0.020833
5 0.569531 0.478472 0.004687 0.006944
5 0.385547 0.569444 0.007031 0.013889
5 0.319531 0.572222 0.009375 0.013889
5 0.417578 0.494444 0.005469 0.008333
5 0.350391 0.527083 0.008594 0.012500
5 0.077344 0.938889 0.048438 0.069444
5 0.316406 0.731250 0.015625 0.031944
5 0.610938 0.578472 0.009375 0.015278
5 0.784375 0.743750 0.015625 0.020833
5 0.571484 0.710417 0.107031 0.576389
5 0.239844 0.592361 0.439063 0.468056
5 0.778516 0.967361 0.032031 0.062500
5 0.627344 0.505556 0.006250 0.008333
5 0.599219 0.460417 0.004687 0.006944
5 0.427344 0.471528 0.004687 0.006944
5 0.556641 0.444444 0.003906 0.005556
5 0.276953 0.636806 0.014844 0.020833
5 0.931250 0.967361 0.045312 0.062500
5 0.591797 0.534722 0.007031 0.011111
5 0.638672 0.644444 0.011719 0.022222
5 0.684766 0.751389 0.019531 0.036111
5 0.435547 0.454167 0.003906 0.005556
5 0.578906 0.502778 0.004687 0.008333
5 0.589453 0.445833 0.003906 0.005556
5 0.647656 0.537500 0.007812 0.011111
5 0.405078 0.524306 0.005469 0.009722
5 0.236328 0.920833 0.032031 0.063889
5 0.677344 0.581944 0.010937 0.013889
