0 0.550000 0.416667 0.025000 0.027778
0 0.494531 0.411111 0.017188 0.022222
0 0.419531 0.365278 0.020313 0.030556
0 0.766406 0.940278 0.054688 0.086111
0 0.200781 0.269444 0.010937 0.016667
0 0.671094 0.477778 0.064062 0.066667
0 0.907031 0.779167 0.067187 0.086111
0 0.268750 0.275000 0.009375 0.011111
0 0.570312 0.430556 0.018750 0.027778
0 0.338281 0.398611 0.020313 0.036111
0 0.366406 0.470833 0.042188 0.075000
0 0.389062 0.454167 0.025000 0.041667
0 0.267969 0.261111 0.014063 0.016667
0 0.516406 0.444444 0.032813 0.044444
0 0.358594 0.305556 0.010937 0.016667
0 0.227344 0.279167 0.010937 0.013889
0 0.035156 0.555556 0.039062 0.044444
0 0.186719 0.338889 0.014063 0.033333
0 0.925000 0.805556 0.103125 0.138889
0 0.368750 0.555556 0.028125 0.044444
0 0.299219 0.450000 0.020313 0.038889
0 0.364844 0.329167 0.010937 0.019444
0 0.207031 0.279167 0.014063 0.019444
0 0.258594 0.343056 0.014063 0.019444
0 0.403906 0.334722 0.020313 0.036111
0 0.275000 0.365278 0.015625 0.025000
0 0.263281 0.387500 0.017188 0.030556
0 0.185938 0.280556 0.012500 0.016667
0 0.605469 0.519444 0.032813 0.044444
0 0.348438 0.313889 0.012500 0.022222
0 0.883594 0.851389 0.054688 0.069444
0 0.175781 0.356944 0.023438 0.052778
0 0.945312 0.825000 0.062500 0.100000
0 0.457031 0.430556 0.020313 0.022222
0 0.836719 0.544444 0.104688 0.105556
0 0.616406 0.756944 0.039062 0.058333
0 0.314844 0.291667 0.010937 0.016667
0 0.447656 0.569444 0.057813 0.133333
0 0.644531 0.897222 0.051562 0.077778
0 0.410938 0.340278 0.034375 0.041667
0 0.641406 0.612500 0.039062 0.052778
0 0.478125 0.370833 0.040625 0.047222
0 0.167187 0.498611 0.025000 0.030556
0 0.556250 0.455556 0.025000 0.027778
0 0.522656 0.800000 0.042188 0.072222
0 0.653906 0.452778 0.029687 0.022222
0 0.308594 0.408333 0.020313 0.033333
0 0.316406 0.272222 0.010937 0.011111
0 0.329688 0.304167 0.012500 0.019444
0 0.346875 0.297222 0.012500 0.016667
3 0.622656 0.627778 0.745313 0.716667
3 0.110156 0.436111 0.220312 0.355556
3 0.532813 0.640278 0.646875 0.702778
3 0.649219 0.455556 0.698438 0.377778
4 0.404687 0.687500 0.340625 0.619444
5 0.406250 0.688889 0.337500 0.616667
5 0.179688 0.034722 0.012500 0.036111
