0 0.469531 0.401389 0.014063 0.019444
0 0.407813 0.625694 0.045312 0.070833
0 0.491016 0.356944 0.008594 0.013889
0 0.449219 0.367361 0.009375 0.012500
0 0.443750 0.401389 0.015625 0.019444
0 0.458984 0.358333 0.008594 0.013889
0 0.798438 0.609722 0.192188 0.291667
0 0.523828 0.375000 0.011719 0.013889
0 0.123047 0.730556 0.092969 0.094444
0 0.451172 0.385417 0.011719 0.023611
0 0.431250 0.384722 0.009375 0.019444
0 0.453516 0.427083 0.016406 0.020833
0 0.283203 0.662500 0.075781 0.105556
0 0.415625 0.377778 0.023438 0.038889
0 0.414844 0.408333 0.034375 0.100000
0 0.333594 0.531944 0.040625 0.050000
0 0.475391 0.384028 0.011719 0.020833
0 0.598047 0.411111 0.036719 0.063889
0 0.398438 0.418750 0.014063 0.023611
0 0.570312 0.385417 0.014063 0.023611
0 0.459766 0.377083 0.010156 0.015278
0 0.363281 0.466667 0.026562 0.033333
0 0.557422 0.400694 0.011719 0.018056
0 0.467578 0.368750 0.010156 0.015278
0 0.703125 0.661806 0.064062 0.095833
0 0.538281 0.438889 0.018750 0.027778
0 0.451172 0.447917 0.021094 0.029167
0 0.534375 0.359028 0.009375 0.009722
0 0.640625 0.761806 0.076563 0.131944
0 0.482812 0.371528 0.009375 0.015278
0 0.559766 0.374306 0.010156 0.012500
0 0.544922 0.384722 0.011719 0.016667
0 0.414844 0.428472 0.034375 0.056944
0 0.327734 0.936806 0.113281 0.123611
0 0.638281 0.497917 0.031250 0.040278
3 0.781250 0.620833 0.435937 0.525000
3 0.762500 0.698611 0.473438 0.591667
3 0.784375 0.715972 0.429688 0.556944
3 0.265625 0.711111 0.412500 0.569444
3 0.200391 0.628472 0.400781 0.456944
3 0.236719 0.706250 0.473438 0.576389
3 0.677344 0.690972 0.315625 0.609722
4 0.314844 0.878472 0.009375 0.009722
4 0.611328 0.480556 0.005469 0.008333
4 0.647656 0.537500 0.007812 0.011111
4 0.569922 0.478472 0.003906 0.006944
4 0.808594 0.661806 0.381250 0.443056
4 0.385547 0.569444 0.007031 0.013889
4 0.209375 0.737500 0.023438 0.033333
4 0.386328 0.473611 0.007031 0.008333
4 0.438281 0.693750 0.112500 0.609722
4 0.358984 0.631250 0.010156 0.020833
4 0.789453 0.751389 0.024219 0.036111
4 0.578906 0.502083 0.004687 0.009722
4 0.077734 0.938889 0.049219 0.069444
4 0.370703 0.495139 0.005469 0.009722
4 0.319531 0.572917 0.009375 0.012500
4 0.944141 0.815972 0.110156 0.131944
4 0.316406 0.729861 0.015625 0.031944
4 0.417969 0.494444 0.004687 0.008333
4 0.778516 0.967361 0.032031 0.062500
4 0.194922 0.641667 0.389844 0.430556
4 0.931250 0.967361 0.045312 0.062500
4 0.591797 0.533333 0.007031 0.011111
4 0.571094 0.702778 0.107813 0.591667
4 0.684766 0.751389 0.019531 0.036111
4 0.610938 0.578472 0.009375 0.015278
4 0.638672 0.643056 0.011719 0.022222
4 0.405078 0.523611 0.005469 0.011111
4 0.235547 0.920833 0.032031 0.063889
4 0.677344 0.581944 0.010937 0.013889
5 0.314844 0.878472 0.009375 0.009722
5 0.453906 0.704167 0.143750 0.588889
5 0.562109 0.459028 0.003906 0.006944
5 0.569922 0.478472 0.003906 0.006944
5 0.385547 0.569444 0.007031 0.013889
5 0.209375 0.737500 0.023438 0.033333
5 0.386719 0.473611 0.006250 0.008333
5 0.789453 0.751389 0.024219 0.036111
5 0.578906 0.502083 0.004687 0.009722
5 0.659766 0.489583 0.083594 0.098611
5 0.077344 0.938889 0.048438 0.069444
5 0.370703 0.495139 0.005469 0.009722
5 0.944141 0.815972 0.110156 0.131944
5 0.316406 0.730556 0.015625 0.030556
5 0.417969 0.494444 0.004687 0.008333
5 0.194922 0.640972 0.389844 0.431944
5 0.358984 0.630556 0.010156 0.019444
5 0.778516 0.967361 0.032031 0.062500
5 0.677344 0.581944 0.010937 0.013889
5 0.647656 0.537500 0.007812 0.011111
5 0.589453 0.445833 0.003906 0.005556
5 0.556641 0.443750 0.003906 0.006944
5 0.599219 0.460417 0.004687 0.006944
5 0.319531 0.572917 0.009375 0.012500
5 0.931250 0.967361 0.045312 0.062500
5 0.591797 0.534028 0.007031 0.009722
5 0.610938 0.578472 0.009375 0.015278
5 0.684766 0.751389 0.019531 0.036111
5 0.428125 0.471528 0.004687 0.006944
5 0.570703 0.704167 0.107031 0.588889
5 0.638672 0.643056 0.011719 0.022222
5 0.611328 0.480556 0.005469 0.008333
5 0.405078 0.524306 0.005469 0.009722
5 0.235547 0.920833 0.032031 0.063889
