0 0.725781 0.710417 0.076563 0.112500
0 0.612109 0.444444 0.021094 0.030556
0 0.319531 0.500694 0.034375 0.040278
0 0.455469 0.438889 0.020313 0.027778
0 0.293750 0.545833 0.045312 0.055556
0 0.443359 0.373611 0.010156 0.013889
0 0.470703 0.363194 0.010156 0.015278
0 0.379297 0.444444 0.022656 0.027778
0 0.455078 0.383333 0.011719 0.016667
0 0.575781 0.393750 0.012500 0.018056
0 0.417578 0.434028 0.021094 0.026389
0 0.522656 0.359028 0.009375 0.012500
0 0.558594 0.397222 0.015625 0.033333
0 0.416016 0.402778 0.014844 0.019444
0 0.539062 0.365278 0.007812 0.013889
0 0.526953 0.377083 0.011719 0.015278
0 0.475000 0.390972 0.012500 0.018056
0 0.481641 0.352083 0.008594 0.012500
0 0.483203 0.370139 0.010156 0.015278
0 0.460938 0.357639 0.007812 0.009722
0 0.492188 0.354167 0.009375 0.013889
0 0.549609 0.358333 0.008594 0.011111
0 0.367188 0.522222 0.057813 0.083333
3 0.777734 0.620139 0.442969 0.523611
3 0.759375 0.686806 0.475000 0.615278
3 0.221484 0.616667 0.442969 0.477778
3 0.238672 0.690278 0.477344 0.608333
4 0.779687 0.625000 0.439063 0.513889
4 0.438281 0.693056 0.112500 0.611111
4 0.627344 0.505556 0.006250 0.008333
4 0.647656 0.537500 0.007812 0.011111
4 0.385937 0.569444 0.007812 0.013889
4 0.208984 0.737500 0.022656 0.033333
4 0.677344 0.582639 0.010937 0.015278
4 0.578906 0.503472 0.004687 0.009722
4 0.077734 0.938889 0.049219 0.069444
4 0.405469 0.524306 0.004687 0.009722
4 0.316406 0.731250 0.015625 0.031944
4 0.789453 0.751389 0.024219 0.036111
4 0.638672 0.643750 0.011719 0.023611
4 0.216016 0.618750 0.432031 0.473611
4 0.358594 0.631250 0.010937 0.020833
4 0.778125 0.967361 0.031250 0.062500
4 0.719922 0.646528 0.013281 0.015278
4 0.319922 0.572222 0.010156 0.013889
4 0.276953 0.636806 0.014844 0.020833
4 0.931250 0.967361 0.045312 0.062500
4 0.591797 0.534722 0.007031 0.011111
4 0.569922 0.701389 0.108594 0.594444
4 0.610938 0.578472 0.009375 0.015278
4 0.684375 0.751389 0.018750 0.036111
4 0.235937 0.920833 0.031250 0.063889
5 0.791797 0.641667 0.414844 0.480556
5 0.611328 0.480556 0.005469 0.008333
5 0.436719 0.695833 0.109375 0.605556
5 0.135156 0.704167 0.270313 0.302778
5 0.556641 0.444444 0.003906 0.005556
5 0.778125 0.967361 0.031250 0.062500
5 0.627344 0.505556 0.006250 0.008333
5 0.385937 0.569444 0.007812 0.013889
5 0.647656 0.537500 0.007812 0.011111
5 0.208984 0.737500 0.022656 0.033333
5 0.276953 0.636806 0.014844 0.020833
5 0.578906 0.502778 0.004687 0.008333
5 0.385156 0.475000 0.006250 0.008333
5 0.677344 0.582639 0.010937 0.015278
5 0.077734 0.938889 0.047656 0.069444
5 0.405469 0.524306 0.004687 0.009722
5 0.931250 0.967361 0.045312 0.062500
5 0.316406 0.731250 0.015625 0.031944
5 0.589453 0.445833 0.003906 0.005556
5 0.789453 0.751389 0.024219 0.036111
5 0.358594 0.631250 0.010937 0.020833
5 0.638672 0.643750 0.011719 0.023611
5 0.427344 0.471528 0.004687 0.006944
5 0.435547 0.453472 0.003906 0.006944
5 0.569922 0.478472 0.003906 0.006944
5 0.719922 0.646528 0.013281 0.015278
5 0.319531 0.572222 0.009375 0.013889
5 0.562109 0.459722 0.003906 0.005556
5 0.417969 0.494444 0.004687 0.008333
5 0.591797 0.534722 0.007031 0.011111
5 0.569922 0.701389 0.108594 0.594444
5 0.610938 0.578472 0.009375 0.015278
5 0.599219 0.461111 0.004687 0.005556
5 0.684375 0.751389 0.018750 0.036111
5 0.235937 0.920833 0.031250 0.063889
