0 0.183594 0.301389 0.020313 0.047222
0 0.398438 0.358333 0.015625 0.022222
0 0.528906 0.426389 0.029687 0.047222
0 0.218750 0.290278 0.009375 0.013889
0 0.614844 0.447222 0.054688 0.061111
0 0.404687 0.543056 0.028125 0.047222
0 0.207031 0.381944 0.017188 0.019444
0 0.278125 0.266667 0.009375 0.016667
0 0.325000 0.408333 0.034375 0.072222
0 0.287500 0.362500 0.028125 0.052778
0 0.764062 0.654167 0.062500 0.075000
0 0.339844 0.333333 0.014063 0.016667
0 0.225000 0.301389 0.012500 0.019444
0 0.210938 0.309722 0.012500 0.019444
0 0.339062 0.506944 0.025000 0.041667
0 0.174219 0.286111 0.007812 0.016667
0 0.168750 0.419444 0.018750 0.027778
0 0.288281 0.286111 0.010937 0.016667
0 0.319531 0.313889 0.010937 0.016667
0 0.276562 0.408333 0.018750 0.027778
0 0.375000 0.336111 0.012500 0.022222
0 0.268750 0.320833 0.015625 0.025000
0 0.688281 0.938889 0.064062 0.116667
0 0.356250 0.338889 0.015625 0.022222
0 0.697656 0.506944 0.029687 0.036111
0 0.241406 0.319444 0.014063 0.022222
0 0.544531 0.445833 0.048438 0.052778
0 0.785937 0.641667 0.025000 0.044444
0 0.385156 0.459722 0.020313 0.030556
0 0.457031 0.408333 0.017188 0.022222
0 0.554688 0.477778 0.028125 0.038889
0 0.358594 0.327778 0.014063 0.016667
0 0.954688 0.588889 0.087500 0.077778
0 0.702344 0.672222 0.035937 0.044444
0 0.237500 0.351389 0.015625 0.025000
0 0.421875 0.375000 0.015625 0.022222
0 0.320312 0.286111 0.012500 0.022222
0 0.421875 0.506944 0.025000 0.036111
0 0.412500 0.343056 0.015625 0.019444
0 0.656250 0.543056 0.028125 0.030556
0 0.440625 0.354167 0.015625 0.019444
0 0.460938 0.554167 0.025000 0.036111
0 0.374219 0.312500 0.017188 0.019444
0 0.322656 0.295833 0.014063 0.019444
0 0.739062 0.527778 0.031250 0.038889
3 0.618750 0.625000 0.759375 0.733333
3 0.110156 0.433333 0.220312 0.366667
3 0.527344 0.629167 0.664062 0.730556
4 0.910156 0.863889 0.017188 0.016667
4 0.987500 0.866667 0.018750 0.016667
4 0.935156 0.822222 0.017188 0.016667
4 0.412500 0.701389 0.325000 0.591667
5 0.910156 0.863889 0.017188 0.016667
5 0.987500 0.866667 0.018750 0.016667
5 0.935156 0.822222 0.017188 0.016667
5 0.412500 0.701389 0.325000 0.591667
