0 0.619922 0.502778 0.030469 0.044444
0 0.691797 0.709028 0.069531 0.118056
0 0.548828 0.353472 0.007031 0.018056
0 0.487500 0.359028 0.010937 0.018056
0 0.418750 0.397917 0.012500 0.018056
0 0.711719 0.564583 0.046875 0.059722
0 0.451172 0.468750 0.025781 0.034722
0 0.186719 0.659028 0.081250 0.090278
0 0.451562 0.364583 0.009375 0.012500
0 0.463672 0.375694 0.010156 0.015278
0 0.446484 0.397222 0.013281 0.019444
0 0.491797 0.334722 0.010156 0.016667
0 0.416406 0.432639 0.026562 0.048611
0 0.538672 0.368750 0.010156 0.015278
0 0.534766 0.361111 0.008594 0.011111
0 0.440625 0.376389 0.010937 0.016667
0 0.480078 0.350694 0.007031 0.018056
0 0.324219 0.503472 0.034375 0.048611
0 0.527734 0.388194 0.013281 0.018056
0 0.481250 0.370833 0.009375 0.013889
0 0.551172 0.462500 0.025781 0.052778
0 0.427734 0.527778 0.033594 0.041667
0 0.328125 0.590278 0.050000 0.069444
0 0.378125 0.714583 0.065625 0.095833
3 0.776563 0.622222 0.445312 0.519444
3 0.216406 0.622917 0.432812 0.468056
3 0.760547 0.681944 0.477344 0.627778
3 0.781250 0.692361 0.435937 0.604167
3 0.241016 0.686111 0.482031 0.616667
4 0.350391 0.527778 0.008594 0.011111
4 0.435547 0.695139 0.107031 0.606944
4 0.591797 0.534722 0.007031 0.011111
4 0.931250 0.967361 0.045312 0.062500
4 0.648047 0.538194 0.008594 0.012500
4 0.385547 0.569444 0.007031 0.013889
4 0.209766 0.736806 0.024219 0.034722
4 0.077734 0.939583 0.049219 0.070833
4 0.316016 0.731250 0.016406 0.031944
4 0.358594 0.631250 0.010937 0.020833
4 0.638281 0.644444 0.012500 0.022222
4 0.216016 0.620139 0.432031 0.473611
4 0.778125 0.967361 0.031250 0.062500
4 0.778125 0.623611 0.442188 0.516667
4 0.676953 0.581944 0.010156 0.013889
4 0.276562 0.636806 0.014063 0.020833
4 0.789062 0.751389 0.025000 0.036111
4 0.503906 0.679861 0.240625 0.637500
4 0.610938 0.579167 0.009375 0.016667
4 0.235937 0.920833 0.031250 0.063889
4 0.721094 0.649306 0.015625 0.020833
5 0.589453 0.445833 0.003906 0.005556
5 0.435547 0.695833 0.107031 0.605556
5 0.569531 0.479167 0.004687 0.008333
5 0.591797 0.534028 0.007031 0.009722
5 0.648047 0.538194 0.008594 0.012500
5 0.073047 0.771528 0.146094 0.168056
5 0.209375 0.737500 0.023438 0.033333
5 0.578906 0.503472 0.004687 0.009722
5 0.435156 0.454861 0.004687 0.006944
5 0.676953 0.581944 0.010156 0.013889
5 0.077344 0.939583 0.048438 0.070833
5 0.385937 0.473611 0.004687 0.008333
5 0.931250 0.967361 0.045312 0.062500
5 0.316016 0.731250 0.016406 0.031944
5 0.358984 0.631250 0.010156 0.020833
5 0.638672 0.644444 0.011719 0.022222
5 0.371094 0.495139 0.006250 0.009722
5 0.385547 0.569444 0.007031 0.013889
5 0.350391 0.527778 0.007031 0.011111
5 0.216016 0.619444 0.432031 0.472222
5 0.778125 0.967361 0.031250 0.062500
5 0.427344 0.471528 0.004687 0.006944
5 0.778125 0.623611 0.442188 0.516667
5 0.417969 0.493750 0.004687 0.006944
5 0.405078 0.524306 0.005469 0.009722
5 0.276562 0.636806 0.014063 0.020833
5 0.789062 0.751389 0.025000 0.036111
5 0.610938 0.578472 0.009375 0.015278
5 0.503906 0.702778 0.240625 0.591667
5 0.599219 0.461806 0.004687 0.006944
5 0.235937 0.920833 0.031250 0.063889
5 0.721094 0.649306 0.015625 0.020833
