0 0.378125 0.515278 0.296875 0.186111
0 0.707031 0.168056 0.035937 0.058333
0 0.833594 0.331944 0.054688 0.091667
0 0.721875 0.212500 0.021875 0.075000
0 0.879687 0.008333 0.040625 0.016667
0 0.032031 0.331944 0.054688 0.075000
0 0.591406 0.018056 0.039062 0.036111
0 0.292187 0.226389 0.043750 0.052778
0 0.953125 0.365278 0.062500 0.097222
0 0.821094 0.008333 0.032813 0.016667
0 0.685937 0.415278 0.068750 0.080556
0 0.904687 0.325000 0.050000 0.066667
0 0.639844 0.666667 0.179688 0.172222
0 0.089844 0.333333 0.079687 0.094444
0 0.160156 0.286111 0.070312 0.077778
0 0.858594 0.800000 0.064062 0.105556
0 0.167187 0.311111 0.065625 0.072222
0 0.947656 0.493056 0.073438 0.102778
0 0.778125 0.219444 0.090625 0.188889
0 0.351562 0.136111 0.040625 0.072222
0 0.696875 0.476389 0.065625 0.102778
0 0.628906 0.081944 0.010937 0.047222
0 0.667188 0.080556 0.071875 0.150000
0 0.752344 0.334722 0.060937 0.158333
0 0.832031 0.215278 0.029687 0.080556
0 0.760156 0.116667 0.029687 0.016667
0 0.886719 0.286111 0.060937 0.072222
0 0.260156 0.277778 0.060937 0.077778
3 0.749219 0.497222 0.498437 0.988889
3 0.854688 0.145833 0.287500 0.291667
3 0.761719 0.347222 0.473438 0.683333
3 0.233594 0.208333 0.467187 0.416667
4 0.235937 0.208333 0.468750 0.416667
4 0.179688 0.036111 0.012500 0.033333
5 0.235937 0.208333 0.468750 0.416667
5 0.179688 0.036111 0.012500 0.033333
