0 0.725781 0.508333 0.067187 0.072222
0 0.476562 0.630556 0.043750 0.055556
0 0.471875 0.394444 0.028125 0.038889
0 0.817187 0.597222 0.143750 0.172222
0 0.507812 0.395833 0.043750 0.080556
0 0.410938 0.301389 0.015625 0.019444
0 0.387500 0.284722 0.015625 0.019444
0 0.393750 0.483333 0.078125 0.138889
0 0.702344 0.902778 0.079687 0.100000
0 0.648438 0.487500 0.037500 0.041667
0 0.547656 0.448611 0.029687 0.036111
0 0.625781 0.706944 0.067187 0.086111
0 0.654687 0.519444 0.040625 0.038889
0 0.388281 0.316667 0.017188 0.027778
3 0.300000 0.718056 0.196875 0.552778
3 0.699219 0.595833 0.598437 0.558333
3 0.590625 0.688889 0.615625 0.611111
4 0.398438 0.840278 0.012500 0.313889
4 0.480469 0.844444 0.164062 0.305556
5 0.179688 0.033333 0.012500 0.033333
5 0.398438 0.840278 0.012500 0.313889
5 0.479687 0.843056 0.165625 0.308333
