0 0.560937 0.379167 0.009375 0.019444
0 0.457813 0.436806 0.020313 0.026389
0 0.532422 0.352778 0.008594 0.013889
0 0.604688 0.487500 0.026562 0.041667
0 0.486328 0.357639 0.011719 0.018056
0 0.467187 0.402083 0.015625 0.023611
0 0.330078 0.502083 0.033594 0.043056
0 0.354687 0.474306 0.028125 0.037500
0 0.448047 0.356944 0.017969 0.036111
0 0.709766 0.657639 0.061719 0.093056
0 0.321875 0.628472 0.054688 0.068056
0 0.435156 0.518056 0.031250 0.044444
0 0.541406 0.438889 0.018750 0.027778
0 0.153906 0.900000 0.131250 0.155556
0 0.478906 0.377778 0.010937 0.016667
0 0.559766 0.411806 0.014844 0.023611
0 0.439844 0.411806 0.012500 0.020833
0 0.531250 0.409722 0.014063 0.022222
0 0.455469 0.379861 0.014063 0.018056
0 0.454688 0.464583 0.021875 0.031944
0 0.223047 0.568750 0.177344 0.243056
0 0.467969 0.364583 0.009375 0.015278
0 0.610156 0.665972 0.057813 0.093056
0 0.524219 0.361806 0.009375 0.015278
0 0.551562 0.384028 0.012500 0.018056
0 0.410938 0.422222 0.046875 0.088889
0 0.327734 0.844444 0.088281 0.136111
3 0.783203 0.633333 0.432031 0.505556
3 0.760156 0.680556 0.478125 0.630556
3 0.788281 0.700000 0.421875 0.588889
3 0.193750 0.636806 0.387500 0.437500
3 0.239453 0.693056 0.478906 0.605556
4 0.073047 0.772222 0.146094 0.166667
4 0.209375 0.736806 0.023438 0.034722
4 0.436719 0.699306 0.109375 0.598611
4 0.276953 0.636806 0.014844 0.020833
4 0.072266 0.945139 0.036719 0.056944
4 0.931641 0.967361 0.046094 0.062500
4 0.316406 0.729861 0.015625 0.031944
4 0.638672 0.643056 0.011719 0.022222
4 0.385547 0.569444 0.007031 0.013889
4 0.350781 0.526389 0.007812 0.011111
4 0.778516 0.967361 0.032031 0.062500
4 0.784766 0.633333 0.428906 0.500000
4 0.405078 0.524306 0.005469 0.012500
4 0.610938 0.578472 0.009375 0.015278
4 0.319922 0.572222 0.010156 0.013889
4 0.591406 0.533333 0.006250 0.011111
4 0.677344 0.581944 0.010937 0.013889
4 0.789062 0.751389 0.025000 0.036111
4 0.504297 0.688194 0.241406 0.620833
4 0.684766 0.750694 0.019531 0.037500
4 0.647656 0.537500 0.007812 0.011111
4 0.236328 0.920833 0.032031 0.063889
4 0.358984 0.630556 0.010156 0.019444
5 0.589844 0.445833 0.003125 0.005556
5 0.434766 0.710417 0.105469 0.576389
5 0.578906 0.502083 0.004687 0.009722
5 0.569922 0.477778 0.003906 0.008333
5 0.778516 0.967361 0.032031 0.062500
5 0.627734 0.505556 0.007031 0.008333
5 0.405078 0.524306 0.005469 0.012500
5 0.209375 0.736806 0.023438 0.034722
5 0.276953 0.636806 0.014844 0.020833
5 0.072266 0.945139 0.036719 0.056944
5 0.417969 0.493056 0.004687 0.008333
5 0.931641 0.967361 0.046094 0.062500
5 0.316406 0.729861 0.015625 0.031944
5 0.638672 0.643056 0.011719 0.022222
5 0.371094 0.495139 0.006250 0.009722
5 0.385547 0.569444 0.007031 0.013889
5 0.358984 0.630556 0.010156 0.019444
5 0.350781 0.526389 0.007812 0.011111
5 0.784766 0.633333 0.428906 0.500000
5 0.582031 0.433333 0.003125 0.005556
5 0.560156 0.453472 0.007812 0.018056
5 0.610938 0.578472 0.009375 0.015278
5 0.320312 0.571528 0.009375 0.012500
5 0.073047 0.772222 0.146094 0.166667
5 0.591406 0.533333 0.006250 0.011111
5 0.677344 0.581944 0.010937 0.013889
5 0.428125 0.470833 0.004687 0.008333
5 0.789453 0.751389 0.024219 0.036111
5 0.504297 0.688889 0.241406 0.619444
5 0.684766 0.750694 0.019531 0.037500
5 0.385547 0.473611 0.005469 0.008333
5 0.647656 0.537500 0.007812 0.011111
5 0.236328 0.920833 0.032031 0.063889
