0 0.341016 0.571528 0.049219 0.059722
0 0.551562 0.360417 0.009375 0.009722
0 0.525391 0.374306 0.010156 0.018056
0 0.709766 0.668056 0.064844 0.094444
0 0.576953 0.390972 0.019531 0.031944
0 0.563281 0.375000 0.009375 0.016667
0 0.453906 0.386111 0.012500 0.016667
0 0.366016 0.464583 0.027344 0.034722
0 0.621875 0.511111 0.032813 0.050000
0 0.490625 0.358333 0.007812 0.013889
0 0.549219 0.393750 0.009375 0.018056
0 0.448828 0.366667 0.008594 0.013889
0 0.149219 0.718056 0.095312 0.100000
0 0.460547 0.372222 0.010156 0.013889
0 0.423047 0.390278 0.016406 0.025000
0 0.401953 0.470833 0.027344 0.033333
0 0.542578 0.343056 0.007031 0.013889
0 0.390234 0.428472 0.021094 0.034722
0 0.542969 0.372917 0.010937 0.012500
0 0.454688 0.434028 0.007812 0.018056
0 0.597656 0.420139 0.017188 0.023611
0 0.484375 0.340972 0.006250 0.012500
0 0.474609 0.387500 0.011719 0.016667
0 0.549219 0.432639 0.018750 0.029167
0 0.482812 0.372917 0.010937 0.015278
0 0.446484 0.481944 0.027344 0.038889
0 0.535547 0.361806 0.007031 0.012500
0 0.572266 0.551389 0.033594 0.058333
0 0.589844 0.456944 0.021875 0.033333
0 0.555469 0.400694 0.014063 0.023611
0 0.430469 0.415972 0.020313 0.031944
0 0.360547 0.766667 0.072656 0.111111
3 0.760547 0.693056 0.477344 0.605556
3 0.273047 0.698611 0.400781 0.594444
3 0.222266 0.613889 0.444531 0.486111
3 0.239063 0.688889 0.478125 0.613889
4 0.371094 0.495833 0.006250 0.011111
4 0.659375 0.554861 0.031250 0.045833
4 0.438281 0.694444 0.112500 0.608333
4 0.578906 0.502778 0.004687 0.008333
4 0.077734 0.939583 0.049219 0.070833
4 0.350000 0.527778 0.007812 0.011111
4 0.385547 0.569444 0.007031 0.013889
4 0.931641 0.967361 0.046094 0.062500
4 0.316016 0.730556 0.016406 0.030556
4 0.638281 0.643750 0.012500 0.023611
4 0.417969 0.494444 0.004687 0.008333
4 0.358594 0.631250 0.010937 0.020833
4 0.221094 0.615278 0.442188 0.483333
4 0.778516 0.967361 0.032031 0.062500
4 0.803906 0.656944 0.390625 0.452778
4 0.276953 0.636806 0.014844 0.020833
4 0.209766 0.736806 0.024219 0.034722
4 0.591406 0.534028 0.006250 0.009722
4 0.677344 0.581944 0.010937 0.013889
4 0.610547 0.579167 0.010156 0.016667
4 0.789062 0.751389 0.025000 0.036111
4 0.504297 0.702778 0.241406 0.591667
4 0.684766 0.751389 0.019531 0.036111
4 0.405078 0.524306 0.005469 0.009722
4 0.236328 0.920833 0.032031 0.063889
5 0.610938 0.480556 0.004687 0.008333
5 0.436719 0.699306 0.109375 0.598611
5 0.562109 0.459028 0.003906 0.006944
5 0.371094 0.495139 0.006250 0.009722
5 0.778516 0.967361 0.032031 0.062500
5 0.385547 0.569444 0.007031 0.013889
5 0.659375 0.554861 0.031250 0.045833
5 0.578906 0.502778 0.004687 0.008333
5 0.077734 0.938889 0.049219 0.069444
5 0.350000 0.527083 0.007812 0.012500
5 0.931641 0.967361 0.046094 0.062500
5 0.316016 0.730556 0.016406 0.030556
5 0.789062 0.751389 0.025000 0.036111
5 0.638281 0.644444 0.012500 0.022222
5 0.417969 0.494444 0.004687 0.008333
5 0.358984 0.631250 0.010156 0.020833
5 0.220312 0.615972 0.440625 0.481944
5 0.771094 0.656944 0.456250 0.450000
5 0.610547 0.578472 0.010156 0.015278
5 0.276953 0.636806 0.014844 0.020833
5 0.209766 0.736806 0.024219 0.034722
5 0.591406 0.534028 0.006250 0.009722
5 0.437891 0.448611 0.008594 0.019444
5 0.503906 0.702778 0.240625 0.591667
5 0.684766 0.751389 0.019531 0.036111
5 0.569531 0.477778 0.004687 0.008333
5 0.405078 0.524306 0.005469 0.009722
5 0.235937 0.920833 0.031250 0.063889
5 0.677344 0.581944 0.010937 0.013889
