0 0.942969 0.073611 0.042188 0.036111
0 0.846875 0.008333 0.031250 0.016667
0 0.772656 0.259722 0.020313 0.052778
0 0.942187 0.008333 0.028125 0.016667
0 0.884375 0.065278 0.037500 0.025000
0 0.588281 0.013889 0.020313 0.027778
0 0.091406 0.338889 0.070312 0.077778
0 0.949219 0.355556 0.064062 0.088889
0 0.682031 0.413889 0.060937 0.083333
0 0.642969 0.666667 0.173437 0.172222
0 0.375000 0.513889 0.281250 0.188889
0 0.569531 0.013889 0.020313 0.027778
0 0.858594 0.802778 0.064062 0.111111
0 0.835156 0.295833 0.101562 0.213889
0 0.769531 0.006944 0.026562 0.013889
0 0.438281 0.054167 0.045312 0.108333
0 0.254688 0.252778 0.043750 0.050000
0 0.228125 0.290278 0.065625 0.080556
0 0.967187 0.105556 0.040625 0.044444
0 0.991406 0.441667 0.014063 0.077778
0 0.770312 0.330556 0.053125 0.083333
0 0.978125 0.188889 0.040625 0.050000
0 0.914062 0.440278 0.065625 0.102778
0 0.696875 0.473611 0.065625 0.102778
0 0.776563 0.391667 0.062500 0.116667
0 0.603906 0.134722 0.048438 0.086111
0 0.398438 0.008333 0.025000 0.016667
0 0.710938 0.141667 0.087500 0.166667
0 0.604688 0.023611 0.031250 0.047222
0 0.913281 0.120833 0.039062 0.052778
0 0.760156 0.236111 0.039062 0.066667
0 0.330469 0.208333 0.045312 0.077778
0 0.899219 0.294444 0.035937 0.072222
1 0.553906 0.686111 0.020313 0.072222
1 0.628906 0.420833 0.017188 0.075000
3 0.843750 0.144444 0.309375 0.288889
3 0.734375 0.497222 0.528125 0.988889
3 0.760938 0.343056 0.475000 0.680556
3 0.229687 0.211111 0.459375 0.416667
4 0.749219 0.455556 0.498437 0.894444
4 0.235937 0.211111 0.468750 0.422222
5 0.459375 0.095833 0.028125 0.191667
5 0.750000 0.456944 0.496875 0.891667
5 0.179688 0.034722 0.012500 0.036111
5 0.383594 0.150000 0.054688 0.122222
5 0.352344 0.080556 0.042188 0.155556
