0 0.464844 0.374306 0.010937 0.020833
0 0.492188 0.356250 0.009375 0.015278
0 0.869531 0.742361 0.103125 0.145833
0 0.537109 0.363194 0.008594 0.012500
0 0.368750 0.745139 0.070312 0.106944
0 0.444922 0.403472 0.014844 0.015278
0 0.426953 0.422917 0.017969 0.026389
0 0.465234 0.409028 0.016406 0.020833
0 0.713672 0.565278 0.046094 0.055556
0 0.525391 0.368056 0.010156 0.016667
0 0.477734 0.345833 0.014844 0.027778
0 0.069141 0.775000 0.103906 0.111111
0 0.457031 0.380556 0.012500 0.019444
0 0.537500 0.423611 0.017188 0.025000
0 0.359375 0.529167 0.034375 0.047222
0 0.478906 0.373611 0.017188 0.016667
0 0.594141 0.422222 0.017969 0.025000
0 0.560156 0.371528 0.009375 0.015278
0 0.532813 0.341667 0.006250 0.008333
0 0.409766 0.409028 0.016406 0.020833
0 0.405078 0.465972 0.025781 0.031944
0 0.435547 0.368750 0.024219 0.045833
0 0.366016 0.450000 0.027344 0.036111
0 0.475391 0.387500 0.013281 0.013889
0 0.459766 0.359722 0.011719 0.013889
0 0.530469 0.388194 0.012500 0.020833
0 0.453516 0.452778 0.019531 0.027778
0 0.522656 0.348611 0.007812 0.016667
0 0.484766 0.364583 0.010156 0.012500
0 0.294531 0.656944 0.062500 0.083333
0 0.547266 0.359722 0.007031 0.013889
3 0.779297 0.627778 0.439844 0.505556
3 0.773438 0.687500 0.451562 0.613889
3 0.642578 0.686111 0.249219 0.619444
3 0.239063 0.704861 0.478125 0.581944
4 0.611328 0.480556 0.005469 0.008333
4 0.784375 0.631944 0.429688 0.500000
4 0.385547 0.569444 0.007031 0.013889
4 0.648047 0.537500 0.008594 0.011111
4 0.209766 0.736806 0.024219 0.034722
4 0.438281 0.693056 0.112500 0.611111
4 0.578906 0.502083 0.004687 0.009722
4 0.677344 0.582639 0.010937 0.015278
4 0.370703 0.495833 0.007031 0.011111
4 0.405078 0.524306 0.005469 0.009722
4 0.316406 0.729861 0.015625 0.031944
4 0.638672 0.643750 0.011719 0.023611
4 0.077734 0.939583 0.049219 0.070833
4 0.569922 0.477778 0.003906 0.008333
4 0.358984 0.630556 0.010156 0.019444
4 0.778516 0.967361 0.032031 0.062500
4 0.319531 0.572222 0.009375 0.013889
4 0.721094 0.648611 0.015625 0.022222
4 0.211719 0.623611 0.423438 0.463889
4 0.931641 0.966667 0.046094 0.063889
4 0.591797 0.534028 0.007031 0.009722
4 0.627344 0.504861 0.006250 0.009722
4 0.789453 0.751389 0.024219 0.036111
4 0.504297 0.707639 0.241406 0.581944
4 0.610938 0.578472 0.009375 0.015278
4 0.684766 0.750694 0.019531 0.037500
4 0.236328 0.920833 0.032031 0.063889
5 0.784375 0.631944 0.429688 0.500000
5 0.611719 0.480556 0.004687 0.008333
5 0.438281 0.690972 0.112500 0.615278
5 0.386328 0.473611 0.005469 0.008333
5 0.569922 0.477778 0.003906 0.008333
5 0.385547 0.569444 0.007031 0.013889
5 0.011328 0.840278 0.022656 0.030556
5 0.209766 0.736806 0.024219 0.034722
5 0.578906 0.502083 0.004687 0.009722
5 0.677344 0.581944 0.010937 0.013889
5 0.371094 0.495833 0.006250 0.011111
5 0.405078 0.524306 0.005469 0.009722
5 0.316406 0.729861 0.015625 0.031944
5 0.638672 0.643750 0.011719 0.023611
5 0.077734 0.938889 0.049219 0.069444
5 0.428125 0.471528 0.004687 0.006944
5 0.358984 0.630556 0.010156 0.019444
5 0.211328 0.622917 0.422656 0.459722
5 0.778516 0.967361 0.032031 0.062500
5 0.721094 0.648611 0.015625 0.022222
5 0.589453 0.445833 0.003906 0.005556
5 0.319531 0.572222 0.009375 0.013889
5 0.556250 0.444444 0.004687 0.005556
5 0.417969 0.494444 0.004687 0.008333
5 0.599219 0.460417 0.004687 0.006944
5 0.931641 0.966667 0.046094 0.063889
5 0.591797 0.534028 0.007031 0.009722
5 0.627344 0.504861 0.006250 0.009722
5 0.789453 0.751389 0.024219 0.036111
5 0.562109 0.459028 0.003906 0.006944
5 0.435937 0.454167 0.004687 0.005556
5 0.571484 0.715972 0.107031 0.565278
5 0.610938 0.578472 0.009375 0.015278
5 0.684766 0.750694 0.019531 0.037500
5 0.647656 0.537500 0.007812 0.011111
5 0.236328 0.920833 0.032031 0.063889
