0 0.631250 0.052778 0.031250 0.050000
0 0.892969 0.008333 0.035937 0.016667
0 0.648438 0.240278 0.056250 0.102778
0 0.397656 0.016667 0.029687 0.033333
0 0.312500 0.238889 0.053125 0.083333
0 0.807813 0.306944 0.012500 0.069444
0 0.017969 0.366667 0.035937 0.077778
0 0.382031 0.061111 0.017188 0.044444
0 0.959375 0.383333 0.053125 0.077778
0 0.865625 0.076389 0.043750 0.047222
0 0.682813 0.416667 0.062500 0.077778
0 0.648438 0.666667 0.162500 0.172222
0 0.375781 0.516667 0.282813 0.188889
0 0.953125 0.041667 0.034375 0.077778
0 0.570312 0.012500 0.025000 0.025000
0 0.858594 0.800000 0.064062 0.105556
0 0.534375 0.027778 0.031250 0.050000
0 0.870313 0.341667 0.115625 0.233333
0 0.690625 0.165278 0.012500 0.058333
0 0.415625 0.105556 0.059375 0.155556
0 0.206250 0.276389 0.046875 0.052778
0 0.175000 0.311111 0.071875 0.083333
0 0.959375 0.508333 0.071875 0.111111
0 0.928906 0.319444 0.020313 0.072222
0 0.735938 0.166667 0.087500 0.177778
0 0.963281 0.176389 0.042188 0.052778
0 0.779687 0.400000 0.062500 0.116667
0 0.697656 0.472222 0.067187 0.100000
0 0.892969 0.034722 0.035937 0.069444
0 0.442969 0.013889 0.026562 0.022222
0 0.598437 0.022222 0.031250 0.044444
0 0.784375 0.266667 0.040625 0.050000
0 0.779687 0.320833 0.056250 0.052778
1 0.633594 0.438889 0.014063 0.072222
3 0.737500 0.498611 0.521875 0.986111
3 0.853906 0.143056 0.289062 0.286111
3 0.771094 0.348611 0.454688 0.686111
3 0.239063 0.209722 0.459375 0.413889
4 0.763281 0.483333 0.470313 0.850000
4 0.242188 0.208333 0.462500 0.416667
5 0.763281 0.483333 0.470313 0.844444
5 0.253125 0.205556 0.437500 0.405556
5 0.179688 0.034722 0.012500 0.036111
5 0.339844 0.097222 0.067187 0.183333
