0 0.234375 0.455556 0.021875 0.022222
0 0.151562 0.322222 0.018750 0.011111
0 0.400781 0.416667 0.014063 0.027778
0 0.086719 0.341667 0.014063 0.011111
0 0.360156 0.333333 0.014063 0.016667
0 0.362500 0.318056 0.006250 0.013889
0 0.419531 0.386111 0.014063 0.022222
0 0.449219 0.355556 0.010937 0.016667
0 0.047656 0.355556 0.023438 0.016667
0 0.131250 0.450000 0.028125 0.022222
0 0.259375 0.281944 0.006250 0.008333
0 0.587500 0.575000 0.031250 0.044444
0 0.394531 0.356944 0.007812 0.019444
0 0.445312 0.419444 0.015625 0.027778
0 0.200781 0.308333 0.010937 0.011111
0 0.013281 0.450000 0.026562 0.022222
0 0.325781 0.302778 0.004687 0.011111
0 0.332813 0.343056 0.009375 0.013889
0 0.119531 0.331944 0.017188 0.013889
0 0.257812 0.466667 0.031250 0.027778
0 0.664062 0.298611 0.028125 0.025000
0 0.436719 0.466667 0.023438 0.033333
0 0.351562 0.376389 0.012500 0.025000
0 0.467969 0.587500 0.067187 0.141667
0 0.064844 0.441667 0.032813 0.027778
0 0.313281 0.308333 0.007812 0.016667
0 0.027344 0.359722 0.020313 0.013889
0 0.188281 0.313889 0.014063 0.011111
0 0.365625 0.401389 0.012500 0.025000
0 0.349219 0.266667 0.010937 0.022222
0 0.182031 0.451389 0.029687 0.025000
0 0.573438 0.601389 0.031250 0.036111
0 0.357812 0.347222 0.012500 0.022222
0 0.005469 0.365278 0.010937 0.013889
0 0.502344 0.397222 0.017188 0.022222
0 0.528906 0.302778 0.014063 0.011111
0 0.799219 0.311111 0.020313 0.016667
0 0.353906 0.280556 0.004687 0.005556
0 0.874219 0.312500 0.029687 0.013889
0 0.471875 0.512500 0.025000 0.041667
0 0.526563 0.601389 0.028125 0.041667
0 0.380469 0.337500 0.007812 0.013889
0 0.171875 0.316667 0.015625 0.011111
0 0.397656 0.381944 0.014063 0.025000
0 0.408594 0.331944 0.007812 0.013889
0 0.385937 0.309722 0.006250 0.013889
0 0.378125 0.290278 0.009375 0.013889
0 0.289062 0.487500 0.028125 0.025000
3 0.883594 0.888889 0.229687 0.216667
3 0.678906 0.295833 0.639062 0.075000
3 0.146094 0.298611 0.282813 0.152778
3 0.231250 0.551389 0.453125 0.219444
3 0.499219 0.737500 0.998437 0.513889
3 0.457031 0.451389 0.323437 0.386111
3 0.517188 0.404167 0.418750 0.341667
4 0.180469 0.856944 0.360938 0.147222
4 0.791406 0.693056 0.042188 0.025000
4 0.310156 0.955556 0.089063 0.044444
4 0.203125 0.912500 0.406250 0.169444
4 0.412500 0.613889 0.078125 0.111111
4 0.614844 0.795833 0.057813 0.036111
5 0.179688 0.858333 0.359375 0.144444
5 0.791406 0.693056 0.042188 0.025000
5 0.179688 0.034722 0.012500 0.036111
5 0.310937 0.955556 0.090625 0.044444
5 0.203125 0.912500 0.406250 0.169444
5 0.412500 0.613889 0.078125 0.111111
5 0.571875 0.848611 0.137500 0.263889
5 0.614844 0.795833 0.057813 0.036111
