0 0.546875 0.343750 0.014063 0.023611
0 0.522266 0.362500 0.008594 0.013889
0 0.473438 0.356944 0.009375 0.019444
0 0.488281 0.356944 0.009375 0.011111
0 0.438672 0.378472 0.010156 0.015278
0 0.593750 0.473611 0.025000 0.036111
0 0.673438 0.626389 0.051562 0.080556
0 0.327344 0.504861 0.032813 0.043056
0 0.454688 0.352778 0.014063 0.030556
0 0.475781 0.388194 0.012500 0.018056
0 0.211328 0.644444 0.067969 0.080556
0 0.414844 0.384722 0.029687 0.058333
0 0.439063 0.407639 0.015625 0.020833
0 0.634375 0.465278 0.026562 0.033333
0 0.544141 0.432639 0.017969 0.029167
0 0.461328 0.404861 0.014844 0.023611
0 0.457422 0.438889 0.021094 0.027778
0 0.374609 0.422917 0.052344 0.095833
0 0.370312 0.527083 0.039062 0.045833
0 0.586328 0.410417 0.013281 0.018056
0 0.532813 0.343750 0.009375 0.018056
0 0.521875 0.348611 0.007812 0.016667
0 0.397656 0.472917 0.026562 0.034722
0 0.454688 0.383333 0.012500 0.016667
0 0.289062 0.968056 0.106250 0.061111
0 0.559375 0.373611 0.010937 0.016667
0 0.648828 0.527778 0.032031 0.050000
0 0.476953 0.353472 0.010156 0.018056
0 0.418359 0.560417 0.039844 0.054167
0 0.441016 0.480556 0.027344 0.041667
0 0.526563 0.381250 0.012500 0.015278
0 0.538281 0.359722 0.006250 0.011111
0 0.477344 0.374306 0.010937 0.012500
0 0.549609 0.388889 0.011719 0.016667
0 0.485156 0.341667 0.009375 0.022222
0 0.316406 0.627778 0.060937 0.077778
3 0.761719 0.694444 0.475000 0.602778
3 0.240234 0.699306 0.480469 0.593056
3 0.646094 0.693056 0.254688 0.605556
4 0.586719 0.520139 0.017188 0.040278
4 0.677344 0.581944 0.010937 0.013889
4 0.385156 0.569444 0.006250 0.013889
4 0.276562 0.636806 0.014063 0.020833
4 0.209375 0.736806 0.023438 0.034722
4 0.438672 0.687500 0.113281 0.622222
4 0.077734 0.938889 0.049219 0.069444
4 0.319531 0.572222 0.009375 0.013889
4 0.931641 0.967361 0.046094 0.062500
4 0.316016 0.730556 0.016406 0.033333
4 0.638281 0.643056 0.012500 0.022222
4 0.778516 0.967361 0.032031 0.062500
4 0.784375 0.631944 0.429688 0.500000
4 0.610938 0.578472 0.009375 0.015278
4 0.175000 0.662500 0.350000 0.388889
4 0.721094 0.649306 0.015625 0.020833
4 0.789453 0.751389 0.024219 0.036111
4 0.504297 0.700694 0.241406 0.595833
4 0.578906 0.502083 0.004687 0.009722
4 0.684766 0.751389 0.019531 0.036111
4 0.358594 0.630556 0.010937 0.019444
4 0.235937 0.920833 0.031250 0.063889
5 0.611328 0.479861 0.005469 0.006944
5 0.438281 0.690278 0.112500 0.616667
5 0.562109 0.459028 0.003906 0.006944
5 0.569531 0.477083 0.004687 0.006944
5 0.591797 0.534722 0.007031 0.011111
5 0.778516 0.967361 0.032031 0.062500
5 0.677344 0.581944 0.010937 0.013889
5 0.385156 0.569444 0.006250 0.013889
5 0.627344 0.505556 0.006250 0.008333
5 0.209375 0.736806 0.023438 0.034722
5 0.370703 0.495833 0.005469 0.008333
5 0.276562 0.636806 0.014063 0.020833
5 0.721094 0.649306 0.015625 0.020833
5 0.077734 0.938889 0.049219 0.069444
5 0.931641 0.967361 0.046094 0.062500
5 0.316406 0.730556 0.015625 0.033333
5 0.638281 0.643056 0.012500 0.022222
5 0.405078 0.524306 0.005469 0.009722
5 0.358984 0.630556 0.010156 0.019444
5 0.785156 0.632639 0.428125 0.498611
5 0.610938 0.578472 0.009375 0.015278
5 0.319531 0.572222 0.009375 0.013889
5 0.174609 0.662500 0.349219 0.386111
5 0.578906 0.502083 0.004687 0.009722
5 0.789453 0.751389 0.024219 0.036111
5 0.570703 0.697917 0.108594 0.601389
5 0.684766 0.751389 0.019531 0.036111
5 0.235937 0.920833 0.031250 0.063889
