0 0.583594 0.088889 0.017188 0.016667
0 0.432812 0.026389 0.006250 0.008333
0 0.505469 0.073611 0.010937 0.013889
0 0.408594 0.058333 0.007812 0.011111
0 0.358594 0.040278 0.007812 0.008333
0 0.219531 0.263889 0.023438 0.027778
0 0.379688 0.029167 0.006250 0.008333
0 0.325000 0.284722 0.059375 0.102778
0 0.826562 0.213889 0.050000 0.050000
0 0.339844 0.062500 0.004687 0.008333
0 0.040625 0.066667 0.025000 0.016667
0 0.166406 0.361111 0.120313 0.166667
0 0.385937 0.058333 0.006250 0.011111
0 0.407813 0.052778 0.006250 0.022222
0 0.382031 0.080556 0.007812 0.016667
0 0.364063 0.133333 0.012500 0.016667
0 0.282813 0.115278 0.012500 0.019444
0 0.421875 0.041667 0.006250 0.011111
0 0.525781 0.075000 0.010937 0.011111
0 0.569531 0.105556 0.014063 0.016667
0 0.336719 0.076389 0.010937 0.013889
0 0.485938 0.063889 0.009375 0.011111
0 0.604688 0.477778 0.065625 0.038889
0 0.636719 0.134722 0.017188 0.019444
1 0.296094 0.387500 0.007812 0.041667
3 0.196094 0.043056 0.385937 0.080556
3 0.216406 0.486111 0.432812 0.927778
3 0.208594 0.233333 0.417187 0.461111
3 0.722656 0.172222 0.551562 0.333333
3 0.235156 0.520833 0.414062 0.947222
4 0.075000 0.577778 0.025000 0.038889
4 0.226562 0.477778 0.403125 0.950000
4 0.020313 0.579167 0.028125 0.041667
4 0.100000 0.465278 0.015625 0.019444
4 0.147656 0.462500 0.017188 0.025000
5 0.020313 0.579167 0.028125 0.041667
5 0.075000 0.577778 0.025000 0.038889
5 0.197656 0.380556 0.014063 0.022222
5 0.100000 0.465278 0.015625 0.019444
5 0.226562 0.477778 0.403125 0.950000
5 0.179688 0.036111 0.012500 0.038889
5 0.146875 0.462500 0.015625 0.025000
