0 0.401953 0.595139 0.044531 0.065278
0 0.559766 0.361111 0.016406 0.038889
0 0.471875 0.392361 0.014063 0.020833
0 0.480469 0.372222 0.010937 0.013889
0 0.075781 0.803472 0.110937 0.120833
0 0.672656 0.835417 0.096875 0.187500
0 0.445312 0.370139 0.010937 0.015278
0 0.771094 0.747222 0.089063 0.130556
0 0.442969 0.401389 0.014063 0.022222
0 0.481250 0.344444 0.010937 0.022222
0 0.377344 0.427083 0.043750 0.073611
0 0.407031 0.411806 0.015625 0.020833
0 0.403516 0.461806 0.024219 0.031944
0 0.535937 0.405556 0.014063 0.022222
0 0.464062 0.355556 0.018750 0.047222
0 0.300000 0.533333 0.048438 0.061111
0 0.519922 0.366667 0.008594 0.011111
0 0.451172 0.362500 0.008594 0.019444
0 0.449219 0.465972 0.023438 0.031944
0 0.531641 0.352778 0.007031 0.011111
0 0.488672 0.356944 0.008594 0.016667
0 0.545703 0.356250 0.007031 0.012500
0 0.248047 0.724306 0.089844 0.134722
0 0.577734 0.400000 0.013281 0.019444
3 0.760547 0.683333 0.477344 0.625000
3 0.781641 0.702778 0.435156 0.583333
3 0.218359 0.615972 0.436719 0.473611
3 0.236719 0.696528 0.473438 0.595833
4 0.778125 0.967361 0.031250 0.062500
4 0.436328 0.700000 0.108594 0.597222
4 0.795312 0.646528 0.407813 0.473611
4 0.931250 0.967361 0.045312 0.062500
4 0.316406 0.730556 0.015625 0.030556
4 0.077344 0.939583 0.048438 0.070833
4 0.235937 0.920833 0.031250 0.063889
5 0.795312 0.645833 0.407813 0.472222
5 0.611328 0.480556 0.005469 0.008333
5 0.451953 0.700000 0.139844 0.597222
5 0.178516 0.657639 0.357031 0.395833
5 0.569531 0.477778 0.004687 0.008333
5 0.778125 0.967361 0.031250 0.062500
5 0.721094 0.649306 0.015625 0.020833
5 0.405078 0.524306 0.005469 0.009722
5 0.201172 0.748611 0.007031 0.013889
5 0.386719 0.472917 0.006250 0.009722
5 0.677344 0.582639 0.010937 0.015278
5 0.427344 0.472222 0.004687 0.008333
5 0.931250 0.967361 0.045312 0.062500
5 0.316406 0.730556 0.015625 0.030556
5 0.358203 0.631250 0.010156 0.020833
5 0.638281 0.643750 0.012500 0.023611
5 0.076953 0.939583 0.049219 0.070833
5 0.371094 0.495833 0.006250 0.008333
5 0.417578 0.493750 0.005469 0.006944
5 0.551562 0.430556 0.003125 0.008333
5 0.350000 0.527778 0.007812 0.011111
5 0.647656 0.537500 0.007812 0.011111
5 0.581641 0.434722 0.003906 0.005556
5 0.319531 0.572917 0.009375 0.012500
5 0.562109 0.459722 0.003906 0.005556
5 0.599219 0.461111 0.004687 0.005556
5 0.627344 0.505556 0.006250 0.008333
5 0.589453 0.446528 0.003906 0.006944
5 0.276953 0.636806 0.014844 0.020833
5 0.591406 0.534028 0.006250 0.012500
5 0.610547 0.578472 0.008594 0.015278
5 0.684766 0.752083 0.019531 0.040278
5 0.578516 0.502778 0.005469 0.008333
5 0.504297 0.689583 0.241406 0.618056
5 0.556641 0.445139 0.003906 0.006944
5 0.235937 0.920833 0.031250 0.063889
