0 0.603906 0.477778 0.064062 0.038889
0 0.224219 0.131944 0.020313 0.019444
0 0.407813 0.041667 0.006250 0.016667
0 0.061719 0.308333 0.035937 0.044444
0 0.141406 0.362500 0.032813 0.036111
0 0.217969 0.151389 0.020313 0.025000
0 0.193750 0.486111 0.043750 0.055556
0 0.217969 0.370833 0.029687 0.041667
0 0.107813 0.472222 0.046875 0.061111
0 0.180469 0.204167 0.023438 0.036111
0 0.318750 0.166667 0.012500 0.022222
0 0.286719 0.175000 0.020313 0.027778
0 0.353125 0.063889 0.006250 0.011111
0 0.207813 0.205556 0.018750 0.027778
0 0.402344 0.075000 0.007812 0.011111
0 0.363281 0.036111 0.010937 0.016667
0 0.337500 0.125000 0.012500 0.022222
0 0.328125 0.069444 0.012500 0.022222
0 0.310156 0.318056 0.026562 0.030556
0 0.328125 0.286111 0.059375 0.094444
0 0.370312 0.084722 0.009375 0.013889
0 0.386719 0.059722 0.007812 0.008333
0 0.607812 0.101389 0.015625 0.013889
0 0.207031 0.573611 0.067187 0.097222
0 0.241406 0.138889 0.014063 0.022222
3 0.234375 0.520833 0.409375 0.947222
3 0.213281 0.493056 0.423438 0.902778
3 0.195312 0.231944 0.390625 0.452778
3 0.725781 0.175000 0.545312 0.333333
4 0.179688 0.034722 0.012500 0.036111
4 0.058594 0.875000 0.067187 0.155556
5 0.179688 0.034722 0.012500 0.036111
5 0.058594 0.875000 0.067187 0.155556
