0 0.426563 0.020833 0.006250 0.008333
0 0.410938 0.052778 0.003125 0.005556
0 0.367188 0.080556 0.009375 0.011111
0 0.400000 0.043056 0.006250 0.008333
0 0.604688 0.477778 0.065625 0.038889
0 0.394531 0.061111 0.007812 0.011111
0 0.291406 0.250000 0.020313 0.027778
0 0.007812 0.356944 0.015625 0.058333
0 0.315625 0.098611 0.012500 0.019444
0 0.143750 0.358333 0.037500 0.044444
0 0.289062 0.086111 0.018750 0.027778
0 0.822656 0.202778 0.029687 0.027778
0 0.378125 0.040278 0.006250 0.008333
0 0.281250 0.098611 0.012500 0.019444
0 0.333594 0.119444 0.014063 0.022222
0 0.027344 0.069444 0.020313 0.011111
0 0.228906 0.409722 0.035937 0.047222
0 0.035156 0.581944 0.070312 0.158333
0 0.120313 0.223611 0.062500 0.036111
0 0.204687 0.330556 0.031250 0.044444
0 0.282031 0.113889 0.014063 0.022222
0 0.092188 0.256944 0.037500 0.036111
0 0.340625 0.056944 0.018750 0.025000
0 0.723437 0.090278 0.009375 0.019444
0 0.364063 0.041667 0.006250 0.011111
0 0.323437 0.076389 0.009375 0.013889
0 0.327344 0.281944 0.064062 0.102778
0 0.353906 0.119444 0.010937 0.016667
0 0.417187 0.027778 0.006250 0.016667
0 0.539062 0.075000 0.012500 0.011111
0 0.246875 0.226389 0.021875 0.025000
0 0.386719 0.013889 0.007812 0.011111
0 0.208594 0.570833 0.067187 0.097222
3 0.212500 0.479167 0.425000 0.941667
3 0.206250 0.230556 0.412500 0.455556
3 0.723437 0.172222 0.550000 0.338889
4 0.101562 0.463889 0.018750 0.027778
4 0.160156 0.383333 0.014063 0.016667
4 0.075000 0.576389 0.025000 0.041667
4 0.145313 0.463889 0.018750 0.027778
4 0.215625 0.500000 0.421875 0.994444
4 0.201563 0.372222 0.012500 0.016667
5 0.101562 0.463889 0.018750 0.027778
5 0.148438 0.676389 0.287500 0.641667
5 0.237500 0.318056 0.009375 0.013889
5 0.159375 0.383333 0.012500 0.016667
5 0.145313 0.463889 0.018750 0.027778
5 0.075000 0.576389 0.025000 0.041667
5 0.201563 0.372222 0.012500 0.016667
5 0.215625 0.500000 0.421875 0.994444
5 0.179688 0.036111 0.012500 0.038889
