0 0.595313 0.447222 0.025000 0.027778
0 0.540625 0.448611 0.021875 0.025000
0 0.180469 0.331944 0.023438 0.052778
0 0.450781 0.375000 0.039062 0.044444
0 0.385937 0.319444 0.009375 0.016667
0 0.177344 0.270833 0.010937 0.013889
0 0.214844 0.266667 0.010937 0.016667
0 0.460156 0.398611 0.023438 0.036111
0 0.781250 0.752778 0.053125 0.066667
0 0.286719 0.288889 0.010937 0.016667
0 0.435156 0.654167 0.032813 0.058333
0 0.307812 0.363889 0.018750 0.033333
0 0.197656 0.450000 0.020313 0.027778
0 0.260156 0.259722 0.010937 0.013889
0 0.389844 0.491667 0.045312 0.105556
0 0.239844 0.331944 0.014063 0.013889
0 0.521094 0.491667 0.023438 0.027778
0 0.196094 0.269444 0.010937 0.011111
0 0.327344 0.488889 0.023438 0.038889
0 0.497656 0.606944 0.029687 0.041667
0 0.189062 0.313889 0.012500 0.022222
0 0.521875 0.715278 0.037500 0.058333
0 0.579688 0.702778 0.037500 0.050000
0 0.128906 0.497222 0.026562 0.038889
0 0.301563 0.298611 0.012500 0.013889
0 0.334375 0.305556 0.012500 0.022222
0 0.348438 0.406944 0.021875 0.036111
0 0.240625 0.316667 0.012500 0.016667
0 0.332031 0.420833 0.035937 0.063889
0 0.369531 0.313889 0.014063 0.022222
0 0.274219 0.406944 0.017188 0.036111
0 0.649219 0.794444 0.042188 0.055556
0 0.373437 0.333333 0.015625 0.022222
0 0.750781 0.518056 0.082812 0.080556
0 0.441406 0.362500 0.023438 0.036111
0 0.251563 0.336111 0.015625 0.022222
0 0.584375 0.500000 0.040625 0.050000
0 0.353906 0.320833 0.014063 0.019444
0 0.238281 0.352778 0.014063 0.027778
0 0.285156 0.269444 0.014063 0.016667
0 0.963281 0.583333 0.070312 0.094444
0 0.707031 0.615278 0.039062 0.058333
0 0.392969 0.354167 0.014063 0.019444
0 0.319531 0.298611 0.014063 0.013889
0 0.620313 0.505556 0.025000 0.033333
0 0.618750 0.461111 0.025000 0.033333
0 0.524219 0.397222 0.045312 0.050000
0 0.275781 0.368056 0.017188 0.030556
0 0.334375 0.283333 0.012500 0.011111
3 0.617188 0.626389 0.759375 0.730556
3 0.111719 0.436111 0.223438 0.361111
3 0.530469 0.636111 0.651563 0.716667
4 0.879687 0.723611 0.237500 0.191667
4 0.935937 0.822222 0.015625 0.016667
4 0.399219 0.677778 0.351562 0.638889
4 0.985938 0.866667 0.021875 0.022222
4 0.610938 0.916667 0.012500 0.022222
4 0.727344 0.977778 0.014063 0.022222
4 0.687500 0.922222 0.012500 0.016667
4 0.642969 0.969444 0.014063 0.022222
4 0.631250 0.551389 0.734375 0.530556
5 0.150000 0.409722 0.031250 0.130556
5 0.935937 0.820833 0.015625 0.013889
5 0.552344 0.822222 0.010937 0.016667
5 0.406250 0.688889 0.337500 0.616667
5 0.727344 0.977778 0.014063 0.022222
5 0.985938 0.865278 0.021875 0.019444
5 0.579688 0.866667 0.012500 0.022222
5 0.610938 0.916667 0.012500 0.022222
5 0.879687 0.723611 0.237500 0.191667
5 0.962500 0.913889 0.015625 0.016667
5 0.214062 0.429167 0.021875 0.147222
5 0.890625 0.784722 0.015625 0.013889
5 0.687500 0.922222 0.012500 0.016667
5 0.642969 0.969444 0.014063 0.022222
