0 0.380469 0.515278 0.295312 0.186111
0 0.722656 0.188889 0.039062 0.061111
0 0.615625 0.034722 0.040625 0.069444
0 0.593750 0.018056 0.018750 0.036111
0 0.744531 0.261111 0.026562 0.022222
0 0.854688 0.356944 0.059375 0.091667
0 0.167969 0.309722 0.064062 0.075000
0 0.577344 0.012500 0.023438 0.025000
0 0.065625 0.340278 0.081250 0.097222
0 0.282813 0.234722 0.040625 0.052778
0 0.114062 0.304167 0.059375 0.080556
0 0.976562 0.404167 0.043750 0.097222
0 0.936719 0.359722 0.048438 0.069444
0 0.638281 0.665278 0.182812 0.169444
0 0.696875 0.475000 0.065625 0.100000
0 0.858594 0.800000 0.064062 0.105556
0 0.789844 0.236111 0.089063 0.194444
0 0.734375 0.226389 0.021875 0.075000
0 0.333594 0.165278 0.045312 0.075000
0 0.951562 0.065278 0.034375 0.019444
0 0.973437 0.538889 0.050000 0.105556
0 0.988281 0.126389 0.020313 0.052778
0 0.444531 0.004167 0.029687 0.008333
0 0.814844 0.006944 0.039062 0.013889
0 0.689063 0.415278 0.075000 0.080556
0 0.675000 0.105556 0.084375 0.133333
0 0.761719 0.350000 0.064062 0.155556
0 0.853125 0.247222 0.040625 0.083333
0 0.779687 0.131944 0.034375 0.013889
0 0.907031 0.306944 0.048438 0.080556
0 0.257031 0.277778 0.060937 0.077778
3 0.823438 0.143056 0.350000 0.286111
3 0.751563 0.497222 0.493750 0.988889
3 0.233594 0.216667 0.467187 0.427778
3 0.807031 0.345833 0.382812 0.675000
4 0.749219 0.466667 0.498437 0.927778
4 0.235937 0.212500 0.471875 0.419444
5 0.749219 0.487500 0.495312 0.963889
5 0.235937 0.212500 0.471875 0.419444
5 0.179688 0.034722 0.012500 0.036111
5 0.360156 0.062500 0.026562 0.119444
