0 0.681250 0.156944 0.012500 0.063889
0 0.978906 0.105556 0.039062 0.072222
0 0.638281 0.183333 0.051562 0.094444
0 0.775781 0.319444 0.048438 0.055556
0 0.049219 0.352778 0.073438 0.077778
0 0.393750 0.026389 0.028125 0.041667
0 0.978125 0.402778 0.040625 0.094444
0 0.682813 0.415278 0.062500 0.080556
0 0.924219 0.320833 0.042188 0.108333
0 0.645312 0.666667 0.168750 0.172222
0 0.521875 0.011111 0.028125 0.022222
0 0.369531 0.513889 0.295312 0.188889
0 0.617969 0.036111 0.029687 0.050000
0 0.571875 0.011111 0.018750 0.022222
0 0.858594 0.800000 0.064062 0.105556
0 0.852344 0.316667 0.107813 0.222222
0 0.934375 0.473611 0.065625 0.108333
0 0.428906 0.072222 0.048438 0.144444
0 0.239844 0.261111 0.042188 0.055556
0 0.204687 0.298611 0.068750 0.080556
0 0.787500 0.272222 0.021875 0.038889
0 0.722656 0.152778 0.089063 0.172222
0 0.893750 0.006944 0.031250 0.013889
0 0.960156 0.155556 0.054688 0.055556
0 0.778906 0.400000 0.060937 0.111111
0 0.696875 0.472222 0.065625 0.100000
0 0.591406 0.018056 0.029687 0.036111
0 0.889062 0.101389 0.037500 0.036111
0 0.771875 0.256944 0.040625 0.069444
0 0.826562 0.062500 0.034375 0.019444
0 0.324219 0.226389 0.048438 0.080556
1 0.621875 0.429167 0.015625 0.075000
3 0.855469 0.144444 0.285938 0.288889
3 0.737500 0.498611 0.521875 0.986111
3 0.761719 0.350000 0.473438 0.688889
3 0.231250 0.211111 0.462500 0.416667
4 0.755469 0.466667 0.485938 0.877778
4 0.237500 0.211111 0.468750 0.416667
4 0.934375 0.594444 0.128125 0.188889
5 0.755469 0.468056 0.485938 0.875000
5 0.236719 0.211111 0.470313 0.416667
5 0.934375 0.594444 0.128125 0.188889
5 0.346875 0.091667 0.053125 0.172222
