0 0.520703 0.359028 0.010156 0.015278
0 0.472656 0.368056 0.009375 0.019444
0 0.476562 0.380556 0.012500 0.016667
0 0.455469 0.360417 0.012500 0.012500
0 0.344922 0.831944 0.089844 0.141667
0 0.436328 0.409028 0.016406 0.020833
0 0.444141 0.373611 0.011719 0.016667
0 0.457813 0.375694 0.014063 0.023611
0 0.957422 0.878472 0.083594 0.168056
0 0.553125 0.455556 0.021875 0.033333
0 0.071094 0.888889 0.142187 0.219444
0 0.232813 0.759028 0.093750 0.112500
0 0.404687 0.414583 0.023438 0.026389
0 0.595313 0.400000 0.034375 0.069444
0 0.533594 0.344444 0.007812 0.013889
0 0.364453 0.534722 0.036719 0.047222
0 0.491016 0.356944 0.008594 0.013889
0 0.529687 0.386111 0.012500 0.019444
0 0.453516 0.439583 0.019531 0.029167
0 0.151953 0.704167 0.089844 0.094444
0 0.574609 0.396528 0.008594 0.018056
0 0.464062 0.406944 0.018750 0.027778
0 0.434375 0.498611 0.026562 0.038889
0 0.557031 0.408333 0.015625 0.022222
0 0.481641 0.365278 0.010156 0.019444
0 0.555469 0.362500 0.010937 0.022222
0 0.539062 0.362500 0.007812 0.011111
3 0.782422 0.711806 0.425781 0.565278
3 0.646875 0.697917 0.251563 0.601389
3 0.297656 0.709722 0.345313 0.572222
3 0.221875 0.578472 0.443750 0.395833
3 0.731250 0.706944 0.412500 0.583333
4 0.771875 0.617361 0.320312 0.368056
4 0.438281 0.694444 0.112500 0.608333
4 0.611328 0.480556 0.005469 0.008333
4 0.248047 0.581250 0.369531 0.395833
4 0.591797 0.533333 0.007031 0.011111
4 0.385937 0.569444 0.007812 0.013889
4 0.319922 0.571528 0.010156 0.015278
4 0.578906 0.502083 0.004687 0.009722
4 0.385937 0.472917 0.004687 0.006944
4 0.405469 0.523611 0.004687 0.011111
4 0.358984 0.631250 0.010156 0.020833
4 0.638672 0.643750 0.011719 0.023611
4 0.235937 0.920833 0.031250 0.063889
4 0.778516 0.967361 0.032031 0.062500
4 0.721094 0.648611 0.015625 0.022222
4 0.647656 0.537500 0.007812 0.011111
4 0.371094 0.495833 0.006250 0.008333
4 0.276953 0.636806 0.014844 0.020833
4 0.931641 0.967361 0.046094 0.062500
4 0.677344 0.581944 0.010937 0.013889
4 0.627344 0.504861 0.006250 0.009722
4 0.789062 0.751389 0.025000 0.036111
4 0.570312 0.702778 0.109375 0.591667
4 0.610938 0.578472 0.009375 0.015278
4 0.684766 0.750694 0.019531 0.037500
4 0.316406 0.730556 0.015625 0.030556
5 0.771484 0.617361 0.319531 0.368056
5 0.438281 0.693750 0.112500 0.609722
5 0.248047 0.581250 0.369531 0.395833
5 0.569922 0.477778 0.003906 0.008333
5 0.398438 0.455556 0.004687 0.008333
5 0.778516 0.967361 0.032031 0.062500
5 0.408594 0.440972 0.004687 0.006944
5 0.611719 0.480556 0.004687 0.008333
5 0.319922 0.571528 0.010156 0.015278
5 0.578906 0.502083 0.004687 0.009722
5 0.677344 0.581944 0.010937 0.013889
5 0.418750 0.493750 0.004687 0.006944
5 0.385937 0.472917 0.004687 0.006944
5 0.405469 0.523611 0.004687 0.011111
5 0.931641 0.967361 0.046094 0.062500
5 0.638672 0.643750 0.011719 0.023611
5 0.235937 0.920833 0.031250 0.063889
5 0.371094 0.495833 0.006250 0.008333
5 0.435937 0.453472 0.004687 0.006944
5 0.385937 0.569444 0.007812 0.013889
5 0.358984 0.631250 0.010156 0.020833
5 0.721094 0.648611 0.015625 0.022222
5 0.647656 0.537500 0.007812 0.011111
5 0.589844 0.445833 0.003125 0.005556
5 0.276953 0.636806 0.014844 0.020833
5 0.591406 0.533333 0.006250 0.011111
5 0.627344 0.504861 0.006250 0.009722
5 0.428125 0.471528 0.003125 0.006944
5 0.789453 0.751389 0.024219 0.036111
5 0.570312 0.703472 0.109375 0.590278
5 0.610938 0.578472 0.009375 0.015278
5 0.684766 0.750694 0.019531 0.037500
5 0.599219 0.460417 0.004687 0.006944
5 0.316406 0.730556 0.015625 0.030556
