0 0.391797 0.629861 0.053906 0.073611
0 0.573047 0.427778 0.017969 0.027778
0 0.441797 0.373611 0.010156 0.013889
0 0.473828 0.381250 0.013281 0.018056
0 0.656250 0.565972 0.043750 0.062500
0 0.455078 0.363889 0.008594 0.011111
0 0.346094 0.484722 0.029687 0.036111
0 0.403906 0.471528 0.028125 0.034722
0 0.429297 0.387500 0.011719 0.016667
0 0.439453 0.407639 0.014844 0.020833
0 0.471875 0.356250 0.010937 0.012500
0 0.390625 0.433333 0.021875 0.030556
0 0.366406 0.528472 0.039062 0.048611
0 0.532422 0.346528 0.008594 0.018056
0 0.532031 0.393750 0.014063 0.023611
0 0.491016 0.352083 0.008594 0.012500
0 0.214453 0.634028 0.064844 0.070833
0 0.485938 0.366667 0.009375 0.016667
0 0.466406 0.369444 0.009375 0.013889
0 0.482031 0.341667 0.009375 0.011111
0 0.446484 0.456944 0.022656 0.030556
0 0.466406 0.404861 0.014063 0.020833
0 0.532422 0.350000 0.007031 0.016667
0 0.553125 0.349306 0.014063 0.034722
0 0.536328 0.364583 0.010156 0.015278
0 0.256250 0.750000 0.087500 0.108333
3 0.762109 0.684722 0.474219 0.622222
3 0.782813 0.694444 0.432812 0.600000
3 0.276953 0.707639 0.400781 0.576389
3 0.210156 0.622222 0.420312 0.469444
3 0.238281 0.684722 0.476562 0.619444
3 0.725781 0.697917 0.400000 0.595833
3 0.645312 0.677778 0.254688 0.633333
4 0.358984 0.630556 0.010156 0.019444
4 0.209375 0.627083 0.418750 0.459722
4 0.569531 0.478472 0.004687 0.006944
4 0.626953 0.505556 0.007031 0.008333
4 0.779687 0.627083 0.439063 0.509722
4 0.405078 0.524306 0.005469 0.009722
4 0.611328 0.481250 0.005469 0.009722
4 0.208984 0.737500 0.022656 0.033333
4 0.438281 0.694444 0.112500 0.608333
4 0.276953 0.636806 0.014844 0.020833
4 0.316016 0.730556 0.016406 0.030556
4 0.638281 0.644444 0.012500 0.022222
4 0.385547 0.569444 0.007031 0.013889
4 0.370703 0.496528 0.005469 0.009722
4 0.778125 0.967361 0.031250 0.062500
4 0.319531 0.572222 0.009375 0.013889
4 0.077734 0.939583 0.049219 0.070833
4 0.931641 0.967361 0.046094 0.062500
4 0.591797 0.534722 0.007031 0.011111
4 0.610156 0.578472 0.009375 0.015278
4 0.789062 0.751389 0.025000 0.036111
4 0.569141 0.677083 0.111719 0.643056
4 0.684766 0.751389 0.019531 0.036111
4 0.578906 0.502083 0.004687 0.009722
4 0.235937 0.920833 0.031250 0.063889
4 0.703125 0.620833 0.051562 0.077778
5 0.358984 0.630556 0.010156 0.019444
5 0.594922 0.454861 0.013281 0.018056
5 0.438281 0.694444 0.112500 0.608333
5 0.701953 0.618056 0.050781 0.077778
5 0.209766 0.625694 0.419531 0.459722
5 0.554297 0.439583 0.008594 0.018056
5 0.684766 0.751389 0.019531 0.036111
5 0.569531 0.478472 0.004687 0.006944
5 0.778125 0.967361 0.031250 0.062500
5 0.626953 0.505556 0.007031 0.008333
5 0.779687 0.626389 0.439063 0.511111
5 0.405078 0.524306 0.005469 0.009722
5 0.611328 0.480556 0.005469 0.008333
5 0.208984 0.737500 0.022656 0.033333
5 0.276562 0.636806 0.014063 0.020833
5 0.385937 0.473611 0.004687 0.008333
5 0.316406 0.730556 0.015625 0.030556
5 0.638281 0.644444 0.012500 0.022222
5 0.077734 0.939583 0.049219 0.070833
5 0.385547 0.569444 0.007031 0.013889
5 0.370703 0.495833 0.005469 0.008333
5 0.319531 0.572222 0.009375 0.013889
5 0.562109 0.459722 0.003906 0.005556
5 0.417578 0.494444 0.005469 0.008333
5 0.931641 0.967361 0.046094 0.062500
5 0.591406 0.534028 0.006250 0.009722
5 0.610156 0.578472 0.009375 0.015278
5 0.789453 0.751389 0.024219 0.036111
5 0.568750 0.677778 0.110937 0.641667
5 0.578906 0.502083 0.004687 0.009722
5 0.235937 0.920833 0.031250 0.063889
5 0.703125 0.620833 0.051562 0.077778
