0 0.471094 0.395833 0.014063 0.019444
0 0.453516 0.459028 0.022656 0.031944
0 0.474609 0.381250 0.011719 0.015278
0 0.804688 0.837500 0.110937 0.169444
0 0.551172 0.359722 0.007031 0.013889
0 0.473828 0.339583 0.010156 0.020833
0 0.542188 0.370833 0.009375 0.013889
0 0.427344 0.388194 0.012500 0.018056
0 0.451562 0.389583 0.012500 0.018056
0 0.745313 0.615972 0.060937 0.076389
0 0.206641 0.636806 0.071094 0.076389
0 0.455859 0.361806 0.010156 0.012500
0 0.620703 0.452778 0.024219 0.030556
0 0.496094 0.345139 0.007812 0.015278
0 0.428516 0.426389 0.017969 0.025000
0 0.375000 0.448611 0.023438 0.030556
0 0.469531 0.363194 0.012500 0.015278
0 0.545312 0.452083 0.018750 0.031944
0 0.485547 0.368056 0.010156 0.016667
0 0.484766 0.339583 0.008594 0.020833
0 0.532813 0.347917 0.007812 0.012500
0 0.571484 0.427778 0.017969 0.025000
0 0.363672 0.534722 0.041406 0.050000
0 0.571875 0.389583 0.012500 0.018056
0 0.458594 0.377778 0.010937 0.013889
0 0.403906 0.643750 0.048438 0.076389
3 0.774609 0.622917 0.449219 0.520833
3 0.762500 0.686806 0.473438 0.615278
3 0.647266 0.680556 0.260156 0.630556
3 0.224609 0.646528 0.449219 0.556944
3 0.237891 0.693750 0.475781 0.601389
3 0.729688 0.690972 0.407813 0.609722
4 0.778125 0.624306 0.442188 0.518056
4 0.438281 0.694444 0.112500 0.608333
4 0.721094 0.649306 0.015625 0.020833
4 0.659375 0.554861 0.031250 0.045833
4 0.209375 0.736806 0.023438 0.034722
4 0.276953 0.636806 0.014844 0.020833
4 0.578906 0.502778 0.004687 0.008333
4 0.370703 0.496528 0.007031 0.009722
4 0.077734 0.939583 0.049219 0.070833
4 0.405078 0.524306 0.005469 0.009722
4 0.931641 0.967361 0.046094 0.062500
4 0.316406 0.731250 0.015625 0.031944
4 0.785547 0.743750 0.016406 0.020833
4 0.638672 0.643750 0.011719 0.023611
4 0.385937 0.569444 0.007812 0.013889
4 0.224609 0.612500 0.449219 0.488889
4 0.358594 0.631250 0.010937 0.020833
4 0.778516 0.967361 0.032031 0.062500
4 0.677344 0.582639 0.010937 0.015278
4 0.319531 0.572222 0.009375 0.013889
4 0.591797 0.534028 0.007031 0.009722
4 0.504297 0.679167 0.241406 0.638889
4 0.610938 0.578472 0.009375 0.015278
4 0.684766 0.751389 0.019531 0.036111
4 0.627734 0.505556 0.007031 0.008333
4 0.235937 0.920833 0.031250 0.063889
5 0.779687 0.625694 0.439063 0.512500
5 0.438281 0.694444 0.112500 0.608333
5 0.721094 0.649306 0.015625 0.020833
5 0.659375 0.554861 0.031250 0.045833
5 0.209375 0.736806 0.023438 0.034722
5 0.277344 0.636806 0.014063 0.020833
5 0.578906 0.502778 0.004687 0.008333
5 0.077734 0.939583 0.049219 0.070833
5 0.370312 0.495833 0.006250 0.008333
5 0.405078 0.524306 0.005469 0.009722
5 0.931250 0.967361 0.045312 0.062500
5 0.316406 0.731250 0.015625 0.031944
5 0.785156 0.743750 0.015625 0.020833
5 0.638672 0.643056 0.011719 0.022222
5 0.427344 0.471528 0.004687 0.009722
5 0.386328 0.472917 0.005469 0.009722
5 0.569531 0.478472 0.004687 0.006944
5 0.385937 0.569444 0.007812 0.013889
5 0.224609 0.611806 0.449219 0.487500
5 0.358203 0.631250 0.010156 0.020833
5 0.778125 0.967361 0.031250 0.062500
5 0.677344 0.581944 0.010937 0.013889
5 0.319531 0.572222 0.009375 0.013889
5 0.417578 0.494444 0.005469 0.008333
5 0.591797 0.534028 0.007031 0.009722
5 0.504297 0.681250 0.241406 0.634722
5 0.398828 0.455556 0.003906 0.008333
5 0.610938 0.578472 0.009375 0.015278
5 0.599219 0.460417 0.004687 0.006944
5 0.684766 0.751389 0.019531 0.036111
5 0.611328 0.480556 0.005469 0.008333
5 0.627734 0.505556 0.007031 0.008333
5 0.235937 0.920833 0.031250 0.063889
