0 0.342187 0.654167 0.046875 0.086111
0 0.808594 0.558333 0.048438 0.044444
0 0.580469 0.447222 0.051562 0.066667
0 0.433594 0.266667 0.014063 0.016667
0 0.723437 0.850000 0.209375 0.294444
0 0.851562 0.652778 0.062500 0.066667
0 0.432812 0.358333 0.025000 0.027778
0 0.588281 0.502778 0.039062 0.044444
0 0.463281 0.387500 0.023438 0.025000
0 0.414062 0.334722 0.015625 0.025000
0 0.653906 0.488889 0.089063 0.122222
0 0.407813 0.275000 0.009375 0.016667
0 0.323437 0.334722 0.059375 0.125000
0 0.750781 0.572222 0.048438 0.055556
0 0.719531 0.497222 0.042188 0.066667
0 0.434375 0.337500 0.028125 0.063889
0 0.354687 0.750000 0.043750 0.083333
3 0.685156 0.581944 0.626563 0.586111
3 0.450781 0.673611 0.482812 0.641667
3 0.553125 0.759722 0.284375 0.469444
3 0.317969 0.669444 0.229687 0.650000
4 0.236719 0.780556 0.092188 0.433333
4 0.485156 0.856944 0.154688 0.280556
5 0.179688 0.033333 0.012500 0.033333
5 0.575000 0.847222 0.015625 0.022222
5 0.397656 0.856944 0.014063 0.275000
5 0.236719 0.776389 0.092188 0.441667
5 0.226562 0.784722 0.109375 0.425000
5 0.485156 0.856944 0.154688 0.280556
