0 0.464062 0.050000 0.006250 0.011111
0 0.453906 0.018056 0.004687 0.008333
0 0.318750 0.140278 0.012500 0.019444
0 0.291406 0.350000 0.073438 0.133333
0 0.244531 0.130556 0.017188 0.022222
0 0.177344 0.375000 0.032813 0.044444
0 0.306250 0.108333 0.009375 0.016667
0 0.702344 0.148611 0.026562 0.025000
0 0.274219 0.138889 0.014063 0.016667
0 0.220312 0.173611 0.015625 0.030556
0 0.184375 0.309722 0.028125 0.030556
0 0.370312 0.047222 0.006250 0.011111
0 0.364844 0.104167 0.017188 0.030556
0 0.604688 0.477778 0.065625 0.038889
0 0.403906 0.037500 0.004687 0.008333
0 0.205469 0.525000 0.014063 0.044444
0 0.333594 0.056944 0.007812 0.008333
1 0.204687 0.523611 0.012500 0.041667
3 0.219531 0.480556 0.439063 0.938889
3 0.199219 0.233333 0.398438 0.455556
3 0.725000 0.170833 0.546875 0.336111
3 0.915625 0.202778 0.165625 0.044444
3 0.235156 0.520833 0.414062 0.947222
4 0.053906 0.350000 0.010937 0.011111
4 0.145313 0.462500 0.015625 0.025000
4 0.131250 0.712500 0.253125 0.569444
4 0.021094 0.579167 0.026562 0.036111
4 0.073438 0.579167 0.025000 0.041667
4 0.101562 0.463889 0.018750 0.027778
4 0.131250 0.712500 0.253125 0.569444
5 0.053906 0.350000 0.010937 0.011111
5 0.146094 0.462500 0.014063 0.025000
5 0.129688 0.715278 0.250000 0.563889
5 0.021094 0.579167 0.026562 0.036111
5 0.073438 0.579167 0.025000 0.041667
5 0.238281 0.319444 0.007812 0.016667
5 0.102344 0.465278 0.017188 0.025000
5 0.129688 0.715278 0.250000 0.563889
