0 0.370312 0.717361 0.067187 0.098611
0 0.485547 0.364583 0.010156 0.009722
0 0.479687 0.350000 0.006250 0.011111
0 0.522266 0.361111 0.010156 0.013889
0 0.533203 0.347222 0.005469 0.011111
0 0.337500 0.490972 0.032813 0.040278
0 0.473438 0.388889 0.014063 0.016667
0 0.767578 0.633333 0.064844 0.086111
0 0.428125 0.386111 0.010937 0.016667
0 0.326953 0.600694 0.053906 0.065278
0 0.458203 0.428472 0.019531 0.029167
0 0.219922 0.627083 0.069531 0.073611
0 0.446094 0.369444 0.006250 0.013889
0 0.443359 0.402083 0.016406 0.023611
0 0.408594 0.454167 0.023438 0.030556
0 0.551562 0.389583 0.014063 0.018056
0 0.410547 0.412500 0.016406 0.022222
0 0.107031 0.984028 0.114062 0.029167
0 0.544531 0.348611 0.006250 0.011111
0 0.458203 0.365278 0.019531 0.038889
0 0.594531 0.470833 0.026562 0.036111
0 0.492188 0.353472 0.007812 0.012500
0 0.522266 0.348611 0.008594 0.011111
0 0.606250 0.427778 0.017188 0.025000
3 0.208984 0.622222 0.417969 0.472222
3 0.768750 0.679861 0.460938 0.629167
3 0.645312 0.683333 0.256250 0.625000
3 0.238672 0.696528 0.477344 0.598611
3 0.732031 0.698611 0.387500 0.594444
4 0.777344 0.622917 0.443750 0.520833
4 0.627344 0.505556 0.007812 0.008333
4 0.501953 0.686806 0.241406 0.623611
4 0.591797 0.534722 0.007031 0.011111
4 0.405078 0.523611 0.005469 0.011111
4 0.647656 0.537500 0.007812 0.011111
4 0.209375 0.737500 0.023438 0.033333
4 0.316406 0.731250 0.015625 0.031944
4 0.358594 0.631250 0.010937 0.020833
4 0.638672 0.643750 0.011719 0.023611
4 0.385547 0.569444 0.007031 0.013889
4 0.350391 0.527083 0.008594 0.012500
4 0.778125 0.967361 0.031250 0.062500
4 0.677344 0.582639 0.010937 0.015278
4 0.721094 0.649306 0.015625 0.020833
4 0.276562 0.636806 0.014063 0.020833
4 0.077734 0.938889 0.049219 0.069444
4 0.931250 0.966667 0.045312 0.063889
4 0.789062 0.751389 0.025000 0.036111
4 0.504297 0.688889 0.241406 0.619444
4 0.610938 0.578472 0.009375 0.015278
4 0.684766 0.751389 0.019531 0.036111
4 0.235937 0.920833 0.031250 0.063889
5 0.777344 0.622222 0.443750 0.519444
5 0.626953 0.505556 0.007031 0.008333
5 0.451562 0.686806 0.140625 0.623611
5 0.578906 0.502083 0.004687 0.009722
5 0.569531 0.478472 0.004687 0.009722
5 0.597656 0.458333 0.032813 0.052778
5 0.591406 0.534028 0.006250 0.009722
5 0.778125 0.967361 0.031250 0.062500
5 0.405078 0.523611 0.005469 0.011111
5 0.647656 0.537500 0.007812 0.011111
5 0.208984 0.737500 0.022656 0.033333
5 0.385937 0.472917 0.004687 0.006944
5 0.077344 0.938889 0.048438 0.069444
5 0.316406 0.730556 0.015625 0.030556
5 0.358594 0.631250 0.010937 0.020833
5 0.638672 0.643750 0.011719 0.023611
5 0.435547 0.453472 0.003906 0.006944
5 0.371094 0.495833 0.006250 0.008333
5 0.562109 0.459028 0.003906 0.006944
5 0.385547 0.569444 0.007031 0.013889
5 0.350391 0.527083 0.008594 0.012500
5 0.721094 0.649306 0.015625 0.020833
5 0.677344 0.582639 0.010937 0.015278
5 0.427344 0.472222 0.004687 0.008333
5 0.276562 0.636806 0.014063 0.020833
5 0.931250 0.966667 0.045312 0.063889
5 0.789062 0.751389 0.025000 0.036111
5 0.504297 0.688889 0.241406 0.619444
5 0.610938 0.578472 0.009375 0.015278
5 0.684766 0.751389 0.019531 0.036111
5 0.556641 0.443750 0.003906 0.006944
5 0.417578 0.493750 0.005469 0.009722
5 0.235937 0.920833 0.031250 0.063889
