0 0.396094 0.627778 0.053125 0.080556
0 0.483203 0.369444 0.010156 0.013889
0 0.461719 0.368056 0.012500 0.022222
0 0.425000 0.430556 0.017188 0.025000
0 0.429297 0.386806 0.011719 0.018056
0 0.533594 0.352083 0.007812 0.012500
0 0.371484 0.447917 0.024219 0.029167
0 0.817578 0.851389 0.119531 0.169444
0 0.475000 0.358333 0.007812 0.013889
0 0.406250 0.411111 0.017188 0.022222
0 0.469531 0.409028 0.014063 0.020833
0 0.105078 0.942361 0.149219 0.112500
0 0.346875 0.555556 0.045312 0.055556
0 0.555859 0.365972 0.008594 0.012500
0 0.333594 0.490972 0.039062 0.056944
0 0.474219 0.386806 0.014063 0.015278
0 0.625391 0.518750 0.033594 0.051389
0 0.448047 0.394444 0.013281 0.019444
0 0.455859 0.437500 0.019531 0.030556
0 0.494922 0.347917 0.007031 0.012500
0 0.620313 0.442361 0.025000 0.048611
0 0.467187 0.352083 0.006250 0.009722
3 0.778125 0.627778 0.442188 0.508333
3 0.760547 0.678472 0.477344 0.631944
3 0.316016 0.721528 0.302344 0.548611
3 0.225781 0.611111 0.451562 0.491667
3 0.230078 0.684722 0.460156 0.619444
3 0.733984 0.691667 0.397656 0.608333
3 0.644531 0.673611 0.257812 0.644444
4 0.783594 0.631944 0.431250 0.500000
4 0.358594 0.631250 0.010937 0.020833
4 0.432422 0.711111 0.102344 0.575000
4 0.209375 0.737500 0.023438 0.033333
4 0.316406 0.731250 0.015625 0.031944
4 0.789453 0.751389 0.025781 0.036111
4 0.385156 0.569444 0.007812 0.013889
4 0.225000 0.610417 0.450000 0.490278
4 0.778516 0.967361 0.032031 0.062500
4 0.721094 0.649306 0.015625 0.020833
4 0.276953 0.636806 0.014844 0.020833
4 0.931250 0.967361 0.045312 0.062500
4 0.591406 0.534722 0.006250 0.011111
4 0.677344 0.582639 0.010937 0.015278
4 0.638281 0.644444 0.012500 0.022222
4 0.503906 0.680556 0.240625 0.636111
4 0.684766 0.752083 0.019531 0.037500
4 0.610938 0.579167 0.009375 0.016667
4 0.235937 0.920833 0.031250 0.063889
5 0.783203 0.631250 0.432031 0.501389
5 0.433203 0.700000 0.102344 0.597222
5 0.677344 0.582639 0.010937 0.015278
5 0.562109 0.459722 0.003906 0.005556
5 0.611328 0.479861 0.005469 0.009722
5 0.405078 0.524306 0.005469 0.009722
5 0.319531 0.572917 0.009375 0.012500
5 0.578906 0.502778 0.004687 0.011111
5 0.208984 0.737500 0.022656 0.033333
5 0.385937 0.473611 0.004687 0.008333
5 0.316406 0.731250 0.015625 0.031944
5 0.599609 0.460417 0.005469 0.006944
5 0.789062 0.751389 0.025000 0.036111
5 0.638281 0.644444 0.012500 0.022222
5 0.371094 0.496528 0.006250 0.009722
5 0.385547 0.569444 0.007031 0.013889
5 0.778125 0.967361 0.031250 0.062500
5 0.721094 0.649306 0.015625 0.020833
5 0.358594 0.631250 0.010937 0.020833
5 0.427344 0.471528 0.004687 0.006944
5 0.276953 0.636806 0.014844 0.020833
5 0.931250 0.967361 0.045312 0.062500
5 0.591406 0.534028 0.006250 0.009722
5 0.503906 0.681944 0.240625 0.633333
5 0.684766 0.752083 0.019531 0.037500
5 0.398438 0.455556 0.004687 0.008333
5 0.610938 0.578472 0.009375 0.015278
5 0.556641 0.444444 0.003906 0.005556
5 0.569531 0.478472 0.004687 0.006944
5 0.647266 0.536806 0.007031 0.009722
5 0.417969 0.494444 0.004687 0.008333
5 0.235937 0.920833 0.031250 0.063889
