0 0.725000 0.501389 0.050000 0.047222
0 0.322656 0.320833 0.057813 0.108333
0 0.722656 0.561111 0.054688 0.066667
0 0.538281 0.438889 0.026562 0.027778
0 0.788281 0.952778 0.123438 0.088889
0 0.390625 0.279167 0.015625 0.013889
0 0.411719 0.261111 0.014063 0.027778
0 0.434375 0.287500 0.012500 0.019444
0 0.292969 0.556944 0.020313 0.041667
0 0.382812 0.309722 0.012500 0.019444
0 0.282813 0.277778 0.021875 0.033333
0 0.932031 0.672222 0.129688 0.183333
0 0.400000 0.512500 0.037500 0.063889
0 0.554688 0.488889 0.031250 0.038889
0 0.512500 0.783333 0.075000 0.094444
0 0.635938 0.727778 0.059375 0.066667
0 0.426563 0.379167 0.021875 0.030556
0 0.447656 0.270833 0.014063 0.019444
0 0.381250 0.326389 0.015625 0.019444
0 0.407813 0.293056 0.015625 0.025000
0 0.382031 0.318056 0.014063 0.030556
0 0.733594 0.526389 0.035937 0.030556
0 0.632812 0.541667 0.043750 0.055556
0 0.442188 0.359722 0.015625 0.025000
0 0.482031 0.425000 0.032813 0.038889
0 0.514062 0.394444 0.012500 0.022222
0 0.680469 0.508333 0.039062 0.038889
0 0.415625 0.325000 0.015625 0.022222
0 0.443750 0.255556 0.015625 0.016667
3 0.702344 0.587500 0.592187 0.575000
3 0.298438 0.669444 0.203125 0.650000
3 0.628906 0.723611 0.548438 0.541667
3 0.296094 0.779167 0.198437 0.436111
4 0.126562 0.040278 0.015625 0.013889
4 0.778125 0.038889 0.012500 0.011111
4 0.397656 0.841667 0.010937 0.311111
4 0.179688 0.033333 0.012500 0.033333
4 0.233594 0.040278 0.014063 0.013889
4 0.629687 0.927778 0.025000 0.033333
4 0.826562 0.038889 0.012500 0.011111
5 0.126562 0.040278 0.015625 0.013889
5 0.778125 0.038889 0.012500 0.011111
5 0.397656 0.841667 0.010937 0.311111
5 0.179688 0.033333 0.012500 0.033333
5 0.233594 0.040278 0.014063 0.013889
5 0.629687 0.927778 0.025000 0.033333
5 0.826562 0.038889 0.012500 0.011111
