0 0.553516 0.363889 0.010156 0.016667
0 0.491406 0.352778 0.007812 0.011111
0 0.594531 0.418750 0.017188 0.023611
0 0.667188 0.495833 0.035937 0.055556
0 0.561328 0.374306 0.010156 0.018056
0 0.457422 0.356250 0.010156 0.018056
0 0.442969 0.494444 0.028125 0.041667
0 0.476953 0.354861 0.008594 0.012500
0 0.044141 0.870139 0.088281 0.218056
0 0.444531 0.370833 0.010937 0.019444
0 0.893359 0.749306 0.164844 0.251389
0 0.385156 0.660417 0.056250 0.081944
0 0.139844 0.934028 0.145313 0.129167
0 0.469531 0.400694 0.014063 0.020833
0 0.400000 0.420139 0.043750 0.068056
0 0.479687 0.377778 0.012500 0.016667
0 0.447656 0.393750 0.012500 0.018056
0 0.392578 0.489583 0.027344 0.040278
0 0.437891 0.379167 0.010156 0.016667
0 0.536328 0.405556 0.014844 0.022222
0 0.466016 0.365278 0.010156 0.016667
0 0.669531 0.593750 0.048438 0.070833
0 0.561328 0.497917 0.028906 0.054167
0 0.525391 0.376389 0.011719 0.016667
0 0.539844 0.371528 0.009375 0.015278
0 0.619141 0.686806 0.060156 0.101389
0 0.592969 0.472917 0.025000 0.037500
0 0.458594 0.379167 0.010937 0.016667
3 0.762891 0.686806 0.467969 0.615278
3 0.219141 0.600694 0.438281 0.429167
3 0.247656 0.693056 0.467187 0.605556
4 0.350391 0.526389 0.008594 0.011111
4 0.225781 0.604861 0.400000 0.431944
4 0.931250 0.967361 0.045312 0.062500
4 0.209375 0.737500 0.023438 0.033333
4 0.435547 0.702778 0.107031 0.591667
4 0.276953 0.636806 0.014844 0.020833
4 0.076953 0.939583 0.047656 0.070833
4 0.316406 0.731250 0.015625 0.031944
4 0.638672 0.643056 0.011719 0.022222
4 0.385547 0.569444 0.007031 0.013889
4 0.358594 0.630556 0.009375 0.019444
4 0.778516 0.967361 0.032031 0.062500
4 0.319531 0.572222 0.009375 0.013889
4 0.789453 0.751389 0.024219 0.036111
4 0.570312 0.702778 0.109375 0.591667
4 0.684766 0.751389 0.019531 0.036111
4 0.610938 0.578472 0.009375 0.015278
4 0.235937 0.920833 0.031250 0.063889
4 0.721094 0.649306 0.015625 0.020833
5 0.435937 0.702083 0.107813 0.593056
5 0.226953 0.603472 0.402344 0.434722
5 0.647656 0.537500 0.007812 0.011111
5 0.611328 0.480556 0.005469 0.008333
5 0.562500 0.459028 0.004687 0.006944
5 0.931250 0.967361 0.045312 0.062500
5 0.405078 0.524306 0.005469 0.009722
5 0.209375 0.737500 0.023438 0.033333
5 0.276953 0.636806 0.014844 0.020833
5 0.076953 0.939583 0.047656 0.070833
5 0.417578 0.494444 0.005469 0.008333
5 0.316406 0.731250 0.015625 0.031944
5 0.358594 0.630556 0.009375 0.019444
5 0.638672 0.643056 0.011719 0.022222
5 0.435547 0.454861 0.003906 0.006944
5 0.385547 0.569444 0.007031 0.013889
5 0.371484 0.495139 0.005469 0.009722
5 0.350781 0.526389 0.007812 0.011111
5 0.778516 0.967361 0.032031 0.062500
5 0.690625 0.524306 0.242188 0.281944
5 0.319531 0.572222 0.009375 0.013889
5 0.427344 0.472222 0.004687 0.008333
5 0.591797 0.534028 0.007031 0.009722
5 0.627344 0.504861 0.006250 0.009722
5 0.579297 0.503472 0.005469 0.009722
5 0.789453 0.751389 0.024219 0.036111
5 0.569922 0.695833 0.110156 0.605556
5 0.684766 0.751389 0.019531 0.036111
5 0.441016 0.439583 0.003906 0.006944
5 0.610547 0.578472 0.008594 0.015278
5 0.556250 0.443750 0.004687 0.006944
5 0.235937 0.920833 0.031250 0.063889
5 0.987109 0.863889 0.024219 0.033333
5 0.721094 0.649306 0.015625 0.020833
