0 0.500781 0.613889 0.114062 0.205556
0 0.503906 0.413889 0.029687 0.027778
0 0.435937 0.361111 0.021875 0.033333
0 0.845313 0.623611 0.062500 0.058333
0 0.460938 0.390278 0.031250 0.025000
0 0.716406 0.527778 0.110937 0.144444
0 0.390625 0.297222 0.015625 0.027778
0 0.419531 0.284722 0.014063 0.019444
0 0.760938 0.631944 0.059375 0.063889
0 0.465625 0.351389 0.034375 0.052778
0 0.671094 0.890278 0.073438 0.097222
0 0.611719 0.476389 0.035937 0.063889
0 0.817969 0.565278 0.045312 0.041667
3 0.685156 0.588889 0.626563 0.572222
3 0.305469 0.658333 0.198437 0.672222
3 0.579688 0.687500 0.618750 0.613889
4 0.826562 0.038889 0.012500 0.011111
4 0.126562 0.040278 0.015625 0.013889
4 0.777344 0.038889 0.014063 0.011111
4 0.179688 0.033333 0.012500 0.033333
4 0.397656 0.840278 0.010937 0.313889
4 0.233594 0.040278 0.014063 0.019444
5 0.826562 0.038889 0.012500 0.011111
5 0.126562 0.040278 0.015625 0.013889
5 0.777344 0.038889 0.014063 0.011111
5 0.179688 0.033333 0.012500 0.033333
5 0.397656 0.840278 0.010937 0.313889
5 0.233594 0.040278 0.014063 0.019444
