0 0.939063 0.145833 0.040625 0.052778
0 0.381250 0.515278 0.293750 0.186111
0 0.735156 0.204167 0.039062 0.063889
0 0.035937 0.326389 0.068750 0.075000
0 0.590625 0.065278 0.037500 0.058333
0 0.745313 0.248611 0.025000 0.086111
0 0.157031 0.315278 0.064062 0.075000
0 0.878906 0.381944 0.064062 0.097222
0 0.882031 0.005556 0.032813 0.011111
0 0.764062 0.311111 0.050000 0.077778
0 0.276562 0.238889 0.040625 0.050000
0 0.971875 0.398611 0.053125 0.075000
0 0.796094 0.145833 0.026562 0.013889
0 0.916406 0.070833 0.035937 0.030556
0 0.939063 0.350000 0.050000 0.066667
0 0.642188 0.666667 0.175000 0.172222
0 0.028906 0.355556 0.057813 0.094444
0 0.442188 0.018056 0.034375 0.036111
0 0.650000 0.109722 0.012500 0.052778
0 0.591406 0.025000 0.045312 0.050000
0 0.251563 0.279167 0.062500 0.080556
0 0.858594 0.800000 0.064062 0.105556
0 0.804688 0.254167 0.093750 0.197222
0 0.322656 0.183333 0.045312 0.072222
0 0.995313 0.609722 0.006250 0.063889
0 0.986719 0.125000 0.023438 0.050000
0 0.697656 0.472222 0.067187 0.100000
0 0.682031 0.413889 0.060937 0.083333
0 0.692969 0.111111 0.073438 0.155556
0 0.768750 0.380556 0.062500 0.111111
0 0.883594 0.277778 0.067187 0.083333
3 0.853906 0.144444 0.289062 0.288889
3 0.749219 0.497222 0.498437 0.988889
3 0.764844 0.340278 0.467187 0.663889
3 0.235156 0.209722 0.460938 0.419444
4 0.750000 0.469444 0.496875 0.922222
4 0.179688 0.034722 0.012500 0.036111
4 0.358594 0.065278 0.029687 0.130556
5 0.750000 0.469444 0.496875 0.922222
5 0.179688 0.034722 0.012500 0.036111
5 0.358594 0.065278 0.029687 0.130556
