0 0.482812 0.055556 0.009375 0.011111
0 0.369531 0.077778 0.010937 0.016667
0 0.604688 0.477778 0.065625 0.038889
0 0.385937 0.101389 0.009375 0.013889
0 0.964063 0.273611 0.050000 0.041667
0 0.170313 0.194444 0.018750 0.022222
0 0.257031 0.113889 0.026562 0.038889
0 0.266406 0.311111 0.029687 0.050000
0 0.297656 0.240278 0.020313 0.025000
0 0.123438 0.258333 0.025000 0.033333
0 0.352344 0.050000 0.010937 0.016667
0 0.398438 0.061111 0.006250 0.011111
0 0.199219 0.215278 0.020313 0.030556
0 0.453125 0.015278 0.003125 0.008333
0 0.249219 0.229167 0.020313 0.025000
0 0.372656 0.097222 0.010937 0.022222
0 0.328906 0.283333 0.060937 0.100000
0 0.012500 0.062500 0.025000 0.030556
0 0.418750 0.030556 0.006250 0.011111
0 0.310156 0.169444 0.042188 0.077778
0 0.397656 0.012500 0.004687 0.008333
1 0.311719 0.351389 0.007812 0.036111
3 0.219531 0.483333 0.439063 0.933333
3 0.205469 0.231944 0.410938 0.452778
3 0.724219 0.173611 0.548438 0.336111
3 0.911719 0.200000 0.173437 0.044444
4 0.146875 0.462500 0.015625 0.025000
4 0.020313 0.579167 0.028125 0.041667
4 0.075000 0.576389 0.025000 0.041667
4 0.197656 0.381944 0.014063 0.019444
4 0.158594 0.381944 0.014063 0.019444
4 0.101562 0.463889 0.018750 0.027778
4 0.216406 0.500000 0.423438 0.994444
5 0.146875 0.462500 0.015625 0.025000
5 0.020313 0.579167 0.028125 0.041667
5 0.075000 0.576389 0.025000 0.041667
5 0.159375 0.381944 0.012500 0.019444
5 0.197656 0.381944 0.014063 0.019444
5 0.101562 0.462500 0.018750 0.025000
5 0.214844 0.500000 0.420312 0.994444
5 0.179688 0.034722 0.012500 0.036111
