0 0.239063 0.154167 0.015625 0.025000
0 0.435156 0.018056 0.004687 0.008333
0 0.248438 0.401389 0.034375 0.063889
0 0.370312 0.076389 0.009375 0.013889
0 0.604688 0.477778 0.065625 0.038889
0 0.385156 0.087500 0.007812 0.013889
0 0.309375 0.073611 0.012500 0.019444
0 0.457031 0.026389 0.004687 0.008333
0 0.278906 0.136111 0.014063 0.022222
0 0.184375 0.306944 0.028125 0.030556
0 0.375781 0.031944 0.007812 0.013889
0 0.343750 0.111111 0.012500 0.016667
0 0.017969 0.350000 0.035937 0.044444
0 0.346875 0.130556 0.012500 0.022222
0 0.327344 0.281944 0.064062 0.102778
0 0.314063 0.068056 0.012500 0.019444
0 0.262500 0.116667 0.012500 0.016667
0 0.267188 0.225000 0.059375 0.100000
0 0.520312 0.075000 0.009375 0.011111
0 0.345313 0.122222 0.015625 0.038889
0 0.403125 0.036111 0.006250 0.011111
0 0.139844 0.225000 0.082812 0.111111
0 0.358594 0.151389 0.014063 0.019444
0 0.410156 0.044444 0.004687 0.011111
0 0.219531 0.362500 0.029687 0.041667
1 0.315625 0.347222 0.006250 0.027778
3 0.214062 0.490278 0.428125 0.919444
3 0.207031 0.233333 0.414062 0.455556
3 0.723437 0.173611 0.550000 0.341667
4 0.146094 0.462500 0.017188 0.025000
4 0.020313 0.579167 0.028125 0.041667
4 0.074219 0.577778 0.026562 0.038889
4 0.159375 0.381944 0.012500 0.019444
4 0.101562 0.463889 0.018750 0.027778
4 0.214844 0.500000 0.420312 0.994444
5 0.146875 0.462500 0.015625 0.025000
5 0.020313 0.577778 0.028125 0.038889
5 0.075000 0.577778 0.025000 0.038889
5 0.101562 0.462500 0.018750 0.025000
5 0.214844 0.500000 0.420312 0.994444
5 0.179688 0.036111 0.012500 0.038889
5 0.159375 0.381944 0.012500 0.019444
