0 0.567578 0.382639 0.013281 0.020833
0 0.431250 0.386111 0.014063 0.016667
0 0.488281 0.359722 0.009375 0.011111
0 0.547266 0.379861 0.010156 0.015278
0 0.882031 0.750694 0.114062 0.154167
0 0.659375 0.500694 0.031250 0.043056
0 0.458203 0.357639 0.007031 0.012500
0 0.533594 0.350000 0.006250 0.013889
0 0.457031 0.434028 0.020313 0.031944
0 0.471484 0.398611 0.013281 0.019444
0 0.448828 0.368056 0.008594 0.013889
0 0.195703 0.652778 0.074219 0.088889
0 0.098437 0.937500 0.175000 0.122222
0 0.353125 0.515972 0.035937 0.059722
0 0.478906 0.373611 0.010937 0.013889
0 0.617188 0.447917 0.023438 0.029167
0 0.542188 0.336806 0.007812 0.012500
0 0.446875 0.395833 0.012500 0.019444
0 0.555469 0.404167 0.014063 0.019444
0 0.462109 0.370833 0.008594 0.013889
0 0.429688 0.422917 0.018750 0.026389
0 0.526172 0.377778 0.011719 0.016667
0 0.651563 0.573611 0.045312 0.066667
0 0.548047 0.457639 0.022656 0.031944
0 0.432422 0.507639 0.028906 0.043056
0 0.556250 0.366667 0.009375 0.013889
0 0.567187 0.537500 0.034375 0.055556
0 0.589844 0.465278 0.023438 0.036111
0 0.521484 0.350000 0.007031 0.011111
0 0.587891 0.407639 0.016406 0.020833
0 0.557813 0.369444 0.009375 0.016667
0 0.455469 0.379861 0.012500 0.015278
0 0.398438 0.643750 0.053125 0.073611
3 0.210938 0.625694 0.421875 0.462500
3 0.759375 0.675000 0.475000 0.638889
3 0.790234 0.705556 0.417969 0.577778
3 0.323828 0.704167 0.310156 0.583333
3 0.238672 0.695833 0.477344 0.597222
4 0.647656 0.536111 0.007812 0.008333
4 0.398438 0.456250 0.004687 0.006944
4 0.578906 0.502778 0.004687 0.011111
4 0.931250 0.967361 0.045312 0.062500
4 0.405078 0.524306 0.005469 0.009722
4 0.437891 0.694444 0.111719 0.608333
4 0.276953 0.636806 0.014844 0.020833
4 0.798828 0.650694 0.400781 0.465278
4 0.627344 0.505556 0.006250 0.008333
4 0.209375 0.737500 0.023438 0.033333
4 0.385937 0.473611 0.004687 0.008333
4 0.316406 0.730556 0.015625 0.033333
4 0.610938 0.578472 0.009375 0.015278
4 0.684766 0.751389 0.019531 0.036111
4 0.385547 0.569444 0.007031 0.013889
4 0.611719 0.480556 0.004687 0.008333
4 0.778516 0.967361 0.032031 0.062500
4 0.677734 0.581944 0.010156 0.013889
4 0.319531 0.572222 0.009375 0.013889
4 0.276953 0.636806 0.014844 0.020833
4 0.591797 0.534028 0.007031 0.009722
4 0.789453 0.751389 0.024219 0.036111
4 0.638281 0.643750 0.012500 0.020833
4 0.569922 0.697917 0.108594 0.601389
4 0.236328 0.920833 0.032031 0.063889
4 0.721094 0.649306 0.015625 0.020833
5 0.371875 0.494444 0.004687 0.008333
5 0.569531 0.477778 0.004687 0.008333
5 0.632422 0.558333 0.005469 0.011111
5 0.578906 0.502778 0.004687 0.008333
5 0.931250 0.967361 0.045312 0.062500
5 0.405078 0.524306 0.005469 0.009722
5 0.408594 0.441667 0.004687 0.005556
5 0.436328 0.704861 0.108594 0.587500
5 0.276953 0.636806 0.014844 0.020833
5 0.611719 0.480556 0.004687 0.008333
5 0.798828 0.650000 0.400781 0.463889
5 0.627344 0.505556 0.006250 0.008333
5 0.208984 0.737500 0.022656 0.033333
5 0.417969 0.494444 0.004687 0.008333
5 0.385937 0.473611 0.004687 0.008333
5 0.316406 0.730556 0.015625 0.033333
5 0.610547 0.578472 0.008594 0.015278
5 0.435547 0.454167 0.003906 0.005556
5 0.078906 0.765972 0.157812 0.179167
5 0.319531 0.502778 0.201563 0.213889
5 0.385547 0.569444 0.007031 0.013889
5 0.778516 0.967361 0.032031 0.062500
5 0.319531 0.572222 0.009375 0.013889
5 0.427344 0.471528 0.004687 0.006944
5 0.591797 0.534028 0.007031 0.009722
5 0.677734 0.581944 0.010156 0.013889
5 0.789453 0.751389 0.024219 0.036111
5 0.638672 0.643750 0.011719 0.020833
5 0.684766 0.751389 0.019531 0.036111
5 0.398438 0.456250 0.004687 0.006944
5 0.569922 0.700000 0.108594 0.597222
5 0.647656 0.536111 0.007812 0.008333
5 0.235937 0.920833 0.031250 0.063889
5 0.969531 0.844444 0.059375 0.075000
5 0.721094 0.649306 0.015625 0.020833
