0 0.273047 0.982639 0.096094 0.031944
0 0.461328 0.426389 0.019531 0.025000
0 0.394922 0.625000 0.046094 0.069444
0 0.525000 0.387500 0.014063 0.022222
0 0.493750 0.348611 0.009375 0.016667
0 0.581641 0.561111 0.041406 0.063889
0 0.548438 0.357639 0.007812 0.012500
0 0.662109 0.484722 0.042969 0.080556
0 0.443750 0.402083 0.012500 0.018056
0 0.467969 0.349306 0.007812 0.012500
0 0.169531 0.687500 0.084375 0.091667
0 0.449609 0.368750 0.011719 0.015278
0 0.544531 0.457639 0.021875 0.034722
0 0.264844 0.702083 0.076563 0.090278
0 0.478516 0.375000 0.010156 0.013889
0 0.429297 0.431250 0.008594 0.026389
0 0.538281 0.372222 0.006250 0.008333
0 0.467187 0.365972 0.009375 0.012500
0 0.357031 0.465278 0.026562 0.033333
0 0.282813 0.547917 0.043750 0.054167
0 0.569922 0.386806 0.011719 0.018056
0 0.643750 0.562500 0.043750 0.061111
0 0.469141 0.388889 0.011719 0.016667
0 0.445703 0.463889 0.024219 0.044444
0 0.561719 0.378472 0.007812 0.015278
0 0.551562 0.385417 0.014063 0.023611
0 0.397656 0.440972 0.056250 0.106944
0 0.477344 0.351389 0.009375 0.016667
3 0.788281 0.636806 0.421875 0.487500
3 0.778125 0.697222 0.442188 0.594444
3 0.257031 0.743750 0.406250 0.504167
3 0.223828 0.611806 0.447656 0.498611
3 0.240234 0.695139 0.480469 0.598611
3 0.649219 0.699306 0.256250 0.593056
4 0.789844 0.638889 0.418750 0.486111
4 0.350781 0.526389 0.007812 0.011111
4 0.436328 0.699306 0.108594 0.598611
4 0.569531 0.478472 0.004687 0.006944
4 0.611328 0.480556 0.005469 0.008333
4 0.405469 0.523611 0.004687 0.011111
4 0.209375 0.736806 0.023438 0.034722
4 0.276953 0.636806 0.014844 0.020833
4 0.077734 0.939583 0.049219 0.070833
4 0.316406 0.730556 0.015625 0.030556
4 0.638281 0.643056 0.012500 0.022222
4 0.371094 0.495833 0.006250 0.008333
4 0.385547 0.569444 0.007031 0.013889
4 0.358594 0.630556 0.009375 0.019444
4 0.220312 0.615972 0.440625 0.481944
4 0.778516 0.967361 0.032031 0.062500
4 0.677344 0.581944 0.010937 0.013889
4 0.319922 0.571528 0.010156 0.015278
4 0.599219 0.460417 0.004687 0.006944
4 0.627344 0.504861 0.006250 0.009722
4 0.931641 0.966667 0.046094 0.063889
4 0.611328 0.578472 0.008594 0.015278
4 0.418359 0.493750 0.005469 0.009722
4 0.789453 0.751389 0.024219 0.036111
4 0.504297 0.703472 0.241406 0.590278
4 0.578906 0.502778 0.004687 0.008333
4 0.684766 0.750694 0.019531 0.037500
4 0.236328 0.920833 0.032031 0.063889
4 0.721484 0.648611 0.016406 0.022222
5 0.789844 0.638889 0.418750 0.486111
5 0.350781 0.526389 0.007812 0.011111
5 0.589844 0.445833 0.003125 0.005556
5 0.437109 0.687500 0.110156 0.622222
5 0.561719 0.459028 0.004687 0.006944
5 0.569531 0.478472 0.004687 0.006944
5 0.778516 0.967361 0.032031 0.062500
5 0.611328 0.480556 0.005469 0.008333
5 0.405469 0.523611 0.004687 0.011111
5 0.208984 0.737500 0.022656 0.033333
5 0.277344 0.636806 0.014063 0.020833
5 0.077734 0.938889 0.049219 0.069444
5 0.316406 0.730556 0.015625 0.030556
5 0.638281 0.643056 0.012500 0.022222
5 0.370703 0.495833 0.005469 0.008333
5 0.385547 0.569444 0.007031 0.013889
5 0.358594 0.630556 0.009375 0.019444
5 0.721094 0.648611 0.015625 0.022222
5 0.677344 0.581944 0.010937 0.013889
5 0.319922 0.571528 0.010156 0.015278
5 0.599219 0.460417 0.004687 0.006944
5 0.627344 0.505556 0.006250 0.008333
5 0.931641 0.966667 0.046094 0.063889
5 0.611328 0.578472 0.008594 0.015278
5 0.418359 0.493750 0.005469 0.009722
5 0.789453 0.751389 0.024219 0.036111
5 0.504297 0.703472 0.241406 0.590278
5 0.428125 0.471528 0.006250 0.009722
5 0.578906 0.502778 0.004687 0.008333
5 0.582031 0.431944 0.003125 0.005556
5 0.684766 0.750694 0.019531 0.037500
5 0.235937 0.920833 0.031250 0.063889
