0 0.450391 0.435417 0.019531 0.026389
0 0.484766 0.363889 0.010156 0.013889
0 0.546094 0.381250 0.010937 0.015278
0 0.466016 0.397917 0.016406 0.026389
0 0.560937 0.377778 0.006250 0.011111
0 0.436719 0.379167 0.010937 0.013889
0 0.399219 0.640972 0.051562 0.073611
0 0.322656 0.509028 0.039062 0.043056
0 0.733984 0.691667 0.078906 0.125000
0 0.433203 0.422222 0.017969 0.022222
0 0.416797 0.402083 0.011719 0.020833
0 0.680859 0.530556 0.038281 0.052778
0 0.108984 0.752778 0.122656 0.133333
0 0.476953 0.352778 0.007031 0.011111
0 0.389453 0.409028 0.042969 0.079167
0 0.372656 0.522917 0.035937 0.043056
0 0.584766 0.406944 0.014844 0.022222
0 0.417578 0.441667 0.021094 0.027778
0 0.958203 0.859028 0.082031 0.162500
0 0.544531 0.392361 0.014063 0.020833
0 0.456250 0.367361 0.023438 0.045833
0 0.566406 0.488889 0.028125 0.055556
0 0.479297 0.382639 0.013281 0.023611
0 0.471094 0.342361 0.014063 0.023611
0 0.446484 0.473611 0.027344 0.038889
0 0.590625 0.453472 0.026562 0.045833
0 0.492188 0.351389 0.007812 0.011111
0 0.570312 0.385417 0.014063 0.020833
0 0.550000 0.359028 0.007812 0.012500
0 0.274219 0.688194 0.075000 0.098611
3 0.777734 0.576389 0.442969 0.438889
3 0.766797 0.695833 0.455469 0.597222
3 0.224219 0.621528 0.448437 0.470833
3 0.228125 0.694444 0.456250 0.600000
3 0.646484 0.675694 0.258594 0.640278
4 0.762109 0.605556 0.335156 0.386111
4 0.350781 0.526389 0.007812 0.011111
4 0.627344 0.504861 0.006250 0.009722
4 0.762500 0.606250 0.334375 0.384722
4 0.648047 0.537500 0.008594 0.011111
4 0.209375 0.736806 0.023438 0.034722
4 0.436719 0.700000 0.109375 0.597222
4 0.077734 0.938889 0.049219 0.069444
4 0.778516 0.967361 0.032031 0.062500
4 0.358594 0.630556 0.009375 0.019444
4 0.931641 0.967361 0.046094 0.062500
4 0.316406 0.730556 0.015625 0.030556
4 0.789062 0.751389 0.025000 0.036111
4 0.638672 0.643750 0.011719 0.023611
4 0.371094 0.495833 0.006250 0.008333
4 0.405078 0.524306 0.005469 0.009722
4 0.385547 0.569444 0.007031 0.013889
4 0.185156 0.652083 0.370312 0.409722
4 0.418359 0.493750 0.005469 0.009722
4 0.319531 0.572222 0.009375 0.013889
4 0.279687 0.632639 0.009375 0.012500
4 0.591797 0.534028 0.007031 0.012500
4 0.504687 0.678472 0.240625 0.640278
4 0.684766 0.750694 0.019531 0.037500
4 0.391016 0.465972 0.014844 0.023611
4 0.610938 0.578472 0.009375 0.015278
4 0.236328 0.920833 0.032031 0.063889
4 0.677344 0.581944 0.010937 0.013889
5 0.350781 0.525694 0.007812 0.009722
5 0.627344 0.504861 0.006250 0.009722
5 0.451953 0.698611 0.139844 0.600000
5 0.184766 0.651389 0.369531 0.408333
5 0.778516 0.967361 0.032031 0.062500
5 0.762500 0.606250 0.334375 0.384722
5 0.430469 0.463889 0.010937 0.022222
5 0.647656 0.537500 0.007812 0.011111
5 0.209375 0.736806 0.023438 0.034722
5 0.279687 0.632639 0.009375 0.012500
5 0.077734 0.938889 0.049219 0.069444
5 0.931641 0.966667 0.046094 0.063889
5 0.316406 0.730556 0.015625 0.030556
5 0.789062 0.751389 0.025000 0.036111
5 0.638672 0.643750 0.011719 0.023611
5 0.391016 0.466667 0.014844 0.022222
5 0.371094 0.495833 0.006250 0.008333
5 0.405078 0.524306 0.005469 0.009722
5 0.385547 0.569444 0.007031 0.013889
5 0.610938 0.578472 0.009375 0.015278
5 0.421875 0.484028 0.012500 0.029167
5 0.319531 0.572222 0.009375 0.013889
5 0.591797 0.534028 0.007031 0.012500
5 0.569141 0.678472 0.111719 0.640278
5 0.684766 0.750694 0.019531 0.037500
5 0.611328 0.480556 0.005469 0.008333
5 0.235937 0.920833 0.031250 0.063889
5 0.677344 0.581944 0.010937 0.013889
5 0.358594 0.630556 0.009375 0.019444
