0 0.669531 0.145833 0.054688 0.080556
0 0.980469 0.855556 0.035937 0.194444
0 0.939844 0.179167 0.117188 0.247222
0 0.025781 0.101389 0.051562 0.080556
0 0.389844 0.265278 0.307812 0.191667
0 0.857812 0.544444 0.065625 0.100000
0 0.166406 0.044444 0.064062 0.088889
0 0.021875 0.043056 0.043750 0.052778
0 0.873437 0.008333 0.056250 0.016667
0 0.091406 0.086111 0.079687 0.061111
0 0.698438 0.223611 0.065625 0.102778
0 0.295312 0.008333 0.040625 0.016667
0 0.648438 0.416667 0.162500 0.172222
0 0.711719 0.040278 0.051562 0.080556
0 0.791406 0.008333 0.048438 0.016667
0 0.858594 0.123611 0.048438 0.091667
1 0.423438 0.356944 0.012500 0.075000
3 0.780469 0.423611 0.435937 0.841667
3 0.187500 0.083333 0.368750 0.166667
4 0.914062 0.302778 0.015625 0.022222
5 0.914062 0.302778 0.015625 0.022222
