0 0.471484 0.359722 0.008594 0.016667
0 0.478906 0.378472 0.010937 0.015278
0 0.468359 0.395139 0.013281 0.018056
0 0.695703 0.504861 0.102344 0.179167
0 0.482812 0.338889 0.012500 0.027778
0 0.441016 0.481944 0.027344 0.036111
0 0.190625 0.655556 0.073438 0.091667
0 0.458984 0.375000 0.011719 0.016667
0 0.488672 0.355556 0.010156 0.013889
0 0.441406 0.400000 0.014063 0.022222
0 0.431641 0.386111 0.013281 0.022222
0 0.401953 0.457639 0.025781 0.040278
0 0.415625 0.430556 0.017188 0.027778
0 0.444922 0.364583 0.017969 0.031944
0 0.412500 0.404861 0.015625 0.020833
0 0.538281 0.354167 0.009375 0.016667
0 0.525391 0.375000 0.010156 0.016667
0 0.575391 0.448611 0.019531 0.030556
0 0.521094 0.356250 0.009375 0.018056
0 0.557031 0.406250 0.014063 0.020833
0 0.363672 0.532639 0.036719 0.051389
0 0.561328 0.374306 0.008594 0.012500
0 0.400000 0.586111 0.057813 0.113889
0 0.602734 0.433333 0.019531 0.027778
3 0.774609 0.613889 0.449219 0.538889
3 0.763672 0.681944 0.471094 0.627778
3 0.210938 0.621528 0.421875 0.473611
3 0.236719 0.701389 0.473438 0.588889
3 0.645312 0.681250 0.253125 0.629167
4 0.209375 0.738194 0.023438 0.034722
4 0.435547 0.702083 0.107031 0.593056
4 0.276953 0.636806 0.014844 0.020833
4 0.638281 0.644444 0.012500 0.022222
4 0.077734 0.939583 0.049219 0.070833
4 0.316016 0.731250 0.016406 0.031944
4 0.358594 0.631944 0.009375 0.019444
4 0.211719 0.624306 0.423438 0.465278
4 0.778125 0.967361 0.031250 0.062500
4 0.783984 0.631944 0.430469 0.500000
4 0.319531 0.572222 0.009375 0.013889
4 0.931250 0.967361 0.045312 0.062500
4 0.789062 0.751389 0.025000 0.036111
4 0.504297 0.696528 0.241406 0.604167
4 0.684766 0.752083 0.019531 0.037500
4 0.235937 0.920833 0.031250 0.063889
4 0.721094 0.649306 0.015625 0.020833
5 0.783594 0.631944 0.431250 0.500000
5 0.611328 0.480556 0.005469 0.008333
5 0.647656 0.537500 0.007812 0.011111
5 0.872656 0.734028 0.253125 0.293056
5 0.385937 0.474306 0.004687 0.006944
5 0.076953 0.767361 0.153906 0.176389
5 0.405078 0.524306 0.005469 0.009722
5 0.209375 0.737500 0.023438 0.033333
5 0.435547 0.702083 0.107031 0.593056
5 0.276953 0.636806 0.014844 0.020833
5 0.578906 0.502083 0.004687 0.009722
5 0.370703 0.495833 0.005469 0.008333
5 0.077344 0.939583 0.048438 0.070833
5 0.778125 0.967361 0.031250 0.062500
5 0.316016 0.731250 0.014844 0.031944
5 0.599219 0.461806 0.004687 0.006944
5 0.435547 0.455556 0.005469 0.008333
5 0.569531 0.477778 0.004687 0.008333
5 0.358594 0.631944 0.009375 0.019444
5 0.677344 0.582639 0.010937 0.015278
5 0.319531 0.572222 0.009375 0.013889
5 0.417969 0.493750 0.004687 0.009722
5 0.931250 0.967361 0.045312 0.062500
5 0.591797 0.534722 0.007031 0.011111
5 0.610938 0.578472 0.009375 0.015278
5 0.789062 0.751389 0.025000 0.036111
5 0.503906 0.696528 0.240625 0.604167
5 0.684766 0.751389 0.019531 0.036111
5 0.638281 0.644444 0.012500 0.022222
5 0.627344 0.505556 0.006250 0.008333
5 0.235937 0.920833 0.031250 0.063889
5 0.721094 0.649306 0.015625 0.020833
