0 0.460156 0.672222 0.107813 0.183333
0 0.436719 0.259722 0.014063 0.019444
0 0.577344 0.456944 0.032813 0.069444
0 0.403906 0.276389 0.017188 0.025000
0 0.824219 0.640278 0.054688 0.052778
0 0.415625 0.284722 0.012500 0.025000
0 0.978906 0.661111 0.039062 0.055556
0 0.544531 0.616667 0.051562 0.066667
0 0.839063 0.591667 0.046875 0.044444
0 0.424219 0.365278 0.026562 0.041667
0 0.443750 0.391667 0.025000 0.033333
0 0.382812 0.443056 0.034375 0.041667
0 0.768750 0.958333 0.106250 0.077778
0 0.443750 0.325000 0.018750 0.022222
0 0.796094 0.575000 0.051562 0.055556
0 0.602344 0.458333 0.017188 0.038889
0 0.635938 0.476389 0.062500 0.102778
0 0.411719 0.306944 0.017188 0.025000
0 0.388281 0.329167 0.023438 0.019444
0 0.725781 0.505556 0.057813 0.061111
0 0.609375 0.777778 0.068750 0.094444
0 0.701562 0.551389 0.043750 0.052778
3 0.710938 0.587500 0.575000 0.575000
3 0.296875 0.722222 0.200000 0.550000
3 0.632812 0.734722 0.534375 0.519444
4 0.126562 0.040278 0.015625 0.013889
4 0.776563 0.038889 0.012500 0.011111
4 0.397656 0.841667 0.010937 0.311111
4 0.179688 0.034722 0.012500 0.030556
4 0.234375 0.040278 0.015625 0.013889
4 0.827344 0.038889 0.014063 0.011111
5 0.126562 0.040278 0.015625 0.013889
5 0.776563 0.038889 0.012500 0.011111
5 0.397656 0.841667 0.010937 0.311111
5 0.179688 0.034722 0.012500 0.030556
5 0.234375 0.040278 0.015625 0.013889
5 0.827344 0.038889 0.014063 0.011111
