0 0.478906 0.377778 0.067187 0.105556
0 0.899219 0.191667 0.114062 0.077778
3 0.711719 0.622222 0.570312 0.694444
3 0.094531 0.211111 0.189062 0.422222
3 0.207813 0.500000 0.412500 0.988889
3 0.708594 0.848611 0.570312 0.291667
3 0.728125 0.508333 0.540625 0.472222
3 0.730469 0.186111 0.535937 0.283333
4 0.677344 0.427778 0.070312 0.027778
4 0.620313 0.165278 0.056250 0.019444
4 0.818750 0.169444 0.040625 0.016667
4 0.808594 0.686111 0.148438 0.061111
4 0.268750 0.580556 0.109375 0.088889
4 0.522656 0.577778 0.132812 0.055556
4 0.735156 0.111111 0.526563 0.138889
4 0.075000 0.595833 0.050000 0.141667
4 0.964063 0.620833 0.068750 0.030556
4 0.657031 0.629167 0.051562 0.025000
4 0.209375 0.205556 0.012500 0.038889
4 0.227344 0.562500 0.217188 0.869444
4 0.725781 0.366667 0.539062 0.172222
4 0.291406 0.640278 0.045312 0.041667
4 0.961719 0.744444 0.057813 0.027778
4 0.728906 0.255556 0.532813 0.155556
4 0.960156 0.523611 0.076563 0.030556
4 0.665625 0.513889 0.081250 0.033333
4 0.710938 0.813889 0.575000 0.227778
4 0.629687 0.119444 0.062500 0.022222
4 0.832812 0.222222 0.065625 0.022222
5 0.620313 0.165278 0.056250 0.019444
5 0.808594 0.686111 0.148438 0.061111
5 0.268750 0.580556 0.109375 0.088889
5 0.735156 0.109722 0.526563 0.136111
5 0.075000 0.595833 0.050000 0.141667
5 0.964063 0.620833 0.068750 0.030556
5 0.818750 0.169444 0.040625 0.016667
5 0.657031 0.629167 0.051562 0.025000
5 0.209375 0.206944 0.012500 0.036111
5 0.226562 0.563889 0.215625 0.866667
5 0.725000 0.365278 0.537500 0.169444
5 0.291406 0.640278 0.045312 0.041667
5 0.665625 0.513889 0.081250 0.033333
5 0.961719 0.744444 0.057813 0.027778
5 0.131250 0.587500 0.153125 0.080556
5 0.728906 0.255556 0.529687 0.155556
5 0.960156 0.523611 0.076563 0.030556
5 0.522656 0.577778 0.132812 0.055556
5 0.710938 0.813889 0.575000 0.227778
5 0.629687 0.119444 0.062500 0.022222
5 0.832812 0.223611 0.065625 0.019444
5 0.677344 0.427778 0.070312 0.027778
