0 0.445312 0.462500 0.021875 0.030556
0 0.423047 0.520139 0.041406 0.087500
0 0.476953 0.381250 0.013281 0.015278
0 0.522266 0.354861 0.007031 0.009722
0 0.449609 0.363889 0.007031 0.013889
0 0.466016 0.402083 0.014844 0.018056
0 0.535156 0.349306 0.006250 0.009722
0 0.360547 0.792361 0.077344 0.120833
0 0.489844 0.356944 0.009375 0.011111
0 0.420703 0.435417 0.022656 0.031944
0 0.068359 0.784028 0.136719 0.187500
0 0.450391 0.391667 0.013281 0.016667
0 0.422656 0.395833 0.014063 0.016667
0 0.662500 0.527083 0.035937 0.054167
0 0.335938 0.577083 0.045312 0.059722
0 0.387891 0.488889 0.032031 0.038889
0 0.542188 0.425000 0.018750 0.027778
0 0.390234 0.407639 0.039844 0.073611
0 0.258594 0.584722 0.056250 0.063889
0 0.458594 0.431944 0.017188 0.025000
0 0.464062 0.370833 0.009375 0.013889
0 0.548047 0.457639 0.022656 0.034722
0 0.476562 0.363194 0.010937 0.015278
0 0.541406 0.367361 0.009375 0.012500
0 0.243359 0.729167 0.088281 0.097222
0 0.458594 0.359722 0.009375 0.013889
3 0.775781 0.613889 0.446875 0.533333
3 0.782031 0.693750 0.434375 0.601389
3 0.765625 0.686806 0.467187 0.615278
3 0.238281 0.687500 0.476562 0.616667
3 0.646484 0.678472 0.258594 0.631944
4 0.359766 0.512500 0.025781 0.038889
4 0.776563 0.620833 0.445312 0.522222
4 0.385937 0.569444 0.007812 0.013889
4 0.438281 0.694444 0.112500 0.608333
4 0.077734 0.939583 0.049219 0.070833
4 0.316406 0.729861 0.015625 0.031944
4 0.638672 0.643056 0.011719 0.022222
4 0.778516 0.967361 0.032031 0.062500
4 0.358984 0.631250 0.010156 0.020833
4 0.276953 0.636806 0.014844 0.020833
4 0.931641 0.966667 0.046094 0.063889
4 0.591797 0.534722 0.007031 0.011111
4 0.677344 0.581944 0.010937 0.013889
4 0.610938 0.578472 0.009375 0.015278
4 0.789453 0.751389 0.024219 0.036111
4 0.504297 0.682639 0.241406 0.631944
4 0.684766 0.750694 0.019531 0.037500
4 0.281641 0.544444 0.322656 0.344444
4 0.236328 0.920833 0.032031 0.063889
4 0.721094 0.649306 0.015625 0.020833
5 0.776172 0.620139 0.446094 0.523611
5 0.569531 0.478472 0.004687 0.006944
5 0.578906 0.502083 0.004687 0.009722
5 0.778516 0.967361 0.032031 0.062500
5 0.385547 0.569444 0.007031 0.013889
5 0.611328 0.480556 0.005469 0.008333
5 0.276953 0.636806 0.014844 0.020833
5 0.398438 0.454861 0.004687 0.006944
5 0.451953 0.682639 0.139844 0.631944
5 0.077734 0.939583 0.049219 0.070833
5 0.316406 0.729861 0.015625 0.031944
5 0.638672 0.643056 0.011719 0.022222
5 0.358594 0.631250 0.009375 0.020833
5 0.721094 0.649306 0.015625 0.020833
5 0.246875 0.579861 0.253125 0.273611
5 0.931641 0.966667 0.046094 0.063889
5 0.591797 0.534722 0.007031 0.011111
5 0.677344 0.581944 0.010937 0.013889
5 0.627344 0.504861 0.006250 0.009722
5 0.610938 0.578472 0.009375 0.015278
5 0.789453 0.751389 0.024219 0.036111
5 0.504297 0.683333 0.241406 0.630556
5 0.589453 0.445833 0.003906 0.005556
5 0.684766 0.750694 0.019531 0.037500
5 0.582031 0.432639 0.003125 0.006944
5 0.599219 0.460417 0.004687 0.006944
5 0.359766 0.513194 0.025781 0.037500
5 0.236328 0.920833 0.032031 0.063889
