0 0.083594 0.326389 0.039062 0.047222
0 0.373437 0.091667 0.009375 0.016667
0 0.723437 0.090278 0.009375 0.019444
0 0.041406 0.334722 0.032813 0.047222
0 0.274219 0.093056 0.020313 0.036111
0 0.250781 0.134722 0.017188 0.030556
0 0.792188 0.455556 0.150000 0.083333
0 0.415625 0.052778 0.006250 0.011111
0 0.375781 0.031944 0.004687 0.008333
0 0.365625 0.080556 0.009375 0.016667
0 0.049219 0.544444 0.051562 0.066667
0 0.383594 0.104167 0.010937 0.019444
0 0.328125 0.079167 0.012500 0.025000
0 0.204687 0.370833 0.100000 0.169444
0 0.347656 0.068056 0.007812 0.013889
0 0.166406 0.331944 0.035937 0.041667
0 0.358594 0.045833 0.007812 0.013889
0 0.605469 0.476389 0.064062 0.041667
0 0.242188 0.409722 0.034375 0.047222
0 0.472656 0.026389 0.004687 0.008333
0 0.115625 0.683333 0.053125 0.077778
3 0.236719 0.511111 0.410938 0.961111
3 0.208594 0.495833 0.417187 0.902778
3 0.195312 0.233333 0.390625 0.455556
3 0.724219 0.169444 0.548438 0.333333
4 0.222656 0.481944 0.395313 0.941667
4 0.179688 0.036111 0.012500 0.038889
5 0.222656 0.481944 0.395313 0.941667
5 0.179688 0.036111 0.012500 0.038889
