0 0.456250 0.451389 0.020313 0.030556
0 0.532422 0.345139 0.007031 0.015278
0 0.494141 0.348611 0.007031 0.011111
0 0.477734 0.378472 0.011719 0.015278
0 0.661719 0.505556 0.034375 0.050000
0 0.347266 0.476389 0.030469 0.036111
0 0.608203 0.670833 0.053906 0.091667
0 0.387500 0.429861 0.015625 0.023611
0 0.241406 0.760417 0.082812 0.143056
0 0.404687 0.618750 0.050000 0.076389
0 0.140234 0.845139 0.139844 0.279167
0 0.446094 0.376389 0.028125 0.061111
0 0.484766 0.363889 0.010156 0.019444
0 0.479297 0.340278 0.014844 0.030556
0 0.291016 0.545833 0.044531 0.050000
0 0.523047 0.374306 0.010156 0.012500
0 0.414453 0.425000 0.036719 0.072222
0 0.467187 0.365972 0.009375 0.012500
0 0.190234 0.650694 0.088281 0.109722
0 0.475781 0.392361 0.012500 0.015278
0 0.466406 0.343750 0.014063 0.026389
0 0.435156 0.480556 0.028125 0.036111
0 0.538672 0.329167 0.011719 0.016667
0 0.462500 0.415972 0.017188 0.020833
0 0.582812 0.546528 0.037500 0.056944
0 0.547266 0.357639 0.008594 0.012500
3 0.764062 0.680556 0.470313 0.630556
3 0.646094 0.684722 0.254688 0.625000
3 0.196094 0.641667 0.392188 0.469444
3 0.223828 0.704167 0.447656 0.580556
3 0.330469 0.718056 0.279687 0.561111
4 0.438281 0.694444 0.112500 0.608333
4 0.063672 0.959028 0.021094 0.031944
4 0.316016 0.731250 0.016406 0.031944
4 0.358594 0.631250 0.009375 0.020833
4 0.778516 0.967361 0.032031 0.062500
4 0.777734 0.623611 0.442969 0.519444
4 0.319531 0.572917 0.009375 0.012500
4 0.276953 0.636806 0.014844 0.020833
4 0.931250 0.967361 0.045312 0.062500
4 0.610547 0.579167 0.010156 0.013889
4 0.677344 0.581944 0.010937 0.013889
4 0.789453 0.751389 0.024219 0.036111
4 0.638281 0.644444 0.012500 0.022222
4 0.685156 0.752083 0.018750 0.037500
4 0.504297 0.696528 0.241406 0.604167
4 0.235937 0.920833 0.031250 0.063889
4 0.721094 0.649306 0.015625 0.020833
5 0.777734 0.622222 0.442969 0.519444
5 0.276953 0.636806 0.014844 0.020833
5 0.586328 0.441667 0.010156 0.013889
5 0.448828 0.690972 0.133594 0.615278
5 0.562109 0.459028 0.003906 0.006944
5 0.556641 0.445139 0.003906 0.006944
5 0.627344 0.504861 0.006250 0.009722
5 0.386719 0.473611 0.006250 0.008333
5 0.385547 0.569444 0.007031 0.013889
5 0.611328 0.480556 0.005469 0.008333
5 0.133203 0.707639 0.266406 0.298611
5 0.319922 0.572917 0.008594 0.012500
5 0.599219 0.460417 0.004687 0.006944
5 0.063672 0.959028 0.021094 0.031944
5 0.405078 0.523611 0.005469 0.011111
5 0.778516 0.967361 0.032031 0.062500
5 0.371094 0.495833 0.006250 0.011111
5 0.316016 0.731250 0.016406 0.031944
5 0.214453 0.621528 0.428906 0.470833
5 0.417578 0.494444 0.005469 0.008333
5 0.569531 0.479167 0.004687 0.008333
5 0.301563 0.519444 0.156250 0.169444
5 0.358594 0.631250 0.009375 0.020833
5 0.350000 0.527778 0.007812 0.011111
5 0.647656 0.537500 0.007812 0.011111
5 0.931250 0.967361 0.045312 0.062500
5 0.610547 0.579167 0.010156 0.013889
5 0.677344 0.581944 0.010937 0.013889
5 0.789453 0.751389 0.024219 0.036111
5 0.638672 0.644444 0.011719 0.022222
5 0.685156 0.752083 0.018750 0.037500
5 0.578906 0.503472 0.004687 0.009722
5 0.503906 0.696528 0.240625 0.604167
5 0.235937 0.920833 0.031250 0.063889
5 0.721094 0.649306 0.015625 0.020833
