0 0.393750 0.338889 0.015625 0.022222
0 0.465625 0.358333 0.021875 0.027778
0 0.737500 0.543056 0.084375 0.130556
0 0.852344 0.659722 0.057813 0.063889
0 0.389844 0.286111 0.014063 0.016667
0 0.285156 0.347222 0.026562 0.055556
0 0.411719 0.263889 0.014063 0.016667
0 0.379688 0.300000 0.015625 0.022222
0 0.919531 0.641667 0.067187 0.061111
0 0.468750 0.412500 0.025000 0.036111
0 0.514062 0.661111 0.062500 0.088889
0 0.335938 0.301389 0.031250 0.063889
0 0.419531 0.369444 0.023438 0.033333
0 0.357812 0.523611 0.065625 0.119444
0 0.410938 0.305556 0.015625 0.022222
0 0.422656 0.487500 0.035937 0.047222
0 0.468750 0.390278 0.021875 0.025000
0 0.700000 0.511111 0.012500 0.061111
0 0.628125 0.472222 0.034375 0.033333
0 0.418750 0.276389 0.015625 0.019444
0 0.417187 0.326389 0.015625 0.019444
0 0.444531 0.569444 0.042188 0.061111
0 0.510938 0.454167 0.034375 0.041667
0 0.635938 0.509722 0.037500 0.047222
0 0.445312 0.270833 0.012500 0.019444
0 0.664844 0.491667 0.029687 0.044444
0 0.441406 0.251389 0.017188 0.019444
3 0.300781 0.706944 0.195312 0.575000
3 0.687500 0.601389 0.621875 0.547222
3 0.589844 0.708333 0.635938 0.572222
4 0.126562 0.040278 0.015625 0.013889
4 0.776563 0.038889 0.012500 0.011111
4 0.179688 0.034722 0.012500 0.030556
4 0.397656 0.844444 0.014063 0.305556
4 0.804688 0.641667 0.025000 0.016667
4 0.776563 0.643056 0.025000 0.019444
4 0.481250 0.845833 0.162500 0.297222
5 0.126562 0.040278 0.015625 0.013889
5 0.776563 0.038889 0.012500 0.011111
5 0.179688 0.034722 0.012500 0.030556
5 0.397656 0.844444 0.014063 0.305556
5 0.804688 0.641667 0.025000 0.016667
5 0.776563 0.643056 0.025000 0.019444
5 0.481250 0.845833 0.162500 0.297222
