0 0.960156 0.077778 0.020313 0.027778
0 0.267188 0.284722 0.028125 0.041667
0 0.116406 0.158333 0.017188 0.027778
0 0.228906 0.348611 0.092188 0.113889
0 0.051562 0.079167 0.012500 0.019444
0 0.966406 0.065278 0.020313 0.019444
0 0.077344 0.062500 0.014063 0.013889
0 0.041406 0.098611 0.010937 0.013889
0 0.158594 0.176389 0.017188 0.025000
0 0.084375 0.156944 0.015625 0.030556
0 0.884375 0.250000 0.065625 0.127778
0 0.009375 0.275000 0.018750 0.027778
0 0.110937 0.104167 0.009375 0.019444
0 0.099219 0.091667 0.010937 0.016667
0 0.170313 0.226389 0.018750 0.025000
0 0.067187 0.140278 0.015625 0.019444
0 0.164844 0.081944 0.014063 0.019444
0 0.276562 0.195833 0.018750 0.025000
0 0.078906 0.090278 0.010937 0.019444
0 0.137500 0.181944 0.018750 0.030556
0 0.942187 0.100000 0.018750 0.027778
0 0.426563 0.273611 0.028125 0.041667
0 0.086719 0.126389 0.014063 0.025000
0 0.067187 0.134722 0.015625 0.030556
0 0.050000 0.062500 0.012500 0.013889
0 0.107031 0.062500 0.007812 0.008333
0 0.214062 0.147222 0.015625 0.022222
0 0.994531 0.084722 0.007812 0.019444
0 0.178906 0.169444 0.017188 0.027778
0 0.269531 0.330556 0.029687 0.038889
0 0.066406 0.125000 0.014063 0.016667
0 0.919531 0.165278 0.032813 0.091667
3 0.627344 0.550000 0.735938 0.888889
3 0.065625 0.280556 0.128125 0.072222
3 0.199219 0.726389 0.395313 0.469444
3 0.195312 0.234722 0.346875 0.352778
3 0.102344 0.343056 0.198437 0.191667
3 0.475000 0.506944 0.890625 0.880556
3 0.253906 0.158333 0.445312 0.311111
3 0.426563 0.886111 0.331250 0.216667
4 0.148438 0.888889 0.115625 0.105556
4 0.078125 0.755556 0.075000 0.061111
4 0.512500 0.894444 0.071875 0.100000
4 0.093750 0.800000 0.062500 0.050000
4 0.082031 0.659722 0.164062 0.108333
5 0.061719 0.718056 0.054688 0.041667
5 0.148438 0.888889 0.115625 0.105556
5 0.078125 0.756944 0.075000 0.058333
5 0.512500 0.894444 0.071875 0.100000
5 0.093750 0.801389 0.062500 0.047222
5 0.700781 0.626389 0.023438 0.036111
5 0.082812 0.659722 0.162500 0.108333
