0 0.523828 0.369444 0.010156 0.013889
0 0.601953 0.603472 0.047656 0.076389
0 0.725391 0.943056 0.100781 0.111111
0 0.547266 0.367361 0.017969 0.043056
0 0.393750 0.433333 0.021875 0.027778
0 0.468750 0.344444 0.012500 0.022222
0 0.432812 0.383333 0.012500 0.016667
0 0.467187 0.395139 0.015625 0.023611
0 0.434375 0.509722 0.028125 0.041667
0 0.282813 0.509028 0.118750 0.165278
0 0.403516 0.458333 0.027344 0.044444
0 0.534375 0.390972 0.012500 0.020833
0 0.461719 0.370833 0.012500 0.016667
0 0.447266 0.366667 0.011719 0.019444
0 0.414844 0.399306 0.012500 0.018056
0 0.547656 0.353472 0.015625 0.018056
0 0.482031 0.373611 0.010937 0.013889
0 0.559375 0.371528 0.007812 0.015278
0 0.452344 0.387500 0.010937 0.016667
0 0.522656 0.353472 0.009375 0.015278
0 0.541406 0.422917 0.017188 0.026389
0 0.484375 0.358333 0.010937 0.019444
0 0.546875 0.373611 0.017188 0.033333
0 0.366406 0.536806 0.035937 0.048611
0 0.440625 0.400000 0.017188 0.025000
3 0.781641 0.631944 0.435156 0.497222
3 0.758984 0.692361 0.474219 0.606944
3 0.238281 0.700694 0.476562 0.590278
3 0.214062 0.627083 0.428125 0.462500
4 0.437891 0.694444 0.111719 0.608333
4 0.783203 0.630556 0.432031 0.502778
4 0.209375 0.736806 0.023438 0.034722
4 0.316406 0.729861 0.015625 0.031944
4 0.638281 0.643056 0.012500 0.022222
4 0.358594 0.631250 0.010937 0.020833
4 0.778516 0.967361 0.032031 0.062500
4 0.721094 0.648611 0.015625 0.022222
4 0.276953 0.636806 0.014844 0.020833
4 0.117969 0.723611 0.235937 0.263889
4 0.077734 0.938889 0.049219 0.069444
4 0.931641 0.966667 0.046094 0.063889
4 0.789453 0.751389 0.024219 0.036111
4 0.684766 0.751389 0.019531 0.036111
4 0.235937 0.920833 0.031250 0.063889
5 0.783203 0.630556 0.432031 0.502778
5 0.599219 0.461111 0.004687 0.008333
5 0.450391 0.700694 0.136719 0.595833
5 0.562109 0.459028 0.003906 0.006944
5 0.611328 0.480556 0.005469 0.008333
5 0.209375 0.736806 0.023438 0.034722
5 0.578906 0.502778 0.004687 0.008333
5 0.371094 0.495139 0.006250 0.009722
5 0.077734 0.938889 0.049219 0.069444
5 0.405078 0.523611 0.005469 0.011111
5 0.931250 0.966667 0.045312 0.063889
5 0.316406 0.730556 0.015625 0.030556
5 0.638281 0.643056 0.012500 0.022222
5 0.435547 0.454167 0.003906 0.005556
5 0.569922 0.477778 0.003906 0.008333
5 0.381641 0.434722 0.082031 0.088889
5 0.385937 0.569444 0.007812 0.013889
5 0.358984 0.631250 0.010156 0.020833
5 0.778516 0.967361 0.032031 0.062500
5 0.427344 0.471528 0.004687 0.006944
5 0.721094 0.648611 0.015625 0.022222
5 0.677344 0.581944 0.010937 0.013889
5 0.320312 0.572222 0.009375 0.013889
5 0.417969 0.493056 0.004687 0.008333
5 0.277344 0.636806 0.014063 0.020833
5 0.117969 0.723611 0.235937 0.263889
5 0.627344 0.504861 0.006250 0.009722
5 0.591406 0.533333 0.006250 0.011111
5 0.789453 0.751389 0.024219 0.036111
5 0.504297 0.709722 0.241406 0.577778
5 0.589844 0.445833 0.003125 0.005556
5 0.684766 0.751389 0.019531 0.036111
5 0.647656 0.537500 0.007812 0.011111
5 0.235937 0.920833 0.031250 0.063889
