0 0.842187 0.106944 0.021875 0.036111
0 0.678125 0.068056 0.018750 0.025000
0 0.694531 0.213889 0.026562 0.050000
0 0.674219 0.193056 0.020313 0.030556
0 0.719531 0.063889 0.014063 0.011111
0 0.487500 0.022222 0.012500 0.022222
0 0.734375 0.301389 0.065625 0.147222
0 0.626563 0.159722 0.040625 0.097222
0 0.828125 0.380556 0.034375 0.055556
0 0.508594 0.018056 0.010937 0.025000
0 0.166406 0.320833 0.114062 0.041667
0 0.240625 0.284722 0.043750 0.047222
0 0.282813 0.265278 0.043750 0.052778
0 0.594531 0.288889 0.029687 0.050000
0 0.037500 0.338889 0.065625 0.055556
0 0.407813 0.188889 0.025000 0.038889
0 0.443750 0.069444 0.018750 0.027778
0 0.917188 0.486111 0.050000 0.061111
0 0.736719 0.120833 0.020313 0.030556
0 0.615625 0.348611 0.037500 0.069444
0 0.881250 0.448611 0.037500 0.047222
0 0.416406 0.211111 0.029687 0.044444
0 0.589063 0.451389 0.090625 0.102778
0 0.703125 0.529167 0.034375 0.063889
0 0.523438 0.047222 0.018750 0.044444
0 0.430469 0.150000 0.017188 0.027778
0 0.542188 0.065278 0.021875 0.036111
0 0.650000 0.069444 0.018750 0.022222
0 0.621875 0.041667 0.015625 0.027778
0 0.860156 0.808333 0.067187 0.111111
0 0.607812 0.106944 0.015625 0.025000
0 0.320312 0.251389 0.037500 0.047222
0 0.657813 0.172222 0.021875 0.044444
0 0.573438 0.091667 0.034375 0.072222
0 0.655469 0.048611 0.017188 0.025000
0 0.228125 0.284722 0.134375 0.080556
0 0.324219 0.218056 0.023438 0.019444
0 0.940625 0.622222 0.053125 0.077778
0 0.659375 0.222222 0.028125 0.055556
0 0.766406 0.275000 0.017188 0.061111
0 0.706250 0.129167 0.018750 0.030556
0 0.773438 0.081944 0.028125 0.030556
0 0.689844 0.275000 0.023438 0.055556
0 0.818750 0.459722 0.040625 0.063889
0 0.603906 0.012500 0.010937 0.019444
0 0.593750 0.125000 0.018750 0.050000
0 0.464062 0.015278 0.018750 0.030556
0 0.614062 0.225000 0.028125 0.061111
0 0.793750 0.688889 0.068750 0.111111
0 0.888281 0.240278 0.035937 0.052778
0 0.545312 0.025000 0.018750 0.038889
0 0.642188 0.019444 0.015625 0.022222
0 0.437500 0.368056 0.156250 0.102778
0 0.975000 0.319444 0.046875 0.066667
0 0.805469 0.347222 0.039062 0.055556
3 0.744531 0.515278 0.504687 0.952778
3 0.246094 0.191667 0.489063 0.377778
3 0.778125 0.234722 0.440625 0.469444
4 0.179688 0.036111 0.012500 0.038889
5 0.179688 0.036111 0.012500 0.038889
