0 0.491797 0.351389 0.007031 0.011111
0 0.428125 0.529861 0.035937 0.051389
0 0.764062 0.776389 0.101562 0.161111
0 0.487500 0.360417 0.009375 0.012500
0 0.955859 0.894444 0.086719 0.172222
0 0.477734 0.376389 0.011719 0.016667
0 0.897656 0.787500 0.064062 0.127778
0 0.449609 0.416667 0.017969 0.022222
0 0.385937 0.403472 0.043750 0.087500
0 0.527734 0.344444 0.011719 0.011111
0 0.454297 0.374306 0.021094 0.037500
0 0.432422 0.384722 0.013281 0.016667
0 0.301563 0.497222 0.068750 0.116667
0 0.569531 0.387500 0.010937 0.016667
0 0.437500 0.377778 0.010937 0.016667
0 0.449609 0.449306 0.022656 0.029167
0 0.467969 0.404167 0.015625 0.019444
0 0.558203 0.402778 0.013281 0.019444
0 0.354297 0.749306 0.078906 0.106944
0 0.579297 0.399306 0.014844 0.018056
3 0.743359 0.675000 0.449219 0.641667
3 0.769141 0.679861 0.460156 0.629167
3 0.216016 0.621528 0.432031 0.468056
3 0.219922 0.696528 0.439844 0.595833
4 0.744922 0.581944 0.386719 0.447222
4 0.438281 0.693750 0.112500 0.609722
4 0.208984 0.738194 0.022656 0.034722
4 0.276953 0.636806 0.014844 0.020833
4 0.677344 0.582639 0.010937 0.015278
4 0.931250 0.967361 0.045312 0.062500
4 0.358594 0.631250 0.010937 0.020833
4 0.778516 0.967361 0.032031 0.062500
4 0.319531 0.572917 0.009375 0.012500
4 0.135937 0.704167 0.271875 0.302778
4 0.077734 0.939583 0.049219 0.070833
4 0.610547 0.579167 0.008594 0.016667
4 0.513281 0.677083 0.260937 0.643056
4 0.684375 0.752083 0.018750 0.037500
4 0.316406 0.729861 0.015625 0.031944
4 0.638672 0.644444 0.011719 0.022222
4 0.235937 0.920833 0.031250 0.063889
4 0.721094 0.649306 0.015625 0.020833
5 0.744922 0.581944 0.386719 0.447222
5 0.611719 0.480556 0.004687 0.008333
5 0.438281 0.690972 0.112500 0.615278
5 0.135937 0.704167 0.271875 0.302778
5 0.562109 0.459722 0.003906 0.005556
5 0.398438 0.456250 0.004687 0.006944
5 0.778516 0.967361 0.032031 0.062500
5 0.627344 0.505556 0.006250 0.008333
5 0.721094 0.649306 0.015625 0.020833
5 0.208984 0.737500 0.022656 0.033333
5 0.358203 0.631250 0.010156 0.020833
5 0.276953 0.636806 0.014844 0.020833
5 0.578906 0.502778 0.004687 0.008333
5 0.677344 0.582639 0.010937 0.015278
5 0.077734 0.939583 0.049219 0.070833
5 0.391016 0.465972 0.014844 0.023611
5 0.405078 0.523611 0.005469 0.011111
5 0.931250 0.967361 0.045312 0.062500
5 0.316406 0.729861 0.015625 0.031944
5 0.428125 0.471528 0.004687 0.006944
5 0.370703 0.496528 0.005469 0.009722
5 0.569531 0.478472 0.004687 0.006944
5 0.385547 0.569444 0.007031 0.013889
5 0.350000 0.527778 0.007812 0.011111
5 0.647656 0.537500 0.007812 0.011111
5 0.319531 0.572917 0.009375 0.012500
5 0.417578 0.493056 0.005469 0.008333
5 0.599219 0.461111 0.004687 0.008333
5 0.591797 0.534722 0.007031 0.011111
5 0.610547 0.579167 0.008594 0.016667
5 0.684375 0.752083 0.018750 0.037500
5 0.503906 0.677778 0.240625 0.641667
5 0.638672 0.644444 0.011719 0.022222
5 0.353125 0.465972 0.032813 0.037500
5 0.556250 0.443750 0.004687 0.006944
5 0.589453 0.445833 0.003906 0.005556
5 0.235937 0.920833 0.031250 0.063889
