0 0.238281 0.354167 0.014063 0.025000
0 0.277344 0.411111 0.020313 0.027778
0 0.182031 0.302778 0.020313 0.044444
0 0.371094 0.331944 0.014063 0.025000
0 0.451562 0.406944 0.015625 0.025000
0 0.406250 0.545833 0.025000 0.041667
0 0.205469 0.383333 0.017188 0.022222
0 0.275781 0.263889 0.010937 0.016667
0 0.326562 0.409722 0.034375 0.075000
0 0.287500 0.363889 0.028125 0.050000
0 0.750781 0.644444 0.060937 0.072222
0 0.225000 0.301389 0.012500 0.019444
0 0.341406 0.512500 0.023438 0.041667
0 0.547656 0.468056 0.026562 0.036111
0 0.166406 0.420833 0.020313 0.030556
0 0.285938 0.284722 0.009375 0.013889
0 0.317188 0.309722 0.012500 0.019444
0 0.395313 0.352778 0.015625 0.022222
0 0.370312 0.312500 0.015625 0.025000
0 0.268750 0.320833 0.015625 0.025000
0 0.703906 0.950000 0.067187 0.094444
0 0.240625 0.320833 0.015625 0.019444
0 0.410156 0.340278 0.014063 0.019444
0 0.351562 0.336111 0.015625 0.022222
0 0.773438 0.634722 0.025000 0.052778
0 0.355469 0.322222 0.014063 0.016667
0 0.387500 0.465278 0.021875 0.030556
0 0.336719 0.329167 0.014063 0.013889
0 0.210938 0.311111 0.012500 0.022222
0 0.609375 0.443056 0.053125 0.063889
0 0.730469 0.525000 0.029687 0.038889
0 0.950000 0.588889 0.096875 0.083333
0 0.688281 0.658333 0.035937 0.044444
0 0.417969 0.372222 0.017188 0.022222
0 0.317969 0.287500 0.014063 0.025000
0 0.425781 0.512500 0.026562 0.036111
0 0.216406 0.291667 0.010937 0.016667
0 0.521875 0.420833 0.028125 0.047222
0 0.647656 0.536111 0.026562 0.033333
0 0.435937 0.350000 0.015625 0.022222
0 0.541406 0.434722 0.039062 0.041667
0 0.465625 0.561111 0.028125 0.038889
0 0.689844 0.502778 0.029687 0.033333
3 0.617188 0.625000 0.756250 0.727778
3 0.111719 0.431944 0.217188 0.369444
3 0.536719 0.633333 0.632812 0.722222
4 0.863281 0.820833 0.014063 0.013889
4 0.909375 0.866667 0.015625 0.016667
4 0.392969 0.558333 0.023438 0.016667
4 0.985156 0.865278 0.020313 0.019444
4 0.933594 0.820833 0.017188 0.019444
4 0.410156 0.638889 0.323437 0.716667
4 0.364844 0.556944 0.026562 0.019444
5 0.863281 0.820833 0.014063 0.013889
5 0.909375 0.866667 0.015625 0.016667
5 0.392969 0.558333 0.023438 0.016667
5 0.985156 0.865278 0.020313 0.019444
5 0.933594 0.820833 0.017188 0.019444
5 0.410156 0.638889 0.323437 0.716667
5 0.364844 0.556944 0.026562 0.019444
