0 0.461328 0.434028 0.017969 0.026389
0 0.299219 0.622222 0.057813 0.077778
0 0.396875 0.631250 0.051562 0.073611
0 0.479687 0.371528 0.009375 0.012500
0 0.472656 0.357639 0.009375 0.012500
0 0.499219 0.344444 0.006250 0.008333
0 0.475391 0.382639 0.011719 0.015278
0 0.431641 0.421528 0.017969 0.023611
0 0.480078 0.346528 0.008594 0.012500
0 0.432812 0.378472 0.015625 0.026389
0 0.445703 0.370833 0.008594 0.013889
0 0.815234 0.819444 0.117969 0.191667
0 0.104297 0.943056 0.139844 0.111111
0 0.586719 0.413889 0.017188 0.022222
0 0.558203 0.370139 0.010156 0.012500
0 0.533594 0.336111 0.004687 0.008333
0 0.416406 0.439583 0.020313 0.026389
0 0.458594 0.359028 0.007812 0.012500
0 0.361328 0.465972 0.030469 0.034722
0 0.612500 0.666667 0.054688 0.091667
0 0.462500 0.371528 0.010937 0.012500
0 0.446094 0.454167 0.021875 0.030556
0 0.467187 0.405556 0.015625 0.019444
0 0.533594 0.342361 0.004687 0.012500
0 0.546875 0.348611 0.007812 0.011111
3 0.759375 0.675000 0.475000 0.638889
3 0.644922 0.670833 0.253906 0.650000
3 0.338281 0.701389 0.281250 0.594444
3 0.232031 0.688194 0.464062 0.612500
3 0.730469 0.690972 0.403125 0.609722
4 0.350000 0.527778 0.007812 0.011111
4 0.405078 0.523611 0.005469 0.011111
4 0.437891 0.686806 0.111719 0.623611
4 0.783203 0.630556 0.432031 0.502778
4 0.677344 0.582639 0.010937 0.015278
4 0.209375 0.737500 0.023438 0.033333
4 0.931641 0.967361 0.046094 0.062500
4 0.316406 0.730556 0.015625 0.030556
4 0.235937 0.920833 0.031250 0.063889
4 0.385547 0.569444 0.007031 0.013889
4 0.778516 0.967361 0.032031 0.062500
4 0.319922 0.572222 0.008594 0.013889
4 0.212109 0.622917 0.424219 0.465278
4 0.591797 0.534722 0.007031 0.011111
4 0.684766 0.750694 0.019531 0.037500
4 0.610547 0.578472 0.010156 0.015278
4 0.504297 0.678472 0.241406 0.640278
4 0.638672 0.644444 0.011719 0.022222
4 0.647656 0.537500 0.007812 0.011111
4 0.721094 0.649306 0.015625 0.020833
5 0.783203 0.630556 0.432031 0.502778
5 0.599219 0.460417 0.004687 0.006944
5 0.438281 0.684028 0.112500 0.629167
5 0.398828 0.455556 0.005469 0.008333
5 0.569531 0.477778 0.004687 0.008333
5 0.721094 0.649306 0.015625 0.020833
5 0.405078 0.523611 0.005469 0.011111
5 0.611328 0.480556 0.005469 0.008333
5 0.578906 0.502778 0.004687 0.008333
5 0.550000 0.427778 0.006250 0.013889
5 0.677344 0.582639 0.010937 0.015278
5 0.209375 0.737500 0.023438 0.033333
5 0.387109 0.472917 0.005469 0.006944
5 0.931250 0.967361 0.045312 0.062500
5 0.316406 0.730556 0.015625 0.030556
5 0.235937 0.920833 0.031250 0.063889
5 0.427344 0.470833 0.004687 0.008333
5 0.370703 0.495833 0.005469 0.008333
5 0.556250 0.444444 0.004687 0.005556
5 0.385547 0.569444 0.007031 0.013889
5 0.350391 0.527778 0.007031 0.011111
5 0.358203 0.631250 0.010156 0.020833
5 0.778516 0.967361 0.032031 0.062500
5 0.627344 0.505556 0.006250 0.008333
5 0.417969 0.493750 0.004687 0.009722
5 0.319922 0.572222 0.008594 0.013889
5 0.212109 0.622917 0.424219 0.465278
5 0.591406 0.534722 0.006250 0.011111
5 0.610938 0.578472 0.009375 0.015278
5 0.684766 0.750694 0.019531 0.037500
5 0.562109 0.459722 0.003906 0.005556
5 0.589453 0.445833 0.003906 0.005556
5 0.504297 0.681250 0.241406 0.634722
5 0.638281 0.644444 0.010937 0.022222
5 0.647656 0.537500 0.007812 0.011111
