0 0.103906 0.231944 0.051562 0.063889
0 0.387500 0.055556 0.009375 0.011111
0 0.604688 0.477778 0.065625 0.038889
0 0.396094 0.061111 0.007812 0.011111
0 0.070312 0.270833 0.034375 0.047222
0 0.112500 0.297222 0.034375 0.044444
0 0.367969 0.123611 0.010937 0.013889
0 0.345313 0.045833 0.012500 0.019444
0 0.304688 0.158333 0.015625 0.022222
0 0.195312 0.191667 0.018750 0.027778
0 0.234375 0.469444 0.040625 0.077778
0 0.073438 0.637500 0.056250 0.075000
0 0.300000 0.097222 0.009375 0.016667
0 0.325781 0.088889 0.010937 0.016667
0 0.313281 0.177778 0.017188 0.027778
0 0.321875 0.215278 0.018750 0.025000
0 0.392188 0.016667 0.006250 0.011111
0 0.209375 0.305556 0.087500 0.138889
0 0.344531 0.105556 0.010937 0.016667
0 0.426563 0.029167 0.006250 0.008333
0 0.431250 0.011111 0.006250 0.011111
0 0.247656 0.131944 0.045312 0.063889
0 0.036719 0.337500 0.042188 0.047222
0 0.465625 0.040278 0.006250 0.008333
0 0.312500 0.075000 0.009375 0.011111
0 0.327344 0.284722 0.064062 0.102778
0 0.402344 0.037500 0.004687 0.008333
0 0.420312 0.018056 0.003125 0.008333
0 0.079687 0.437500 0.043750 0.041667
0 0.580469 0.101389 0.014063 0.013889
0 0.351562 0.018056 0.006250 0.008333
3 0.218750 0.476389 0.437500 0.947222
3 0.200000 0.233333 0.400000 0.455556
3 0.722656 0.170833 0.551562 0.336111
3 0.235156 0.516667 0.414062 0.955556
4 0.075000 0.577778 0.025000 0.038889
4 0.020313 0.577778 0.028125 0.038889
4 0.121094 0.731944 0.192188 0.441667
4 0.198437 0.379167 0.015625 0.019444
4 0.105469 0.458333 0.017188 0.022222
4 0.209375 0.505556 0.409375 0.983333
4 0.147656 0.461111 0.020313 0.033333
5 0.121094 0.731944 0.192188 0.441667
5 0.020313 0.579167 0.028125 0.036111
5 0.075000 0.577778 0.025000 0.038889
5 0.198437 0.379167 0.015625 0.019444
5 0.105469 0.458333 0.017188 0.022222
5 0.209375 0.506944 0.409375 0.980556
5 0.179688 0.036111 0.012500 0.038889
5 0.146875 0.462500 0.018750 0.030556
