0 0.467187 0.395833 0.017188 0.030556
0 0.444531 0.470139 0.023438 0.034722
0 0.471094 0.360417 0.009375 0.012500
0 0.455469 0.360417 0.009375 0.012500
0 0.575781 0.427083 0.023438 0.045833
0 0.472266 0.384028 0.011719 0.015278
0 0.575391 0.395833 0.011719 0.016667
0 0.526563 0.373611 0.010937 0.016667
0 0.269141 0.571528 0.050781 0.056944
0 0.457422 0.373611 0.013281 0.019444
0 0.612500 0.554861 0.045312 0.062500
0 0.663281 0.506250 0.031250 0.043056
0 0.530859 0.415278 0.014844 0.025000
0 0.415625 0.399306 0.014063 0.020833
0 0.487500 0.359028 0.009375 0.012500
0 0.365625 0.459028 0.025000 0.034722
0 0.449609 0.386111 0.011719 0.016667
0 0.492578 0.354861 0.007031 0.009722
0 0.466016 0.368056 0.008594 0.019444
0 0.395703 0.422222 0.017969 0.022222
0 0.556641 0.368750 0.008594 0.012500
0 0.455078 0.433333 0.017969 0.025000
0 0.525781 0.347917 0.007812 0.018056
0 0.538672 0.363194 0.008594 0.012500
0 0.316406 0.613889 0.053125 0.072222
0 0.471875 0.343750 0.012500 0.020833
3 0.776172 0.614583 0.446094 0.537500
3 0.760156 0.684722 0.478125 0.622222
3 0.223438 0.648611 0.446875 0.561111
3 0.238672 0.696528 0.477344 0.598611
4 0.782813 0.630556 0.432812 0.502778
4 0.432422 0.708333 0.100781 0.580556
4 0.647656 0.537500 0.007812 0.011111
4 0.405078 0.523611 0.005469 0.011111
4 0.276562 0.636806 0.014063 0.020833
4 0.208984 0.737500 0.024219 0.033333
4 0.677344 0.582639 0.010937 0.015278
4 0.316406 0.731250 0.015625 0.031944
4 0.358594 0.631250 0.009375 0.020833
4 0.370703 0.496528 0.005469 0.009722
4 0.385547 0.569444 0.007031 0.013889
4 0.350000 0.527778 0.007812 0.011111
4 0.778125 0.967361 0.031250 0.062500
4 0.721094 0.649306 0.015625 0.020833
4 0.320703 0.570139 0.008594 0.012500
4 0.077734 0.939583 0.049219 0.070833
4 0.931641 0.967361 0.046094 0.062500
4 0.638281 0.644444 0.012500 0.022222
4 0.789453 0.751389 0.024219 0.036111
4 0.504297 0.690972 0.241406 0.615278
4 0.684766 0.751389 0.019531 0.036111
4 0.578906 0.502778 0.004687 0.008333
4 0.235937 0.920833 0.031250 0.063889
5 0.782813 0.630556 0.432812 0.502778
5 0.611328 0.480556 0.005469 0.008333
5 0.432422 0.709028 0.100781 0.579167
5 0.647656 0.537500 0.007812 0.011111
5 0.569531 0.478472 0.004687 0.006944
5 0.778125 0.967361 0.031250 0.062500
5 0.405078 0.523611 0.005469 0.011111
5 0.407813 0.440972 0.004687 0.006944
5 0.276562 0.636806 0.014063 0.020833
5 0.358594 0.631250 0.009375 0.020833
5 0.578906 0.502778 0.004687 0.008333
5 0.677344 0.582639 0.010937 0.015278
5 0.427344 0.471528 0.004687 0.006944
5 0.390625 0.466667 0.014063 0.022222
5 0.316406 0.731250 0.015625 0.031944
5 0.370703 0.496528 0.005469 0.009722
5 0.385547 0.569444 0.007031 0.013889
5 0.350000 0.527778 0.007812 0.011111
5 0.721094 0.649306 0.015625 0.020833
5 0.562109 0.459028 0.003906 0.006944
5 0.320703 0.570139 0.008594 0.012500
5 0.209375 0.737500 0.023438 0.033333
5 0.077344 0.939583 0.048438 0.070833
5 0.931250 0.967361 0.045312 0.062500
5 0.638672 0.644444 0.011719 0.022222
5 0.789453 0.751389 0.024219 0.036111
5 0.504297 0.710417 0.241406 0.576389
5 0.684766 0.751389 0.019531 0.036111
5 0.418359 0.494444 0.005469 0.008333
5 0.398047 0.455556 0.005469 0.005556
5 0.556250 0.445139 0.004687 0.006944
5 0.627344 0.505556 0.006250 0.008333
5 0.599219 0.461111 0.004687 0.005556
5 0.235937 0.920833 0.031250 0.063889
