0 0.400781 0.635417 0.051562 0.070833
0 0.740234 0.700000 0.074219 0.122222
0 0.432812 0.409028 0.017188 0.020833
0 0.424609 0.385417 0.014844 0.015278
0 0.450781 0.445833 0.018750 0.027778
0 0.483203 0.367361 0.010156 0.012500
0 0.442188 0.373611 0.009375 0.013889
0 0.160547 0.892361 0.122656 0.151389
0 0.421094 0.395833 0.014063 0.019444
0 0.410547 0.448611 0.024219 0.027778
0 0.457031 0.377083 0.020313 0.029167
0 0.573047 0.395139 0.013281 0.018056
0 0.471875 0.352083 0.009375 0.009722
0 0.373047 0.446528 0.022656 0.029167
0 0.290234 0.525694 0.055469 0.090278
0 0.480078 0.349306 0.008594 0.012500
0 0.575391 0.534722 0.035156 0.055556
0 0.466406 0.365972 0.009375 0.012500
0 0.456641 0.359722 0.010156 0.011111
0 0.436328 0.507639 0.028906 0.043056
0 0.492578 0.352778 0.007031 0.011111
0 0.533203 0.398611 0.013281 0.019444
0 0.521484 0.360417 0.010156 0.012500
0 0.544531 0.350000 0.007812 0.011111
0 0.540234 0.365278 0.008594 0.013889
0 0.311719 0.931944 0.115625 0.133333
0 0.640234 0.477778 0.028906 0.036111
3 0.775781 0.615278 0.446875 0.536111
3 0.762500 0.682639 0.473438 0.626389
3 0.220703 0.623611 0.441406 0.466667
3 0.242578 0.687500 0.485156 0.616667
3 0.646875 0.677083 0.257812 0.637500
4 0.450391 0.694444 0.136719 0.608333
4 0.209375 0.737500 0.023438 0.033333
4 0.371094 0.496528 0.006250 0.009722
4 0.405078 0.524306 0.005469 0.009722
4 0.316406 0.730556 0.015625 0.030556
4 0.610938 0.578472 0.009375 0.015278
4 0.789453 0.752083 0.024219 0.034722
4 0.385156 0.569444 0.007812 0.013889
4 0.350391 0.526389 0.008594 0.011111
4 0.778516 0.967361 0.032031 0.062500
4 0.777734 0.623611 0.442969 0.519444
4 0.319922 0.572222 0.010156 0.013889
4 0.647656 0.537500 0.007812 0.011111
4 0.638281 0.643750 0.012500 0.023611
4 0.276953 0.636806 0.014844 0.020833
4 0.077344 0.939583 0.048438 0.070833
4 0.931641 0.967361 0.046094 0.062500
4 0.677344 0.581944 0.010937 0.013889
4 0.504297 0.702778 0.241406 0.591667
4 0.684766 0.751389 0.019531 0.036111
4 0.627344 0.504861 0.006250 0.009722
4 0.235937 0.920833 0.031250 0.063889
5 0.435547 0.695139 0.107031 0.606944
5 0.562109 0.459028 0.003906 0.006944
5 0.556641 0.445139 0.003906 0.006944
5 0.647656 0.537500 0.007812 0.011111
5 0.385937 0.473611 0.004687 0.008333
5 0.569531 0.479167 0.004687 0.008333
5 0.209375 0.737500 0.023438 0.033333
5 0.276953 0.636806 0.014844 0.020833
5 0.076953 0.939583 0.047656 0.070833
5 0.405078 0.524306 0.005469 0.009722
5 0.316406 0.730556 0.015625 0.030556
5 0.599219 0.460417 0.004687 0.006944
5 0.789453 0.752083 0.024219 0.034722
5 0.370703 0.495833 0.005469 0.008333
5 0.385547 0.569444 0.007031 0.013889
5 0.350781 0.526389 0.007812 0.011111
5 0.358203 0.631250 0.010156 0.020833
5 0.778516 0.967361 0.032031 0.062500
5 0.428125 0.471528 0.004687 0.006944
5 0.777344 0.623611 0.443750 0.519444
5 0.319922 0.572222 0.010156 0.013889
5 0.417969 0.493750 0.004687 0.006944
5 0.589453 0.445833 0.003906 0.005556
5 0.131641 0.708333 0.263281 0.294444
5 0.931641 0.967361 0.046094 0.062500
5 0.579297 0.502778 0.005469 0.011111
5 0.611328 0.480556 0.005469 0.008333
5 0.610938 0.578472 0.009375 0.015278
5 0.504297 0.702778 0.241406 0.591667
5 0.684766 0.751389 0.019531 0.036111
5 0.638281 0.644444 0.012500 0.022222
5 0.627344 0.504861 0.006250 0.009722
5 0.235937 0.920833 0.031250 0.063889
5 0.677344 0.581944 0.010937 0.013889
