0 0.410938 0.599306 0.045312 0.065278
0 0.543359 0.376389 0.010156 0.013889
0 0.524609 0.377083 0.011719 0.015278
0 0.483203 0.368056 0.010156 0.013889
0 0.459375 0.352778 0.009375 0.011111
0 0.581250 0.400000 0.015625 0.022222
0 0.657813 0.494444 0.031250 0.041667
0 0.451953 0.384722 0.011719 0.016667
0 0.376172 0.467361 0.030469 0.031944
0 0.465625 0.403472 0.015625 0.020833
0 0.757031 0.595139 0.075000 0.126389
0 0.488672 0.356944 0.008594 0.013889
0 0.448828 0.368056 0.008594 0.013889
0 0.476953 0.377083 0.011719 0.015278
0 0.540234 0.426389 0.019531 0.030556
0 0.110937 0.945139 0.157812 0.106944
0 0.467187 0.365278 0.009375 0.013889
0 0.423438 0.393750 0.012500 0.018056
0 0.413672 0.449306 0.019531 0.029167
0 0.522266 0.359722 0.008594 0.013889
0 0.534766 0.398611 0.014844 0.025000
0 0.706641 0.572222 0.028906 0.047222
0 0.392969 0.424306 0.018750 0.023611
0 0.300391 0.536111 0.044531 0.050000
0 0.560156 0.375694 0.014063 0.018056
0 0.476953 0.356250 0.008594 0.012500
0 0.448828 0.448611 0.021094 0.027778
0 0.578125 0.565278 0.039062 0.063889
0 0.581250 0.449306 0.021875 0.026389
0 0.537500 0.363889 0.006250 0.013889
0 0.350781 0.559028 0.042188 0.054167
0 0.556250 0.368056 0.010937 0.011111
0 0.439453 0.404167 0.014844 0.019444
0 0.607422 0.434722 0.017969 0.027778
3 0.784375 0.634028 0.429688 0.501389
3 0.758984 0.690278 0.474219 0.608333
3 0.800391 0.702778 0.397656 0.583333
3 0.221875 0.613194 0.443750 0.487500
3 0.241016 0.692361 0.482031 0.604167
4 0.610938 0.578472 0.009375 0.015278
4 0.721094 0.649306 0.015625 0.020833
4 0.591406 0.534028 0.006250 0.009722
4 0.434766 0.706250 0.105469 0.584722
4 0.797266 0.648611 0.403906 0.466667
4 0.208984 0.737500 0.022656 0.033333
4 0.385547 0.569444 0.007031 0.013889
4 0.316406 0.730556 0.015625 0.030556
4 0.358984 0.631250 0.010156 0.020833
4 0.220703 0.615972 0.441406 0.481944
4 0.778516 0.967361 0.032031 0.062500
4 0.677344 0.581944 0.010937 0.013889
4 0.319531 0.572917 0.009375 0.012500
4 0.276953 0.636806 0.014844 0.020833
4 0.931641 0.967361 0.046094 0.062500
4 0.638281 0.643750 0.012500 0.023611
4 0.789453 0.751389 0.024219 0.036111
4 0.504297 0.702778 0.241406 0.591667
4 0.684766 0.751389 0.019531 0.036111
4 0.235937 0.920833 0.031250 0.063889
5 0.795312 0.646528 0.407813 0.470833
5 0.220703 0.615278 0.441406 0.480556
5 0.627344 0.505556 0.006250 0.008333
5 0.721094 0.649306 0.015625 0.020833
5 0.778125 0.967361 0.031250 0.062500
5 0.647656 0.537500 0.007812 0.011111
5 0.611328 0.480556 0.005469 0.008333
5 0.417578 0.494444 0.005469 0.008333
5 0.434766 0.706250 0.105469 0.584722
5 0.578906 0.502083 0.004687 0.009722
5 0.610938 0.578472 0.009375 0.015278
5 0.208984 0.737500 0.022656 0.033333
5 0.370703 0.495833 0.005469 0.008333
5 0.385547 0.569444 0.007031 0.013889
5 0.316406 0.730556 0.015625 0.030556
5 0.235937 0.920833 0.031250 0.063889
5 0.350391 0.526389 0.007031 0.011111
5 0.569531 0.477778 0.004687 0.008333
5 0.358594 0.631250 0.009375 0.020833
5 0.556250 0.444444 0.004687 0.005556
5 0.677344 0.581944 0.010937 0.013889
5 0.599609 0.460417 0.003906 0.006944
5 0.427344 0.471528 0.004687 0.006944
5 0.562109 0.459028 0.003906 0.006944
5 0.319531 0.572917 0.009375 0.012500
5 0.276953 0.636806 0.014844 0.020833
5 0.931250 0.967361 0.045312 0.062500
5 0.591406 0.534028 0.006250 0.009722
5 0.638281 0.643750 0.012500 0.023611
5 0.897656 0.761806 0.203125 0.237500
5 0.789453 0.751389 0.024219 0.036111
5 0.684766 0.751389 0.019531 0.036111
5 0.504297 0.703472 0.241406 0.590278
5 0.405078 0.524306 0.005469 0.009722
