0 0.405859 0.565972 0.039844 0.056944
0 0.474609 0.385417 0.013281 0.018056
0 0.539453 0.355556 0.013281 0.030556
0 0.464453 0.407639 0.016406 0.020833
0 0.485156 0.360417 0.010937 0.015278
0 0.407031 0.424306 0.045312 0.090278
0 0.197266 0.806250 0.108594 0.129167
0 0.441797 0.357639 0.017969 0.043056
0 0.425781 0.378472 0.018750 0.040278
0 0.467969 0.354861 0.010937 0.012500
0 0.480469 0.345139 0.012500 0.018056
0 0.337500 0.450694 0.071875 0.109722
0 0.561719 0.376389 0.009375 0.016667
0 0.530078 0.397917 0.013281 0.020833
0 0.482812 0.366667 0.010937 0.016667
0 0.436719 0.487500 0.026562 0.036111
0 0.492969 0.347222 0.007812 0.011111
0 0.521875 0.357639 0.007812 0.012500
0 0.281250 0.927083 0.128125 0.143056
0 0.549219 0.385417 0.012500 0.018056
3 0.777344 0.613194 0.443750 0.534722
3 0.761328 0.690972 0.475781 0.609722
3 0.782813 0.693750 0.432812 0.601389
3 0.238281 0.687500 0.476562 0.613889
4 0.785547 0.634028 0.427344 0.495833
4 0.157422 0.681944 0.314844 0.350000
4 0.213672 0.729861 0.014844 0.020833
4 0.437891 0.694444 0.113281 0.608333
4 0.276953 0.636806 0.014844 0.020833
4 0.316406 0.731250 0.015625 0.031944
4 0.638281 0.643750 0.012500 0.023611
4 0.077734 0.939583 0.049219 0.070833
4 0.358203 0.631250 0.010156 0.020833
4 0.778125 0.967361 0.031250 0.062500
4 0.721094 0.649306 0.015625 0.020833
4 0.677344 0.581944 0.010937 0.013889
4 0.319531 0.572917 0.009375 0.012500
4 0.931250 0.967361 0.045312 0.062500
4 0.789062 0.751389 0.025000 0.036111
4 0.504297 0.703472 0.241406 0.590278
4 0.684766 0.751389 0.019531 0.036111
5 0.785156 0.634028 0.428125 0.495833
5 0.385156 0.569444 0.006250 0.013889
5 0.611328 0.480556 0.005469 0.008333
5 0.157422 0.681250 0.314844 0.348611
5 0.556641 0.444444 0.003906 0.005556
5 0.589453 0.445833 0.003906 0.005556
5 0.647656 0.537500 0.007812 0.011111
5 0.569531 0.478472 0.004687 0.006944
5 0.379688 0.436111 0.009375 0.011111
5 0.627344 0.505556 0.006250 0.008333
5 0.405078 0.523611 0.005469 0.011111
5 0.213672 0.730556 0.014844 0.019444
5 0.437891 0.690972 0.113281 0.615278
5 0.276953 0.636806 0.014844 0.020833
5 0.677344 0.581944 0.010937 0.013889
5 0.417969 0.494444 0.004687 0.008333
5 0.316406 0.731250 0.015625 0.031944
5 0.638281 0.643750 0.012500 0.023611
5 0.077734 0.939583 0.049219 0.070833
5 0.435547 0.454167 0.005469 0.005556
5 0.371094 0.495833 0.006250 0.008333
5 0.358203 0.631250 0.010156 0.020833
5 0.778125 0.967361 0.031250 0.062500
5 0.721094 0.649306 0.015625 0.020833
5 0.319531 0.572917 0.009375 0.012500
5 0.599219 0.461111 0.004687 0.005556
5 0.350000 0.527778 0.007812 0.011111
5 0.931250 0.967361 0.045312 0.062500
5 0.591797 0.534722 0.007031 0.011111
5 0.223828 0.943056 0.008594 0.019444
5 0.610547 0.578472 0.008594 0.015278
5 0.789062 0.751389 0.025000 0.036111
5 0.503906 0.702778 0.242188 0.591667
5 0.684766 0.751389 0.019531 0.036111
5 0.562109 0.459722 0.003906 0.005556
5 0.578906 0.502778 0.004687 0.008333
