0 0.462109 0.429167 0.016406 0.025000
0 0.422656 0.525694 0.037500 0.062500
0 0.482422 0.370833 0.010156 0.013889
0 0.486328 0.361111 0.008594 0.013889
0 0.547656 0.463194 0.023438 0.034722
0 0.467187 0.395833 0.017188 0.033333
0 0.451562 0.388889 0.012500 0.016667
0 0.834766 0.875694 0.128906 0.193056
0 0.276562 0.567361 0.045312 0.056944
0 0.414844 0.406250 0.012500 0.020833
0 0.545703 0.345833 0.007031 0.011111
0 0.426563 0.425000 0.018750 0.022222
0 0.438672 0.406944 0.014844 0.019444
0 0.391406 0.492361 0.029687 0.040278
0 0.443359 0.362500 0.017969 0.036111
0 0.398828 0.415972 0.022656 0.034722
0 0.354687 0.471528 0.028125 0.031944
0 0.477344 0.379167 0.009375 0.016667
0 0.460156 0.368750 0.014063 0.018056
0 0.445312 0.475694 0.025000 0.029167
0 0.532813 0.397917 0.014063 0.018056
0 0.491406 0.352778 0.007812 0.013889
0 0.524609 0.368750 0.010156 0.012500
0 0.531641 0.340972 0.011719 0.020833
0 0.328516 0.587500 0.058594 0.088889
0 0.555469 0.390972 0.012500 0.018056
3 0.772656 0.619444 0.453125 0.522222
3 0.193359 0.637500 0.386719 0.436111
3 0.775000 0.679861 0.443750 0.629167
3 0.646094 0.686806 0.253125 0.618056
3 0.234766 0.693056 0.469531 0.605556
3 0.199219 0.715278 0.398438 0.558333
4 0.777734 0.622222 0.442969 0.519444
4 0.931641 0.967361 0.046094 0.062500
4 0.209375 0.736806 0.023438 0.034722
4 0.450391 0.690278 0.136719 0.616667
4 0.677344 0.582639 0.010937 0.015278
4 0.316406 0.730556 0.015625 0.033333
4 0.638672 0.643750 0.011719 0.023611
4 0.216406 0.618750 0.432812 0.473611
4 0.778516 0.967361 0.032031 0.062500
4 0.276953 0.636806 0.014844 0.020833
4 0.077734 0.938889 0.049219 0.069444
4 0.788672 0.751389 0.024219 0.036111
4 0.570312 0.703472 0.109375 0.590278
4 0.684766 0.751389 0.019531 0.038889
4 0.235937 0.920833 0.031250 0.063889
4 0.721094 0.649306 0.015625 0.020833
5 0.777344 0.622222 0.443750 0.519444
5 0.611328 0.480556 0.003906 0.008333
5 0.677344 0.582639 0.010937 0.015278
5 0.591406 0.533333 0.006250 0.011111
5 0.385547 0.569444 0.007031 0.013889
5 0.209375 0.736806 0.023438 0.034722
5 0.398438 0.454861 0.004687 0.006944
5 0.455469 0.690278 0.146875 0.616667
5 0.578906 0.502083 0.004687 0.009722
5 0.077734 0.938889 0.049219 0.069444
5 0.350391 0.527083 0.007031 0.009722
5 0.371484 0.495139 0.005469 0.009722
5 0.931641 0.967361 0.046094 0.062500
5 0.316406 0.730556 0.015625 0.033333
5 0.570312 0.703472 0.109375 0.590278
5 0.638672 0.643056 0.011719 0.022222
5 0.216406 0.618750 0.432812 0.473611
5 0.778516 0.967361 0.032031 0.062500
5 0.721094 0.649306 0.015625 0.020833
5 0.647656 0.537500 0.007812 0.011111
5 0.276953 0.636806 0.014844 0.020833
5 0.627734 0.505556 0.007031 0.008333
5 0.788672 0.751389 0.024219 0.036111
5 0.569531 0.477778 0.004687 0.008333
5 0.610938 0.578472 0.009375 0.015278
5 0.684766 0.751389 0.019531 0.038889
5 0.589844 0.445833 0.003125 0.005556
5 0.599219 0.460417 0.004687 0.006944
5 0.358984 0.631250 0.010156 0.020833
5 0.235937 0.920833 0.031250 0.063889
