0 0.299219 0.237500 0.020313 0.025000
0 0.550781 0.097222 0.014063 0.011111
0 0.153906 0.225000 0.020313 0.033333
0 0.427344 0.033333 0.004687 0.011111
0 0.471875 0.026389 0.003125 0.008333
0 0.367188 0.131944 0.012500 0.019444
0 0.487500 0.062500 0.009375 0.013889
0 0.438281 0.011111 0.004687 0.011111
0 0.014844 0.361111 0.029687 0.050000
0 0.405469 0.063889 0.007812 0.016667
0 0.395313 0.083333 0.009375 0.011111
0 0.372656 0.102778 0.007812 0.011111
0 0.330469 0.183333 0.014063 0.022222
0 0.722656 0.091667 0.010937 0.016667
0 0.378906 0.083333 0.010937 0.016667
0 0.424219 0.056944 0.004687 0.008333
0 0.604688 0.477778 0.065625 0.038889
0 0.601562 0.119444 0.015625 0.016667
0 0.714844 0.083333 0.017188 0.016667
1 0.740625 0.454167 0.006250 0.030556
3 0.211719 0.486111 0.423438 0.922222
3 0.206250 0.233333 0.412500 0.455556
3 0.722656 0.169444 0.551562 0.333333
4 0.197656 0.381944 0.010937 0.019444
4 0.101562 0.463889 0.018750 0.027778
4 0.020313 0.580556 0.028125 0.038889
4 0.159375 0.383333 0.012500 0.016667
4 0.073438 0.579167 0.025000 0.041667
4 0.146875 0.462500 0.018750 0.030556
4 0.201563 0.325000 0.006250 0.011111
4 0.202344 0.559722 0.395313 0.875000
4 0.235937 0.276389 0.009375 0.013889
4 0.235156 0.320833 0.010937 0.013889
5 0.197656 0.381944 0.010937 0.019444
5 0.101562 0.463889 0.018750 0.027778
5 0.020313 0.580556 0.028125 0.038889
5 0.073438 0.579167 0.025000 0.041667
5 0.146875 0.461111 0.018750 0.027778
5 0.201563 0.325000 0.006250 0.011111
5 0.159375 0.383333 0.012500 0.016667
5 0.210156 0.505556 0.410938 0.983333
5 0.235937 0.276389 0.009375 0.013889
5 0.235156 0.320833 0.010937 0.013889
