0 0.369922 0.454861 0.024219 0.031944
0 0.443359 0.465278 0.022656 0.033333
0 0.486328 0.365278 0.008594 0.013889
0 0.477344 0.377083 0.010937 0.015278
0 0.464453 0.349306 0.007031 0.015278
0 0.834375 0.703472 0.092188 0.131944
0 0.441016 0.373611 0.010156 0.013889
0 0.442188 0.402778 0.015625 0.022222
0 0.099219 0.770139 0.112500 0.109722
0 0.584375 0.404167 0.015625 0.019444
0 0.426172 0.429167 0.017969 0.025000
0 0.463281 0.370139 0.010937 0.015278
0 0.455078 0.434028 0.016406 0.026389
0 0.466406 0.404167 0.015625 0.022222
0 0.533984 0.350694 0.007031 0.012500
0 0.548047 0.382639 0.011719 0.018056
0 0.549219 0.355556 0.007812 0.011111
0 0.539062 0.364583 0.009375 0.012500
3 0.775781 0.623611 0.446875 0.525000
3 0.761719 0.693750 0.475000 0.601389
3 0.643750 0.670139 0.257812 0.651389
3 0.229297 0.613889 0.458594 0.497222
3 0.238281 0.686806 0.476562 0.615278
3 0.216016 0.690972 0.432031 0.587500
3 0.723047 0.690972 0.408594 0.609722
4 0.433594 0.707639 0.103125 0.581944
4 0.677344 0.581944 0.010937 0.013889
4 0.228125 0.609028 0.456250 0.495833
4 0.385547 0.569444 0.007031 0.013889
4 0.209375 0.737500 0.023438 0.033333
4 0.777344 0.622222 0.443750 0.519444
4 0.316406 0.731250 0.015625 0.031944
4 0.638672 0.643750 0.011719 0.023611
4 0.350000 0.527083 0.007812 0.012500
4 0.358594 0.631250 0.010937 0.020833
4 0.778125 0.967361 0.031250 0.062500
4 0.721094 0.649306 0.015625 0.020833
4 0.647656 0.537500 0.007812 0.011111
4 0.319531 0.572222 0.009375 0.013889
4 0.405078 0.523611 0.005469 0.011111
4 0.276953 0.636806 0.014844 0.020833
4 0.077344 0.939583 0.050000 0.070833
4 0.931250 0.967361 0.045312 0.062500
4 0.591797 0.534028 0.007031 0.012500
4 0.610547 0.578472 0.010156 0.015278
4 0.789453 0.751389 0.024219 0.036111
4 0.503906 0.678472 0.242188 0.640278
4 0.684766 0.751389 0.019531 0.036111
4 0.236328 0.920833 0.032031 0.063889
5 0.611328 0.480556 0.005469 0.008333
5 0.438281 0.694444 0.112500 0.608333
5 0.677344 0.581944 0.010937 0.013889
5 0.228125 0.608333 0.456250 0.494444
5 0.398828 0.455556 0.003906 0.008333
5 0.627344 0.505556 0.006250 0.008333
5 0.208984 0.737500 0.022656 0.033333
5 0.276953 0.636806 0.014844 0.020833
5 0.578906 0.502083 0.004687 0.009722
5 0.386719 0.473611 0.006250 0.008333
5 0.405078 0.523611 0.005469 0.011111
5 0.316406 0.731250 0.015625 0.031944
5 0.638672 0.644444 0.011719 0.022222
5 0.371094 0.496528 0.006250 0.009722
5 0.569531 0.477778 0.004687 0.008333
5 0.385547 0.569444 0.007031 0.013889
5 0.350000 0.527083 0.007812 0.012500
5 0.358594 0.631250 0.009375 0.020833
5 0.778125 0.967361 0.031250 0.062500
5 0.721094 0.649306 0.015625 0.020833
5 0.647656 0.537500 0.007812 0.011111
5 0.319531 0.572222 0.009375 0.013889
5 0.562109 0.459028 0.003906 0.006944
5 0.599219 0.460417 0.004687 0.006944
5 0.417969 0.494444 0.004687 0.008333
5 0.589453 0.445833 0.003906 0.005556
5 0.076953 0.939583 0.049219 0.070833
5 0.931250 0.967361 0.045312 0.062500
5 0.591406 0.533333 0.006250 0.011111
5 0.610938 0.578472 0.009375 0.015278
5 0.789453 0.751389 0.024219 0.036111
5 0.503906 0.683333 0.242188 0.630556
5 0.684766 0.751389 0.019531 0.036111
5 0.556641 0.444444 0.003906 0.005556
5 0.235937 0.920833 0.031250 0.063889
