0 0.142187 0.420833 0.046875 0.058333
0 0.026562 0.352778 0.037500 0.038889
0 0.321094 0.137500 0.014063 0.019444
0 0.364063 0.033333 0.006250 0.011111
0 0.400000 0.076389 0.009375 0.013889
0 0.514062 0.077778 0.009375 0.016667
0 0.382031 0.026389 0.004687 0.008333
0 0.331250 0.070833 0.009375 0.013889
0 0.929688 0.263889 0.056250 0.050000
0 0.274219 0.119444 0.014063 0.022222
0 0.431250 0.013889 0.003125 0.005556
0 0.686719 0.158333 0.020313 0.022222
0 0.254688 0.308333 0.025000 0.033333
0 0.151562 0.348611 0.040625 0.047222
0 0.364844 0.051389 0.007812 0.013889
0 0.369531 0.094444 0.010937 0.016667
0 0.604688 0.477778 0.065625 0.038889
0 0.603906 0.119444 0.014063 0.016667
0 0.456250 0.036111 0.006250 0.011111
0 0.126562 0.536111 0.053125 0.066667
0 0.416406 0.051389 0.007812 0.013889
0 0.549219 0.095833 0.014063 0.013889
0 0.289062 0.202778 0.028125 0.044444
0 0.398438 0.015278 0.009375 0.008333
0 0.143750 0.658333 0.178125 0.327778
3 0.219531 0.480556 0.439063 0.933333
3 0.205469 0.233333 0.410938 0.455556
3 0.724219 0.169444 0.548438 0.333333
3 0.910937 0.200000 0.175000 0.044444
4 0.199219 0.379167 0.010937 0.019444
4 0.020313 0.579167 0.028125 0.041667
4 0.148438 0.459722 0.018750 0.030556
4 0.074219 0.579167 0.026562 0.041667
4 0.102344 0.462500 0.017188 0.025000
4 0.207813 0.508333 0.406250 0.977778
4 0.043750 0.912500 0.071875 0.163889
5 0.199219 0.379167 0.010937 0.019444
5 0.020313 0.577778 0.028125 0.038889
5 0.148438 0.461111 0.018750 0.027778
5 0.074219 0.579167 0.026562 0.041667
5 0.159375 0.383333 0.012500 0.016667
5 0.102344 0.462500 0.017188 0.025000
5 0.179688 0.036111 0.012500 0.038889
5 0.043750 0.912500 0.071875 0.163889
