0 0.472656 0.573611 0.029687 0.041667
0 0.183594 0.312500 0.020313 0.047222
0 0.414062 0.338889 0.012500 0.016667
0 0.826562 0.551389 0.037500 0.063889
0 0.398438 0.358333 0.015625 0.022222
0 0.867969 0.758333 0.054688 0.072222
0 0.319531 0.372222 0.014063 0.033333
0 0.268750 0.261111 0.009375 0.016667
0 0.446875 0.604167 0.031250 0.047222
0 0.206250 0.406944 0.018750 0.025000
0 0.348438 0.438889 0.040625 0.088889
0 0.674219 0.576389 0.048438 0.058333
0 0.225781 0.301389 0.010937 0.013889
0 0.705469 0.575000 0.023438 0.038889
0 0.235156 0.312500 0.014063 0.019444
0 0.864844 0.565278 0.110937 0.086111
0 0.295312 0.438889 0.021875 0.033333
0 0.185938 0.259722 0.012500 0.013889
0 0.160938 0.451389 0.021875 0.030556
0 0.306250 0.297222 0.015625 0.022222
0 0.322656 0.319444 0.014063 0.016667
0 0.423438 0.511111 0.025000 0.033333
0 0.356250 0.301389 0.015625 0.019444
0 0.251563 0.372222 0.015625 0.027778
0 0.377344 0.338889 0.014063 0.022222
0 0.682031 0.501389 0.029687 0.036111
0 0.253125 0.336111 0.015625 0.022222
0 0.303906 0.384722 0.032813 0.058333
0 0.603125 0.498611 0.025000 0.025000
0 0.356250 0.322222 0.012500 0.016667
0 0.276562 0.275000 0.009375 0.011111
0 0.342187 0.313889 0.012500 0.016667
0 0.336719 0.323611 0.017188 0.019444
0 0.221094 0.323611 0.014063 0.025000
0 0.509375 0.440278 0.025000 0.036111
0 0.426563 0.383333 0.015625 0.022222
0 0.305469 0.277778 0.014063 0.016667
0 0.203125 0.258333 0.009375 0.011111
0 0.503906 0.409722 0.035937 0.041667
0 0.519531 0.633333 0.029687 0.044444
0 0.488281 0.397222 0.026562 0.044444
0 0.608594 0.580556 0.029687 0.038889
0 0.392969 0.329167 0.014063 0.019444
0 0.649219 0.480556 0.026562 0.033333
0 0.575000 0.423611 0.050000 0.058333
0 0.283594 0.336111 0.017188 0.027778
0 0.373437 0.559722 0.028125 0.047222
3 0.617188 0.625000 0.762500 0.727778
3 0.112500 0.434722 0.221875 0.363889
3 0.524219 0.630556 0.657813 0.722222
4 0.416406 0.704167 0.317188 0.580556
5 0.579688 0.865278 0.012500 0.019444
5 0.687500 0.922222 0.012500 0.016667
5 0.593750 0.790278 0.009375 0.013889
5 0.652344 0.872222 0.010937 0.016667
5 0.962500 0.915278 0.018750 0.019444
5 0.609375 0.915278 0.012500 0.019444
5 0.417187 0.652778 0.315625 0.688889
5 0.728125 0.977778 0.012500 0.016667
5 0.179688 0.034722 0.012500 0.036111
5 0.643750 0.969444 0.012500 0.022222
5 0.989844 0.869444 0.014063 0.016667
