0 0.551172 0.361806 0.007031 0.012500
0 0.491016 0.356944 0.013281 0.019444
0 0.470313 0.400694 0.012500 0.020833
0 0.892969 0.932639 0.137500 0.131944
0 0.406250 0.456944 0.025000 0.030556
0 0.383594 0.661806 0.056250 0.081944
0 0.571875 0.390278 0.010937 0.016667
0 0.453516 0.348611 0.011719 0.022222
0 0.345313 0.475694 0.028125 0.034722
0 0.464453 0.422917 0.016406 0.023611
0 0.771484 0.620833 0.075781 0.113889
0 0.532422 0.400000 0.014844 0.019444
0 0.450391 0.389583 0.011719 0.018056
0 0.553906 0.495139 0.028125 0.048611
0 0.103906 0.753472 0.207813 0.445833
0 0.481250 0.373611 0.010937 0.016667
0 0.436719 0.382639 0.010937 0.015278
0 0.612500 0.442361 0.021875 0.029167
0 0.523438 0.368056 0.010937 0.030556
0 0.345313 0.563194 0.040625 0.056944
0 0.588281 0.411806 0.015625 0.020833
0 0.397266 0.421528 0.017969 0.023611
0 0.139844 0.923611 0.142187 0.150000
0 0.534766 0.418750 0.016406 0.026389
0 0.462500 0.367361 0.015625 0.029167
0 0.448437 0.368750 0.010937 0.015278
0 0.440234 0.484722 0.028906 0.036111
0 0.539453 0.366667 0.008594 0.011111
0 0.616016 0.680556 0.063281 0.119444
0 0.525391 0.381944 0.010156 0.016667
0 0.566797 0.422222 0.016406 0.025000
0 0.433203 0.413194 0.017969 0.026389
0 0.657031 0.495833 0.031250 0.041667
3 0.777344 0.619444 0.443750 0.527778
3 0.769141 0.686806 0.460156 0.618056
3 0.338672 0.693056 0.292969 0.605556
3 0.229687 0.693750 0.445312 0.604167
3 0.651172 0.686806 0.260156 0.623611
4 0.778516 0.967361 0.032031 0.062500
4 0.277344 0.636806 0.014063 0.020833
4 0.457031 0.699306 0.150000 0.598611
4 0.778125 0.623611 0.442188 0.516667
4 0.677344 0.582639 0.010937 0.015278
4 0.316406 0.730556 0.015625 0.030556
4 0.316016 0.506250 0.224219 0.240278
4 0.385547 0.569444 0.007031 0.013889
4 0.358594 0.630556 0.010937 0.019444
4 0.789453 0.751389 0.024219 0.036111
4 0.209766 0.736806 0.022656 0.034722
4 0.638672 0.643750 0.011719 0.023611
4 0.684766 0.751389 0.019531 0.036111
4 0.610938 0.577778 0.009375 0.016667
4 0.571484 0.709722 0.107031 0.577778
4 0.235937 0.920833 0.031250 0.063889
4 0.721094 0.649306 0.015625 0.020833
5 0.611328 0.480556 0.005469 0.008333
5 0.591406 0.534028 0.006250 0.009722
5 0.778516 0.967361 0.032031 0.062500
5 0.405078 0.523611 0.005469 0.011111
5 0.319531 0.572222 0.009375 0.011111
5 0.277344 0.636806 0.014063 0.020833
5 0.435547 0.708333 0.107031 0.580556
5 0.778906 0.624306 0.440625 0.515278
5 0.578906 0.502083 0.004687 0.009722
5 0.677344 0.581944 0.010937 0.013889
5 0.066016 0.955556 0.022656 0.038889
5 0.417969 0.493056 0.004687 0.008333
5 0.385937 0.473611 0.004687 0.008333
5 0.905078 0.771528 0.188281 0.220833
5 0.316406 0.730556 0.015625 0.030556
5 0.638672 0.643750 0.011719 0.023611
5 0.371094 0.495833 0.006250 0.008333
5 0.562500 0.459028 0.004687 0.006944
5 0.316016 0.506944 0.224219 0.241667
5 0.385547 0.569444 0.007031 0.013889
5 0.350391 0.526389 0.007031 0.011111
5 0.721094 0.649306 0.015625 0.020833
5 0.647656 0.537500 0.007812 0.011111
5 0.358594 0.630556 0.010937 0.019444
5 0.569922 0.479167 0.005469 0.008333
5 0.789453 0.751389 0.024219 0.036111
5 0.209766 0.736806 0.022656 0.034722
5 0.684766 0.751389 0.019531 0.036111
5 0.610938 0.578472 0.009375 0.015278
5 0.599219 0.460417 0.004687 0.006944
5 0.571484 0.710417 0.107031 0.576389
5 0.627344 0.505556 0.004687 0.008333
5 0.235937 0.920833 0.031250 0.063889
