0 0.586328 0.390972 0.028906 0.056944
0 0.470313 0.392361 0.012500 0.018056
0 0.428906 0.425694 0.020313 0.026389
0 0.441406 0.377778 0.010937 0.022222
0 0.412500 0.582639 0.040625 0.059722
0 0.325781 0.501389 0.032813 0.041667
0 0.644141 0.557639 0.036719 0.062500
0 0.415625 0.396528 0.014063 0.020833
0 0.453125 0.431944 0.018750 0.025000
0 0.444922 0.480556 0.025781 0.041667
0 0.097266 0.769444 0.194531 0.458333
0 0.442578 0.402778 0.014844 0.019444
0 0.462500 0.358333 0.007812 0.011111
0 0.387109 0.505556 0.033594 0.041667
0 0.462500 0.373611 0.009375 0.013889
0 0.559375 0.406250 0.017188 0.023611
0 0.432031 0.386806 0.014063 0.018056
0 0.492578 0.350000 0.010156 0.013889
0 0.480859 0.370833 0.010156 0.013889
0 0.532031 0.395139 0.014063 0.020833
0 0.523047 0.352778 0.008594 0.011111
0 0.453516 0.363194 0.008594 0.012500
0 0.451562 0.387500 0.010937 0.016667
0 0.544922 0.438194 0.019531 0.029167
0 0.475781 0.346528 0.015625 0.031944
0 0.124219 0.926389 0.171875 0.144444
0 0.551953 0.362500 0.008594 0.013889
0 0.329688 0.870139 0.089063 0.137500
3 0.773438 0.612500 0.451562 0.536111
3 0.762500 0.677778 0.473438 0.636111
3 0.335938 0.700694 0.289062 0.590278
3 0.246094 0.699306 0.464062 0.590278
3 0.645312 0.681250 0.254688 0.631944
4 0.436328 0.699306 0.108594 0.598611
4 0.800000 0.652778 0.398438 0.461111
4 0.319531 0.572222 0.009375 0.013889
4 0.208984 0.737500 0.022656 0.033333
4 0.316406 0.730556 0.015625 0.030556
4 0.358984 0.631250 0.010156 0.020833
4 0.684766 0.751389 0.019531 0.036111
4 0.235937 0.920833 0.031250 0.063889
4 0.300000 0.525000 0.217188 0.230556
4 0.778516 0.967361 0.032031 0.062500
4 0.677344 0.581944 0.010937 0.013889
4 0.385547 0.569444 0.007031 0.013889
4 0.276953 0.636806 0.014844 0.020833
4 0.931250 0.967361 0.045312 0.062500
4 0.591797 0.534028 0.007031 0.009722
4 0.789453 0.751389 0.024219 0.036111
4 0.638672 0.643750 0.011719 0.020833
4 0.610547 0.578472 0.010156 0.015278
4 0.505078 0.683333 0.239844 0.630556
4 0.351172 0.526389 0.008594 0.011111
4 0.721094 0.649306 0.015625 0.020833
5 0.800391 0.652083 0.397656 0.459722
5 0.589453 0.445833 0.003906 0.005556
5 0.437891 0.687500 0.111719 0.622222
5 0.408594 0.440278 0.004687 0.005556
5 0.578906 0.502083 0.004687 0.009722
5 0.611328 0.480556 0.005469 0.008333
5 0.371094 0.496528 0.004687 0.009722
5 0.208984 0.737500 0.022656 0.033333
5 0.931250 0.967361 0.045312 0.062500
5 0.316406 0.730556 0.015625 0.030556
5 0.358594 0.631250 0.009375 0.020833
5 0.235937 0.920139 0.031250 0.062500
5 0.385937 0.472917 0.004687 0.006944
5 0.417578 0.493750 0.005469 0.009722
5 0.569531 0.477778 0.004687 0.008333
5 0.300000 0.524306 0.217188 0.231944
5 0.405078 0.523611 0.005469 0.011111
5 0.778125 0.967361 0.031250 0.062500
5 0.677344 0.581944 0.010937 0.013889
5 0.319531 0.572222 0.009375 0.013889
5 0.562109 0.459028 0.003906 0.006944
5 0.385547 0.569444 0.007031 0.013889
5 0.427734 0.471528 0.003906 0.006944
5 0.599219 0.461111 0.004687 0.008333
5 0.276953 0.636806 0.014844 0.020833
5 0.591797 0.534028 0.007031 0.009722
5 0.627734 0.506250 0.007031 0.009722
5 0.789453 0.751389 0.024219 0.036111
5 0.684766 0.751389 0.019531 0.036111
5 0.638672 0.643750 0.011719 0.020833
5 0.398438 0.455556 0.004687 0.005556
5 0.610547 0.578472 0.010156 0.015278
5 0.504297 0.683333 0.241406 0.630556
5 0.351172 0.526389 0.008594 0.011111
5 0.721094 0.649306 0.015625 0.020833
