0 0.541797 0.370139 0.010156 0.012500
0 0.408984 0.524306 0.038281 0.048611
0 0.461719 0.372917 0.010937 0.015278
0 0.550781 0.356944 0.009375 0.013889
0 0.586719 0.440278 0.020313 0.030556
0 0.580469 0.403472 0.015625 0.020833
0 0.358203 0.761111 0.091406 0.177778
0 0.463672 0.415972 0.016406 0.023611
0 0.531250 0.403472 0.017188 0.026389
0 0.478125 0.355556 0.007812 0.011111
0 0.080859 0.798611 0.121094 0.133333
0 0.679297 0.515278 0.038281 0.047222
0 0.440625 0.486806 0.029687 0.045833
0 0.546875 0.452083 0.020313 0.034722
0 0.483984 0.366667 0.010156 0.011111
0 0.430859 0.427778 0.017969 0.025000
0 0.428516 0.385417 0.013281 0.020833
0 0.453516 0.386806 0.013281 0.015278
0 0.564063 0.380556 0.010937 0.016667
0 0.369531 0.444444 0.021875 0.027778
0 0.489453 0.356944 0.008594 0.013889
0 0.332031 0.486111 0.034375 0.044444
0 0.273438 0.565278 0.050000 0.052778
0 0.057031 0.984028 0.114062 0.029167
0 0.480078 0.377778 0.011719 0.016667
0 0.618359 0.515972 0.033594 0.048611
0 0.446094 0.372222 0.010937 0.013889
0 0.543359 0.334028 0.010156 0.015278
0 0.435547 0.406944 0.014844 0.019444
0 0.247656 0.713194 0.089063 0.126389
0 0.391016 0.489583 0.028906 0.040278
0 0.461719 0.347917 0.014063 0.031944
3 0.757812 0.672222 0.478125 0.647222
3 0.212500 0.632639 0.425000 0.476389
3 0.241797 0.691667 0.483594 0.602778
3 0.212891 0.681250 0.425781 0.570833
3 0.727344 0.698611 0.384375 0.594444
4 0.796875 0.647917 0.404687 0.468056
4 0.591797 0.533333 0.007031 0.011111
4 0.385547 0.569444 0.007031 0.013889
4 0.647656 0.537500 0.007812 0.011111
4 0.277344 0.636806 0.014063 0.020833
4 0.436328 0.699306 0.108594 0.598611
4 0.578906 0.502083 0.004687 0.009722
4 0.316406 0.730556 0.015625 0.030556
4 0.638672 0.643056 0.011719 0.022222
4 0.078516 0.938194 0.047656 0.068056
4 0.350781 0.526389 0.007812 0.011111
4 0.358984 0.631250 0.010156 0.020833
4 0.210156 0.625694 0.420312 0.459722
4 0.778906 0.967361 0.032813 0.062500
4 0.721484 0.648611 0.016406 0.022222
4 0.677344 0.581944 0.010937 0.013889
4 0.319922 0.571528 0.010156 0.015278
4 0.931641 0.966667 0.046094 0.063889
4 0.789453 0.751389 0.024219 0.036111
4 0.504297 0.677778 0.241406 0.641667
4 0.684766 0.751389 0.019531 0.036111
4 0.610938 0.578472 0.009375 0.015278
4 0.236328 0.920833 0.032031 0.063889
5 0.796875 0.647917 0.404687 0.468056
5 0.611719 0.479861 0.004687 0.006944
5 0.438281 0.693750 0.112500 0.609722
5 0.591797 0.533333 0.007031 0.011111
5 0.778516 0.967361 0.032031 0.062500
5 0.385547 0.569444 0.007031 0.013889
5 0.647656 0.537500 0.007812 0.011111
5 0.009766 0.840972 0.019531 0.026389
5 0.578906 0.502083 0.004687 0.009722
5 0.371484 0.495139 0.005469 0.009722
5 0.931641 0.966667 0.046094 0.063889
5 0.316406 0.730556 0.015625 0.030556
5 0.358594 0.631250 0.009375 0.020833
5 0.638672 0.643056 0.011719 0.022222
5 0.078516 0.938194 0.047656 0.068056
5 0.350781 0.526389 0.007812 0.011111
5 0.721094 0.648611 0.015625 0.022222
5 0.677344 0.581944 0.010937 0.013889
5 0.319531 0.571528 0.009375 0.015278
5 0.417969 0.494444 0.004687 0.008333
5 0.402344 0.450000 0.010937 0.016667
5 0.277344 0.636111 0.014063 0.019444
5 0.789453 0.751389 0.024219 0.036111
5 0.504297 0.677778 0.241406 0.641667
5 0.684766 0.751389 0.019531 0.036111
5 0.201172 0.748611 0.007031 0.011111
5 0.610938 0.578472 0.009375 0.015278
5 0.569922 0.477778 0.003906 0.008333
5 0.235937 0.920833 0.031250 0.063889
