0 0.445312 0.469444 0.023438 0.030556
0 0.547266 0.385417 0.011719 0.018056
0 0.525781 0.372917 0.007812 0.018056
0 0.493359 0.350694 0.013281 0.023611
0 0.532031 0.390278 0.012500 0.016667
0 0.572656 0.386806 0.017188 0.026389
0 0.389453 0.663194 0.061719 0.087500
0 0.446484 0.369444 0.010156 0.013889
0 0.814844 0.752083 0.300000 0.493056
0 0.471875 0.361806 0.007812 0.012500
0 0.428516 0.387500 0.016406 0.025000
0 0.010547 0.918750 0.021094 0.079167
0 0.555859 0.367361 0.010156 0.015278
0 0.269531 0.697222 0.075000 0.091667
0 0.457422 0.377778 0.011719 0.016667
0 0.477344 0.378472 0.009375 0.015278
0 0.472266 0.394444 0.013281 0.022222
0 0.624219 0.444444 0.031250 0.044444
0 0.424609 0.426389 0.019531 0.025000
0 0.375391 0.514583 0.035156 0.045833
0 0.462109 0.426389 0.019531 0.025000
0 0.488672 0.359722 0.008594 0.011111
0 0.401562 0.418750 0.017188 0.023611
0 0.287109 0.550694 0.041406 0.054167
0 0.978906 0.910417 0.040625 0.143056
0 0.594531 0.418056 0.017188 0.022222
0 0.564063 0.380556 0.007812 0.016667
0 0.535156 0.419444 0.018750 0.030556
0 0.554297 0.477778 0.025781 0.038889
0 0.573047 0.442361 0.019531 0.026389
0 0.536719 0.359722 0.009375 0.011111
0 0.443750 0.400000 0.015625 0.019444
0 0.633203 0.471528 0.028906 0.034722
3 0.207031 0.629861 0.414062 0.468056
3 0.760547 0.694444 0.477344 0.608333
3 0.237109 0.700000 0.474219 0.594444
3 0.662109 0.693056 0.283594 0.611111
4 0.358594 0.631250 0.009375 0.020833
4 0.778906 0.967361 0.032813 0.062500
4 0.209375 0.736806 0.023438 0.034722
4 0.276953 0.636806 0.014844 0.020833
4 0.684375 0.751389 0.018750 0.036111
4 0.316406 0.730556 0.015625 0.030556
4 0.077734 0.939583 0.049219 0.070833
4 0.208984 0.626389 0.417969 0.458333
4 0.320312 0.572222 0.009375 0.013889
4 0.610938 0.578472 0.009375 0.015278
4 0.504297 0.717361 0.241406 0.562500
4 0.436719 0.698611 0.109375 0.600000
4 0.638672 0.643750 0.011719 0.023611
4 0.235937 0.920833 0.031250 0.063889
5 0.436719 0.698611 0.109375 0.600000
5 0.570312 0.479167 0.004687 0.008333
5 0.778906 0.967361 0.032813 0.062500
5 0.610938 0.479167 0.004687 0.008333
5 0.208984 0.737500 0.022656 0.033333
5 0.276953 0.636806 0.014844 0.020833
5 0.405078 0.524306 0.005469 0.009722
5 0.684766 0.751389 0.017969 0.036111
5 0.578906 0.502083 0.004687 0.009722
5 0.316406 0.730556 0.015625 0.030556
5 0.077734 0.939583 0.049219 0.070833
5 0.385937 0.473611 0.004687 0.008333
5 0.418359 0.493750 0.005469 0.009722
5 0.385547 0.569444 0.007031 0.013889
5 0.350391 0.526389 0.007031 0.011111
5 0.208984 0.625694 0.417969 0.459722
5 0.320312 0.571528 0.009375 0.015278
5 0.610938 0.578472 0.009375 0.015278
5 0.427344 0.471528 0.004687 0.006944
5 0.627734 0.451389 0.089844 0.105556
5 0.647656 0.537500 0.007812 0.011111
5 0.591797 0.534722 0.007031 0.011111
5 0.505078 0.717361 0.239844 0.562500
5 0.398438 0.455556 0.004687 0.008333
5 0.638672 0.643750 0.011719 0.023611
5 0.627344 0.505556 0.006250 0.008333
5 0.599609 0.460417 0.003906 0.006944
5 0.235937 0.920833 0.031250 0.063889
5 0.358594 0.630556 0.009375 0.019444
