0 0.450000 0.411111 0.014063 0.022222
0 0.482812 0.347222 0.012500 0.019444
0 0.476562 0.379167 0.012500 0.013889
0 0.428516 0.433333 0.017969 0.027778
0 0.444531 0.370833 0.009375 0.013889
0 0.399609 0.618056 0.049219 0.072222
0 0.526563 0.378472 0.010937 0.018056
0 0.096094 0.755556 0.117188 0.113889
0 0.431250 0.383333 0.010937 0.016667
0 0.882422 0.772917 0.096094 0.134722
0 0.547656 0.447222 0.020313 0.033333
0 0.471484 0.352778 0.010156 0.019444
0 0.389453 0.406250 0.044531 0.076389
0 0.696875 0.918750 0.107813 0.159722
0 0.601562 0.431250 0.018750 0.026389
0 0.495703 0.348611 0.008594 0.011111
0 0.406250 0.465278 0.023438 0.033333
0 0.485156 0.363889 0.009375 0.016667
0 0.457813 0.378472 0.010937 0.015278
0 0.314453 0.518750 0.033594 0.043056
0 0.536719 0.419444 0.017188 0.025000
0 0.463672 0.365972 0.010156 0.015278
0 0.625391 0.528472 0.033594 0.051389
0 0.449219 0.453472 0.026562 0.043056
0 0.542969 0.371528 0.010937 0.015278
0 0.532422 0.341667 0.011719 0.022222
0 0.442578 0.400000 0.013281 0.019444
0 0.265625 0.699306 0.075000 0.093056
3 0.775781 0.617361 0.446875 0.537500
3 0.773047 0.689583 0.449219 0.609722
3 0.276172 0.696528 0.407031 0.598611
3 0.786719 0.721528 0.425000 0.545833
3 0.228906 0.631250 0.457813 0.545833
3 0.237109 0.696528 0.474219 0.593056
3 0.720703 0.690972 0.397656 0.609722
4 0.777734 0.622222 0.442969 0.519444
4 0.350391 0.527083 0.007031 0.012500
4 0.611328 0.480556 0.005469 0.008333
4 0.433984 0.702083 0.103906 0.593056
4 0.677344 0.581944 0.010937 0.013889
4 0.405078 0.523611 0.005469 0.011111
4 0.209766 0.736806 0.024219 0.034722
4 0.578906 0.502083 0.004687 0.009722
4 0.316406 0.730556 0.015625 0.030556
4 0.638672 0.644444 0.011719 0.022222
4 0.370703 0.495833 0.005469 0.008333
4 0.417969 0.493750 0.006250 0.009722
4 0.569531 0.478472 0.004687 0.006944
4 0.385547 0.569444 0.007031 0.013889
4 0.358203 0.631944 0.008594 0.019444
4 0.212891 0.622917 0.425781 0.465278
4 0.778516 0.967361 0.032031 0.062500
4 0.721094 0.648611 0.015625 0.022222
4 0.319531 0.572917 0.009375 0.012500
4 0.276953 0.636806 0.014844 0.020833
4 0.077734 0.938889 0.049219 0.069444
4 0.931641 0.966667 0.046094 0.063889
4 0.591797 0.534028 0.007031 0.009722
4 0.789453 0.751389 0.024219 0.036111
4 0.610938 0.578472 0.009375 0.015278
4 0.684766 0.750694 0.019531 0.037500
4 0.647266 0.537500 0.007031 0.011111
4 0.236328 0.920833 0.032031 0.063889
5 0.777344 0.622222 0.443750 0.519444
5 0.611328 0.479861 0.003906 0.006944
5 0.451953 0.702083 0.139844 0.593056
5 0.677344 0.581944 0.010937 0.013889
5 0.020313 0.829861 0.040625 0.051389
5 0.405078 0.523611 0.005469 0.011111
5 0.209375 0.736806 0.023438 0.034722
5 0.277344 0.636806 0.014063 0.020833
5 0.578906 0.502083 0.004687 0.009722
5 0.350391 0.526389 0.007031 0.011111
5 0.316406 0.730556 0.015625 0.030556
5 0.638672 0.644444 0.011719 0.022222
5 0.077734 0.938889 0.049219 0.069444
5 0.370703 0.495833 0.005469 0.008333
5 0.417969 0.493750 0.006250 0.009722
5 0.569531 0.478472 0.004687 0.006944
5 0.385547 0.569444 0.007031 0.013889
5 0.358203 0.631944 0.008594 0.019444
5 0.212500 0.622917 0.425000 0.465278
5 0.778516 0.967361 0.032031 0.062500
5 0.721094 0.648611 0.015625 0.022222
5 0.319531 0.572917 0.009375 0.012500
5 0.562109 0.459722 0.003906 0.005556
5 0.931250 0.966667 0.045312 0.063889
5 0.591797 0.533333 0.007031 0.011111
5 0.571875 0.718750 0.106250 0.559722
5 0.599219 0.461111 0.004687 0.005556
5 0.789453 0.751389 0.024219 0.036111
5 0.386328 0.472917 0.005469 0.006944
5 0.610938 0.578472 0.009375 0.015278
5 0.684766 0.750694 0.019531 0.037500
5 0.647266 0.537500 0.007031 0.011111
5 0.236328 0.920833 0.032031 0.063889
