0 0.408594 0.026389 0.004687 0.008333
0 0.604688 0.477778 0.065625 0.038889
0 0.340625 0.130556 0.012500 0.022222
0 0.025781 0.069444 0.020313 0.011111
0 0.019531 0.620833 0.039062 0.080556
0 0.284375 0.127778 0.015625 0.044444
0 0.344531 0.109722 0.014063 0.019444
0 0.066406 0.065278 0.020313 0.013889
0 0.128906 0.376389 0.048438 0.052778
0 0.107031 0.304167 0.029687 0.030556
0 0.371094 0.033333 0.007812 0.011111
0 0.307031 0.215278 0.054688 0.097222
0 0.327344 0.283333 0.067187 0.105556
3 0.215625 0.483333 0.431250 0.933333
3 0.195312 0.237500 0.390625 0.447222
3 0.723437 0.170833 0.550000 0.336111
3 0.912500 0.202778 0.171875 0.044444
4 0.220312 0.501389 0.431250 0.991667
4 0.073438 0.579167 0.021875 0.036111
5 0.026562 0.570833 0.009375 0.013889
5 0.146094 0.462500 0.014063 0.019444
5 0.073438 0.579167 0.021875 0.036111
5 0.108594 0.456944 0.007812 0.013889
5 0.216406 0.500000 0.423438 0.994444
5 0.179688 0.034722 0.012500 0.036111
