0 0.748231 0.425732 0.034198 0.052301
0 0.462264 0.360879 0.023585 0.039749
0 0.489976 0.380753 0.027123 0.037657
0 0.839033 0.584728 0.022406 0.060669
0 0.441627 0.315900 0.012972 0.016736
0 0.634434 0.469665 0.075472 0.144351
0 0.403302 0.261506 0.007075 0.016736
0 0.455189 0.369247 0.018868 0.018828
0 0.415094 0.523013 0.018868 0.041841
0 0.748231 0.501046 0.012972 0.031381
0 0.454009 0.387029 0.023585 0.033473
0 0.512972 0.514644 0.014151 0.041841
0 0.459316 0.403766 0.024764 0.041841
0 0.449882 0.524059 0.015330 0.048117
0 0.441627 0.323222 0.012972 0.018828
0 0.413915 0.434100 0.042453 0.110879
0 0.063090 0.480126 0.060142 0.064854
0 0.501179 0.404812 0.023585 0.031381
0 0.563090 0.465481 0.062500 0.119247
0 0.472877 0.471757 0.040094 0.102510
0 0.505307 0.360879 0.043632 0.052301
0 0.587854 0.388075 0.034198 0.043933
0 0.560142 0.393305 0.049528 0.029289
0 0.547759 0.366109 0.045991 0.041841
1 0.777123 0.537657 0.016509 0.075314
1 0.939858 0.546025 0.018868 0.079498
1 0.669222 0.551255 0.022406 0.077406
3 0.813679 0.758368 0.370283 0.466527
3 0.859670 0.668410 0.254717 0.324268
3 0.202830 0.624477 0.405660 0.725941
3 0.499410 0.637029 0.998821 0.709205
4 0.591392 0.540795 0.010613 0.014644
4 0.807193 0.963389 0.034198 0.060669
4 0.299528 0.488494 0.007075 0.010460
4 0.695755 0.745816 0.023585 0.039749
4 0.484080 0.547071 0.196934 0.010460
4 0.283608 0.518828 0.008255 0.012552
4 0.037146 0.730126 0.031840 0.037657
4 0.506486 0.531381 0.010613 0.029289
4 0.393868 0.518828 0.021226 0.062762
4 0.204009 0.591004 0.016509 0.023013
4 0.277123 0.428870 0.242925 0.313808
4 0.264741 0.559623 0.008255 0.014644
4 0.633255 0.624477 0.016509 0.027197
4 0.660967 0.677824 0.017689 0.029289
4 0.697524 0.576360 0.031840 0.031381
5 0.452830 0.585774 0.521226 0.054393
7 0.453420 0.586820 0.517689 0.052301
