0 0.473467 0.485356 0.043632 0.108787
0 0.209906 0.364017 0.018868 0.025105
0 0.533608 0.408996 0.017689 0.031381
0 0.748821 0.436192 0.035377 0.052301
0 0.490566 0.393305 0.028302 0.037657
0 0.829599 0.561715 0.031840 0.064854
0 0.440448 0.719665 0.071934 0.071130
0 0.459906 0.420502 0.023585 0.041841
0 0.666274 0.539749 0.094340 0.188285
0 0.395637 0.258368 0.005896 0.010460
0 0.132075 0.445607 0.025943 0.029289
0 0.442807 0.337866 0.012972 0.027197
0 0.953420 0.628661 0.038915 0.077406
0 0.426297 0.649582 0.020047 0.056485
0 0.408608 0.465481 0.038915 0.123431
0 0.836085 0.570084 0.016509 0.048117
0 0.524175 0.332636 0.017689 0.029289
0 0.455778 0.581590 0.015330 0.058577
0 0.501769 0.414226 0.022406 0.029289
0 0.459316 0.347280 0.022406 0.033473
0 0.564858 0.490586 0.068396 0.169456
0 0.573113 0.674686 0.023585 0.085774
0 0.461675 0.371339 0.024764 0.039749
0 0.510024 0.372385 0.038915 0.050209
0 0.610849 0.501046 0.016509 0.052301
0 0.589623 0.419456 0.054245 0.081590
0 0.478184 0.624477 0.022406 0.060669
0 0.550118 0.379707 0.038915 0.043933
0 0.455189 0.400628 0.023585 0.039749
0 0.406840 0.260460 0.007075 0.014644
1 0.759434 0.476987 0.009434 0.041841
1 0.982311 0.581590 0.018868 0.087866
1 0.747642 0.524059 0.014151 0.089958
1 0.767689 0.571130 0.018868 0.079498
3 0.606132 0.711297 0.778302 0.552301
3 0.793632 0.751046 0.410377 0.476987
3 0.869693 0.672594 0.237028 0.336820
3 0.502358 0.710251 0.608491 0.558577
3 0.205189 0.627615 0.410377 0.719665
3 0.498231 0.642259 0.996462 0.694561
4 0.278892 0.434100 0.244104 0.324268
5 0.407429 0.599372 0.437500 0.052301
7 0.407429 0.599372 0.437500 0.052301
