0 0.489387 0.563808 0.054245 0.148536
0 0.247052 0.652720 0.022406 0.050209
0 0.557193 0.393305 0.036557 0.058577
0 0.498821 0.405858 0.025943 0.050209
0 0.466392 0.378661 0.024764 0.037657
0 0.487028 0.362971 0.016509 0.039749
0 0.506486 0.427824 0.027123 0.035565
0 0.413325 0.256276 0.005896 0.014644
0 0.464623 0.757322 0.021226 0.079498
0 0.127948 0.573222 0.020047 0.037657
0 0.190448 0.631799 0.022406 0.079498
0 0.411557 0.553347 0.056604 0.182008
0 0.462264 0.439331 0.025943 0.046025
0 0.839623 0.759414 0.240566 0.380753
0 0.007075 0.805439 0.014151 0.213389
0 0.939858 0.641213 0.035377 0.077406
0 0.329599 0.732218 0.076651 0.083682
0 0.155660 0.718619 0.023585 0.060669
0 0.447524 0.351464 0.012972 0.033473
0 0.464623 0.316946 0.014151 0.031381
0 0.465802 0.388075 0.023585 0.035565
0 0.627948 0.475941 0.071934 0.140167
0 0.199292 0.530335 0.014151 0.031381
0 0.158608 0.602510 0.024764 0.046025
0 0.795401 0.549163 0.015330 0.039749
0 0.477005 0.463389 0.027123 0.043933
0 0.462854 0.352510 0.017689 0.018828
0 0.706958 0.678870 0.024764 0.077406
0 0.596108 0.594142 0.104953 0.255230
0 0.399764 0.266736 0.007075 0.010460
0 0.484080 0.692469 0.024764 0.075314
0 0.214623 0.369247 0.018868 0.023013
0 0.517689 0.379707 0.042453 0.052301
0 0.567217 0.957113 0.049528 0.081590
0 0.555425 0.430962 0.028302 0.037657
0 0.460495 0.407950 0.024764 0.037657
0 0.481132 0.324268 0.016509 0.020921
1 0.836675 0.536611 0.020047 0.052301
1 0.463443 0.710251 0.030660 0.106695
1 0.517689 0.519874 0.016509 0.048117
1 0.127358 0.543933 0.018868 0.062762
1 0.198113 0.502092 0.018868 0.037657
1 0.940448 0.614017 0.029481 0.069038
1 0.331368 0.715481 0.018868 0.121339
1 0.762382 0.487448 0.010613 0.046025
1 0.877948 0.612971 0.022406 0.050209
1 0.156840 0.672594 0.033019 0.085774
1 0.795991 0.519874 0.011792 0.023013
1 0.242925 0.612971 0.037736 0.071130
1 0.795401 0.535565 0.015330 0.054393
1 0.189269 0.611925 0.024764 0.077406
1 0.766509 0.547071 0.016509 0.039749
1 0.158608 0.570084 0.022406 0.069038
1 0.004127 0.758368 0.008255 0.144351
1 0.454009 0.700837 0.025943 0.092050
1 0.484080 0.651674 0.027123 0.089958
1 0.563090 0.927824 0.043632 0.131799
1 0.705189 0.643305 0.028302 0.081590
1 0.647995 0.547071 0.015330 0.035565
1 0.505896 0.985356 0.018868 0.020921
3 0.864976 0.682008 0.258255 0.347280
3 0.208137 0.627615 0.416274 0.723849
3 0.497052 0.640167 0.994104 0.702929
3 0.820755 0.773013 0.356132 0.437238
4 0.701061 0.593096 0.036557 0.031381
4 0.701651 0.764644 0.023585 0.039749
4 0.810142 0.972803 0.025943 0.041841
4 0.310731 0.605649 0.027123 0.035565
4 0.042453 0.745816 0.030660 0.035565
4 0.288915 0.537657 0.007075 0.012552
4 0.232311 0.456067 0.353774 0.372385
4 0.224646 0.610879 0.027123 0.037657
4 0.297170 0.421548 0.224057 0.303347
4 0.285377 0.607741 0.028302 0.035565
4 0.269458 0.576360 0.008255 0.014644
4 0.666274 0.694561 0.016509 0.029289
4 0.304245 0.505230 0.004717 0.010460
5 0.334316 0.602510 0.258255 0.054393
7 0.334316 0.603556 0.258255 0.052301
