0 0.507075 0.619247 0.018868 0.054393
0 0.088443 0.455021 0.049528 0.052301
0 0.678656 0.573222 0.119104 0.234310
0 0.797759 0.842050 0.340802 0.303347
0 0.847877 0.586820 0.025943 0.043933
0 0.457547 0.452929 0.030660 0.052301
0 0.146816 0.546025 0.027123 0.096234
0 0.408019 0.649582 0.077830 0.253138
0 0.276533 0.482218 0.012972 0.027197
0 0.469929 0.504184 0.034198 0.071130
0 0.505307 0.444561 0.029481 0.052301
0 0.453420 0.391213 0.020047 0.016736
0 0.441627 0.348326 0.012972 0.031381
0 0.321934 0.728033 0.077830 0.083682
0 0.745283 0.448745 0.035377 0.069038
0 0.524764 0.805439 0.103774 0.317992
0 0.110849 0.787657 0.221698 0.412134
0 0.495873 0.405858 0.027123 0.050209
0 0.110259 0.642259 0.220519 0.326360
0 0.484670 0.330544 0.018868 0.025105
0 0.886203 0.640167 0.031840 0.058577
0 0.519458 0.335774 0.015330 0.027197
0 0.470519 0.581590 0.018868 0.054393
0 0.481132 0.366109 0.016509 0.033473
0 0.079009 0.570084 0.158019 0.177824
0 0.799528 0.574268 0.018868 0.056485
0 0.558373 0.405858 0.045991 0.075314
0 0.567807 0.564854 0.015330 0.058577
0 0.458726 0.373431 0.025943 0.035565
0 0.932193 0.615063 0.031840 0.071130
0 0.777712 0.608787 0.045991 0.062762
0 0.540684 0.610879 0.022406 0.066946
0 0.477005 0.402720 0.015330 0.043933
0 0.594340 0.570084 0.018868 0.048117
0 0.511792 0.376569 0.044811 0.054393
0 0.763561 0.515690 0.015330 0.031381
0 0.568986 0.446653 0.031840 0.039749
0 0.454599 0.418410 0.027123 0.041841
0 0.465802 0.317992 0.016509 0.025105
1 0.761792 0.496862 0.014151 0.039749
1 0.594929 0.530335 0.017689 0.039749
1 0.847288 0.556485 0.024764 0.071130
1 0.471108 0.544979 0.017689 0.027197
1 0.505307 0.574268 0.022406 0.043933
1 0.275943 0.458159 0.014151 0.029289
1 0.544811 0.543933 0.016509 0.041841
1 0.295401 0.434100 0.010613 0.027197
1 0.248821 0.432008 0.011792 0.039749
1 0.928656 0.585774 0.024764 0.075314
1 0.480542 0.643305 0.022406 0.048117
1 0.560142 0.615063 0.016509 0.046025
1 0.553066 0.662134 0.021226 0.060669
1 0.323703 0.712343 0.020047 0.119247
1 0.419811 0.486402 0.016509 0.027197
1 0.504127 0.528243 0.020047 0.043933
1 0.320165 0.476987 0.017689 0.020921
1 0.739387 0.555439 0.016509 0.089958
1 0.887382 0.606695 0.022406 0.071130
1 0.818986 0.496862 0.010613 0.043933
1 0.797170 0.541841 0.016509 0.029289
1 0.633255 0.649582 0.028302 0.073222
1 0.619104 0.719665 0.028302 0.062762
1 0.284788 0.415272 0.010613 0.027197
3 0.788325 0.736402 0.420991 0.502092
3 0.864387 0.685146 0.238208 0.324268
3 0.288325 0.626569 0.244104 0.730126
3 0.285377 0.422594 0.245283 0.338912
3 0.501769 0.691423 0.262972 0.600418
4 0.283019 0.422594 0.240566 0.317992
5 0.324292 0.598326 0.257075 0.054393
7 0.324292 0.601464 0.257075 0.048117
7 0.282429 0.602510 0.170991 0.046025
