0 0.492335 0.604603 0.055425 0.108787
0 0.564858 0.723849 0.028302 0.100418
0 0.583726 0.430962 0.056604 0.100418
0 0.442807 0.844142 0.135613 0.299163
0 0.504127 0.432008 0.029481 0.081590
0 0.712854 0.666318 0.024764 0.069038
0 0.489976 0.355649 0.027123 0.046025
0 0.608491 0.577406 0.018868 0.066946
0 0.609080 0.496862 0.048349 0.069038
0 0.791274 0.606695 0.037736 0.062762
0 0.472877 0.500000 0.040094 0.071130
0 0.563090 0.494770 0.012972 0.035565
0 0.052476 0.562762 0.104953 0.096234
0 0.229953 0.710251 0.028302 0.098326
0 0.527123 0.483264 0.037736 0.062762
0 0.591392 0.646444 0.020047 0.058577
0 0.456958 0.407950 0.022406 0.033473
0 0.487028 0.415272 0.021226 0.056485
0 0.173939 0.402720 0.017689 0.031381
0 0.905660 0.826360 0.186321 0.334728
0 0.732311 0.645397 0.014151 0.060669
0 0.532429 0.754184 0.029481 0.094142
0 0.080189 0.788703 0.160377 0.410042
0 0.461085 0.365063 0.030660 0.056485
0 0.464033 0.443515 0.034198 0.054393
0 0.458137 0.696653 0.036557 0.037657
0 0.194575 0.503138 0.117925 0.211297
0 0.694575 0.946653 0.049528 0.094142
0 0.159198 0.662134 0.023585 0.102510
0 0.502358 0.848326 0.016509 0.123431
0 0.714033 0.835774 0.024764 0.106695
0 0.264151 0.523013 0.113208 0.221757
0 0.570755 0.596234 0.016509 0.066946
0 0.461675 0.379707 0.024764 0.027197
0 0.846108 0.556485 0.017689 0.041841
0 0.639741 0.758368 0.022406 0.098326
0 0.614976 0.705021 0.024764 0.087866
0 0.396816 0.258368 0.005896 0.010460
0 0.212264 0.361925 0.018868 0.025105
0 0.546580 0.621339 0.020047 0.066946
0 0.602594 0.815900 0.035377 0.096234
0 0.525354 0.380753 0.043632 0.066946
0 0.493514 0.326360 0.017689 0.016736
0 0.202241 0.833682 0.036557 0.110879
0 0.656840 0.592050 0.018868 0.062762
0 0.635613 0.624477 0.018868 0.073222
0 0.571934 0.930962 0.047170 0.121339
0 0.446934 0.346234 0.014151 0.027197
0 0.670991 0.708159 0.028302 0.081590
0 0.329599 0.725941 0.081368 0.079498
0 0.477594 0.317992 0.016509 0.016736
1 0.794811 0.537657 0.016509 0.046025
1 0.556014 0.831590 0.012972 0.085774
1 0.613208 0.655858 0.025943 0.052301
1 0.561910 0.467573 0.012972 0.027197
1 0.569575 0.859833 0.040094 0.138075
1 0.458726 0.671548 0.028302 0.062762
1 0.351415 0.374477 0.009434 0.025105
1 0.530071 0.709205 0.029481 0.092050
1 0.562500 0.683054 0.025943 0.081590
1 0.706368 0.781381 0.033019 0.069038
1 0.776533 0.498954 0.010613 0.039749
1 0.727594 0.611925 0.025943 0.081590
1 0.380307 0.375523 0.008255 0.027197
1 0.311321 0.381799 0.007075 0.031381
1 0.501179 0.773013 0.025943 0.052301
1 0.735849 0.507322 0.009434 0.035565
1 0.633255 0.718619 0.025943 0.102510
1 0.204009 0.790795 0.037736 0.108787
1 0.570165 0.555439 0.017689 0.035565
1 0.551297 0.428870 0.010613 0.033473
1 0.340212 0.390167 0.008255 0.031381
1 0.329009 0.710251 0.018868 0.115063
1 0.693986 0.881799 0.038915 0.140167
1 0.606722 0.543933 0.015330 0.037657
1 0.711675 0.624477 0.024764 0.073222
1 0.537146 0.530335 0.017689 0.056485
1 0.776533 0.733264 0.095519 0.520921
1 0.654481 0.552301 0.014151 0.037657
1 0.228774 0.687238 0.030660 0.089958
1 0.115566 0.940377 0.051887 0.106695
1 0.633844 0.591004 0.022406 0.089958
1 0.590802 0.596234 0.018868 0.046025
1 0.842571 0.534519 0.017689 0.056485
1 0.602005 0.759414 0.036557 0.108787
1 0.632075 0.976987 0.033019 0.041841
1 0.546580 0.584728 0.024764 0.069038
1 0.337854 0.368201 0.005896 0.020921
1 0.633255 0.572176 0.021226 0.052301
1 0.607901 0.563808 0.017689 0.077406
1 0.727594 0.594142 0.025943 0.046025
1 0.665684 0.667364 0.027123 0.087866
3 0.236439 0.616109 0.354953 0.751046
3 0.863208 0.617155 0.252358 0.213389
3 0.597288 0.691423 0.470519 0.596234
4 0.452830 0.589958 0.016509 0.033473
4 0.425708 0.591004 0.021226 0.035565
4 0.499410 0.505230 0.008255 0.023013
4 0.583137 0.531381 0.029481 0.054393
4 0.692217 0.581590 0.025943 0.025105
4 0.444575 0.509414 0.004717 0.023013
4 0.341981 0.595188 0.021226 0.035565
4 0.396816 0.591004 0.022406 0.035565
4 0.362618 0.327406 0.090802 0.161088
4 0.446344 0.540795 0.005896 0.027197
4 0.372642 0.593096 0.014151 0.031381
4 0.456958 0.557531 0.140330 0.010460
4 0.508255 0.540795 0.009434 0.031381
4 0.409788 0.471757 0.045991 0.169456
5 0.452830 0.589958 0.016509 0.033473
5 0.425708 0.591004 0.021226 0.035565
5 0.444575 0.509414 0.004717 0.023013
5 0.583137 0.531381 0.029481 0.054393
5 0.499410 0.505230 0.008255 0.023013
5 0.692217 0.581590 0.025943 0.025105
5 0.341981 0.595188 0.021226 0.035565
5 0.396226 0.592050 0.021226 0.033473
5 0.362618 0.326360 0.090802 0.163180
5 0.446344 0.540795 0.005896 0.027197
5 0.372642 0.592050 0.014151 0.029289
5 0.429245 0.557531 0.080189 0.010460
5 0.508255 0.540795 0.009434 0.031381
5 0.409788 0.470711 0.045991 0.167364
7 0.399764 0.592050 0.134434 0.041841
