0 0.757665 0.440377 0.034198 0.069038
0 0.481722 0.511506 0.048349 0.081590
0 0.542453 0.391213 0.044811 0.092050
0 0.045401 0.439331 0.062500 0.046025
0 0.467571 0.395397 0.027123 0.041841
0 0.712264 0.656904 0.089623 0.133891
0 0.532429 0.470711 0.043632 0.100418
0 0.570755 0.973849 0.089623 0.043933
0 0.135613 0.722803 0.033019 0.102510
0 0.237028 0.368201 0.016509 0.020921
0 0.015330 0.834728 0.030660 0.083682
0 0.880307 0.655858 0.024764 0.069038
0 0.334316 0.720711 0.076651 0.081590
0 0.609670 0.766736 0.033019 0.106695
0 0.088443 0.914226 0.176887 0.158996
0 0.453420 0.341004 0.012972 0.029289
0 0.217571 0.774059 0.097877 0.154812
0 0.508844 0.441423 0.029481 0.071130
0 0.223467 0.433054 0.074292 0.066946
0 0.729363 0.929916 0.048349 0.127615
0 0.292453 0.649582 0.021226 0.056485
0 0.614387 0.559623 0.023585 0.048117
0 0.464623 0.374477 0.030660 0.066946
0 0.937500 0.962343 0.058962 0.066946
0 0.564858 0.563808 0.056604 0.089958
0 0.620873 0.464435 0.067217 0.146444
0 0.918632 0.585774 0.021226 0.054393
0 0.735849 0.833682 0.044811 0.119247
0 0.471108 0.452929 0.031840 0.064854
0 0.508844 0.632845 0.067217 0.119247
0 0.219340 0.357741 0.018868 0.025105
0 0.633844 0.628661 0.022406 0.077406
0 0.495283 0.358787 0.030660 0.077406
0 0.742925 0.490586 0.009434 0.035565
0 0.237618 0.538703 0.140330 0.215481
0 0.793042 0.627615 0.029481 0.071130
1 0.004717 0.490586 0.009434 0.056485
1 0.769458 0.478033 0.010613 0.052301
3 0.069575 0.486402 0.139151 0.102510
3 0.787736 0.709205 0.422170 0.560669
3 0.868514 0.672594 0.255896 0.341004
3 0.210495 0.616109 0.420991 0.746862
3 0.498821 0.728033 0.997642 0.523013
3 0.433962 0.389121 0.084906 0.330544
3 0.656840 0.715481 0.679245 0.548117
4 0.048349 0.733264 0.030660 0.035565
4 0.416863 0.465481 0.050708 0.177824
5 0.701651 0.579498 0.030660 0.025105
5 0.450472 0.498954 0.004717 0.035565
5 0.688679 0.722803 0.056604 0.106695
5 0.048939 0.733264 0.029481 0.035565
5 0.515330 0.539749 0.011792 0.029289
5 0.416863 0.466527 0.050708 0.175732
7 0.395047 0.587866 0.172170 0.041841
