0 0.517689 0.462343 0.030660 0.054393
0 0.102594 0.453975 0.044811 0.054393
0 0.820755 0.919456 0.056604 0.148536
0 0.307193 0.526151 0.024764 0.069038
0 0.095519 0.612971 0.018868 0.062762
0 0.204599 0.554393 0.071934 0.138075
0 0.469929 0.494770 0.015330 0.039749
0 0.452241 0.344142 0.015330 0.039749
0 0.218160 0.355649 0.018868 0.025105
0 0.050118 0.685146 0.100236 0.194561
0 0.903892 0.647490 0.029481 0.077406
0 0.334316 0.720711 0.076651 0.077406
0 0.756486 0.438285 0.036557 0.069038
0 0.509434 0.709205 0.089623 0.167364
0 0.254717 0.617155 0.106132 0.184100
0 0.467571 0.399582 0.038915 0.054393
0 0.705778 0.589958 0.133255 0.246862
0 0.509434 0.335774 0.021226 0.031381
0 0.320165 0.425732 0.067217 0.127615
0 0.248231 0.510460 0.015330 0.029289
0 0.061910 0.825314 0.123821 0.161088
0 0.967571 0.958159 0.057783 0.075314
0 0.563090 0.415272 0.057783 0.102510
0 0.531250 0.508368 0.045991 0.087866
0 0.462854 0.355649 0.020047 0.033473
0 0.728774 0.791841 0.037736 0.110879
0 0.579009 0.596234 0.068396 0.163180
0 0.467571 0.423640 0.031840 0.056485
0 0.489387 0.553347 0.047170 0.119247
0 0.665094 0.825314 0.117925 0.202929
0 0.492335 0.353556 0.038915 0.071130
0 0.466392 0.383891 0.036557 0.043933
0 0.622642 0.537657 0.014151 0.054393
0 0.561910 0.970711 0.050708 0.046025
0 0.795991 0.518828 0.018868 0.033473
0 0.791863 0.628661 0.024764 0.064854
1 0.017099 0.471757 0.010613 0.056485
3 0.069575 0.485356 0.139151 0.108787
3 0.775943 0.717573 0.438679 0.543933
3 0.391509 0.312762 0.066038 0.177824
3 0.208726 0.384937 0.417453 0.305439
3 0.202241 0.629707 0.404481 0.719665
3 0.492335 0.705021 0.984670 0.569038
3 0.436321 0.382845 0.087264 0.334728
3 0.641509 0.695607 0.523585 0.587866
4 0.415684 0.462343 0.048349 0.179916
5 0.470519 0.585774 0.327830 0.041841
7 0.470519 0.585774 0.327830 0.041841
