0 0.855542 0.560669 0.024764 0.050209
0 0.479363 0.470711 0.041274 0.075314
0 0.494104 0.589958 0.021226 0.050209
0 0.084906 0.487448 0.049528 0.062762
0 0.576651 0.429916 0.035377 0.077406
0 0.012382 0.509414 0.024764 0.052301
0 0.456958 0.339958 0.017689 0.035565
0 0.337854 0.716527 0.076651 0.081590
0 0.761792 0.435146 0.035377 0.066946
0 0.844929 0.667364 0.050708 0.083682
0 0.541863 0.879707 0.112028 0.228033
0 0.084906 0.712343 0.129717 0.219665
0 0.454009 0.388075 0.009434 0.035565
0 0.500000 0.306485 0.014151 0.018828
0 0.199882 0.501046 0.074292 0.119247
0 0.264741 0.612971 0.104953 0.184100
0 0.758844 0.906904 0.166274 0.173640
0 0.475236 0.396444 0.033019 0.035565
0 0.340212 0.385983 0.015330 0.035565
0 0.227594 0.542887 0.042453 0.048117
0 0.620873 0.482218 0.088443 0.156904
0 0.810731 0.790795 0.048349 0.108787
0 0.369104 0.373431 0.049528 0.081590
0 0.461675 0.353556 0.017689 0.025105
0 0.294811 0.436192 0.040094 0.085774
0 0.941038 0.869247 0.115566 0.248954
0 0.551887 0.549163 0.049528 0.089958
0 0.524764 0.492678 0.011792 0.039749
0 0.469340 0.367155 0.025943 0.031381
0 0.905660 0.589958 0.037736 0.066946
0 0.590212 0.691423 0.097877 0.182008
0 0.205189 0.643305 0.018868 0.048117
0 0.509434 0.444561 0.011792 0.039749
0 0.720519 0.767782 0.040094 0.096234
0 0.478184 0.427824 0.041274 0.048117
0 0.502358 0.661088 0.018868 0.066946
0 0.505307 0.369247 0.043632 0.089958
0 0.658019 0.662134 0.035377 0.094142
0 0.525943 0.351464 0.023585 0.050209
0 0.768868 0.505230 0.011792 0.048117
0 0.135024 0.899582 0.173349 0.192469
0 0.797170 0.628661 0.023585 0.060669
1 0.837854 0.485356 0.010613 0.046025
1 0.337854 0.701883 0.024764 0.119247
1 0.994693 0.537657 0.008255 0.083682
1 0.829009 0.492678 0.009434 0.048117
1 0.014151 0.453975 0.011792 0.050209
1 0.817217 0.492678 0.011792 0.048117
3 0.752948 0.645397 0.484670 0.688285
3 0.872642 0.631799 0.252358 0.309623
3 0.212854 0.608787 0.425708 0.761506
3 0.444575 0.702929 0.889151 0.573222
3 0.459906 0.385983 0.125000 0.341004
4 0.709316 0.579498 0.038915 0.033473
4 0.457547 0.534519 0.007075 0.027197
4 0.420991 0.463389 0.047170 0.169456
4 0.518278 0.533473 0.010613 0.029289
4 0.630307 0.585774 0.020047 0.025105
5 0.522406 0.579498 0.410377 0.050209
7 0.424528 0.584728 0.214623 0.039749
7 0.482311 0.582636 0.330189 0.043933
