0 0.200472 0.819038 0.035377 0.131799
0 0.123231 0.445607 0.031840 0.050209
0 0.469340 0.379707 0.021226 0.023013
0 0.468160 0.361925 0.023585 0.029289
0 0.024764 0.540795 0.049528 0.077406
0 0.139151 0.650628 0.040094 0.087866
0 0.253538 0.501046 0.056604 0.115063
0 0.819575 0.723849 0.252358 0.380753
0 0.486439 0.395397 0.031840 0.037657
0 0.462264 0.341004 0.016509 0.029289
0 0.228774 0.353556 0.018868 0.025105
0 0.032429 0.724895 0.064858 0.244770
0 0.650354 0.790795 0.102594 0.188285
0 0.341981 0.380753 0.025943 0.037657
0 0.492335 0.462343 0.043632 0.041841
0 0.540684 0.553347 0.017689 0.048117
0 0.076061 0.867155 0.140330 0.219665
0 0.291863 0.412134 0.036557 0.066946
0 0.215802 0.691423 0.094340 0.127615
0 0.309552 0.551255 0.057783 0.085774
0 0.383255 0.383891 0.033019 0.060669
0 0.635024 0.501046 0.067217 0.119247
0 0.312500 0.440377 0.018868 0.043933
0 0.302476 0.478033 0.012972 0.027197
0 0.173349 0.500000 0.099057 0.142259
0 0.548939 0.366109 0.031840 0.066946
0 0.591392 0.452929 0.012972 0.039749
0 0.564269 0.423640 0.012972 0.035565
0 0.395637 0.349372 0.029481 0.058577
0 0.801297 0.505230 0.015330 0.031381
0 0.617335 0.640167 0.017689 0.066946
0 0.606132 0.701883 0.028302 0.077406
0 0.462854 0.411088 0.015330 0.043933
0 0.563679 0.542887 0.016509 0.052301
0 0.344929 0.715481 0.076651 0.083682
0 0.495873 0.571130 0.069575 0.175732
0 0.485849 0.435146 0.035377 0.050209
0 0.509434 0.349372 0.033019 0.050209
0 0.491156 0.346234 0.020047 0.052301
0 0.511792 0.360879 0.030660 0.031381
0 0.528302 0.412134 0.047170 0.100418
0 0.478774 0.308577 0.009434 0.023013
1 0.974057 0.527197 0.018868 0.071130
1 0.757665 0.508368 0.012972 0.046025
3 0.791274 0.716527 0.415094 0.550209
3 0.215802 0.608787 0.431604 0.765690
3 0.215802 0.379707 0.389151 0.303347
3 0.593160 0.640167 0.483491 0.702929
4 0.426297 0.462343 0.048349 0.175732
5 0.445755 0.583682 0.452830 0.058577
7 0.442807 0.587866 0.442217 0.050209
