0 0.538325 0.342050 0.043632 0.060669
0 0.536557 0.370293 0.035377 0.058577
0 0.207547 0.382845 0.016509 0.037657
0 0.488797 0.360879 0.024764 0.039749
0 0.513561 0.335774 0.024764 0.060669
0 0.005896 0.464435 0.011792 0.033473
0 0.518868 0.428870 0.047170 0.050209
0 0.978774 0.541841 0.021226 0.037657
0 0.489387 0.399582 0.025943 0.033473
0 0.336085 0.456067 0.011792 0.058577
0 0.629717 0.465481 0.016509 0.039749
0 0.008255 0.555439 0.016509 0.060669
0 0.367925 0.372385 0.023585 0.029289
0 0.267099 0.475941 0.017689 0.031381
0 0.357901 0.353556 0.022406 0.041841
0 0.479363 0.447699 0.027123 0.062762
0 0.823113 0.706067 0.169811 0.286611
0 0.248231 0.335774 0.017689 0.018828
0 0.879127 0.642259 0.045991 0.066946
0 0.515920 0.490586 0.048349 0.135983
0 0.587264 0.626569 0.021226 0.064854
0 0.127358 0.678870 0.113208 0.135983
0 0.405071 0.358787 0.024764 0.056485
0 0.481132 0.326360 0.018868 0.025105
0 0.308962 0.383891 0.047170 0.081590
0 0.297759 0.524059 0.055425 0.089958
0 0.725236 0.551255 0.021226 0.056485
0 0.008844 0.648536 0.017689 0.058577
0 0.336085 0.402720 0.025943 0.069038
0 0.295991 0.622385 0.021226 0.043933
0 0.577830 0.445607 0.070755 0.146444
0 0.418632 0.336820 0.028302 0.041841
0 0.201061 0.486402 0.104953 0.156904
0 0.787736 0.416318 0.035377 0.071130
0 0.919811 0.525105 0.023585 0.046025
0 0.706958 0.730126 0.034198 0.104603
0 0.669811 0.769874 0.033019 0.117155
0 0.484080 0.350418 0.020047 0.023013
0 0.653302 0.628661 0.023585 0.119247
0 0.382665 0.344142 0.022406 0.035565
0 0.363208 0.700837 0.075472 0.079498
0 0.527123 0.670502 0.084906 0.169456
0 0.561910 0.875523 0.152123 0.240586
0 0.667453 0.565900 0.014151 0.064854
0 0.656250 0.498954 0.020047 0.043933
0 0.589623 0.355649 0.047170 0.062762
0 0.203420 0.788703 0.133255 0.179916
1 0.364387 0.682008 0.018868 0.121339
3 0.462264 0.366109 0.084906 0.330544
3 0.786557 0.703975 0.424528 0.571130
3 0.808373 0.703975 0.380896 0.571130
3 0.889151 0.648536 0.219340 0.338912
3 0.223467 0.604603 0.446934 0.769874
3 0.499410 0.709205 0.998821 0.564854
3 0.587264 0.406904 0.106132 0.253138
3 0.637382 0.697699 0.446934 0.587866
4 0.619693 0.507322 0.022406 0.043933
4 0.853184 0.956067 0.045991 0.071130
4 0.018868 0.791841 0.037736 0.052301
4 0.295401 0.448745 0.036557 0.039749
4 0.443396 0.444561 0.049528 0.173640
5 0.459906 0.574268 0.429245 0.081590
7 0.427476 0.570084 0.362028 0.052301
