0 0.559552 0.348326 0.036557 0.060669
0 0.801297 0.584728 0.017689 0.056485
0 0.292453 0.391213 0.047170 0.087866
0 0.471698 0.353556 0.021226 0.033473
0 0.862028 0.958159 0.073113 0.075314
0 0.620283 0.418410 0.070755 0.125523
0 0.813679 0.606695 0.025943 0.066946
0 0.379717 0.375523 0.023585 0.027197
0 0.376769 0.326360 0.017689 0.025105
0 0.473467 0.330544 0.020047 0.020921
0 0.360259 0.384937 0.027123 0.016736
0 0.109670 0.735356 0.040094 0.115063
0 0.379127 0.348326 0.017689 0.023013
0 0.242925 0.355649 0.025943 0.029289
0 0.886203 0.700837 0.074292 0.096234
0 0.351415 0.705021 0.075472 0.071130
0 0.774764 0.415272 0.035377 0.069038
0 0.491156 0.466527 0.036557 0.071130
0 0.854953 0.646444 0.033019 0.083682
0 0.263561 0.598326 0.083726 0.117155
0 0.482311 0.373431 0.023585 0.039749
0 0.350825 0.345188 0.031840 0.054393
0 0.287736 0.451883 0.047170 0.062762
0 0.795991 0.780335 0.047170 0.125523
0 0.510613 0.347280 0.030660 0.066946
0 0.325472 0.479079 0.016509 0.066946
0 0.503538 0.364017 0.014151 0.037657
0 0.537146 0.406904 0.048349 0.106695
0 0.402712 0.356695 0.020047 0.031381
0 0.358491 0.361925 0.023585 0.041841
0 0.314269 0.387029 0.024764 0.083682
0 0.556604 0.489540 0.028302 0.112971
0 0.475825 0.438285 0.031840 0.056485
0 0.876769 0.504184 0.022406 0.050209
0 0.633844 0.567992 0.126179 0.269874
0 0.476415 0.391213 0.033019 0.041841
0 0.473467 0.558577 0.053066 0.100418
0 0.722288 0.637029 0.029481 0.085774
0 0.536557 0.719665 0.091981 0.263598
0 0.800118 0.476987 0.015330 0.041841
0 0.392099 0.324268 0.012972 0.033473
1 0.850825 0.465481 0.010613 0.048117
1 0.920401 0.500000 0.012972 0.071130
1 0.776533 0.509414 0.012972 0.060669
1 0.815448 0.461297 0.010613 0.048117
1 0.932193 0.495816 0.012972 0.062762
3 0.764741 0.705021 0.468160 0.569038
3 0.889741 0.653766 0.218160 0.328452
3 0.217571 0.604603 0.435142 0.769874
3 0.499410 0.701883 0.998821 0.575314
3 0.471108 0.366109 0.123821 0.334728
3 0.708137 0.705021 0.581368 0.569038
4 0.068986 0.710251 0.031840 0.039749
4 0.011792 0.783473 0.023585 0.031381
4 0.223467 0.517782 0.079009 0.098326
4 0.721698 0.558577 0.037736 0.033473
4 0.432193 0.444561 0.048349 0.173640
5 0.376179 0.563808 0.148585 0.048117
7 0.376769 0.565900 0.147406 0.048117
