0 0.491156 0.465481 0.048349 0.085774
0 0.595519 0.390167 0.051887 0.102510
0 0.781840 0.414226 0.035377 0.071130
0 0.492335 0.401674 0.029481 0.041841
0 0.867335 0.864017 0.262972 0.259414
0 0.383844 0.378661 0.024764 0.025105
0 0.300708 0.455021 0.016509 0.052301
0 0.380896 0.328452 0.025943 0.054393
0 0.870283 0.645397 0.051887 0.081590
0 0.356722 0.699791 0.074292 0.081590
0 0.077830 0.730126 0.155660 0.263598
0 0.400354 0.317992 0.015330 0.033473
0 0.354953 0.353556 0.033019 0.066946
0 0.204009 0.575314 0.082547 0.096234
0 0.739976 0.577406 0.156840 0.284519
0 0.531250 0.321130 0.020047 0.014644
0 0.399175 0.354603 0.015330 0.027197
0 0.506486 0.365063 0.010613 0.043933
0 0.571344 0.461297 0.088443 0.194561
0 0.410377 0.345188 0.014151 0.029289
0 0.846698 0.507322 0.016509 0.043933
0 0.916863 0.532427 0.022406 0.043933
0 0.827241 0.597280 0.017689 0.064854
0 0.661557 0.725941 0.108491 0.246862
0 0.475825 0.380753 0.027123 0.054393
0 0.489976 0.532427 0.048349 0.094142
0 0.526533 0.625523 0.064858 0.129707
0 0.530660 0.370293 0.040094 0.079498
0 0.479953 0.342050 0.023585 0.027197
0 0.152123 0.961297 0.073113 0.064854
0 0.635613 0.488494 0.016509 0.048117
0 0.538915 0.928870 0.122642 0.133891
1 0.955778 0.514644 0.015330 0.066946
1 0.974057 0.506276 0.014151 0.066946
3 0.772406 0.638075 0.452830 0.656904
3 0.206368 0.635983 0.412736 0.711297
3 0.541274 0.625523 0.391509 0.728033
4 0.435731 0.449791 0.041274 0.163180
5 0.452830 0.566946 0.412736 0.058577
7 0.452830 0.570084 0.412736 0.052301
