0 0.510613 0.399582 0.018868 0.058577
0 0.477594 0.372385 0.025943 0.046025
0 0.419811 0.332636 0.009434 0.029289
0 0.682193 0.674686 0.187500 0.407950
0 0.862028 0.796025 0.054245 0.110879
0 0.153892 0.560669 0.020047 0.041841
0 0.273585 0.461297 0.061321 0.102510
0 0.409788 0.309623 0.012972 0.033473
0 0.437500 0.451883 0.014151 0.037657
0 0.238208 0.341004 0.018868 0.025105
0 0.866156 0.656904 0.050708 0.079498
0 0.496462 0.473849 0.042453 0.077406
0 0.094929 0.890167 0.161557 0.207113
0 0.395637 0.314854 0.017689 0.039749
0 0.387972 0.372385 0.025943 0.041841
0 0.218750 0.569038 0.095519 0.150628
0 0.403892 0.358787 0.017689 0.035565
0 0.545991 0.417364 0.051887 0.102510
0 0.545401 0.341004 0.020047 0.016736
0 0.377948 0.333682 0.024764 0.043933
0 0.314269 0.423640 0.031840 0.048117
0 0.651533 0.440377 0.083726 0.098326
0 0.777123 0.425732 0.035377 0.069038
0 0.991156 0.927824 0.015330 0.131799
0 0.802476 0.594142 0.015330 0.054393
0 0.543042 0.518828 0.015330 0.046025
0 0.934552 0.621339 0.020047 0.066946
0 0.473467 0.428870 0.034198 0.075314
0 0.352005 0.705021 0.076651 0.083682
0 0.508844 0.685146 0.090802 0.202929
0 0.541863 0.365063 0.045991 0.035565
0 0.572524 0.540795 0.036557 0.110879
0 0.221108 0.788703 0.036557 0.133891
0 0.464623 0.361925 0.014151 0.037657
0 0.549528 0.899582 0.127358 0.188285
0 0.816038 0.617155 0.028302 0.062762
1 0.985849 0.537657 0.018868 0.071130
1 0.870283 0.485356 0.011792 0.046025
3 0.746462 0.641213 0.504717 0.696653
3 0.471698 0.412134 0.122642 0.259414
3 0.880307 0.646444 0.237028 0.359833
3 0.209316 0.627615 0.418632 0.723849
3 0.491745 0.752092 0.983491 0.474895
4 0.068986 0.716527 0.029481 0.035565
4 0.839623 0.961297 0.040094 0.064854
4 0.012972 0.787657 0.025943 0.035565
4 0.293042 0.548117 0.008255 0.012552
4 0.428066 0.453975 0.056604 0.163180
4 0.313090 0.508368 0.008255 0.012552
5 0.403892 0.575314 0.274764 0.046025
7 0.403302 0.575314 0.273585 0.046025
