0 0.777123 0.423640 0.035377 0.069038
0 0.478184 0.517782 0.053066 0.119247
0 0.531840 0.392259 0.025943 0.039749
0 0.407429 0.345188 0.020047 0.029289
0 0.777712 0.643305 0.187500 0.315900
0 0.418042 0.285565 0.010613 0.023013
0 0.921580 0.703975 0.034198 0.098326
0 0.353184 0.702929 0.079009 0.083682
0 0.882075 0.654812 0.018868 0.058577
0 0.513561 0.644351 0.074292 0.142259
0 0.588443 0.721757 0.028302 0.100418
0 0.080778 0.865063 0.161557 0.257322
0 0.343750 0.370293 0.031840 0.050209
0 0.186321 0.696653 0.113208 0.142259
0 0.729363 0.865063 0.175708 0.257322
0 0.417453 0.342050 0.016509 0.031381
0 0.299528 0.403766 0.009434 0.025105
0 0.265920 0.623431 0.022406 0.071130
0 0.579599 0.484310 0.079009 0.182008
0 0.477005 0.410042 0.029481 0.062762
0 0.396226 0.316946 0.021226 0.039749
0 0.529481 0.449791 0.025943 0.079498
0 0.579009 0.417364 0.066038 0.052301
0 0.459316 0.372385 0.020047 0.041841
0 0.482901 0.427824 0.036557 0.077406
0 0.434552 0.702929 0.017689 0.083682
0 0.238797 0.339958 0.017689 0.023013
0 0.655660 0.583682 0.021226 0.092050
0 0.494104 0.294979 0.004717 0.016736
0 0.612028 0.442469 0.028302 0.069038
0 0.574882 0.372385 0.027123 0.041841
0 0.360849 0.377615 0.030660 0.027197
1 0.022406 0.831590 0.035377 0.156904
3 0.474057 0.404812 0.125000 0.265690
3 0.749410 0.632845 0.498821 0.667364
3 0.887382 0.716527 0.222877 0.449791
3 0.506486 0.628661 0.347877 0.721757
3 0.204009 0.661088 0.408019 0.656904
4 0.069575 0.713389 0.030660 0.037657
4 0.255896 0.487448 0.141509 0.163180
4 0.429835 0.457113 0.038915 0.144351
5 0.378538 0.574268 0.323113 0.048117
5 0.426887 0.573222 0.433962 0.050209
7 0.381486 0.575314 0.319575 0.046025
7 0.431604 0.575314 0.424528 0.046025
