0 0.487618 0.580544 0.060142 0.169456
0 0.543632 0.364017 0.007075 0.020921
0 0.541863 0.437238 0.034198 0.058577
0 0.060731 0.479079 0.067217 0.058577
0 0.809552 0.616109 0.022406 0.064854
0 0.773585 0.424686 0.035377 0.071130
0 0.647406 0.648536 0.158019 0.326360
0 0.972288 0.880753 0.053066 0.225941
0 0.566038 0.434100 0.011792 0.031381
0 0.449292 0.393305 0.025943 0.050209
0 0.420991 0.263598 0.011792 0.054393
0 0.236439 0.341004 0.020047 0.020921
0 0.800118 0.593096 0.017689 0.056485
0 0.002948 0.829498 0.005896 0.123431
0 0.861439 0.655858 0.050708 0.081590
0 0.497642 0.813808 0.115566 0.297071
0 0.096108 0.796025 0.187500 0.257322
0 0.387382 0.347280 0.008255 0.033473
0 0.262382 0.611925 0.107311 0.173640
0 0.834906 0.987448 0.068396 0.016736
0 0.402123 0.350418 0.021226 0.052301
0 0.301887 0.534519 0.063679 0.085774
0 0.939858 0.834728 0.056604 0.104603
0 0.373231 0.346234 0.022406 0.043933
0 0.169222 0.548117 0.090802 0.142259
0 0.590212 0.443515 0.036557 0.087866
0 0.553656 0.552301 0.041274 0.125523
0 0.405071 0.301255 0.017689 0.033473
0 0.481132 0.497908 0.054245 0.104603
0 0.350236 0.707113 0.077830 0.075314
0 0.682193 0.536611 0.055425 0.098326
1 0.901533 0.492678 0.012972 0.056485
1 0.767689 0.549163 0.014151 0.069038
1 0.253538 0.558577 0.023585 0.087866
1 0.826651 0.471757 0.011792 0.043933
1 0.868514 0.482218 0.012972 0.052301
3 0.705189 0.638075 0.483491 0.698745
3 0.878538 0.627615 0.240566 0.322176
3 0.208137 0.678870 0.416274 0.621339
3 0.209316 0.652720 0.418632 0.673640
4 0.214623 0.492678 0.297170 0.248954
4 0.421580 0.472803 0.029481 0.121339
5 0.426887 0.570084 0.216981 0.043933
7 0.426887 0.571130 0.216981 0.041841
