0 0.550118 0.533473 0.041274 0.087866
0 0.144458 0.432008 0.036557 0.031381
0 0.472288 0.355649 0.005896 0.020921
0 0.550708 0.511506 0.040094 0.043933
0 0.837264 0.903766 0.278302 0.179916
0 0.542453 0.379707 0.075472 0.089958
0 0.212264 0.503138 0.030660 0.069038
0 0.433962 0.429916 0.030660 0.064854
0 0.799528 0.744770 0.139151 0.150628
0 0.405071 0.289749 0.012972 0.027197
0 0.228774 0.346234 0.021226 0.027197
0 0.854363 0.660042 0.050708 0.077406
0 0.342571 0.710251 0.076651 0.077406
0 0.766509 0.428870 0.035377 0.071130
0 0.070755 0.691423 0.141509 0.332636
0 0.347288 0.462343 0.074292 0.129707
0 0.277712 0.423640 0.043632 0.073222
0 0.260613 0.520921 0.070755 0.125523
0 0.419222 0.275105 0.008255 0.018828
0 0.504127 0.336820 0.005896 0.016736
0 0.562500 0.581590 0.058962 0.167364
0 0.386792 0.330544 0.018868 0.037657
0 0.791863 0.587866 0.015330 0.071130
0 0.844929 0.577406 0.020047 0.054393
0 0.410967 0.339958 0.012972 0.018828
0 0.484080 0.810669 0.119104 0.269874
0 0.627948 0.815900 0.109670 0.255230
0 0.652712 0.712343 0.022406 0.052301
0 0.600236 0.527197 0.011792 0.046025
0 0.516509 0.974895 0.139151 0.041841
0 0.803066 0.619247 0.023585 0.066946
1 0.915684 0.506276 0.015330 0.058577
1 0.799528 0.470711 0.011792 0.046025
1 0.015920 0.462343 0.012972 0.058577
3 0.490566 0.416318 0.077830 0.255230
3 0.742335 0.643305 0.512972 0.688285
3 0.874410 0.650628 0.248821 0.355649
3 0.432783 0.453975 0.063679 0.171548
3 0.203420 0.667364 0.406840 0.644351
3 0.494104 0.653766 0.988208 0.675732
4 0.508255 0.462343 0.007075 0.020921
4 0.499410 0.430962 0.003538 0.016736
4 0.514741 0.490586 0.008255 0.023013
4 0.713443 0.741632 0.023585 0.039749
4 0.188679 0.558577 0.025943 0.033473
4 0.409788 0.493724 0.017689 0.096234
4 0.339033 0.387029 0.074292 0.075314
4 0.459316 0.491632 0.005896 0.025105
4 0.458726 0.469665 0.004717 0.014644
4 0.694575 0.580544 0.009434 0.014644
4 0.677476 0.671548 0.017689 0.029289
4 0.461675 0.525105 0.005896 0.029289
4 0.466392 0.530335 0.119104 0.031381
4 0.522995 0.525105 0.010613 0.033473
4 0.650354 0.620293 0.015330 0.027197
4 0.533019 0.396444 0.108491 0.190377
5 0.468750 0.577406 0.515330 0.054393
7 0.443396 0.579498 0.455189 0.050209
