0 0.423939 0.469665 0.036557 0.081590
0 0.337264 0.711297 0.075472 0.075314
0 0.795991 0.621339 0.021226 0.062762
0 0.477594 0.390167 0.007075 0.018828
0 0.007665 0.462343 0.015330 0.037657
0 0.378538 0.389121 0.018868 0.041841
0 0.222877 0.343096 0.018868 0.025105
0 0.848467 0.665272 0.050708 0.071130
0 0.843750 0.599372 0.020047 0.039749
0 0.181604 0.595188 0.075472 0.106695
0 0.393868 0.313808 0.016509 0.029289
0 0.355542 0.381799 0.029481 0.027197
0 0.225236 0.457113 0.096698 0.148536
0 0.729953 0.782427 0.042453 0.117155
0 0.259434 0.607741 0.021226 0.043933
0 0.514151 0.356695 0.007075 0.023013
0 0.324292 0.367155 0.028302 0.043933
0 0.303656 0.406904 0.038915 0.073222
0 0.785967 0.598326 0.015330 0.054393
0 0.406840 0.279289 0.011792 0.023013
0 0.612028 0.762552 0.096698 0.186192
0 0.485259 0.310669 0.003538 0.014644
0 0.623821 0.490586 0.014151 0.039749
0 0.552476 0.947699 0.135613 0.092050
1 0.939269 0.516736 0.015330 0.062762
1 0.784788 0.467573 0.010613 0.043933
1 0.023585 0.442469 0.009434 0.052301
1 0.727005 0.546025 0.012972 0.071130
3 0.464623 0.412134 0.113208 0.251046
3 0.344340 0.392259 0.125000 0.232218
3 0.760613 0.677824 0.476415 0.623431
3 0.529481 0.405858 0.150943 0.263598
3 0.871462 0.662134 0.254717 0.341004
3 0.201651 0.655858 0.403302 0.667364
3 0.425708 0.452929 0.063679 0.169456
3 0.577830 0.407950 0.207547 0.259414
3 0.499410 0.677824 0.998821 0.627615
3 0.808962 0.767782 0.379717 0.443515
4 0.538915 0.416318 0.134434 0.246862
5 0.469340 0.576360 0.500000 0.052301
7 0.469340 0.578452 0.497642 0.048117
