0 0.344340 0.686192 0.075472 0.083682
0 0.419811 0.240586 0.011792 0.016736
0 0.387972 0.343096 0.025943 0.050209
0 0.856722 0.643305 0.050708 0.069038
0 0.806014 0.598326 0.024764 0.062762
0 0.167453 0.960251 0.033019 0.066946
0 0.850236 0.578452 0.018868 0.039749
0 0.731132 0.589958 0.025943 0.066946
0 0.024175 0.853556 0.048349 0.209205
0 0.311321 0.352510 0.044811 0.077406
0 0.262972 0.496862 0.018868 0.056485
0 0.307783 0.414226 0.028302 0.050209
0 0.507075 0.433054 0.011792 0.033473
0 0.355542 0.333682 0.029481 0.056485
0 0.240566 0.355649 0.030660 0.050209
0 0.769458 0.406904 0.036557 0.069038
0 0.403302 0.335774 0.009434 0.035565
0 0.429245 0.467573 0.040094 0.085774
0 0.229953 0.321130 0.018868 0.023013
0 0.089033 0.929916 0.060142 0.127615
0 0.756486 0.466527 0.010613 0.033473
0 0.547170 0.362971 0.009434 0.023013
0 0.830189 0.481172 0.018868 0.041841
1 0.346108 0.669456 0.020047 0.121339
1 0.007075 0.458159 0.014151 0.054393
1 0.811910 0.565900 0.024764 0.110879
1 0.856722 0.609833 0.027123 0.081590
1 0.827241 0.466527 0.012972 0.050209
1 0.757075 0.451883 0.011792 0.029289
1 0.093750 0.897490 0.041274 0.121339
1 0.501769 0.301255 0.005896 0.020921
1 0.853184 0.537657 0.024764 0.046025
1 0.729953 0.553347 0.023585 0.077406
1 0.080189 0.914226 0.049528 0.121339
1 0.850825 0.460251 0.012972 0.046025
1 0.806604 0.517782 0.014151 0.035565
1 0.984670 0.501046 0.018868 0.069038
1 0.506486 0.411088 0.012972 0.031381
1 0.546580 0.354603 0.008255 0.031381
1 0.735849 0.512552 0.014151 0.054393
1 0.262382 0.482218 0.017689 0.052301
1 0.147995 0.945607 0.064858 0.096234
1 0.825472 0.539749 0.016509 0.071130
3 0.480542 0.391213 0.097877 0.246862
3 0.298349 0.434100 0.228774 0.361925
3 0.752358 0.655858 0.492925 0.667364
3 0.538325 0.392259 0.147406 0.248954
3 0.876769 0.642259 0.244104 0.334728
3 0.201061 0.628661 0.402123 0.725941
3 0.499410 0.630753 0.998821 0.717573
3 0.579009 0.388075 0.216981 0.257322
4 0.514151 0.518828 0.212264 0.008368
4 0.516509 0.468619 0.007075 0.020921
4 0.833137 0.949791 0.045991 0.083682
4 0.318986 0.456067 0.008255 0.012552
4 0.089623 0.574268 0.035377 0.035565
4 0.715212 0.721757 0.024764 0.041841
4 0.652712 0.596234 0.015330 0.025105
4 0.060142 0.694561 0.030660 0.037657
4 0.248821 0.482218 0.143868 0.140167
4 0.461085 0.469665 0.004717 0.023013
4 0.224057 0.558577 0.016509 0.020921
4 0.304245 0.488494 0.007075 0.010460
4 0.284788 0.528243 0.008255 0.014644
4 0.431014 0.430962 0.057783 0.175732
4 0.757665 0.801255 0.022406 0.037657
4 0.459906 0.444561 0.004717 0.014644
4 0.679835 0.649582 0.017689 0.031381
4 0.462854 0.503138 0.005896 0.027197
4 0.524764 0.502092 0.011792 0.033473
4 0.660377 0.517782 0.042453 0.006276
4 0.542453 0.394351 0.141509 0.248954
5 0.455778 0.552301 0.498821 0.058577
7 0.449292 0.556485 0.471698 0.050209
