0 0.507075 0.247908 0.007075 0.031381
0 0.461085 0.283473 0.021226 0.031381
0 0.963443 0.583682 0.054245 0.071130
0 0.027123 0.441423 0.054245 0.071130
0 0.912146 0.535565 0.031840 0.062762
0 0.896226 0.513598 0.016509 0.052301
0 0.329599 0.248954 0.017689 0.025105
0 0.094340 0.368201 0.018868 0.025105
0 0.331958 0.535565 0.020047 0.050209
0 0.439269 0.606695 0.071934 0.079498
0 0.651533 0.551255 0.020047 0.069038
0 0.060142 0.562762 0.068396 0.058577
0 0.475825 0.241632 0.017689 0.043933
0 0.370873 0.416318 0.012972 0.041841
0 0.520047 0.160042 0.009434 0.014644
0 0.134434 0.374477 0.014151 0.033473
0 0.316038 0.439331 0.082547 0.129707
0 0.909788 0.430962 0.017689 0.033473
0 0.449292 0.256276 0.028302 0.064854
0 0.406840 0.408996 0.014151 0.031381
0 0.047759 0.474895 0.069575 0.092050
0 0.941038 0.461297 0.016509 0.039749
0 0.522995 0.395397 0.038915 0.087866
0 0.097877 0.539749 0.023585 0.062762
0 0.511792 0.188285 0.011792 0.025105
0 0.685731 0.347280 0.012972 0.033473
0 0.962264 0.510460 0.028302 0.050209
1 0.442217 0.589958 0.021226 0.117155
1 0.964033 0.541841 0.029481 0.083682
1 0.405660 0.382845 0.016509 0.041841
1 0.916863 0.501046 0.027123 0.119247
1 0.047170 0.532427 0.028302 0.073222
1 0.334316 0.494770 0.020047 0.077406
1 0.483491 0.271967 0.007075 0.029289
1 0.135613 0.348326 0.014151 0.027197
1 0.962264 0.396444 0.014151 0.048117
1 0.135024 0.357741 0.015330 0.041841
1 0.030071 0.387029 0.020047 0.033473
1 0.076651 0.510460 0.023585 0.054393
1 0.837264 0.457113 0.016509 0.073222
1 0.962264 0.492678 0.025943 0.077406
1 0.060142 0.487448 0.018868 0.041841
1 0.651533 0.515690 0.024764 0.077406
1 0.606132 0.246862 0.004717 0.016736
1 0.685731 0.332636 0.012972 0.037657
1 0.941038 0.434100 0.018868 0.064854
1 0.372052 0.391213 0.015330 0.050209
1 0.962264 0.476987 0.025943 0.046025
3 0.638561 0.313808 0.147406 0.271967
3 0.588443 0.322176 0.070755 0.246862
3 0.584906 0.322176 0.070755 0.246862
3 0.875590 0.744770 0.246462 0.485356
3 0.790094 0.599372 0.417453 0.776151
3 0.926887 0.550209 0.143868 0.297071
3 0.477594 0.728033 0.955189 0.523013
3 0.256486 0.416318 0.512972 0.564854
3 0.251769 0.494770 0.503538 0.621339
3 0.528302 0.358787 0.063679 0.169456
3 0.678066 0.323222 0.216981 0.253138
3 0.482901 0.618201 0.965802 0.742678
3 0.585495 0.284519 0.074292 0.322176
4 0.607311 0.448745 0.219340 0.014644
4 0.604363 0.371339 0.008255 0.018828
4 0.776533 0.584728 0.017689 0.031381
4 0.610849 0.398536 0.007075 0.023013
4 0.945755 0.921548 0.073113 0.144351
4 0.555425 0.397490 0.004717 0.025105
4 0.812500 0.656904 0.023585 0.041841
4 0.380896 0.451883 0.009434 0.016736
4 0.596698 0.342050 0.004717 0.010460
4 0.024764 0.786611 0.049528 0.071130
4 0.170401 0.605649 0.027123 0.031381
4 0.554245 0.358787 0.004717 0.014644
4 0.441627 0.290795 0.180425 0.192469
4 0.198113 0.490586 0.033019 0.035565
4 0.642099 0.324268 0.135613 0.251046
4 0.619693 0.432008 0.010613 0.031381
4 0.554245 0.375523 0.004717 0.014644
4 0.557193 0.432008 0.005896 0.027197
4 0.601415 0.360879 0.004717 0.010460
4 0.749410 0.530335 0.015330 0.027197
4 0.109080 0.680962 0.038915 0.048117
5 0.607311 0.448745 0.219340 0.014644
5 0.604363 0.371339 0.008255 0.018828
5 0.776533 0.584728 0.017689 0.031381
5 0.610849 0.398536 0.007075 0.023013
5 0.945755 0.921548 0.073113 0.144351
5 0.555425 0.397490 0.004717 0.025105
5 0.812500 0.656904 0.023585 0.041841
5 0.380896 0.451883 0.009434 0.016736
5 0.596698 0.342050 0.004717 0.010460
5 0.024764 0.786611 0.049528 0.071130
5 0.170401 0.605649 0.027123 0.031381
5 0.554245 0.358787 0.004717 0.014644
5 0.441627 0.290795 0.180425 0.192469
5 0.198113 0.490586 0.033019 0.035565
5 0.642099 0.324268 0.135613 0.251046
5 0.619693 0.432008 0.010613 0.031381
5 0.554245 0.375523 0.004717 0.014644
5 0.557193 0.432008 0.005896 0.027197
5 0.601415 0.360879 0.004717 0.010460
5 0.749410 0.530335 0.015330 0.027197
5 0.109080 0.680962 0.038915 0.048117
7 0.587264 0.481172 0.476415 0.041841
