0 0.237618 0.974895 0.064858 0.037657
0 0.766509 0.192469 0.066038 0.104603
0 0.385024 0.745816 0.123821 0.374477
0 0.057193 0.180962 0.090802 0.077406
0 0.488797 0.062762 0.017689 0.029289
0 0.465802 0.217573 0.016509 0.050209
0 0.397406 0.328452 0.023585 0.071130
0 0.369104 0.940377 0.195755 0.106695
0 0.264151 0.500000 0.028302 0.100418
0 0.232901 0.047071 0.024764 0.027197
0 0.702241 0.662134 0.267689 0.654812
0 0.919222 0.353556 0.081368 0.096234
0 0.369104 0.553347 0.049528 0.119247
0 0.449882 0.293933 0.020047 0.048117
0 0.146226 0.766736 0.075472 0.198745
0 0.420401 0.133891 0.034198 0.062762
0 0.294811 0.565900 0.037736 0.106695
0 0.485259 0.094142 0.020047 0.041841
0 0.476415 0.035565 0.018868 0.025105
0 0.197524 0.133891 0.038915 0.041841
0 0.627948 0.254184 0.109670 0.173640
0 0.493514 0.034519 0.017689 0.027197
0 0.165684 0.145397 0.041274 0.031381
0 0.312500 0.406904 0.030660 0.077406
0 0.507075 0.118201 0.009434 0.031381
0 0.500590 0.270921 0.062500 0.152720
0 0.071344 0.917364 0.142689 0.152720
0 0.523585 0.151674 0.014151 0.039749
0 0.991745 0.273013 0.014151 0.110879
0 0.469340 0.133891 0.028302 0.054393
0 0.464623 0.050209 0.018868 0.029289
0 0.504127 0.029289 0.020047 0.037657
0 0.439858 0.402720 0.082547 0.169456
0 0.550708 0.243724 0.016509 0.048117
0 0.494104 0.054393 0.018868 0.029289
0 0.547170 0.176778 0.011792 0.031381
0 0.833726 0.217573 0.021226 0.037657
0 0.353774 0.418410 0.018868 0.092050
1 0.836085 0.187238 0.018868 0.048117
1 0.376179 0.406904 0.028302 0.073222
1 0.266509 0.433054 0.028302 0.054393
1 0.507665 0.076360 0.010613 0.027197
1 0.834906 0.175732 0.014151 0.029289
1 0.543042 0.082636 0.008255 0.023013
1 0.712854 0.259414 0.012972 0.066946
1 0.695165 0.252092 0.012972 0.060669
1 0.901533 0.265690 0.010613 0.075314
1 0.139151 0.721757 0.061321 0.171548
1 0.367335 0.311715 0.012972 0.041841
1 0.402123 0.289749 0.018868 0.069038
1 0.488797 0.155858 0.010613 0.027197
1 0.372642 0.357741 0.016509 0.050209
1 0.357311 0.322176 0.014151 0.046025
1 0.294811 0.503138 0.040094 0.102510
1 0.307783 0.500000 0.025943 0.112971
1 0.506486 0.110879 0.010613 0.037657
1 0.433373 0.210251 0.017689 0.035565
1 0.363797 0.532427 0.036557 0.077406
1 0.377358 0.467573 0.035377 0.064854
1 0.316038 0.362971 0.025943 0.085774
1 0.550708 0.219665 0.018868 0.058577
1 0.419811 0.512552 0.037736 0.121339
1 0.455189 0.091004 0.009434 0.027197
1 0.373821 0.497908 0.044811 0.129707
1 0.451651 0.252092 0.014151 0.039749
1 0.521816 0.089958 0.010613 0.029289
1 0.537146 0.961297 0.048349 0.064854
1 0.712854 0.209205 0.015330 0.037657
1 0.547170 0.163180 0.014151 0.046025
1 0.366745 0.359833 0.028302 0.050209
1 0.245873 0.913180 0.067217 0.131799
3 0.838443 0.332636 0.320755 0.476987
3 0.116745 0.292887 0.233491 0.301255
3 0.484080 0.528243 0.798349 0.922594
3 0.353774 0.531381 0.535377 0.916318
4 0.251179 0.508368 0.301887 0.690377
4 0.116745 0.350418 0.023585 0.027197
5 0.056604 0.334728 0.025943 0.025105
5 0.269458 0.468619 0.338443 0.769874
5 0.116745 0.350418 0.023585 0.027197
5 0.579599 0.907950 0.022406 0.163180
5 0.466392 0.738494 0.017689 0.146444
