0 0.550708 0.342050 0.047170 0.085774
0 0.317807 0.362971 0.015330 0.039749
0 0.616156 0.229079 0.036557 0.039749
0 0.317807 0.305439 0.064858 0.108787
0 0.570755 0.274059 0.011792 0.050209
0 0.945755 0.326360 0.075472 0.092050
0 0.449882 0.193515 0.010613 0.018828
0 0.946934 0.435146 0.103774 0.117155
0 0.039505 0.552301 0.034198 0.062762
0 0.417453 0.237448 0.025943 0.031381
0 0.542453 0.290795 0.035377 0.033473
0 0.592571 0.285565 0.034198 0.089958
0 0.544222 0.200837 0.017689 0.037657
0 0.766509 0.558577 0.030660 0.100418
0 0.520047 0.234310 0.023585 0.033473
0 0.453420 0.230126 0.020047 0.029289
0 0.965212 0.710251 0.067217 0.311715
0 0.857901 0.601464 0.053066 0.115063
0 0.587264 0.628661 0.113208 0.341004
0 0.663325 0.484310 0.069575 0.127615
0 0.028892 0.566946 0.031840 0.071130
0 0.466981 0.217573 0.014151 0.025105
0 0.534198 0.171548 0.014151 0.033473
0 0.879127 0.904812 0.199292 0.177824
0 0.531250 0.267782 0.024764 0.046025
0 0.596698 0.177824 0.016509 0.020921
0 0.372642 0.284519 0.021226 0.041841
0 0.577241 0.240586 0.022406 0.029289
0 0.366156 0.336820 0.029481 0.058577
0 0.560731 0.236402 0.017689 0.029289
0 0.014151 0.400628 0.028302 0.039749
0 0.959906 0.904812 0.070755 0.173640
0 0.563679 0.187238 0.016509 0.027197
0 0.696344 0.329498 0.095519 0.173640
0 0.886792 0.333682 0.051887 0.060669
0 0.007665 0.609833 0.015330 0.064854
0 0.525354 0.210251 0.022406 0.031381
0 0.857901 0.713389 0.050708 0.138075
0 0.637382 0.408996 0.053066 0.106695
0 0.076061 0.532427 0.029481 0.056485
0 0.729363 0.500000 0.022406 0.066946
0 0.524175 0.243724 0.022406 0.035565
0 0.555425 0.423640 0.061321 0.085774
0 0.287146 0.234310 0.017689 0.025105
0 0.737028 0.661088 0.122642 0.200837
0 0.559552 0.216527 0.022406 0.031381
0 0.632075 0.264644 0.035377 0.069038
0 0.609080 0.326360 0.038915 0.066946
0 0.413325 0.255230 0.027123 0.029289
0 0.178656 0.626569 0.038915 0.110879
0 0.879717 0.438285 0.047170 0.077406
0 0.382075 0.380753 0.011792 0.037657
1 0.953420 0.824268 0.053066 0.146444
1 0.862028 0.549163 0.037736 0.089958
1 0.006486 0.490586 0.012972 0.035565
1 0.058373 0.518828 0.020047 0.092050
1 0.441038 0.242678 0.009434 0.025105
1 0.863797 0.300209 0.010613 0.043933
1 0.695165 0.907950 0.031840 0.104603
1 0.380307 0.356695 0.010613 0.056485
1 0.174528 0.597280 0.042453 0.094142
1 0.727005 0.458159 0.027123 0.087866
1 0.033019 0.505230 0.023585 0.039749
1 0.928656 0.377615 0.024764 0.048117
1 0.851415 0.666318 0.047170 0.144351
1 0.711085 0.923640 0.063679 0.135983
1 0.762972 0.515690 0.033019 0.094142
1 0.885613 0.412134 0.018868 0.079498
1 0.315448 0.343096 0.020047 0.037657
3 0.788325 0.369247 0.420991 0.416318
3 0.502948 0.239540 0.079009 0.336820
3 0.867335 0.362971 0.100236 0.119247
3 0.789505 0.645397 0.409198 0.684100
3 0.228184 0.620293 0.456368 0.738494
3 0.471108 0.646444 0.942217 0.686192
4 0.277712 0.417364 0.067217 0.089958
4 0.137972 0.608787 0.028302 0.037657
4 0.010024 0.789749 0.020047 0.031381
4 0.483491 0.323222 0.042453 0.169456
4 0.077830 0.693515 0.037736 0.052301
4 0.582547 0.370293 0.018868 0.058577
5 0.521226 0.356695 0.004717 0.023013
5 0.907429 0.791841 0.036557 0.064854
5 0.347288 0.429916 0.008255 0.014644
5 0.010024 0.789749 0.020047 0.031381
5 0.366156 0.388075 0.008255 0.014644
5 0.277712 0.417364 0.067217 0.089958
5 0.290094 0.464435 0.014151 0.025105
5 0.137972 0.608787 0.028302 0.037657
5 0.638561 0.329498 0.027123 0.048117
5 0.494693 0.406904 0.060142 0.010460
5 0.783608 0.408996 0.038915 0.031381
5 0.788915 0.584728 0.021226 0.031381
5 0.483491 0.322176 0.040094 0.171548
5 0.077830 0.693515 0.037736 0.052301
7 0.440448 0.453975 0.312500 0.066946
