0 0.507812 0.434722 0.047917 0.065741
0 0.719792 0.077778 0.019792 0.029630
0 0.496615 0.549074 0.071354 0.101852
0 0.105729 0.236111 0.058333 0.064815
0 0.550781 0.106944 0.022396 0.082407
0 0.766406 0.434722 0.052604 0.076852
0 0.585156 0.058796 0.019271 0.021296
0 0.004687 0.265741 0.009375 0.037037
0 0.810417 0.061111 0.025000 0.044444
0 0.743750 0.075926 0.023958 0.042593
0 0.742188 0.582870 0.073958 0.091667
0 0.556250 0.154630 0.026042 0.037037
0 0.807813 0.791667 0.123958 0.185185
0 0.118750 0.008796 0.046875 0.017593
0 0.771094 0.163889 0.025521 0.033333
0 0.888021 0.274074 0.029167 0.048148
0 0.521354 0.050000 0.018750 0.022222
0 0.752344 0.128241 0.022396 0.028704
0 0.032292 0.529167 0.035417 0.075000
0 0.491927 0.055556 0.023438 0.035185
0 0.343490 0.368981 0.067187 0.178704
0 0.519792 0.350463 0.048958 0.069444
0 0.779948 0.074537 0.019271 0.030556
0 0.665625 0.425926 0.046875 0.064815
0 0.007812 0.524074 0.015625 0.259259
0 0.513281 0.122222 0.022396 0.029630
0 0.484635 0.085185 0.018229 0.027778
0 0.897917 0.646296 0.080208 0.103704
0 0.411198 0.500926 0.058854 0.077778
0 0.856250 0.233796 0.027083 0.037963
0 0.434375 0.362037 0.047917 0.083333
0 0.611458 0.594907 0.076042 0.106481
0 0.303906 0.445370 0.090104 0.211111
0 0.516667 0.075926 0.018750 0.024074
0 0.374479 0.103704 0.023958 0.027778
0 0.553646 0.043981 0.022917 0.021296
0 0.519010 0.181019 0.023438 0.032407
0 0.793229 0.208796 0.029167 0.045370
0 0.720052 0.049537 0.021354 0.025000
0 0.381771 0.327315 0.017708 0.056481
0 0.595833 0.139815 0.022917 0.035185
0 0.654948 0.901389 0.133854 0.180556
0 0.652083 0.376389 0.046875 0.073148
0 0.554167 0.066667 0.021875 0.027778
0 0.478125 0.394444 0.042708 0.072222
0 0.393750 0.313426 0.028125 0.050926
0 0.105208 0.287963 0.067708 0.166667
0 0.772656 0.107870 0.026562 0.025000
0 0.855208 0.173148 0.027083 0.031481
0 0.883333 0.916204 0.132292 0.150926
0 0.770052 0.050926 0.021354 0.018519
0 0.600260 0.506019 0.059896 0.071296
0 0.613542 0.527778 0.078125 0.070370
0 0.516146 0.294444 0.045833 0.075926
0 0.504167 0.045370 0.013542 0.024074
0 0.078385 0.145370 0.047396 0.038889
0 0.681771 0.462500 0.076042 0.084259
0 0.584115 0.086111 0.021354 0.031481
0 0.548698 0.133796 0.022396 0.037963
0 0.790365 0.134259 0.022396 0.033333
0 0.620313 0.252778 0.029167 0.040741
0 0.626823 0.652778 0.082812 0.129630
0 0.522656 0.042593 0.020313 0.035185
0 0.576562 0.037500 0.016667 0.032407
0 0.466927 0.661111 0.085938 0.127778
0 0.983594 0.279630 0.031771 0.131481
3 0.456250 0.556481 0.197917 0.868519
3 0.807813 0.550463 0.383333 0.860185
3 0.324219 0.565741 0.334896 0.848148
3 0.119010 0.389815 0.238021 0.585185
3 0.237760 0.603704 0.475521 0.774074
3 0.855729 0.341204 0.287500 0.437963
3 0.899219 0.306481 0.200521 0.361111
3 0.693229 0.555093 0.268750 0.871296
4 0.814063 0.288426 0.370833 0.452778
4 0.793229 0.526852 0.392708 0.929630
4 0.200260 0.323148 0.099479 0.381481
4 0.814583 0.404630 0.369792 0.675926
5 0.289844 0.263889 0.069271 0.027778
5 0.793750 0.528704 0.391667 0.925926
5 0.179427 0.322685 0.057813 0.380556
5 0.133073 0.726852 0.266146 0.407407
5 0.757292 0.976852 0.011458 0.020370
5 0.813542 0.401389 0.371875 0.682407
5 0.385156 0.256481 0.107813 0.035185
5 0.452865 0.196296 0.029687 0.155556
5 0.854167 0.316204 0.290625 0.397222
