0 0.839583 0.495052 0.017130 0.016667
0 0.362269 0.541016 0.025463 0.026302
0 0.644907 0.460026 0.025000 0.014323
0 0.446528 0.452474 0.014352 0.011719
0 0.695602 0.541016 0.125463 0.085156
0 0.527546 0.485677 0.034722 0.019271
0 0.890509 0.559766 0.029167 0.019010
0 0.774074 0.501693 0.020370 0.015365
0 0.604398 0.554297 0.021759 0.023698
0 0.308565 0.554297 0.020833 0.024740
0 0.452083 0.492708 0.051389 0.039583
0 0.465509 0.452474 0.008796 0.009115
0 0.377546 0.524089 0.018981 0.021094
0 0.596065 0.483724 0.016204 0.016406
0 0.600000 0.515625 0.025000 0.019792
0 0.443519 0.467187 0.024074 0.013542
0 0.888426 0.553776 0.033333 0.030990
0 0.363194 0.592057 0.031944 0.034115
0 0.537500 0.490625 0.054630 0.017708
0 0.834491 0.527214 0.027315 0.025260
0 0.515972 0.629818 0.205093 0.188802
0 0.464583 0.518620 0.080093 0.066927
0 0.425000 0.473958 0.025000 0.017188
0 0.589815 0.463542 0.028704 0.014583
0 0.411111 0.483984 0.013889 0.016406
0 0.328472 0.569922 0.029167 0.026823
0 0.620833 0.485286 0.040741 0.020573
0 0.380556 0.504948 0.052778 0.028125
0 0.266898 0.620182 0.120833 0.069531
0 0.068056 0.943229 0.136111 0.113021
0 0.562037 0.479297 0.011111 0.013281
0 0.800694 0.510938 0.016204 0.014583
0 0.470370 0.462630 0.023148 0.015885
0 0.673611 0.595313 0.137963 0.097917
0 0.512731 0.524089 0.096759 0.051823
0 0.620139 0.470313 0.026389 0.014063
0 0.519444 0.465755 0.027778 0.013802
0 0.615278 0.536458 0.026852 0.024479
0 0.561343 0.469401 0.033796 0.015365
0 0.208796 0.781901 0.075926 0.079948
0 0.649074 0.475521 0.034259 0.021354
0 0.488194 0.448828 0.007870 0.009635
0 0.575000 0.450130 0.025926 0.012760
0 0.286343 0.934375 0.106019 0.126042
0 0.857176 0.518229 0.018981 0.019792
0 0.480556 0.438411 0.006481 0.007552
1 0.899074 0.508594 0.017593 0.029687
1 0.766204 0.472656 0.008333 0.015625
1 0.977315 0.535677 0.015741 0.030208
1 0.908796 0.705078 0.043519 0.084115
1 0.665278 0.492057 0.011111 0.013802
1 0.746991 0.515755 0.017130 0.021615
1 0.890278 0.601302 0.027778 0.034375
1 0.989583 0.537891 0.019907 0.032552
1 0.817130 0.480729 0.010185 0.020833
1 0.772685 0.543880 0.022222 0.038281
1 0.883333 0.509635 0.014815 0.026562
1 0.800000 0.543359 0.023148 0.037760
1 0.915972 0.512630 0.015278 0.031510
1 0.856481 0.598177 0.027778 0.045833
1 0.754167 0.501042 0.012963 0.020313
1 0.717130 0.501042 0.014815 0.016667
1 0.783333 0.475651 0.011111 0.014323
1 0.820833 0.600781 0.031481 0.051562
1 0.280324 0.826562 0.084722 0.047396
3 0.314815 0.717708 0.629630 0.564063
3 0.775694 0.740234 0.447685 0.514323
3 0.499769 0.715495 0.999537 0.568490
4 0.395370 0.630599 0.012963 0.015365
4 0.415046 0.584635 0.010648 0.010937
4 0.732639 0.879167 0.134722 0.241146
4 0.102083 0.716276 0.204167 0.164323
4 0.418981 0.555859 0.009259 0.006510
4 0.345602 0.707552 0.023611 0.028646
4 0.405324 0.584505 0.010648 0.010677
4 0.850926 0.804297 0.035185 0.030990
4 0.612037 0.863021 0.090741 0.273438
4 0.364583 0.708594 0.020833 0.027604
4 0.672454 0.865625 0.094907 0.248958
4 0.384491 0.629297 0.014352 0.015365
5 0.395370 0.630469 0.012963 0.015104
5 0.415278 0.584635 0.010185 0.010937
5 0.733102 0.880469 0.132870 0.238542
5 0.102083 0.716146 0.204167 0.164583
5 0.418981 0.555729 0.009259 0.006771
5 0.345602 0.707552 0.023611 0.028646
5 0.405324 0.584505 0.010648 0.010677
5 0.850926 0.804297 0.035185 0.030990
5 0.612037 0.863021 0.090741 0.273438
5 0.364583 0.708594 0.020833 0.027604
5 0.672454 0.866016 0.093981 0.247656
5 0.384491 0.629427 0.014352 0.015104
5 0.802315 0.700000 0.025000 0.027083
