0 0.473438 0.068750 0.012500 0.045833
0 0.480859 0.247222 0.017969 0.069444
0 0.239453 0.600000 0.025781 0.083333
0 0.474609 0.006944 0.010156 0.013889
0 0.573438 0.150000 0.050000 0.127778
0 0.507812 0.360417 0.018750 0.073611
1 0.864844 0.757639 0.040625 0.076389
1 0.702734 0.100000 0.016406 0.058333
1 0.684375 0.025000 0.010937 0.050000
1 0.834375 0.235417 0.007812 0.009722
3 0.431641 0.497917 0.625781 0.995833
3 0.572266 0.500000 0.344531 0.991667
4 0.545703 0.057639 0.003906 0.018056
4 0.416797 0.972917 0.011719 0.051389
4 0.483594 0.122222 0.004687 0.022222
4 0.421094 0.121528 0.006250 0.020833
4 0.387109 0.310417 0.010156 0.034722
4 0.680859 0.499306 0.152344 0.998611
4 0.406250 0.202778 0.007812 0.025000
4 0.269922 0.973611 0.016406 0.050000
4 0.488281 0.057639 0.004687 0.018056
4 0.468359 0.311806 0.007031 0.034722
4 0.492969 0.005556 0.004687 0.011111
4 0.360156 0.459722 0.012500 0.047222
4 0.547266 0.123611 0.005469 0.022222
4 0.553516 0.314583 0.005469 0.034722
4 0.432422 0.055556 0.005469 0.016667
4 0.563672 0.677083 0.008594 0.070833
4 0.571094 0.977083 0.009375 0.043056
4 0.441406 0.004861 0.004687 0.009722
4 0.439844 0.678472 0.010937 0.073611
4 0.456641 0.459722 0.008594 0.050000
4 0.557813 0.461111 0.006250 0.050000
4 0.336328 0.591667 0.044531 0.230556
4 0.544141 0.006250 0.003906 0.012500
5 0.456641 0.459722 0.008594 0.050000
5 0.545703 0.057639 0.003906 0.018056
5 0.416797 0.972917 0.011719 0.051389
5 0.483594 0.122222 0.004687 0.022222
5 0.773438 0.034028 0.031250 0.068056
5 0.421094 0.121528 0.006250 0.020833
5 0.406250 0.202778 0.007812 0.025000
5 0.387109 0.310417 0.010156 0.034722
5 0.468359 0.311806 0.007031 0.034722
5 0.680859 0.499306 0.152344 0.998611
5 0.269922 0.973611 0.016406 0.050000
5 0.488281 0.057639 0.004687 0.018056
5 0.492969 0.005556 0.004687 0.011111
5 0.360156 0.459722 0.012500 0.047222
5 0.547266 0.123611 0.005469 0.022222
5 0.553516 0.314583 0.005469 0.034722
5 0.432422 0.055556 0.005469 0.016667
5 0.563672 0.677778 0.008594 0.069444
5 0.571094 0.977083 0.009375 0.043056
5 0.441406 0.004861 0.004687 0.009722
5 0.439844 0.678472 0.010937 0.073611
5 0.557813 0.461111 0.006250 0.050000
5 0.336328 0.590972 0.044531 0.231944
5 0.544141 0.006250 0.003906 0.012500
