0 0.817824 0.495703 0.021759 0.016927
0 0.518056 0.494922 0.040741 0.021615
0 0.305093 0.599349 0.037963 0.044531
0 0.515509 0.472917 0.029167 0.016146
0 0.550694 0.472396 0.031944 0.015104
0 0.678241 0.540365 0.112963 0.076563
0 0.522454 0.482422 0.034722 0.018490
0 0.974074 0.691146 0.050926 0.027604
0 0.593750 0.561458 0.023611 0.029687
0 0.204861 0.626563 0.040278 0.034896
0 0.462037 0.477865 0.031481 0.017708
0 0.429398 0.459115 0.025463 0.013021
0 0.336806 0.528906 0.068981 0.044792
0 0.446296 0.490885 0.060185 0.028125
0 0.669676 0.607812 0.143056 0.104167
0 0.400231 0.484375 0.031944 0.018750
0 0.909028 0.545443 0.031019 0.020573
0 0.521528 0.666927 0.239352 0.218229
0 0.086111 0.901432 0.172222 0.196615
0 0.469213 0.472396 0.029167 0.019271
0 0.427083 0.474089 0.028241 0.017448
0 0.446528 0.523047 0.092130 0.067448
0 0.790741 0.515365 0.022222 0.020833
0 0.568981 0.458594 0.025000 0.014583
0 0.322454 0.564974 0.025463 0.029948
0 0.934491 0.684245 0.070833 0.045052
0 0.636574 0.462240 0.027778 0.012500
0 0.637269 0.478516 0.037500 0.019531
0 0.955556 0.512500 0.025000 0.013542
0 0.828241 0.536849 0.025000 0.016927
0 0.447685 0.465755 0.023148 0.013281
0 0.498148 0.534375 0.100000 0.059896
0 0.568750 0.498177 0.014352 0.018229
0 0.580093 0.467318 0.027778 0.016927
0 0.200231 0.692969 0.057870 0.061458
0 0.773843 0.489063 0.018981 0.014583
0 0.608565 0.488542 0.043056 0.019271
0 0.576157 0.580990 0.024537 0.030208
0 0.842593 0.511719 0.019444 0.021354
0 0.484491 0.457292 0.008796 0.011458
0 0.560880 0.451302 0.024537 0.010417
0 0.257639 0.774089 0.061574 0.081510
1 0.957639 0.540885 0.014352 0.028646
1 0.705556 0.503385 0.014815 0.016146
1 0.995139 0.523698 0.008796 0.019792
1 0.882176 0.685547 0.041204 0.063802
1 0.876620 0.605469 0.033796 0.033333
1 0.755787 0.513021 0.017130 0.025000
1 0.972685 0.541536 0.020370 0.029948
1 0.754630 0.564844 0.024074 0.042188
1 0.876620 0.519141 0.015278 0.029948
1 0.909028 0.625000 0.027315 0.029167
1 0.906481 0.518620 0.017593 0.023177
1 0.776620 0.537630 0.020833 0.035156
1 0.810185 0.613151 0.017593 0.034635
1 0.735417 0.519531 0.018056 0.022917
1 0.805787 0.604297 0.027315 0.051823
1 0.725000 0.590625 0.025000 0.026042
1 0.754398 0.533724 0.020833 0.022135
1 0.804861 0.594531 0.026389 0.032292
1 0.892361 0.519792 0.016204 0.032292
3 0.307176 0.726172 0.614352 0.547135
3 0.771065 0.741406 0.456944 0.516667
3 0.499769 0.718750 0.999537 0.561979
3 0.892593 0.571615 0.213889 0.175000
4 0.401852 0.587240 0.012037 0.011458
4 0.407639 0.557422 0.010648 0.009115
4 0.717130 0.883464 0.126852 0.232552
4 0.265741 0.580208 0.075000 0.055208
4 0.836343 0.808203 0.034722 0.032031
4 0.276620 0.880599 0.047685 0.072656
4 0.250463 0.876563 0.049074 0.068750
4 0.393287 0.587109 0.010648 0.011198
4 0.149537 0.671094 0.299074 0.231771
4 0.331713 0.710156 0.023611 0.028125
4 0.602083 0.888542 0.075463 0.222396
4 0.350231 0.711589 0.021759 0.027865
4 0.382176 0.633984 0.012500 0.014844
4 0.659259 0.871224 0.087963 0.246094
4 0.371065 0.632292 0.014352 0.015104
5 0.340509 0.710547 0.041204 0.029427
