0 0.085495 0.509414 0.050708 0.052301
0 0.530660 0.214435 0.011792 0.039749
0 0.956958 0.329498 0.076651 0.098326
0 0.739387 0.686192 0.120283 0.217573
0 0.558962 0.237448 0.021226 0.039749
0 0.953420 0.889121 0.083726 0.184100
0 0.942217 0.433054 0.113208 0.117155
0 0.034788 0.542887 0.027123 0.069038
0 0.058962 0.531381 0.044811 0.062762
0 0.543632 0.349372 0.054245 0.075314
0 0.596108 0.308577 0.041274 0.110879
0 0.543042 0.202929 0.012972 0.029289
0 0.606722 0.237448 0.015330 0.035565
0 0.425118 0.221757 0.022406 0.033473
0 0.420401 0.235356 0.022406 0.031381
0 0.506486 0.237448 0.020047 0.035565
0 0.525943 0.291841 0.028302 0.052301
0 0.538915 0.176778 0.016509 0.031381
0 0.363797 0.251046 0.034198 0.075314
0 0.909198 0.974895 0.155660 0.041841
0 0.727594 0.376569 0.127358 0.234310
0 0.356132 0.367155 0.014151 0.035565
0 0.569575 0.245816 0.035377 0.027197
0 0.566038 0.195607 0.018868 0.031381
0 0.019458 0.557531 0.038915 0.073222
0 0.030660 0.776151 0.061321 0.359833
0 0.915684 0.368201 0.031840 0.062762
0 0.617925 0.366109 0.047170 0.083682
0 0.568396 0.286611 0.014151 0.058577
0 0.520637 0.212343 0.027123 0.039749
0 0.855542 0.717573 0.050708 0.142259
0 0.678066 0.520921 0.077830 0.154812
0 0.520637 0.252092 0.024764 0.039749
0 0.459906 0.128661 0.009434 0.018828
0 0.573703 0.639121 0.104953 0.207113
0 0.558962 0.420502 0.068396 0.125523
0 0.280071 0.226987 0.020047 0.023013
0 0.674528 0.920502 0.186321 0.146444
0 0.557193 0.218619 0.022406 0.035565
0 0.642689 0.289749 0.040094 0.081590
0 0.626179 0.255230 0.035377 0.071130
0 0.878538 0.329498 0.051887 0.060669
0 0.519458 0.131799 0.008255 0.012552
0 0.870873 0.436192 0.045991 0.077406
1 0.827241 0.298117 0.010613 0.048117
3 0.505896 0.273013 0.099057 0.261506
3 0.191627 0.639121 0.383255 0.705021
3 0.496462 0.665272 0.992925 0.648536
3 0.904481 0.558577 0.188679 0.464435
3 0.602005 0.670502 0.685142 0.633891
4 0.905660 0.811715 0.186321 0.343096
4 0.297759 0.375523 0.123821 0.161088
4 0.475236 0.321130 0.037736 0.165272
5 0.461085 0.445607 0.375000 0.071130
7 0.460495 0.446653 0.373821 0.069038
