0 0.258255 0.970711 0.033019 0.041841
0 0.513561 0.058577 0.024764 0.054393
0 0.385613 0.756276 0.120283 0.378661
0 0.049528 0.193515 0.080189 0.085774
0 0.489976 0.110879 0.022406 0.046025
0 0.471108 0.064854 0.017689 0.033473
0 0.528892 0.079498 0.008255 0.029289
0 0.484670 0.161088 0.028302 0.058577
0 0.416274 0.356695 0.042453 0.106695
0 0.367335 0.944561 0.192217 0.098326
0 0.413325 0.219665 0.015330 0.041841
0 0.288915 0.541841 0.033019 0.112971
0 0.752948 0.719665 0.336085 0.548117
0 0.455778 0.078452 0.022406 0.035565
0 0.537736 0.270921 0.014151 0.048117
0 0.963443 0.412134 0.056604 0.058577
0 0.542453 0.547071 0.025943 0.102510
0 0.207547 0.763598 0.061321 0.154812
0 0.438679 0.175732 0.014151 0.037657
0 0.372642 0.501046 0.028302 0.098326
0 0.195755 0.144351 0.042453 0.041841
0 0.461085 0.193515 0.035377 0.064854
0 0.628538 0.298117 0.110849 0.240586
0 0.498231 0.031381 0.017689 0.029289
0 0.534198 0.138075 0.009434 0.025105
0 0.500590 0.280335 0.060142 0.154812
0 0.439858 0.119247 0.025943 0.050209
0 0.172170 0.163180 0.033019 0.037657
0 0.126769 0.964435 0.017689 0.062762
0 0.419222 0.553347 0.031840 0.043933
0 0.439858 0.414226 0.082547 0.171548
0 0.172759 0.072176 0.031840 0.027197
0 0.491156 0.071130 0.022406 0.029289
0 0.548939 0.355649 0.020047 0.066946
0 0.318396 0.710251 0.051887 0.148536
0 0.339033 0.322176 0.081368 0.138075
1 0.693986 0.264644 0.015330 0.069038
1 0.712264 0.268828 0.014151 0.069038
1 0.992925 0.341004 0.011792 0.104603
1 0.701061 0.402720 0.017689 0.081590
1 0.706958 0.259414 0.012972 0.075314
3 0.841981 0.344142 0.313679 0.470711
3 0.116745 0.303347 0.233491 0.305439
3 0.315448 0.534519 0.595519 0.910042
4 0.057193 0.343096 0.031840 0.029289
4 0.254717 0.501046 0.325472 0.759414
4 0.116745 0.360879 0.025943 0.027197
5 0.254717 0.502092 0.325472 0.753138
5 0.056604 0.343096 0.030660 0.029289
5 0.116156 0.360879 0.024764 0.027197
5 0.465802 0.748954 0.018868 0.146444
