0 0.509635 0.050000 0.009896 0.011111
0 0.566667 0.369907 0.044792 0.067593
0 0.613281 0.067130 0.018229 0.025000
0 0.455990 0.868056 0.160938 0.247222
0 0.574740 0.256019 0.033854 0.052778
0 0.890625 0.274537 0.021875 0.049074
0 0.588281 0.094444 0.023438 0.037037
0 0.090885 0.197685 0.049479 0.143519
0 0.564323 0.183333 0.024479 0.046296
0 0.547656 0.054630 0.019271 0.027778
0 0.900260 0.160648 0.030729 0.037963
0 0.720833 0.049074 0.011458 0.020370
0 0.568750 0.236574 0.032292 0.052778
0 0.894271 0.412500 0.056250 0.082407
0 0.767448 0.096296 0.020313 0.027778
0 0.472396 0.233333 0.026042 0.042593
0 0.498437 0.051389 0.014583 0.013889
0 0.065365 0.349074 0.046354 0.074074
0 0.470313 0.174074 0.032292 0.050000
0 0.081510 0.511574 0.043229 0.075000
0 0.435156 0.050000 0.008854 0.014815
0 0.396094 0.268519 0.092188 0.124074
0 0.588542 0.123611 0.021875 0.028704
0 0.529687 0.092593 0.019792 0.033333
0 0.628906 0.270370 0.030729 0.042593
0 0.565365 0.207407 0.024479 0.029630
0 0.262500 0.224074 0.020833 0.050000
0 0.028646 0.805556 0.057292 0.374074
0 0.520573 0.222222 0.025521 0.033333
0 0.914844 0.289815 0.038021 0.057407
0 0.333073 0.757870 0.096354 0.150926
0 0.513281 0.347685 0.040104 0.052778
0 0.421875 0.328704 0.045833 0.066667
0 0.553906 0.095370 0.021354 0.025926
0 0.518750 0.170370 0.023958 0.033333
0 0.578906 0.042593 0.017188 0.018519
0 0.768750 0.677315 0.085417 0.113889
0 0.839063 0.273611 0.030208 0.047222
0 0.807813 0.226852 0.027083 0.037037
0 0.639583 0.290741 0.033333 0.044444
0 0.516146 0.139352 0.026042 0.043519
0 0.971615 0.365278 0.042188 0.052778
0 0.611719 0.044907 0.016146 0.015741
0 0.516146 0.108333 0.019792 0.020370
0 0.032292 0.488426 0.064583 0.254630
0 0.835417 0.114352 0.032292 0.082407
0 0.863802 0.163889 0.033854 0.075926
0 0.749479 0.052315 0.020833 0.019444
0 0.698958 0.045370 0.006250 0.022222
0 0.897135 0.210185 0.048438 0.072222
0 0.853906 0.293519 0.032813 0.042593
0 0.462240 0.054167 0.016146 0.013889
0 0.503125 0.403704 0.052083 0.114815
0 0.119271 0.008333 0.045833 0.016667
0 0.586979 0.406481 0.053125 0.079630
0 0.583594 0.071759 0.021354 0.032407
0 0.650781 0.358333 0.044271 0.064815
0 0.844531 0.159259 0.013021 0.035185
0 0.612500 0.220370 0.030208 0.044444
0 0.545052 0.823611 0.082812 0.160185
0 0.419010 0.237500 0.053646 0.119444
0 0.530208 0.050463 0.013542 0.012037
0 0.204948 0.909259 0.155729 0.164815
0 0.984896 0.309722 0.029167 0.056481
0 0.480990 0.104167 0.022396 0.030556
0 0.520052 0.049074 0.015104 0.012963
1 0.482812 0.888426 0.033333 0.050926
3 0.856250 0.311574 0.286458 0.489815
3 0.269792 0.613889 0.425000 0.750000
3 0.806250 0.552315 0.381250 0.869444
3 0.119010 0.314352 0.238021 0.628704
3 0.261198 0.617593 0.404687 0.740741
3 0.526563 0.527315 0.936458 0.921296
3 0.754167 0.553241 0.369792 0.869444
4 0.798177 0.552315 0.379688 0.875000
4 0.193750 0.550926 0.276042 0.592593
5 0.821875 0.430093 0.355208 0.623148
5 0.798438 0.552315 0.379167 0.875000
5 0.365625 0.924537 0.010417 0.017593
5 0.201823 0.322222 0.096354 0.370370
5 0.193750 0.550926 0.276042 0.592593
5 0.757292 0.975463 0.011458 0.019444
5 0.351562 0.982407 0.011458 0.018519
