0 0.393359 0.542361 0.030469 0.168056
0 0.357031 0.459722 0.032813 0.091667
0 0.351953 0.465972 0.021094 0.079167
0 0.489453 0.584028 0.019531 0.087500
1 0.758984 0.065278 0.011719 0.052778
1 0.863672 0.595833 0.046094 0.105556
1 0.941016 0.970833 0.055469 0.055556
1 0.776172 0.065972 0.016406 0.031944
1 0.687109 0.027778 0.013281 0.055556
3 0.432422 0.497917 0.624219 0.995833
4 0.544922 0.006250 0.003906 0.012500
4 0.484375 0.122222 0.004687 0.022222
4 0.421484 0.120833 0.007031 0.019444
4 0.548438 0.122917 0.004687 0.020833
4 0.323047 0.672222 0.016406 0.069444
4 0.457422 0.459722 0.008594 0.050000
4 0.387500 0.310417 0.009375 0.034722
4 0.681641 0.499306 0.152344 0.998611
4 0.489453 0.056250 0.003906 0.018056
4 0.442188 0.004861 0.004687 0.009722
4 0.565625 0.715972 0.017188 0.554167
4 0.270313 0.972917 0.015625 0.051389
4 0.469141 0.311806 0.007031 0.034722
4 0.493359 0.004861 0.003906 0.009722
4 0.571875 0.976389 0.009375 0.044444
4 0.493359 0.004861 0.003906 0.009722
4 0.553906 0.313194 0.006250 0.034722
4 0.433203 0.054861 0.005469 0.015278
4 0.476562 0.202778 0.146875 0.025000
4 0.558203 0.460417 0.007031 0.051389
4 0.477734 0.204167 0.005469 0.027778
4 0.440234 0.677778 0.011719 0.075000
4 0.550391 0.205556 0.005469 0.027778
4 0.546484 0.057639 0.003906 0.018056
4 0.417187 0.972222 0.012500 0.052778
5 0.544922 0.006250 0.003906 0.012500
5 0.484375 0.122222 0.004687 0.022222
5 0.421484 0.120833 0.007031 0.019444
5 0.548438 0.122917 0.004687 0.020833
5 0.323047 0.672222 0.016406 0.069444
5 0.457422 0.459722 0.008594 0.050000
5 0.387500 0.310417 0.009375 0.034722
5 0.681641 0.499306 0.152344 0.998611
5 0.489453 0.056250 0.003906 0.018056
5 0.565625 0.716667 0.017188 0.555556
5 0.270313 0.972917 0.015625 0.051389
5 0.246484 0.490278 0.285156 0.980556
5 0.469141 0.311806 0.007031 0.034722
5 0.493359 0.004861 0.003906 0.009722
5 0.553906 0.313194 0.006250 0.034722
5 0.433203 0.054861 0.005469 0.015278
5 0.476562 0.202778 0.146875 0.025000
5 0.558203 0.460417 0.007031 0.051389
5 0.493359 0.004861 0.003906 0.009722
5 0.477734 0.204167 0.005469 0.027778
5 0.442188 0.004861 0.004687 0.009722
5 0.440234 0.677778 0.011719 0.075000
5 0.550391 0.205556 0.005469 0.027778
5 0.546484 0.057639 0.003906 0.018056
5 0.417187 0.972222 0.012500 0.052778
