0 0.775354 0.202929 0.060142 0.096234
0 0.344929 0.447699 0.027123 0.054393
0 0.553066 0.097280 0.042453 0.085774
0 0.390920 0.738494 0.123821 0.343096
0 0.489976 0.050209 0.012972 0.033473
0 0.057783 0.176778 0.082547 0.056485
0 0.498821 0.184100 0.033019 0.046025
0 0.409198 0.371339 0.018868 0.077406
0 0.374410 0.948745 0.192217 0.089958
0 0.764741 0.747908 0.329009 0.491632
0 0.505896 0.286611 0.063679 0.150628
0 0.477594 0.067992 0.018868 0.035565
0 0.436910 0.141213 0.034198 0.052301
0 0.657429 0.081590 0.057783 0.075314
0 0.172759 0.708159 0.213443 0.357741
0 0.497052 0.150628 0.029481 0.029289
0 0.449882 0.305439 0.024764 0.046025
0 0.205189 0.146444 0.037736 0.041841
0 0.461085 0.228033 0.042453 0.079498
0 0.632665 0.299163 0.114387 0.238494
0 0.515920 0.057531 0.024764 0.060669
0 0.175708 0.161088 0.047170 0.033473
0 0.380307 0.398536 0.022406 0.081590
0 0.462854 0.110879 0.024764 0.041841
0 0.462854 0.084728 0.017689 0.023013
0 0.508844 0.404812 0.034198 0.073222
0 0.537146 0.773013 0.045991 0.148536
0 0.445755 0.412134 0.082547 0.167364
0 0.525943 0.572176 0.035377 0.110879
0 0.494104 0.111925 0.030660 0.056485
0 0.557783 0.399582 0.025943 0.083682
0 0.244693 0.922594 0.076651 0.142259
0 0.398585 0.235356 0.054245 0.085774
0 0.983491 0.437238 0.021226 0.071130
0 0.341392 0.577406 0.048349 0.117155
1 0.701061 0.264644 0.012972 0.073222
1 0.699292 0.389121 0.018868 0.104603
1 0.719929 0.263598 0.015330 0.079498
1 0.557783 0.949791 0.035377 0.087866
3 0.120873 0.304393 0.241745 0.303347
3 0.375000 0.543933 0.698113 0.891213
4 0.066038 0.343096 0.030660 0.025105
4 0.248821 0.802301 0.087264 0.265690
4 0.125000 0.360879 0.023585 0.027197
4 0.333726 0.343096 0.162736 0.364017
4 0.233491 0.572176 0.365566 0.838912
5 0.823703 0.376569 0.241745 0.414226
5 0.066038 0.343096 0.028302 0.025105
5 0.249410 0.802301 0.086085 0.265690
5 0.073113 0.939331 0.044811 0.104603
5 0.232901 0.574268 0.362028 0.830544
5 0.263561 0.742678 0.055425 0.146444
5 0.125000 0.360879 0.023585 0.027197
5 0.472288 0.747908 0.017689 0.144351
5 0.333137 0.343096 0.161557 0.364017
