0 0.585495 0.316946 0.034198 0.069038
0 0.558962 0.232218 0.021226 0.041841
0 0.602005 0.188285 0.015330 0.020921
0 0.809552 0.501046 0.196934 0.345188
0 0.565448 0.260460 0.022406 0.039749
0 0.649764 0.271967 0.042453 0.058577
0 0.945755 0.439331 0.106132 0.117155
0 0.587264 0.283473 0.035377 0.060669
0 0.530071 0.343096 0.036557 0.071130
0 0.415684 0.252092 0.020047 0.027197
0 0.522995 0.144351 0.010613 0.029289
0 0.436321 0.205021 0.014151 0.016736
0 0.638561 0.450837 0.062500 0.115063
0 0.123821 0.573222 0.247642 0.414226
0 0.518868 0.228033 0.021226 0.041841
0 0.534198 0.226987 0.011792 0.039749
0 0.524175 0.282427 0.029481 0.046025
0 0.556604 0.189331 0.021226 0.039749
0 0.403892 0.232218 0.024764 0.058577
0 0.814269 0.830544 0.161557 0.305439
0 0.546580 0.214435 0.015330 0.035565
0 0.976415 0.498954 0.040094 0.077406
0 0.435731 0.224895 0.017689 0.027197
0 0.985849 0.538703 0.025943 0.085774
0 0.854953 0.357741 0.021226 0.041841
0 0.624410 0.264644 0.022406 0.048117
0 0.974646 0.339958 0.048349 0.102510
0 0.613797 0.360879 0.057783 0.140167
0 0.549528 0.447699 0.058962 0.104603
0 0.282429 0.243724 0.020047 0.039749
0 0.571344 0.239540 0.024764 0.031381
0 0.594929 0.591004 0.104953 0.219665
0 0.581958 0.213389 0.022406 0.037657
0 0.664505 0.331590 0.050708 0.102510
0 0.883844 0.335774 0.048349 0.060669
0 0.502358 0.256276 0.023585 0.039749
1 0.924528 0.316946 0.011792 0.052301
1 0.821934 0.307531 0.011792 0.046025
1 0.829599 0.307531 0.010613 0.046025
1 0.046580 0.406904 0.020047 0.039749
1 0.176887 0.345188 0.018868 0.046025
1 0.878538 0.401674 0.025943 0.050209
1 0.985849 0.443515 0.025943 0.058577
1 0.921580 0.377615 0.020047 0.048117
1 0.854363 0.339958 0.017689 0.052301
1 0.075472 0.375523 0.021226 0.064854
1 0.882075 0.291841 0.009434 0.023013
1 0.853184 0.326360 0.015330 0.029289
1 0.708137 0.361925 0.015330 0.037657
1 0.173939 0.987448 0.022406 0.016736
3 0.519458 0.283473 0.123821 0.257322
3 0.767689 0.573222 0.462264 0.832636
3 0.224646 0.623431 0.449292 0.736402
3 0.497052 0.656904 0.994104 0.665272
4 0.940448 0.870293 0.116745 0.213389
4 0.360259 0.390167 0.008255 0.014644
4 0.311910 0.370293 0.128538 0.163180
4 0.581958 0.383891 0.012972 0.031381
4 0.347877 0.303347 0.202830 0.301255
4 0.342571 0.430962 0.008255 0.016736
4 0.474057 0.345188 0.030660 0.129707
5 0.489976 0.441423 0.437500 0.092050
7 0.489387 0.446653 0.436321 0.081590
7 0.433373 0.453975 0.317217 0.066946
