0 0.828472 0.502734 0.022685 0.016927
0 0.519676 0.504818 0.042130 0.019010
0 0.419213 0.478646 0.030093 0.019792
0 0.640278 0.462240 0.030556 0.012500
0 0.518519 0.476562 0.030556 0.018229
0 0.552778 0.471875 0.028704 0.015104
0 0.460185 0.433724 0.010185 0.005990
0 0.680093 0.544141 0.115741 0.085156
0 0.529398 0.485156 0.031944 0.018229
0 0.637037 0.477604 0.035185 0.019271
0 0.847917 0.525391 0.020833 0.023177
0 0.605556 0.472917 0.035185 0.015625
0 0.324769 0.532031 0.021759 0.025000
0 0.437963 0.528385 0.104630 0.072396
0 0.390046 0.476172 0.014352 0.012240
0 0.685185 0.632812 0.153704 0.121875
0 0.973611 0.691016 0.051852 0.027344
0 0.548611 0.700911 0.275926 0.256510
0 0.590046 0.595833 0.033796 0.049479
0 0.466898 0.449349 0.006944 0.008594
0 0.469213 0.472526 0.027315 0.016406
0 0.566435 0.456901 0.029167 0.015365
0 0.391204 0.490104 0.040741 0.026042
0 0.364583 0.507943 0.058796 0.047656
0 0.934028 0.683724 0.071759 0.044010
0 0.434954 0.467448 0.024537 0.014063
0 0.272222 0.587240 0.108333 0.060937
0 0.170139 0.829036 0.093056 0.097656
0 0.553704 0.497396 0.019444 0.017708
0 0.789815 0.517708 0.021296 0.017188
0 0.518750 0.491797 0.034722 0.013802
0 0.498611 0.543359 0.104630 0.067448
0 0.581481 0.466146 0.028704 0.015625
0 0.588194 0.538672 0.023611 0.024219
0 0.226852 0.675911 0.050000 0.057031
0 0.609028 0.488281 0.043056 0.019271
0 0.441898 0.487630 0.054167 0.022135
1 0.903935 0.524479 0.018981 0.028646
1 0.735185 0.519531 0.016667 0.022396
1 0.853935 0.607682 0.030093 0.046094
1 0.974074 0.625911 0.030556 0.050260
1 0.918056 0.543750 0.014815 0.023958
1 0.807407 0.604167 0.028704 0.052083
1 0.865509 0.669010 0.038426 0.060417
1 0.805556 0.483984 0.010185 0.020573
1 0.918981 0.521875 0.012037 0.022396
1 0.738426 0.610547 0.019444 0.025260
1 0.884722 0.524870 0.018519 0.032552
1 0.771528 0.529036 0.019907 0.034635
1 0.995370 0.523307 0.008333 0.020052
1 0.749074 0.564974 0.025000 0.041406
1 0.750231 0.529036 0.019907 0.029427
1 0.804398 0.594010 0.022685 0.032292
1 0.202315 0.773307 0.031481 0.077344
1 0.866204 0.515104 0.016667 0.028125
1 0.811574 0.612630 0.020370 0.035677
3 0.873380 0.569922 0.252315 0.178906
3 0.306481 0.753385 0.612963 0.492708
3 0.779398 0.739453 0.440278 0.520573
3 0.498611 0.718620 0.997222 0.562240
4 0.403009 0.587370 0.009722 0.011198
4 0.382407 0.633203 0.012037 0.014844
4 0.720833 0.887109 0.119444 0.225260
4 0.276620 0.879427 0.047685 0.072396
4 0.250231 0.875781 0.048611 0.068229
4 0.393287 0.586719 0.010648 0.010937
4 0.304398 0.549219 0.023611 0.016667
4 0.331713 0.709635 0.023611 0.028125
4 0.835648 0.808203 0.034259 0.032031
4 0.108796 0.700911 0.217593 0.171615
4 0.674769 0.925130 0.056019 0.138281
4 0.608565 0.914193 0.061574 0.171094
4 0.350463 0.710807 0.021296 0.028385
4 0.371296 0.631641 0.014815 0.014844
5 0.403009 0.587370 0.009722 0.011198
5 0.382407 0.633203 0.012037 0.014844
5 0.720602 0.887240 0.118981 0.225000
5 0.276852 0.879557 0.047222 0.072135
5 0.835648 0.808203 0.034259 0.032031
5 0.250231 0.875781 0.048611 0.068229
5 0.393287 0.586589 0.010648 0.010677
5 0.304167 0.549349 0.023148 0.016406
5 0.331713 0.709635 0.023611 0.028125
5 0.108796 0.700911 0.217593 0.171615
5 0.674769 0.925651 0.056019 0.136719
5 0.608565 0.914323 0.061574 0.170833
5 0.350463 0.710677 0.021296 0.028125
5 0.371296 0.631641 0.014815 0.014844
5 0.787963 0.703125 0.025000 0.027083
5 0.362269 0.504557 0.016204 0.012760
