0 0.816667 0.111574 0.027083 0.036111
0 0.503906 0.330556 0.054688 0.059259
0 0.739062 0.098148 0.020833 0.037037
0 0.481771 0.581944 0.133333 0.350926
0 0.652083 0.164815 0.022917 0.035185
0 0.602083 0.042593 0.016667 0.020370
0 0.632031 0.274074 0.027604 0.055556
0 0.755208 0.076852 0.021875 0.029630
0 0.728906 0.559722 0.070312 0.100926
0 0.567187 0.303241 0.035417 0.056481
0 0.119271 0.008333 0.044792 0.016667
0 0.450260 0.325000 0.033854 0.046296
0 0.481250 0.087037 0.018750 0.025926
0 0.017448 0.280093 0.034896 0.069444
0 0.405729 0.286111 0.031250 0.048148
0 0.129948 0.367130 0.041146 0.062037
0 0.132812 0.315278 0.046875 0.075000
0 0.620313 0.238889 0.034375 0.051852
0 0.855990 0.294444 0.034896 0.051852
0 0.554167 0.170833 0.025000 0.032407
0 0.017188 0.562963 0.034375 0.107407
0 0.745052 0.609722 0.085938 0.119444
0 0.529167 0.047685 0.019792 0.013889
0 0.403646 0.254630 0.032292 0.038889
0 0.891406 0.326389 0.039062 0.050926
0 0.825260 0.082407 0.017188 0.022222
0 0.571094 0.339352 0.036979 0.052778
0 0.463021 0.056944 0.016667 0.017593
0 0.623437 0.558333 0.079167 0.122222
0 0.064323 0.525926 0.058854 0.074074
0 0.517188 0.093981 0.018750 0.021296
0 0.100521 0.450463 0.026042 0.063889
0 0.369531 0.226389 0.036979 0.047222
0 0.426302 0.388426 0.052604 0.095370
0 0.556250 0.055093 0.014583 0.025000
0 0.371615 0.261574 0.033854 0.049074
0 0.353646 0.362037 0.060417 0.081481
0 0.875521 0.244907 0.042708 0.071296
0 0.719531 0.074537 0.017188 0.034259
0 0.337500 0.247222 0.029167 0.040741
0 0.598958 0.160648 0.022917 0.017593
0 0.598958 0.180556 0.028125 0.040741
0 0.779948 0.129167 0.017188 0.030556
0 0.643490 0.293056 0.041146 0.073148
0 0.464844 0.283796 0.031771 0.056481
0 0.817187 0.818056 0.112500 0.139815
0 0.548958 0.048148 0.016667 0.022222
0 0.406510 0.493519 0.046354 0.085185
0 0.485677 0.403704 0.089063 0.090741
0 0.028385 0.010185 0.043229 0.020370
0 0.845573 0.107870 0.016146 0.026852
0 0.848698 0.935648 0.131771 0.113889
0 0.580729 0.278241 0.031250 0.050926
0 0.900521 0.230556 0.022917 0.037037
0 0.484896 0.048148 0.015625 0.014815
0 0.723437 0.160648 0.027083 0.041667
0 0.961719 0.240278 0.030729 0.047222
0 0.603125 0.475463 0.058333 0.082407
0 0.562760 0.216667 0.030729 0.048148
0 0.506250 0.048611 0.016667 0.015741
0 0.081250 0.159722 0.050000 0.065741
0 0.601302 0.609722 0.084896 0.132407
0 0.552083 0.065278 0.019792 0.025000
0 0.642708 0.343519 0.040625 0.048148
0 0.580469 0.044444 0.021354 0.018519
0 0.275521 0.546759 0.070833 0.102778
0 0.776302 0.182870 0.022396 0.037963
0 0.661198 0.273148 0.076563 0.053704
0 0.894531 0.173148 0.017188 0.035185
0 0.336979 0.644444 0.119792 0.238889
0 0.921354 0.301852 0.026042 0.044444
0 0.406510 0.240278 0.029687 0.047222
0 0.492448 0.062963 0.018229 0.014815
3 0.856510 0.339352 0.285938 0.441667
3 0.352865 0.556481 0.383854 0.866667
3 0.801042 0.520833 0.391667 0.921296
3 0.648438 0.524537 0.208333 0.932407
3 0.116406 0.344444 0.232813 0.688889
3 0.213542 0.624074 0.427083 0.733333
3 0.494531 0.528241 0.989062 0.923148
3 0.451823 0.555093 0.199479 0.873148
4 0.823177 0.315278 0.352604 0.395370
4 0.822917 0.431944 0.353125 0.621296
4 0.791927 0.524074 0.395313 0.933333
4 0.199740 0.323148 0.099479 0.377778
4 0.163021 0.591667 0.326042 0.675926
5 0.823177 0.314815 0.352604 0.396296
5 0.821615 0.430556 0.355729 0.624074
5 0.793750 0.530556 0.390625 0.920370
5 0.154167 0.986111 0.012500 0.012963
5 0.198958 0.322685 0.097917 0.378704
5 0.163021 0.591667 0.326042 0.675926
5 0.757292 0.975000 0.011458 0.020370
5 0.453125 0.194907 0.029167 0.156481
5 0.351042 0.982407 0.011458 0.018519
