0 0.451953 0.181944 0.013281 0.058333
0 0.495703 0.125694 0.016406 0.059722
0 0.437109 0.025000 0.011719 0.044444
0 0.406250 0.266667 0.014063 0.061111
0 0.449609 0.080556 0.011719 0.050000
0 0.407031 0.059722 0.010937 0.044444
0 0.524219 0.546528 0.090625 0.326389
0 0.571484 0.076389 0.013281 0.047222
1 0.687109 0.045139 0.014844 0.062500
1 0.838281 0.470833 0.031250 0.091667
3 0.433203 0.497917 0.624219 0.995833
4 0.418750 0.972917 0.012500 0.051389
4 0.485547 0.122917 0.005469 0.020833
4 0.549219 0.124306 0.004687 0.020833
4 0.325000 0.673611 0.017188 0.069444
4 0.433984 0.056944 0.005469 0.016667
4 0.457813 0.461111 0.009375 0.050000
4 0.682422 0.499306 0.153906 0.998611
4 0.489844 0.057639 0.004687 0.018056
4 0.422656 0.122917 0.006250 0.020833
4 0.271875 0.973611 0.015625 0.050000
4 0.244141 0.496528 0.292969 0.993056
4 0.494141 0.006250 0.003906 0.012500
4 0.362109 0.459722 0.013281 0.047222
4 0.545703 0.007639 0.003906 0.015278
4 0.547266 0.059028 0.003906 0.018056
4 0.551172 0.206250 0.005469 0.026389
4 0.388281 0.311806 0.009375 0.034722
4 0.478125 0.205556 0.006250 0.027778
4 0.565625 0.681250 0.009375 0.065278
4 0.469922 0.313194 0.007031 0.034722
4 0.448047 0.578472 0.024219 0.279167
4 0.573438 0.977083 0.009375 0.043056
4 0.555078 0.314583 0.005469 0.034722
5 0.418750 0.972917 0.012500 0.051389
5 0.485547 0.122917 0.005469 0.020833
5 0.549219 0.124306 0.004687 0.020833
5 0.433984 0.056944 0.005469 0.016667
5 0.457813 0.461111 0.009375 0.050000
5 0.682422 0.499306 0.153906 0.998611
5 0.489844 0.057639 0.004687 0.018056
5 0.427344 0.093056 0.015625 0.080556
5 0.271875 0.973611 0.015625 0.050000
5 0.248047 0.495833 0.285156 0.991667
5 0.494141 0.006250 0.003906 0.012500
5 0.362500 0.459722 0.012500 0.047222
5 0.545703 0.006944 0.003906 0.013889
5 0.325000 0.673611 0.017188 0.069444
5 0.547266 0.059028 0.003906 0.018056
5 0.551172 0.206250 0.005469 0.026389
5 0.388281 0.311806 0.009375 0.034722
5 0.478125 0.205556 0.006250 0.027778
5 0.565625 0.680556 0.009375 0.063889
5 0.469922 0.313194 0.007031 0.034722
5 0.448047 0.578472 0.024219 0.279167
5 0.573047 0.977083 0.008594 0.043056
5 0.555078 0.314583 0.005469 0.034722
