0 0.513194 0.507422 0.039352 0.024740
0 0.558102 0.578516 0.018981 0.028906
0 0.492824 0.561068 0.114352 0.073177
0 0.562037 0.518880 0.021296 0.021094
0 0.545602 0.479036 0.032870 0.016927
0 0.513426 0.486198 0.033333 0.018750
0 0.642593 0.469531 0.027778 0.011979
0 0.433565 0.466406 0.010648 0.012500
0 0.678935 0.554688 0.120833 0.088542
0 0.534722 0.497005 0.035185 0.021615
0 0.947222 0.691797 0.104630 0.042448
0 0.632639 0.485677 0.036574 0.019792
0 0.878935 0.550911 0.028241 0.027344
0 0.466435 0.502083 0.020833 0.026042
0 0.603241 0.478646 0.024074 0.014063
0 0.261343 0.591146 0.031019 0.029687
0 0.433333 0.498307 0.053704 0.022656
0 0.321759 0.566797 0.025000 0.029427
0 0.375000 0.686849 0.066667 0.057031
0 0.518519 0.517057 0.043519 0.020052
0 0.856250 0.532422 0.019907 0.020052
0 0.573611 0.550260 0.029630 0.031250
0 0.094676 0.802995 0.189352 0.189323
0 0.462500 0.455339 0.009259 0.023177
0 0.462963 0.479036 0.027778 0.013281
0 0.417361 0.473047 0.024537 0.012240
0 0.408102 0.489193 0.033796 0.020573
0 0.400231 0.551432 0.137500 0.084635
0 0.562500 0.566667 0.025926 0.036979
0 0.453009 0.484245 0.027315 0.012240
0 0.928241 0.691276 0.067593 0.042969
0 0.365278 0.511328 0.044444 0.024740
0 0.288657 0.562240 0.019907 0.021354
0 0.803241 0.520052 0.019444 0.021875
0 0.690046 0.657422 0.164352 0.139844
0 0.593750 0.627344 0.029167 0.041146
0 0.452315 0.442969 0.013889 0.007812
0 0.562731 0.466406 0.024537 0.015104
0 0.564583 0.741536 0.314352 0.298698
0 0.592824 0.536198 0.018981 0.021875
0 0.575926 0.473828 0.026852 0.016406
0 0.604398 0.494922 0.043981 0.020573
0 0.556713 0.457031 0.026389 0.010417
0 0.993981 0.560026 0.011111 0.023177
0 0.464583 0.449740 0.009722 0.020833
1 0.786111 0.491797 0.010185 0.018490
1 0.812963 0.528776 0.018519 0.028385
1 0.800694 0.490365 0.011574 0.021354
1 0.829861 0.561849 0.020833 0.035677
1 0.756481 0.530729 0.016667 0.029167
1 0.913194 0.541276 0.016204 0.029948
1 0.728241 0.524219 0.012963 0.019792
1 0.973843 0.655859 0.038426 0.057031
1 0.756944 0.575521 0.028704 0.041667
1 0.797685 0.603255 0.023148 0.036198
1 0.993056 0.524219 0.012963 0.033333
1 0.762037 0.486458 0.014815 0.019271
1 0.843519 0.661719 0.038889 0.057813
1 0.771991 0.530599 0.015278 0.028385
1 0.896296 0.539062 0.018519 0.033854
1 0.942593 0.543099 0.016667 0.036198
1 0.864583 0.636979 0.031019 0.048438
1 0.805324 0.618099 0.017130 0.037240
1 0.739583 0.528906 0.018056 0.026562
1 0.838426 0.536589 0.015741 0.026823
1 0.855787 0.580078 0.028241 0.073698
3 0.303241 0.724479 0.601852 0.550521
3 0.497917 0.722786 0.995833 0.553906
4 0.341667 0.724870 0.016667 0.015885
4 0.269444 0.888542 0.049074 0.073438
4 0.732407 0.929818 0.082407 0.139844
4 0.832870 0.816146 0.035185 0.032292
4 0.243287 0.885026 0.049537 0.069531
4 0.365046 0.638802 0.014352 0.015104
4 0.325926 0.717187 0.023148 0.028646
4 0.169213 0.653646 0.147685 0.108854
4 0.609259 0.945703 0.047222 0.108073
4 0.673843 0.943620 0.046759 0.112240
5 0.341667 0.725000 0.016667 0.015625
5 0.269444 0.888672 0.049074 0.073177
5 0.732407 0.930078 0.082407 0.139323
5 0.832870 0.816276 0.035185 0.032031
5 0.243287 0.885026 0.049537 0.069531
5 0.168981 0.654036 0.147222 0.108594
5 0.365046 0.638672 0.014352 0.014844
5 0.325926 0.717057 0.023148 0.028385
5 0.609491 0.945703 0.046759 0.108073
5 0.673843 0.943750 0.046759 0.111979
