0 0.215104 0.968981 0.131250 0.047222
0 0.861719 0.230093 0.032813 0.050926
0 0.493490 0.447222 0.051562 0.066667
0 0.272396 0.583796 0.066667 0.087963
0 0.786458 0.078704 0.019792 0.024074
0 0.410677 0.428704 0.065104 0.166667
0 0.832812 0.213426 0.027083 0.039815
0 0.599219 0.156481 0.026562 0.031481
0 0.095573 0.274537 0.039062 0.076852
0 0.554948 0.141204 0.025521 0.026852
0 0.583594 0.083333 0.024479 0.061111
0 0.605469 0.193519 0.024479 0.040741
0 0.715365 0.341667 0.041146 0.064815
0 0.977344 0.250000 0.027604 0.051852
0 0.569531 0.230093 0.025521 0.039815
0 0.383333 0.334259 0.037500 0.057407
0 0.844010 0.349074 0.041146 0.059259
0 0.119010 0.008333 0.045312 0.016667
0 0.357552 0.223611 0.033854 0.041667
0 0.006771 0.370833 0.013542 0.058333
0 0.410938 0.253241 0.034375 0.049074
0 0.089844 0.444907 0.047396 0.075000
0 0.387760 0.064815 0.019271 0.025926
0 0.406771 0.369444 0.044792 0.066667
0 0.485938 0.275463 0.076042 0.082407
0 0.555729 0.056944 0.019792 0.023148
0 0.834115 0.087963 0.030729 0.059259
0 0.019010 0.574537 0.038021 0.086111
0 0.395313 0.088426 0.017708 0.028704
0 0.094010 0.201389 0.039062 0.056481
0 0.967448 0.341667 0.040104 0.059259
0 0.914323 0.253704 0.031771 0.048148
0 0.490365 0.750463 0.095312 0.125000
0 0.578646 0.292130 0.033333 0.045370
0 0.062500 0.521296 0.057292 0.077778
0 0.487240 0.074537 0.019271 0.025000
0 0.516146 0.162500 0.023958 0.037963
0 0.279687 0.217593 0.051042 0.048148
0 0.819010 0.170833 0.024479 0.034259
0 0.515625 0.226852 0.027083 0.035185
0 0.810937 0.238426 0.029167 0.037963
0 0.606771 0.042593 0.021875 0.020370
0 0.554427 0.122685 0.029687 0.071296
0 0.346354 0.390741 0.044792 0.094444
0 0.587500 0.093981 0.026042 0.052778
0 0.620573 0.208333 0.028646 0.044444
0 0.475000 0.179167 0.027083 0.045370
0 0.371875 0.597222 0.075000 0.094444
0 0.717187 0.059259 0.016667 0.031481
0 0.551302 0.103704 0.027604 0.053704
0 0.344792 0.256019 0.030208 0.045370
0 0.991927 0.287963 0.015104 0.053704
0 0.825000 0.192593 0.016667 0.033333
0 0.008594 0.009722 0.017188 0.019444
0 0.917448 0.223148 0.019271 0.022222
0 0.990625 0.369444 0.017708 0.053704
0 0.579688 0.254630 0.037500 0.053704
0 0.571615 0.235185 0.028646 0.044444
0 0.593490 0.185648 0.020313 0.034259
0 0.516146 0.262963 0.030208 0.048148
0 0.675260 0.433796 0.050521 0.075000
0 0.430469 0.393981 0.041146 0.058333
0 0.738021 0.051852 0.019792 0.025926
0 0.083073 0.143981 0.038021 0.039815
0 0.560937 0.201389 0.023958 0.039815
0 0.596615 0.149074 0.024479 0.044444
0 0.587760 0.445370 0.055729 0.075926
0 0.555469 0.185185 0.025521 0.068519
0 0.758854 0.226852 0.028125 0.040741
0 0.385417 0.295833 0.033333 0.050926
0 0.491406 0.059722 0.017188 0.023148
0 0.263802 0.789815 0.104688 0.153704
0 0.837240 0.268519 0.029687 0.042593
0 0.525000 0.039352 0.023958 0.043519
3 0.244531 0.596759 0.489063 0.782407
3 0.801302 0.553241 0.396354 0.869444
3 0.652604 0.560185 0.212500 0.861111
3 0.119010 0.343981 0.238021 0.687963
3 0.235677 0.625463 0.471354 0.728704
3 0.855469 0.337963 0.288021 0.437037
3 0.497135 0.554167 0.994271 0.869444
3 0.747656 0.553704 0.376563 0.868519
3 0.445312 0.556019 0.216667 0.871296
4 0.814323 0.289815 0.370312 0.444444
4 0.793490 0.529167 0.390104 0.923148
4 0.664583 0.562037 0.167708 0.768519
4 0.203646 0.313889 0.092708 0.366667
4 0.822396 0.430093 0.354167 0.621296
4 0.164062 0.593519 0.328125 0.672222
5 0.816406 0.298148 0.366146 0.427778
5 0.793229 0.530093 0.389583 0.921296
5 0.203385 0.314352 0.092188 0.367593
5 0.164323 0.593056 0.328646 0.671296
5 0.814583 0.406019 0.369792 0.669444
