0 0.593160 0.247908 0.025943 0.043933
0 0.578420 0.276151 0.022406 0.041841
0 0.558373 0.259414 0.024764 0.041841
0 0.590802 0.317992 0.040094 0.079498
0 0.923939 0.767782 0.149764 0.451883
0 0.939269 0.461297 0.109670 0.115063
0 0.495283 0.293933 0.028302 0.048117
0 0.456368 0.173640 0.009434 0.020921
0 0.521226 0.175732 0.011792 0.029289
0 0.440448 0.228033 0.010613 0.029289
0 0.038915 0.394351 0.021226 0.031381
0 0.176887 0.724895 0.047170 0.144351
0 0.595519 0.382845 0.047170 0.075314
0 0.869104 0.464435 0.047170 0.071130
0 0.567807 0.667364 0.097877 0.196653
0 0.698113 0.644351 0.108491 0.192469
0 0.422170 0.231172 0.023585 0.043933
0 0.523585 0.347280 0.037736 0.066946
0 0.985259 0.367155 0.027123 0.106695
0 0.280660 0.416318 0.200472 0.234310
0 0.675708 0.936192 0.160377 0.119247
0 0.528302 0.255230 0.016509 0.046025
0 0.008844 0.584728 0.017689 0.069038
0 0.564269 0.221757 0.022406 0.046025
0 0.546580 0.235356 0.015330 0.039749
0 0.518868 0.268828 0.025943 0.064854
0 0.885024 0.535565 0.038915 0.041841
0 0.427476 0.250000 0.022406 0.035565
0 0.091981 0.573222 0.148585 0.188285
0 0.037146 0.829498 0.074292 0.173640
0 0.653892 0.327406 0.057783 0.089958
0 0.910377 0.401674 0.028302 0.050209
0 0.763561 0.535565 0.031840 0.083682
0 0.643278 0.475941 0.079009 0.198745
0 0.557783 0.298117 0.025943 0.048117
0 0.535967 0.445607 0.048349 0.100418
0 0.565448 0.232218 0.022406 0.025105
0 0.879127 0.361925 0.045991 0.058577
0 0.686321 0.403766 0.058962 0.129707
0 0.563679 0.211297 0.021226 0.025105
0 0.976415 0.508368 0.044811 0.062762
1 0.852005 0.321130 0.010613 0.052301
1 0.817217 0.330544 0.009434 0.046025
1 0.826651 0.328452 0.009434 0.046025
3 0.710495 0.587866 0.357311 0.803347
3 0.222877 0.455021 0.445755 0.566946
3 0.205189 0.620293 0.410377 0.738494
3 0.752948 0.316946 0.432783 0.265690
3 0.443986 0.594142 0.887972 0.790795
3 0.886792 0.399582 0.167453 0.096234
4 0.378538 0.475941 0.023585 0.035565
4 0.567217 0.373431 0.009434 0.023013
4 0.324882 0.483264 0.029481 0.037657
4 0.064858 0.709205 0.042453 0.058577
4 0.369104 0.306485 0.082547 0.094142
4 0.337264 0.448745 0.009434 0.014644
4 0.355542 0.408996 0.008255 0.010460
4 0.774764 0.604603 0.025943 0.041841
4 0.708137 0.488494 0.017689 0.023013
4 0.771226 0.434100 0.037736 0.031381
5 0.455778 0.468619 0.291274 0.066946
7 0.455778 0.468619 0.291274 0.066946
