0 0.508844 0.032427 0.036557 0.064854
0 0.159198 0.085774 0.042453 0.041841
0 0.475236 0.140167 0.033019 0.046025
0 0.469929 0.108787 0.031840 0.062762
0 0.383255 0.313808 0.016509 0.079498
0 0.630307 0.958159 0.079009 0.075314
0 0.505896 0.073222 0.009434 0.033473
0 0.056604 0.121339 0.113208 0.125523
0 0.421580 0.020921 0.022406 0.041841
0 0.483491 0.156904 0.049528 0.075314
0 0.170401 0.066946 0.038915 0.037657
0 0.521816 0.718619 0.041274 0.140167
0 0.125000 0.852510 0.077830 0.186192
0 0.417453 0.070084 0.025943 0.052301
0 0.425118 0.178870 0.050708 0.069038
0 0.471698 0.011506 0.023585 0.023013
0 0.288915 0.387029 0.108491 0.184100
0 0.608491 0.234310 0.113208 0.242678
0 0.349646 0.316946 0.024764 0.081590
0 0.527712 0.280335 0.020047 0.062762
0 0.410967 0.104603 0.034198 0.062762
0 0.363797 0.168410 0.060142 0.094142
0 0.566627 0.077406 0.062500 0.125523
0 0.511792 0.146444 0.014151 0.033473
0 0.979953 0.230126 0.037736 0.142259
0 0.542453 0.459205 0.035377 0.119247
0 0.387382 0.650628 0.034198 0.133891
0 0.418632 0.351464 0.082547 0.175732
0 0.478774 0.231172 0.061321 0.131799
0 0.466981 0.056485 0.033019 0.075314
0 0.524764 0.370293 0.025943 0.087866
0 0.247642 0.729079 0.068396 0.240586
0 0.500000 0.967573 0.063679 0.052301
0 0.706958 0.128661 0.142689 0.115063
0 0.452241 0.024059 0.020047 0.048117
0 0.334906 0.854603 0.158019 0.278243
1 0.675708 0.200837 0.016509 0.075314
1 0.673939 0.309623 0.015330 0.096234
1 0.614976 0.838912 0.055425 0.133891
1 0.693396 0.203975 0.014151 0.073222
3 0.103184 0.234310 0.206368 0.313808
3 0.427476 0.529289 0.854953 0.920502
4 0.087264 0.293933 0.023585 0.027197
4 0.027712 0.275105 0.024764 0.023013
4 0.340802 0.580544 0.018868 0.064854
4 0.193396 0.532427 0.386792 0.918410
5 0.413915 0.716527 0.165094 0.336820
