0 0.522656 0.009722 0.009375 0.019444
0 0.366406 0.663194 0.032813 0.168056
0 0.267188 0.818750 0.045312 0.176389
0 0.487500 0.042361 0.010937 0.048611
0 0.391406 0.101389 0.012500 0.052778
0 0.506641 0.114583 0.011719 0.051389
0 0.512500 0.030556 0.012500 0.044444
0 0.562109 0.018056 0.010156 0.036111
1 0.830078 0.054167 0.033594 0.086111
1 0.803125 0.386806 0.028125 0.098611
1 0.979297 0.979861 0.039844 0.037500
1 0.704297 0.087500 0.016406 0.075000
1 0.689844 0.026389 0.012500 0.052778
1 0.755859 0.102778 0.007031 0.050000
1 0.715625 0.090278 0.014063 0.063889
3 0.431250 0.499306 0.625000 0.998611
4 0.457813 0.461111 0.009375 0.050000
4 0.548828 0.124306 0.003906 0.020833
4 0.485156 0.122917 0.004687 0.020833
4 0.340625 0.573611 0.050000 0.269444
4 0.442969 0.005556 0.004687 0.011111
4 0.469922 0.313194 0.007031 0.034722
4 0.682422 0.499306 0.153906 0.998611
4 0.271094 0.973611 0.015625 0.050000
4 0.478516 0.206250 0.005469 0.026389
4 0.388281 0.311806 0.009375 0.034722
4 0.572656 0.977083 0.009375 0.043056
4 0.554688 0.316667 0.006250 0.038889
4 0.551172 0.206944 0.005469 0.027778
4 0.545703 0.007639 0.003906 0.015278
4 0.422266 0.122917 0.007031 0.020833
4 0.407813 0.204167 0.007812 0.025000
4 0.361719 0.459722 0.012500 0.047222
4 0.567187 0.804861 0.014063 0.323611
4 0.433984 0.056944 0.005469 0.016667
4 0.441016 0.680556 0.011719 0.075000
4 0.559375 0.461806 0.006250 0.051389
4 0.547266 0.059028 0.003906 0.018056
4 0.427344 0.502083 0.029687 0.993056
5 0.457813 0.461111 0.009375 0.050000
5 0.548828 0.124306 0.003906 0.020833
5 0.485156 0.122917 0.004687 0.020833
5 0.469922 0.313194 0.007031 0.034722
5 0.442969 0.005556 0.004687 0.011111
5 0.682422 0.499306 0.153906 0.998611
5 0.271094 0.973611 0.015625 0.050000
5 0.433984 0.056944 0.005469 0.016667
5 0.478516 0.206250 0.005469 0.026389
5 0.554688 0.316667 0.006250 0.038889
5 0.551172 0.206250 0.005469 0.026389
5 0.545312 0.007639 0.003125 0.015278
5 0.422266 0.122917 0.007031 0.020833
5 0.407813 0.204167 0.007812 0.025000
5 0.371094 0.401389 0.031250 0.163889
5 0.567578 0.809722 0.013281 0.333333
5 0.572656 0.977083 0.009375 0.043056
5 0.441016 0.679861 0.011719 0.073611
5 0.559375 0.461806 0.006250 0.051389
5 0.341016 0.573611 0.050781 0.269444
5 0.547266 0.059028 0.003906 0.018056
5 0.388281 0.311806 0.009375 0.034722
5 0.427344 0.502083 0.029687 0.993056
