0 0.624410 0.265690 0.034198 0.058577
0 0.601415 0.297071 0.028302 0.050209
0 0.014151 0.418410 0.028302 0.041841
0 0.563679 0.263598 0.014151 0.054393
0 0.556014 0.238494 0.027123 0.041841
0 0.908019 0.362971 0.054245 0.064854
0 0.946344 0.457113 0.104953 0.110879
0 0.500000 0.324268 0.035377 0.062762
0 0.007665 0.518828 0.015330 0.054393
0 0.450472 0.240586 0.016509 0.020921
0 0.449292 0.217573 0.021226 0.033473
0 0.576061 0.275105 0.029481 0.052301
0 0.533019 0.188285 0.014151 0.033473
0 0.759434 0.722803 0.165094 0.374477
0 0.951061 0.579498 0.095519 0.175732
0 0.324292 0.504184 0.023585 0.050209
0 0.880896 0.450837 0.049528 0.102510
0 0.565448 0.625523 0.081368 0.171548
0 0.626179 0.452929 0.061321 0.102510
0 0.534788 0.270921 0.027123 0.048117
0 0.043042 0.567992 0.024764 0.064854
0 0.247642 0.403766 0.077830 0.096234
0 0.228774 0.512552 0.110849 0.154812
0 0.688090 0.378661 0.062500 0.138075
0 0.586675 0.230126 0.027123 0.046025
0 0.563679 0.254184 0.016509 0.048117
0 0.077241 0.554393 0.024764 0.050209
0 0.607901 0.355649 0.045991 0.079498
0 0.912736 0.788703 0.063679 0.150628
0 0.375000 0.315900 0.162736 0.188285
0 0.025943 0.584728 0.040094 0.073222
0 0.557783 0.328452 0.030660 0.058577
0 0.006486 0.621339 0.012972 0.041841
0 0.135613 0.564854 0.028302 0.046025
0 0.527712 0.290795 0.029481 0.071130
0 0.435731 0.230126 0.012972 0.020921
0 0.535377 0.430962 0.051887 0.092050
0 0.735849 0.469665 0.082547 0.144351
0 0.084906 0.619247 0.021226 0.062762
0 0.078420 0.767782 0.156840 0.271967
1 0.324292 0.467573 0.023585 0.060669
1 0.012382 0.485356 0.024764 0.071130
1 0.037146 0.541841 0.031840 0.075314
1 0.914505 0.740586 0.050708 0.154812
1 0.014741 0.571130 0.020047 0.096234
1 0.159788 0.387029 0.015330 0.050209
1 0.989387 0.714435 0.018868 0.135983
1 0.133844 0.527197 0.031840 0.075314
1 0.889151 0.421548 0.023585 0.110879
1 0.056604 0.529289 0.021226 0.075314
1 0.068986 0.597280 0.031840 0.064854
3 0.909198 0.396444 0.179245 0.102510
3 0.771816 0.589958 0.454009 0.799163
3 0.231132 0.615063 0.462264 0.753138
3 0.497052 0.597280 0.994104 0.784519
3 0.635613 0.598326 0.707547 0.782427
4 0.136792 0.627615 0.028302 0.037657
4 0.586085 0.404812 0.011792 0.031381
4 0.484080 0.339958 0.048349 0.177824
5 0.542453 0.460251 0.514151 0.087866
5 0.440448 0.469665 0.307783 0.069038
7 0.442807 0.469665 0.303066 0.069038
