0 0.753538 0.176778 0.066038 0.106695
0 0.443396 0.284519 0.018868 0.054393
0 0.176887 0.100418 0.087264 0.100418
0 0.473467 0.115063 0.036557 0.083682
0 0.626769 0.310669 0.121462 0.274059
0 0.478184 0.162134 0.034198 0.064854
0 0.352005 0.288703 0.022406 0.058577
0 0.412146 0.106695 0.034198 0.041841
0 0.487028 0.189331 0.044811 0.064854
0 0.390920 0.436192 0.031840 0.102510
0 0.874410 0.284519 0.017689 0.058577
0 0.439269 0.137029 0.015330 0.039749
0 0.428066 0.230126 0.051887 0.092050
0 0.477594 0.042887 0.028302 0.035565
0 0.384434 0.203975 0.056604 0.081590
0 0.593750 0.735356 0.045991 0.152720
0 0.557193 0.191423 0.015330 0.039749
0 0.502948 0.120293 0.012972 0.035565
0 0.456368 0.085774 0.016509 0.050209
0 0.293632 0.390167 0.108491 0.182008
0 0.529481 0.260460 0.014151 0.052301
0 0.982311 0.275105 0.033019 0.140167
0 0.442807 0.051255 0.008255 0.031381
0 0.415684 0.349372 0.029481 0.083682
0 0.481722 0.290795 0.064858 0.154812
0 0.538915 0.366109 0.021226 0.079498
0 0.475825 0.055439 0.022406 0.023013
0 0.302476 0.637029 0.045991 0.131799
0 0.603774 0.133891 0.070755 0.083682
0 0.531250 0.182008 0.012972 0.033473
0 0.524764 0.476987 0.033019 0.112971
0 0.537736 0.093096 0.047170 0.110879
0 0.410967 0.153766 0.036557 0.064854
0 0.485259 0.038703 0.020047 0.035565
0 0.372642 0.783473 0.172170 0.420502
1 0.701061 0.236402 0.015330 0.075314
1 0.684552 0.237448 0.015330 0.073222
3 0.831368 0.319038 0.334906 0.483264
3 0.071934 0.293933 0.143868 0.232218
3 0.432783 0.500000 0.865566 0.979079
4 0.037736 0.293933 0.030660 0.027197
4 0.098467 0.312762 0.024764 0.027197
4 0.270047 0.974895 0.018868 0.037657
4 0.119693 0.729079 0.239387 0.529289
4 0.216392 0.519874 0.432783 0.947699
5 0.037736 0.293933 0.030660 0.027197
5 0.270047 0.975941 0.018868 0.035565
5 0.454009 0.836820 0.021226 0.112971
5 0.098467 0.312762 0.024764 0.027197
5 0.119693 0.728033 0.239387 0.531381
5 0.215802 0.519874 0.431604 0.947699
5 0.378538 0.161088 0.129717 0.267782
