0 0.471354 0.662500 0.086458 0.128704
0 0.653125 0.355556 0.042708 0.038889
0 0.895573 0.234722 0.013021 0.037963
0 0.085156 0.194444 0.032813 0.055556
0 0.592708 0.170370 0.025000 0.033333
0 0.551042 0.098148 0.020833 0.029630
0 0.582812 0.057407 0.017708 0.018519
0 0.907552 0.181481 0.025521 0.037037
0 0.619792 0.231481 0.030208 0.050000
0 0.407552 0.382407 0.047396 0.081481
0 0.803385 0.768056 0.123438 0.176852
0 0.819531 0.177315 0.026562 0.039815
0 0.603906 0.511111 0.060937 0.055556
0 0.489063 0.081481 0.018750 0.035185
0 0.447135 0.806481 0.104688 0.135185
0 0.084896 0.265741 0.038542 0.055556
0 0.347656 0.412500 0.046354 0.076852
0 0.487500 0.052315 0.018750 0.026852
0 0.353906 0.347685 0.053646 0.071296
0 0.518490 0.392130 0.045312 0.073148
0 0.811458 0.307407 0.037500 0.057407
0 0.598437 0.151389 0.027083 0.041667
0 0.819271 0.096759 0.034375 0.075000
0 0.328125 0.231481 0.036458 0.051852
0 0.565885 0.254167 0.031771 0.043519
0 0.072917 0.507870 0.062500 0.095370
0 0.468229 0.221759 0.026042 0.037963
0 0.074479 0.139352 0.053125 0.028704
0 0.944010 0.262500 0.034896 0.060185
0 0.611458 0.411111 0.038542 0.062963
0 0.334375 0.677315 0.084375 0.143519
0 0.518229 0.218981 0.027083 0.034259
0 0.311719 0.222222 0.073438 0.072222
0 0.483594 0.516204 0.070312 0.097222
0 0.793750 0.137500 0.023958 0.034259
0 0.436198 0.395370 0.055729 0.083333
0 0.679948 0.935185 0.133854 0.116667
0 0.525781 0.193981 0.028646 0.039815
0 0.800521 0.225463 0.019792 0.037963
0 0.619531 0.076852 0.023438 0.040741
0 0.370312 0.331944 0.022917 0.097222
0 0.590365 0.116204 0.024479 0.032407
0 0.639323 0.143056 0.023438 0.037963
0 0.801823 0.157870 0.020313 0.032407
0 0.657813 0.392130 0.047917 0.073148
0 0.714063 0.115741 0.015625 0.037037
0 0.513542 0.131481 0.032292 0.074074
0 0.550781 0.071296 0.018229 0.029630
0 0.548958 0.120370 0.022917 0.024074
0 0.017969 0.010185 0.035937 0.020370
0 0.852344 0.169444 0.022396 0.033333
0 0.991667 0.380093 0.015625 0.052778
0 0.628906 0.282870 0.030729 0.045370
0 0.499740 0.052778 0.011979 0.025926
0 0.946875 0.218519 0.036458 0.055556
0 0.855990 0.289352 0.033854 0.049074
0 0.570052 0.149074 0.065104 0.059259
0 0.697396 0.447685 0.056250 0.097222
0 0.521875 0.055556 0.021875 0.031481
0 0.490885 0.586574 0.069271 0.097222
0 0.760677 0.069907 0.019271 0.021296
0 0.576823 0.428241 0.053646 0.084259
0 0.578125 0.330556 0.062500 0.135185
0 0.594010 0.133333 0.023438 0.040741
0 0.621875 0.610185 0.080208 0.203704
0 0.585156 0.076852 0.020313 0.048148
0 0.342708 0.616667 0.078125 0.111111
0 0.772135 0.174537 0.026562 0.036111
0 0.609375 0.544907 0.063542 0.082407
0 0.580208 0.036574 0.019792 0.028704
0 0.914583 0.249537 0.029167 0.037963
0 0.478125 0.106481 0.022917 0.035185
0 0.857292 0.225463 0.028125 0.041667
0 0.675521 0.425000 0.042708 0.079630
0 0.553646 0.042593 0.017708 0.033333
3 0.856510 0.340741 0.285938 0.438889
3 0.812760 0.576389 0.373437 0.821296
3 0.119010 0.392593 0.238021 0.588889
3 0.227604 0.622685 0.455208 0.734259
3 0.493750 0.559722 0.987500 0.860185
3 0.749479 0.578704 0.381250 0.824074
3 0.452083 0.558796 0.197917 0.865741
4 0.792708 0.530556 0.391667 0.920370
5 0.793229 0.534259 0.389583 0.912963
5 0.822917 0.432407 0.353125 0.622222
5 0.201823 0.318981 0.096354 0.371296
5 0.164062 0.598148 0.328125 0.666667
5 0.351042 0.983333 0.011458 0.018519
