0 0.641406 0.612500 0.029687 0.108333
0 0.390234 0.017361 0.010156 0.034722
0 0.486328 0.859722 0.022656 0.102778
0 0.564844 0.698611 0.023438 0.091667
0 0.431641 0.781250 0.022656 0.095833
0 0.322656 0.455556 0.028125 0.077778
0 0.410547 0.167361 0.019531 0.056944
0 0.496484 0.140972 0.049219 0.123611
0 0.503516 0.052778 0.011719 0.044444
1 0.787891 0.301389 0.027344 0.086111
3 0.431641 0.497917 0.625781 0.995833
4 0.544922 0.007639 0.003906 0.015278
4 0.489453 0.057639 0.003906 0.018056
4 0.417578 0.973611 0.011719 0.050000
4 0.548438 0.125694 0.004687 0.020833
4 0.442578 0.005556 0.005469 0.011111
4 0.682031 0.499306 0.153125 0.998611
4 0.493359 0.006250 0.003906 0.012500
4 0.433594 0.057639 0.006250 0.015278
4 0.558984 0.461806 0.007031 0.051389
4 0.271094 0.974306 0.015625 0.048611
4 0.244141 0.505556 0.278906 0.972222
4 0.423047 0.121528 0.005469 0.020833
4 0.387891 0.311806 0.010156 0.034722
4 0.469141 0.313889 0.007031 0.036111
4 0.361719 0.460417 0.012500 0.048611
4 0.554297 0.315972 0.005469 0.037500
4 0.406641 0.205556 0.007031 0.022222
4 0.572656 0.977083 0.009375 0.043056
4 0.477344 0.212500 0.006250 0.016667
4 0.442188 0.659722 0.009375 0.036111
4 0.457422 0.461806 0.008594 0.051389
4 0.546484 0.059028 0.003906 0.018056
4 0.320312 0.695833 0.090625 0.513889
4 0.550781 0.206250 0.004687 0.026389
5 0.544922 0.007639 0.003906 0.015278
5 0.489453 0.057639 0.003906 0.018056
5 0.417578 0.973611 0.011719 0.050000
5 0.548438 0.125000 0.004687 0.019444
5 0.442578 0.005556 0.005469 0.011111
5 0.682031 0.499306 0.153125 0.998611
5 0.493359 0.005556 0.003906 0.011111
5 0.433203 0.057639 0.005469 0.015278
5 0.558594 0.461806 0.006250 0.051389
5 0.271094 0.974306 0.015625 0.048611
5 0.469141 0.313194 0.007031 0.034722
5 0.361719 0.460417 0.012500 0.045833
5 0.554297 0.315972 0.005469 0.037500
5 0.423047 0.121528 0.005469 0.020833
5 0.406641 0.205556 0.007031 0.022222
5 0.244141 0.504167 0.277344 0.969444
5 0.572656 0.977083 0.009375 0.043056
5 0.477344 0.212500 0.006250 0.016667
5 0.442188 0.659722 0.009375 0.036111
5 0.457422 0.461806 0.008594 0.051389
5 0.546484 0.059028 0.003906 0.018056
5 0.319922 0.700694 0.091406 0.523611
5 0.550781 0.206250 0.004687 0.026389
5 0.387891 0.311806 0.010156 0.034722
