0 0.020047 0.420502 0.030660 0.054393
0 0.541274 0.294979 0.030660 0.050209
0 0.556604 0.257322 0.014151 0.037657
0 0.927476 0.379707 0.057783 0.069038
0 0.734670 0.463389 0.080189 0.169456
0 0.948703 0.470711 0.100236 0.117155
0 0.352594 0.371339 0.056604 0.098326
0 0.074882 0.553347 0.036557 0.073222
0 0.600236 0.305439 0.051887 0.062762
0 0.542453 0.209205 0.016509 0.037657
0 0.830778 0.486402 0.027123 0.069038
0 0.009434 0.626569 0.018868 0.089958
0 0.448703 0.226987 0.010613 0.018828
0 0.056014 0.403766 0.022406 0.033473
0 0.885024 0.472803 0.045991 0.075314
0 0.561910 0.382845 0.036557 0.071130
0 0.560731 0.629707 0.090802 0.171548
0 0.662146 0.584728 0.086085 0.152720
0 0.556604 0.258368 0.014151 0.035565
0 0.535967 0.328452 0.034198 0.092050
0 0.500590 0.371339 0.041274 0.077406
0 0.317217 0.344142 0.042453 0.077406
0 0.270637 0.478033 0.097877 0.144351
0 0.798939 0.641213 0.123821 0.265690
0 0.607901 0.248954 0.029481 0.058577
0 0.575472 0.258368 0.025943 0.048117
0 0.687500 0.365063 0.040094 0.081590
0 0.465802 0.232218 0.014151 0.029289
0 0.960495 0.633891 0.076651 0.259414
0 0.370283 0.288703 0.077830 0.108787
0 0.465802 0.209205 0.009434 0.016736
0 0.028892 0.594142 0.036557 0.071130
0 0.037146 0.919456 0.074292 0.148536
0 0.617925 0.338912 0.035377 0.066946
0 0.623821 0.424686 0.058962 0.104603
0 0.156250 0.555439 0.024764 0.043933
0 0.067807 0.663180 0.043632 0.104603
0 0.652123 0.299163 0.044811 0.079498
0 0.705189 0.411088 0.056604 0.115063
0 0.478184 0.164226 0.008255 0.014644
1 0.978774 0.387029 0.014151 0.046025
1 0.839623 0.339958 0.009434 0.043933
3 0.228774 0.526151 0.457547 0.583682
3 0.781250 0.603556 0.435142 0.767782
3 0.646226 0.601464 0.705189 0.776151
3 0.232311 0.525105 0.464623 0.589958
3 0.548349 0.303347 0.158019 0.280335
3 0.231132 0.610879 0.462264 0.753138
3 0.501769 0.603556 0.989387 0.771967
4 0.527712 0.405858 0.008255 0.054393
4 0.788325 0.444561 0.041274 0.031381
4 0.352005 0.461297 0.008255 0.014644
4 0.938679 0.871339 0.091981 0.152720
4 0.011203 0.817992 0.022406 0.037657
4 0.080189 0.721757 0.040094 0.054393
4 0.375590 0.332636 0.145047 0.184100
4 0.142099 0.637029 0.029481 0.039749
4 0.533608 0.436192 0.119104 0.014644
4 0.491745 0.341004 0.047170 0.200837
4 0.590212 0.415272 0.010613 0.035565
5 0.461675 0.476987 0.274764 0.071130
7 0.461085 0.478033 0.273585 0.069038
