0 0.840365 0.155093 0.025521 0.041667
0 0.500260 0.483796 0.049479 0.208333
0 0.613542 0.217130 0.028125 0.036111
0 0.087760 0.157870 0.038021 0.062037
0 0.569271 0.233796 0.033333 0.050926
0 0.584375 0.056481 0.018750 0.029630
0 0.815365 0.073148 0.021354 0.037037
0 0.779948 0.079167 0.017188 0.028704
0 0.724740 0.358796 0.039062 0.060185
0 0.527083 0.043519 0.020833 0.027778
0 0.083073 0.008333 0.117188 0.016667
0 0.490625 0.494444 0.067708 0.214815
0 0.464062 0.226389 0.028125 0.037963
0 0.113802 0.281481 0.038021 0.051852
0 0.491146 0.053704 0.021875 0.029630
0 0.507552 0.315278 0.058854 0.136111
0 0.400260 0.292593 0.032813 0.046296
0 0.644792 0.350000 0.036458 0.068519
0 0.470313 0.184722 0.030208 0.041667
0 0.735677 0.557407 0.076563 0.114815
0 0.456510 0.268519 0.031771 0.044444
0 0.280990 0.221759 0.035937 0.043519
0 0.969010 0.405093 0.048438 0.075000
0 0.398958 0.497685 0.056250 0.076852
0 0.575000 0.350463 0.046875 0.069444
0 0.941927 0.315741 0.038021 0.053704
0 0.066927 0.437037 0.096354 0.212963
0 0.520312 0.072222 0.017708 0.038889
0 0.375781 0.355556 0.075521 0.166667
0 0.561458 0.087963 0.019792 0.029630
0 0.060417 0.374074 0.076042 0.087037
0 0.799740 0.150926 0.018229 0.031481
0 0.913281 0.241204 0.027604 0.039815
0 0.555990 0.044444 0.020313 0.027778
0 0.315365 0.230093 0.036979 0.047222
0 0.516406 0.209259 0.025521 0.037037
0 0.845313 0.282870 0.035417 0.050926
0 0.713281 0.333333 0.036979 0.048148
0 0.004427 0.293981 0.008854 0.058333
0 0.747135 0.062963 0.018229 0.025926
0 0.425000 0.348611 0.023958 0.049074
0 0.596094 0.128241 0.025521 0.062037
0 0.740885 0.093519 0.020313 0.022222
0 0.679427 0.251389 0.036979 0.065741
0 0.477865 0.167593 0.024479 0.035185
0 0.517188 0.179167 0.021875 0.028704
0 0.363021 0.262037 0.030208 0.038889
0 0.042708 0.849537 0.085417 0.284259
0 0.014583 0.008796 0.029167 0.017593
0 0.992188 0.379630 0.014583 0.064815
0 0.576302 0.298611 0.035937 0.050926
0 0.639323 0.309259 0.041146 0.064815
0 0.630729 0.266204 0.033333 0.050926
0 0.551562 0.063889 0.022917 0.042593
0 0.979427 0.301389 0.040104 0.056481
0 0.766146 0.664815 0.082292 0.111111
0 0.734375 0.951852 0.270833 0.083333
0 0.399479 0.318981 0.030208 0.021296
0 0.799219 0.082870 0.018229 0.043519
0 0.654687 0.364815 0.042708 0.070370
0 0.412760 0.046296 0.017188 0.022222
0 0.572396 0.266667 0.036458 0.059259
0 0.610417 0.191204 0.026042 0.036111
0 0.595833 0.116204 0.026042 0.043519
0 0.561198 0.201389 0.025521 0.034259
0 0.804688 0.220833 0.026042 0.047222
0 0.603646 0.580093 0.069792 0.089815
0 0.880208 0.265278 0.034375 0.049074
0 0.523438 0.053241 0.017708 0.023148
0 0.572656 0.045833 0.011979 0.021296
0 0.993490 0.327315 0.011979 0.052778
0 0.649219 0.396296 0.041146 0.057407
3 0.856250 0.340278 0.286458 0.439815
3 0.443750 0.533796 0.217708 0.913889
3 0.800521 0.523611 0.397917 0.928704
3 0.541406 0.532870 0.371354 0.912037
3 0.638542 0.553241 0.192708 0.875000
3 0.117969 0.343056 0.235937 0.686111
3 0.273958 0.619907 0.372917 0.737963
3 0.537760 0.536574 0.900521 0.906481
4 0.791927 0.524537 0.392188 0.932407
4 0.214844 0.529167 0.260937 0.550926
4 0.814063 0.402315 0.370833 0.678704
5 0.792448 0.526852 0.391146 0.927778
5 0.184635 0.319907 0.133854 0.373148
5 0.208073 0.529167 0.247396 0.550926
5 0.813021 0.400463 0.372917 0.684259
