0 0.408565 0.512370 0.039352 0.023177
0 0.621296 0.487760 0.032407 0.015104
0 0.584491 0.559375 0.031019 0.027083
0 0.467593 0.502083 0.033333 0.013542
0 0.468056 0.458073 0.016667 0.008333
0 0.472685 0.450781 0.012963 0.009375
0 0.720833 0.687891 0.180556 0.158073
0 0.534491 0.501302 0.037500 0.019792
0 0.489583 0.452344 0.013426 0.012500
0 0.612269 0.515104 0.017130 0.020313
0 0.429398 0.486589 0.028241 0.009635
0 0.498148 0.514062 0.016667 0.017708
0 0.949306 0.701693 0.067130 0.043490
0 0.412500 0.568490 0.087963 0.045312
0 0.538194 0.533854 0.044907 0.020313
0 0.588194 0.588021 0.028241 0.036979
0 0.176157 0.772917 0.352315 0.311458
0 0.427546 0.497786 0.032870 0.016406
0 0.475231 0.517708 0.033796 0.027083
0 0.427778 0.527214 0.066667 0.041927
0 0.487037 0.489974 0.022222 0.021094
0 0.698843 0.563932 0.118056 0.092448
0 0.453935 0.489063 0.011574 0.014583
0 0.624306 0.503125 0.042130 0.021875
0 0.474537 0.493490 0.029630 0.018750
0 0.382176 0.529427 0.018056 0.023958
0 0.351389 0.549609 0.072222 0.041927
0 0.569444 0.514193 0.037037 0.024219
0 0.594444 0.482422 0.031481 0.017969
0 0.882407 0.559896 0.023148 0.029167
0 0.611574 0.646094 0.038889 0.033854
0 0.503704 0.453906 0.006481 0.009375
0 0.577546 0.465885 0.027315 0.010417
0 0.501157 0.606771 0.159722 0.128125
0 0.532407 0.525911 0.045370 0.028385
0 0.631250 0.825130 0.462500 0.349219
0 0.615741 0.559766 0.023148 0.028385
0 0.565278 0.487370 0.034259 0.016406
0 0.654398 0.490885 0.037500 0.022917
0 0.599074 0.480599 0.024074 0.014844
1 0.835648 0.504297 0.012963 0.022135
1 0.821528 0.585807 0.035648 0.036719
1 0.992130 0.562370 0.014815 0.022135
1 0.764583 0.527865 0.018056 0.027604
1 0.884722 0.647005 0.035185 0.049740
1 0.786343 0.551693 0.022685 0.029427
1 0.675463 0.512370 0.012037 0.013802
1 0.759259 0.546615 0.017593 0.022396
1 0.776620 0.586589 0.019907 0.041927
1 0.709722 0.512500 0.011111 0.015104
1 0.783796 0.525130 0.018519 0.027344
1 0.987500 0.714453 0.024074 0.067969
1 0.922917 0.566276 0.034722 0.033073
1 0.723611 0.522656 0.014815 0.018229
1 0.971296 0.562500 0.024074 0.021354
1 0.863426 0.572396 0.023148 0.035937
1 0.751157 0.533984 0.017130 0.019010
1 0.809491 0.504427 0.011574 0.020833
1 0.820602 0.621094 0.021759 0.047396
1 0.775000 0.505599 0.013889 0.020052
1 0.795370 0.505729 0.012963 0.021354
1 0.821528 0.504687 0.010648 0.019792
1 0.810880 0.500391 0.012500 0.027865
1 0.912037 0.606641 0.018519 0.048698
3 0.499769 0.726432 0.999537 0.546615
4 0.282407 0.593359 0.060185 0.045052
4 0.853009 0.828255 0.036574 0.033073
4 0.395833 0.648047 0.012963 0.015365
4 0.407176 0.601172 0.011574 0.011198
4 0.416435 0.601302 0.010648 0.011458
4 0.345370 0.725130 0.022222 0.028906
4 0.362037 0.726693 0.022222 0.028906
4 0.259491 0.894010 0.050463 0.070312
4 0.384722 0.646745 0.015741 0.015365
4 0.285417 0.897005 0.048611 0.073177
5 0.395833 0.648047 0.012963 0.015365
5 0.852778 0.828125 0.036111 0.032813
5 0.407176 0.601042 0.011574 0.011458
5 0.416435 0.601302 0.010648 0.011458
5 0.281481 0.593620 0.056481 0.044010
5 0.345139 0.725130 0.021759 0.028906
5 0.362037 0.726693 0.022222 0.028906
5 0.259491 0.893880 0.050463 0.070052
5 0.384722 0.646745 0.015741 0.014844
5 0.285417 0.896875 0.048611 0.072917
