0 0.481722 0.028243 0.010613 0.043933
0 0.507665 0.211297 0.017689 0.050209
0 0.658019 0.465481 0.181604 0.449791
0 0.459906 0.173640 0.042453 0.083682
0 0.402712 0.215481 0.015330 0.058577
0 0.405660 0.108787 0.014151 0.041841
0 0.065448 0.263598 0.034198 0.058577
0 0.377358 0.325314 0.073113 0.144351
0 0.628538 0.028243 0.056604 0.056485
0 0.021226 0.308577 0.042453 0.073222
0 0.029481 0.259414 0.025943 0.041841
0 0.470519 0.269874 0.054245 0.125523
0 0.518868 0.371339 0.021226 0.081590
0 0.438090 0.074268 0.020047 0.056485
0 0.163915 0.061715 0.042453 0.043933
0 0.463443 0.024059 0.030660 0.043933
0 0.251769 0.440377 0.107311 0.198745
0 0.592571 0.155858 0.069575 0.177824
0 0.062500 0.260460 0.040094 0.064854
0 0.460495 0.058577 0.031840 0.025105
0 0.310142 0.283473 0.073113 0.123431
0 0.985849 0.445607 0.025943 0.079498
0 0.531250 0.031381 0.029481 0.020921
0 0.360849 0.166318 0.054245 0.094142
0 0.793632 0.182008 0.021226 0.033473
0 0.533019 0.257322 0.018868 0.054393
0 0.462264 0.035565 0.025943 0.020921
0 0.974057 0.253138 0.049528 0.142259
0 0.537736 0.459205 0.021226 0.094142
0 0.490566 0.148536 0.014151 0.054393
0 0.458137 0.109833 0.041274 0.085774
0 0.437500 0.425732 0.101415 0.282427
0 0.529481 0.101464 0.051887 0.115063
0 0.554835 0.346234 0.020047 0.073222
0 0.139741 0.699791 0.076651 0.169456
0 0.741156 0.148536 0.055425 0.108787
0 0.468750 0.024059 0.034198 0.048117
1 0.992925 0.350418 0.011792 0.089958
1 0.688679 0.213389 0.016509 0.075314
1 0.670991 0.210251 0.016509 0.073222
3 0.099057 0.225941 0.198113 0.309623
3 0.426297 0.494770 0.852594 0.989540
4 0.357311 0.580544 0.016509 0.069038
4 0.333137 0.578452 0.020047 0.064854
4 0.084316 0.278243 0.031840 0.033473
4 0.097877 0.725941 0.195755 0.464435
4 0.211085 0.480126 0.422170 0.956067
4 0.290094 0.963389 0.016509 0.056485
4 0.254127 0.961297 0.024764 0.064854
5 0.344929 0.579498 0.043632 0.071130
