0 0.359375 0.847917 0.028125 0.101389
0 0.132812 0.933333 0.065625 0.130556
0 0.416797 0.331944 0.017969 0.063889
0 0.562500 0.357639 0.025000 0.076389
0 0.515625 0.029861 0.039062 0.059722
1 0.920703 0.023611 0.039844 0.047222
1 0.888281 0.674306 0.037500 0.106944
1 0.784766 0.256944 0.019531 0.058333
1 0.759375 0.054167 0.015625 0.063889
3 0.449219 0.499306 0.590625 0.998611
4 0.543359 0.006944 0.003906 0.013889
4 0.482422 0.122222 0.005469 0.022222
4 0.546875 0.123611 0.004687 0.022222
4 0.385937 0.311806 0.009375 0.034722
4 0.322656 0.673611 0.017188 0.069444
4 0.476172 0.205556 0.005469 0.027778
4 0.680469 0.499306 0.154688 0.998611
4 0.419922 0.121528 0.007031 0.020833
4 0.269922 0.974306 0.016406 0.048611
4 0.359375 0.459722 0.012500 0.047222
4 0.548828 0.205556 0.005469 0.027778
4 0.431641 0.055556 0.005469 0.016667
4 0.487500 0.057639 0.004687 0.018056
4 0.405469 0.204167 0.007812 0.025000
4 0.563281 0.677083 0.009375 0.070833
4 0.571484 0.976389 0.008594 0.044444
4 0.467578 0.313194 0.007031 0.034722
4 0.440234 0.005556 0.005469 0.011111
4 0.439844 0.678472 0.010937 0.073611
4 0.455859 0.460417 0.008594 0.048611
4 0.557422 0.461111 0.007031 0.050000
4 0.544531 0.057639 0.004687 0.018056
4 0.416797 0.972917 0.011719 0.051389
5 0.455859 0.460417 0.008594 0.048611
5 0.542969 0.006944 0.003125 0.013889
5 0.482422 0.122222 0.005469 0.022222
5 0.546875 0.123611 0.004687 0.022222
5 0.322656 0.673611 0.017188 0.069444
5 0.385937 0.311111 0.009375 0.033333
5 0.476172 0.205556 0.005469 0.027778
5 0.680469 0.499306 0.154688 0.998611
5 0.419922 0.121528 0.007031 0.020833
5 0.269922 0.974306 0.016406 0.048611
5 0.490625 0.005556 0.007812 0.011111
5 0.359375 0.459722 0.012500 0.047222
5 0.487109 0.057639 0.003906 0.018056
5 0.548828 0.205556 0.005469 0.027778
5 0.431641 0.055556 0.005469 0.016667
5 0.405078 0.204167 0.007031 0.025000
5 0.563281 0.677083 0.009375 0.070833
5 0.571484 0.976389 0.008594 0.044444
5 0.467578 0.313194 0.007031 0.034722
5 0.440234 0.005556 0.005469 0.011111
5 0.439844 0.678472 0.010937 0.073611
5 0.557031 0.461111 0.006250 0.050000
5 0.544531 0.057639 0.004687 0.018056
5 0.416797 0.972917 0.011719 0.051389
