0 0.758255 0.180962 0.063679 0.119247
0 0.717571 0.745816 0.060142 0.161088
0 0.408608 0.201883 0.012972 0.043933
0 0.499410 0.085774 0.017689 0.046025
0 0.389151 0.257322 0.018868 0.054393
0 0.416274 0.137029 0.014151 0.031381
0 0.366156 0.565900 0.041274 0.123431
0 0.460495 0.375523 0.067217 0.152720
0 0.480542 0.721757 0.119104 0.334728
0 0.375590 0.226987 0.012972 0.048117
0 0.476415 0.115063 0.030660 0.054393
0 0.186321 0.104603 0.042453 0.041841
0 0.262382 0.515690 0.130896 0.244770
0 0.607901 0.203975 0.071934 0.182008
0 0.372642 0.390167 0.023585 0.077406
0 0.451651 0.146444 0.037736 0.066946
0 0.326651 0.303347 0.018868 0.066946
0 0.051887 0.334728 0.103774 0.112971
0 0.534788 0.156904 0.064858 0.150628
0 0.984670 0.282427 0.028302 0.129707
0 0.579599 0.596234 0.031840 0.121339
0 0.539505 0.458159 0.027123 0.092050
0 0.455778 0.230126 0.064858 0.150628
0 0.475236 0.082636 0.033019 0.043933
0 0.488797 0.015690 0.015330 0.031381
0 0.275354 0.859833 0.199292 0.267782
0 0.447524 0.050209 0.008255 0.025105
0 0.602594 0.402720 0.030660 0.085774
0 0.464033 0.017782 0.012972 0.023013
1 0.668632 0.240586 0.011792 0.075314
1 0.718160 0.311715 0.021226 0.100418
1 0.687500 0.245816 0.016509 0.073222
1 0.705189 0.246862 0.014151 0.075314
1 0.866156 0.214435 0.017689 0.064854
1 0.656250 0.238494 0.017689 0.087866
3 0.126179 0.262552 0.195755 0.307531
3 0.432783 0.510460 0.865566 0.958159
4 0.563679 0.893305 0.021226 0.167364
4 0.412736 0.311715 0.007075 0.025105
4 0.110849 0.313808 0.011792 0.012552
4 0.349646 0.612971 0.017689 0.062762
4 0.103184 0.782427 0.187500 0.418410
4 0.223467 0.524059 0.425708 0.935146
4 0.390920 0.414226 0.012972 0.037657
4 0.356722 0.224895 0.156840 0.332636
4 0.406840 0.421548 0.009434 0.031381
4 0.371462 0.638075 0.009434 0.029289
4 0.518278 0.285565 0.005896 0.027197
5 0.563679 0.892259 0.021226 0.165272
5 0.349646 0.612971 0.017689 0.062762
5 0.412736 0.311715 0.007075 0.025105
5 0.110849 0.313808 0.011792 0.012552
5 0.103184 0.783473 0.187500 0.416318
5 0.222877 0.524059 0.424528 0.930962
5 0.390920 0.414226 0.012972 0.037657
5 0.356722 0.224895 0.156840 0.332636
5 0.406840 0.421548 0.009434 0.031381
5 0.222877 0.524059 0.424528 0.930962
5 0.371462 0.638075 0.009434 0.029289
