0 0.575000 0.582812 0.022222 0.038021
0 0.390509 0.519792 0.037500 0.020313
0 0.527546 0.528385 0.043056 0.029167
0 0.692130 0.564583 0.119444 0.091146
0 0.462500 0.527214 0.034259 0.027865
0 0.599074 0.898307 0.448148 0.202865
0 0.617593 0.488151 0.025000 0.015365
0 0.368056 0.538932 0.022222 0.029427
0 0.465741 0.453125 0.013889 0.010417
0 0.734028 0.736589 0.217130 0.200260
0 0.528009 0.504557 0.040278 0.021094
0 0.414815 0.494792 0.029630 0.013021
0 0.460648 0.507422 0.035185 0.019010
0 0.325463 0.569531 0.074074 0.043229
0 0.955324 0.699609 0.088426 0.044010
0 0.421296 0.583464 0.024074 0.036719
0 0.535185 0.541016 0.048148 0.029948
0 0.599537 0.618750 0.032407 0.040104
0 0.355556 0.603255 0.116667 0.060677
0 0.477546 0.488542 0.027315 0.015625
0 0.455787 0.463672 0.017130 0.009115
0 0.410417 0.541406 0.074537 0.054688
0 0.475694 0.492969 0.027315 0.019271
0 0.464815 0.495312 0.027778 0.016667
0 0.411343 0.505599 0.035648 0.015885
0 0.565278 0.518359 0.038889 0.024740
0 0.618287 0.505599 0.039352 0.021094
0 0.615741 0.677734 0.042593 0.047135
0 0.605093 0.570703 0.024074 0.026302
0 0.482407 0.453776 0.012963 0.008073
0 0.493056 0.632682 0.177778 0.159635
0 0.559259 0.487109 0.032407 0.015365
0 0.645139 0.492708 0.036574 0.020833
0 0.613657 0.537630 0.020833 0.024219
0 0.587963 0.479167 0.031481 0.015104
0 0.913194 0.523047 0.039352 0.022135
0 0.568056 0.466797 0.024074 0.012240
1 0.745139 0.533854 0.018981 0.020833
1 0.894213 0.630469 0.030093 0.047917
1 0.876620 0.583854 0.027315 0.041146
1 0.809259 0.492839 0.009259 0.014844
1 0.767130 0.551693 0.015741 0.025781
1 0.810417 0.507292 0.015278 0.020833
1 0.764352 0.504557 0.012963 0.013281
1 0.703241 0.511849 0.011111 0.015885
1 0.837500 0.506510 0.012037 0.023958
1 0.898380 0.586719 0.015278 0.036458
1 0.829630 0.596094 0.025000 0.041667
1 0.768750 0.584115 0.027315 0.044271
1 0.716667 0.521615 0.013889 0.017188
1 0.800694 0.500000 0.010648 0.022917
1 0.809954 0.619271 0.028241 0.050521
1 0.749769 0.518359 0.012500 0.020052
1 0.821528 0.506510 0.011574 0.019271
1 0.765278 0.520443 0.015741 0.028385
3 0.285648 0.736849 0.571296 0.522135
3 0.754861 0.733854 0.489352 0.531771
3 0.499769 0.729297 0.999537 0.540885
4 0.357639 0.727865 0.021759 0.027604
4 0.390972 0.648307 0.014352 0.015885
4 0.378704 0.647656 0.014815 0.015625
4 0.256250 0.895573 0.050463 0.070833
4 0.339352 0.726562 0.023148 0.028646
4 0.141667 0.698698 0.283333 0.219271
4 0.571528 0.762500 0.033796 0.088021
4 0.282639 0.899089 0.048611 0.073698
5 0.357870 0.727865 0.021296 0.027604
5 0.390972 0.648438 0.013426 0.016146
5 0.378704 0.647656 0.014815 0.015625
5 0.339352 0.726432 0.023148 0.028385
5 0.256250 0.895573 0.050463 0.070833
5 0.141667 0.698828 0.283333 0.219010
5 0.571528 0.762500 0.033796 0.088021
5 0.282639 0.899089 0.048611 0.073698
