0 0.943396 0.375523 0.058962 0.060669
0 0.630307 0.260460 0.038915 0.077406
0 0.023585 0.419456 0.030660 0.052301
0 0.564269 0.269874 0.012972 0.029289
0 0.795991 0.566946 0.106132 0.234310
0 0.604953 0.330544 0.042453 0.075314
0 0.900354 0.820084 0.196934 0.347280
0 0.010024 0.530335 0.020047 0.056485
0 0.077241 0.558577 0.038915 0.062762
0 0.225825 0.481172 0.020047 0.041841
0 0.551297 0.217573 0.017689 0.041841
0 0.456958 0.211297 0.010613 0.020921
0 0.961675 0.546025 0.074292 0.163180
0 0.412146 0.258368 0.043632 0.077406
0 0.366156 0.288703 0.036557 0.041841
0 0.499410 0.395397 0.045991 0.083682
0 0.239976 0.564854 0.090802 0.117155
0 0.035377 0.588912 0.040094 0.077406
0 0.593750 0.296025 0.027123 0.043933
0 0.748231 0.479079 0.079009 0.175732
0 0.560142 0.260460 0.014151 0.035565
0 0.277712 0.410042 0.015330 0.029289
0 0.048939 0.572176 0.034198 0.073222
0 0.987028 0.729079 0.023585 0.198745
0 0.011203 0.620293 0.022406 0.081590
0 0.630307 0.376569 0.038915 0.083682
0 0.951061 0.463389 0.095519 0.110879
0 0.866156 0.596234 0.034198 0.092050
0 0.652712 0.507322 0.081368 0.144351
0 0.702830 0.710251 0.117925 0.211297
0 0.548939 0.347280 0.041274 0.121339
0 0.567217 0.455021 0.049528 0.098326
0 0.581958 0.266736 0.027123 0.060669
0 0.701061 0.446653 0.017689 0.069038
0 0.683373 0.330544 0.057783 0.104603
0 0.364976 0.350418 0.048349 0.085774
0 0.123231 0.762552 0.246462 0.387029
0 0.889151 0.468619 0.047170 0.075314
1 0.862028 0.337866 0.011792 0.043933
1 0.992925 0.353556 0.011792 0.058577
1 0.906250 0.367155 0.012972 0.064854
3 0.798349 0.612971 0.400943 0.723849
3 0.543632 0.298117 0.139151 0.274059
3 0.237618 0.607741 0.475236 0.771967
3 0.488797 0.586820 0.977594 0.805439
4 0.298939 0.427824 0.090802 0.123431
4 0.593750 0.413180 0.012972 0.031381
4 0.493514 0.346234 0.048349 0.186192
4 0.583137 0.375523 0.010613 0.031381
5 0.451061 0.478033 0.307783 0.073222
7 0.451651 0.479079 0.304245 0.071130
