0 0.505208 0.418056 0.044792 0.063889
0 0.354167 0.410185 0.068750 0.079630
0 0.257031 0.568056 0.066146 0.097222
0 0.766146 0.093981 0.019792 0.043519
0 0.459115 0.801852 0.186979 0.383333
0 0.882292 0.260185 0.032292 0.048148
0 0.130729 0.263426 0.051042 0.108333
0 0.614062 0.218056 0.028125 0.041667
0 0.558073 0.154167 0.027604 0.037963
0 0.592969 0.127315 0.019271 0.026852
0 0.905729 0.175926 0.025000 0.025926
0 0.789062 0.074074 0.025000 0.040741
0 0.992448 0.271759 0.014063 0.045370
0 0.569010 0.275000 0.033854 0.053704
0 0.859375 0.865741 0.156250 0.224074
0 0.804948 0.152778 0.026562 0.040741
0 0.913021 0.289352 0.038542 0.054630
0 0.440365 0.392130 0.039062 0.058333
0 0.473698 0.145370 0.023438 0.038889
0 0.784896 0.113426 0.021875 0.034259
0 0.042969 0.481019 0.050521 0.071296
0 0.420573 0.344444 0.036979 0.037037
0 0.481250 0.037963 0.019792 0.035185
0 0.745313 0.591667 0.078125 0.112963
0 0.629167 0.257407 0.048958 0.105556
0 0.723958 0.532870 0.062500 0.080556
0 0.065885 0.510648 0.056771 0.076852
0 0.515885 0.146759 0.024479 0.032407
0 0.259375 0.232407 0.012500 0.029630
0 0.935156 0.662963 0.105729 0.201852
0 0.374740 0.641204 0.065104 0.102778
0 0.586719 0.445370 0.048438 0.064815
0 0.421354 0.428241 0.053125 0.093519
0 0.616667 0.534722 0.087500 0.232407
0 0.513281 0.122222 0.023438 0.025926
0 0.467708 0.164352 0.026042 0.043519
0 0.407292 0.487037 0.058333 0.074074
0 0.596615 0.147222 0.025521 0.040741
0 0.385417 0.093981 0.020833 0.037963
0 0.883073 0.148611 0.023438 0.025000
0 0.554688 0.044444 0.022917 0.018519
0 0.744531 0.047222 0.018229 0.018519
0 0.519792 0.191667 0.025000 0.068519
0 0.609896 0.046296 0.017708 0.018519
0 0.323698 0.469444 0.049479 0.068519
0 0.606771 0.188889 0.026042 0.035185
0 0.673177 0.959722 0.143229 0.065741
0 0.694792 0.459259 0.054167 0.085185
0 0.718750 0.062037 0.017708 0.029630
0 0.521354 0.111574 0.023958 0.036111
0 0.030729 0.437037 0.053125 0.079630
0 0.819271 0.123611 0.026042 0.034259
0 0.119271 0.007870 0.045833 0.015741
0 0.847656 0.157407 0.020313 0.035185
0 0.988542 0.441204 0.021875 0.062037
0 0.638802 0.325926 0.034896 0.046296
0 0.859896 0.175463 0.025000 0.032407
0 0.514844 0.025000 0.025521 0.024074
0 0.643750 0.304630 0.036458 0.053704
0 0.515365 0.089352 0.022396 0.039815
0 0.792969 0.781481 0.086979 0.131481
0 0.610677 0.507407 0.074479 0.101852
0 0.518229 0.187037 0.023958 0.072222
0 0.815625 0.105093 0.021875 0.028704
0 0.561719 0.188426 0.030729 0.089815
0 0.501302 0.049074 0.018229 0.025926
0 0.500260 0.499074 0.059896 0.077778
0 0.581510 0.407870 0.049479 0.065741
0 0.620573 0.693056 0.098437 0.145370
0 0.555990 0.131019 0.024479 0.026852
0 0.772656 0.152315 0.026562 0.067593
0 0.635417 0.842130 0.108333 0.147222
0 0.382552 0.386111 0.082812 0.098148
0 0.522396 0.045833 0.017708 0.021296
0 0.578385 0.043056 0.017188 0.019444
0 0.201563 0.828241 0.236458 0.330556
0 0.855208 0.232870 0.029167 0.037963
1 0.493750 0.824537 0.036458 0.063889
3 0.856250 0.311574 0.286458 0.484259
3 0.807552 0.553704 0.383854 0.868519
3 0.384635 0.571759 0.219271 0.837963
3 0.661458 0.557407 0.236458 0.866667
3 0.431510 0.557407 0.234896 0.866667
3 0.119010 0.345833 0.238021 0.684259
3 0.228125 0.617593 0.456250 0.746296
3 0.494010 0.554630 0.988021 0.872222
4 0.814844 0.289815 0.369271 0.442593
4 0.792448 0.524074 0.396354 0.933333
4 0.200260 0.320833 0.102604 0.380556
4 0.164323 0.589352 0.328646 0.676852
5 0.854688 0.314352 0.289583 0.393519
5 0.200260 0.320833 0.101562 0.380556
5 0.794531 0.534259 0.391146 0.912963
5 0.762240 0.343519 0.238021 0.461111
5 0.552604 0.980093 0.009375 0.021296
5 0.365625 0.922222 0.010417 0.016667
5 0.164323 0.589815 0.328646 0.675926
5 0.757552 0.974074 0.011979 0.020370
5 0.814323 0.401389 0.370312 0.676852
5 0.351302 0.981019 0.011979 0.019444
5 0.742969 0.914815 0.010937 0.016667
5 0.552604 0.919907 0.008333 0.017593
5 0.729948 0.864815 0.009896 0.014815
