0 0.582422 0.013194 0.011719 0.026389
0 0.240234 0.720833 0.149219 0.372222
0 0.428516 0.235417 0.061719 0.159722
0 0.483203 0.824306 0.110156 0.348611
0 0.525000 0.052778 0.048438 0.105556
1 0.827344 0.060417 0.031250 0.076389
1 0.744922 0.033333 0.011719 0.066667
1 0.841016 0.556250 0.042969 0.093056
1 0.686328 0.036111 0.014844 0.072222
3 0.295703 0.498611 0.353906 0.997222
3 0.432031 0.498611 0.626563 0.997222
3 0.642578 0.501389 0.210156 0.994444
4 0.549219 0.127083 0.004687 0.020833
4 0.485156 0.125694 0.004687 0.020833
4 0.443359 0.006944 0.005469 0.013889
4 0.458203 0.463194 0.008594 0.051389
4 0.682813 0.499306 0.154688 0.998611
4 0.489844 0.060417 0.004687 0.018056
4 0.433984 0.059722 0.005469 0.016667
4 0.565234 0.679861 0.008594 0.070833
4 0.272266 0.975000 0.014844 0.047222
4 0.422656 0.125000 0.006250 0.022222
4 0.494141 0.007639 0.003906 0.015278
4 0.469922 0.315278 0.007031 0.036111
4 0.362500 0.462500 0.012500 0.047222
4 0.388281 0.315278 0.009375 0.033333
4 0.559766 0.464583 0.007031 0.051389
4 0.478516 0.208333 0.005469 0.027778
4 0.441797 0.681944 0.011719 0.075000
4 0.551562 0.208333 0.004687 0.027778
4 0.573047 0.978472 0.008594 0.040278
4 0.325000 0.675694 0.017188 0.070833
4 0.555078 0.318056 0.005469 0.036111
4 0.418750 0.974306 0.010937 0.048611
5 0.549219 0.127083 0.004687 0.020833
5 0.485156 0.125694 0.004687 0.020833
5 0.443359 0.006944 0.005469 0.013889
5 0.458203 0.463194 0.008594 0.051389
5 0.469922 0.314583 0.007031 0.034722
5 0.682813 0.499306 0.154688 0.998611
5 0.489844 0.060417 0.004687 0.018056
5 0.433984 0.059722 0.005469 0.016667
5 0.567578 0.806250 0.013281 0.323611
5 0.272266 0.975000 0.014844 0.047222
5 0.422656 0.125000 0.006250 0.022222
5 0.494141 0.007639 0.003906 0.015278
5 0.388281 0.315278 0.009375 0.033333
5 0.362500 0.462500 0.012500 0.047222
5 0.551562 0.208333 0.004687 0.027778
5 0.559766 0.463889 0.007031 0.050000
5 0.478125 0.208333 0.006250 0.027778
5 0.441797 0.681944 0.011719 0.075000
5 0.573047 0.978472 0.008594 0.040278
5 0.325000 0.675694 0.017188 0.070833
5 0.555078 0.318056 0.005469 0.036111
5 0.418750 0.974306 0.010937 0.048611
