0 0.837760 0.165278 0.025521 0.041667
0 0.576042 0.385648 0.033333 0.058333
0 0.403125 0.267593 0.015625 0.057407
0 0.339323 0.250463 0.027604 0.026852
0 0.264844 0.223148 0.022396 0.048148
0 0.575000 0.267130 0.036458 0.052778
0 0.516667 0.170833 0.023958 0.030556
0 0.553646 0.047685 0.019792 0.025000
0 0.750781 0.635185 0.102604 0.179630
0 0.841927 0.855093 0.102604 0.149074
0 0.494010 0.041667 0.022396 0.025926
0 0.643229 0.171759 0.025000 0.032407
0 0.343490 0.273611 0.031771 0.041667
0 0.390365 0.050926 0.023438 0.050000
0 0.510417 0.348148 0.037500 0.055556
0 0.738281 0.046296 0.018229 0.020370
0 0.579948 0.275463 0.039062 0.036111
0 0.779167 0.050463 0.017708 0.017593
0 0.069531 0.437037 0.098437 0.224074
0 0.506250 0.399537 0.046875 0.043519
0 0.395573 0.235648 0.027604 0.049074
0 0.509896 0.318519 0.034375 0.035185
0 0.291406 0.222222 0.032813 0.035185
0 0.933854 0.442130 0.048958 0.084259
0 0.862760 0.243519 0.030729 0.040741
0 0.610156 0.565278 0.068229 0.089815
0 0.214583 0.933333 0.145833 0.118519
0 0.475521 0.177315 0.025000 0.037963
0 0.436198 0.373611 0.048438 0.075000
0 0.546615 0.111574 0.020313 0.028704
0 0.919010 0.234722 0.022396 0.041667
0 0.363542 0.218981 0.040625 0.063889
0 0.516927 0.243519 0.035937 0.053704
0 0.819271 0.249537 0.029167 0.047222
0 0.580469 0.042593 0.018229 0.020370
0 0.567969 0.045370 0.015104 0.016667
0 0.446094 0.320833 0.039062 0.056481
0 0.655469 0.363426 0.041146 0.063889
0 0.719271 0.041667 0.016667 0.024074
0 0.509896 0.043519 0.010417 0.022222
0 0.506250 0.408333 0.046875 0.061111
0 0.772135 0.090278 0.029687 0.049074
0 0.799479 0.056481 0.016667 0.020370
0 0.577604 0.313426 0.046875 0.043519
0 0.803385 0.156481 0.024479 0.035185
0 0.929688 0.250926 0.029167 0.040741
0 0.801562 0.755556 0.109375 0.161111
0 0.587760 0.408333 0.068229 0.157407
0 0.832031 0.093056 0.021354 0.032407
0 0.666927 0.401852 0.054688 0.081481
0 0.513281 0.294907 0.039062 0.056481
0 0.430208 0.048148 0.016667 0.020370
0 0.504427 0.428704 0.045312 0.068519
0 0.573958 0.365278 0.052083 0.087963
0 0.596354 0.160648 0.023958 0.030556
0 0.644792 0.764352 0.100000 0.163889
0 0.589844 0.102315 0.019271 0.021296
0 0.394792 0.365278 0.037500 0.054630
0 0.766667 0.162963 0.022917 0.031481
0 0.433854 0.249537 0.055208 0.130556
0 0.446875 0.892593 0.113542 0.157407
0 0.982292 0.502315 0.034375 0.082407
0 0.685417 0.455556 0.050000 0.070370
0 0.523958 0.040278 0.019792 0.030556
3 0.856250 0.305556 0.286458 0.435185
3 0.802344 0.528241 0.394271 0.917593
3 0.614844 0.524537 0.275521 0.930556
3 0.650781 0.525926 0.222396 0.931481
3 0.119010 0.346759 0.238021 0.684259
3 0.233333 0.631019 0.466667 0.717593
3 0.495573 0.524537 0.991146 0.928704
3 0.708073 0.533333 0.461979 0.911111
3 0.760156 0.524074 0.366146 0.933333
3 0.457292 0.556019 0.201042 0.871296
3 0.859896 0.321759 0.279167 0.402778
4 0.814583 0.404630 0.369792 0.674074
4 0.797396 0.524074 0.404167 0.933333
4 0.165885 0.593056 0.331771 0.676852
5 0.797135 0.527778 0.382812 0.925926
5 0.201302 0.320833 0.095312 0.382407
5 0.165885 0.592593 0.331771 0.677778
5 0.814323 0.402778 0.370312 0.677778
