0 0.745283 0.145397 0.061321 0.110879
0 0.393868 0.592050 0.160377 0.464435
0 0.488797 0.083682 0.027123 0.058577
0 0.509434 0.006276 0.007075 0.012552
0 0.632665 0.042887 0.057783 0.085774
0 0.449292 0.037657 0.007075 0.025105
0 0.429835 0.036611 0.008255 0.023013
0 0.032429 0.140167 0.064858 0.129707
0 0.870283 0.278243 0.011792 0.054393
0 0.144458 0.849372 0.060142 0.184100
0 0.416863 0.199791 0.057783 0.102510
0 0.170991 0.072176 0.042453 0.043933
0 0.455778 0.003138 0.010613 0.006276
0 0.214623 0.597280 0.040094 0.127615
0 0.614976 0.700837 0.048349 0.167364
0 0.287146 0.627615 0.050708 0.146444
0 0.508844 0.246862 0.088443 0.259414
0 0.486439 0.008368 0.010613 0.016736
0 0.046580 0.351464 0.093160 0.092050
0 0.453420 0.266736 0.020047 0.052301
0 0.979363 0.250000 0.038915 0.144351
0 0.452241 0.120293 0.043632 0.106695
0 0.441038 0.011506 0.018868 0.023013
0 0.408608 0.337866 0.024764 0.043933
0 0.466392 0.058577 0.027123 0.029289
0 0.473467 0.018828 0.020047 0.033473
0 0.392689 0.134937 0.016509 0.043933
0 0.606132 0.220711 0.084906 0.232218
1 0.814858 0.145397 0.014151 0.060669
1 0.676887 0.213389 0.018868 0.075314
1 0.695755 0.212343 0.018868 0.081590
1 0.784788 0.393305 0.031840 0.129707
1 0.655071 0.251046 0.012972 0.096234
1 0.577241 0.332636 0.022406 0.108787
3 0.104363 0.216527 0.208726 0.274059
3 0.414505 0.503138 0.829009 0.976987
4 0.090802 0.289749 0.025943 0.027197
4 0.207547 0.509414 0.415094 0.964435
4 0.298939 0.968619 0.017689 0.050209
4 0.264151 0.964435 0.023585 0.054393
5 0.333137 0.965481 0.213443 0.056485
5 0.281250 0.964435 0.102594 0.054393
7 0.287736 0.965481 0.070755 0.056485
