0 0.586343 0.479427 0.029167 0.014583
0 0.594676 0.471094 0.018056 0.008854
0 0.526620 0.529557 0.044907 0.026823
0 0.809722 0.856901 0.353704 0.285677
0 0.275000 0.571354 0.026852 0.015104
0 0.403241 0.514323 0.037037 0.019792
0 0.465509 0.454818 0.015278 0.013281
0 0.482639 0.532031 0.016204 0.019792
0 0.518056 0.506380 0.047222 0.020573
0 0.402546 0.501302 0.032870 0.014583
0 0.953704 0.697917 0.091667 0.042708
0 0.410648 0.631510 0.022222 0.038021
0 0.534722 0.549089 0.051852 0.037240
0 0.942361 0.697396 0.068981 0.044271
0 0.494907 0.663021 0.212037 0.193750
0 0.586806 0.622266 0.031944 0.037240
0 0.212731 0.722917 0.206944 0.123958
0 0.472917 0.486719 0.028241 0.011979
0 0.456481 0.509375 0.040741 0.023438
0 0.455093 0.536719 0.042593 0.031771
0 0.480556 0.455208 0.013889 0.010417
0 0.389352 0.560156 0.095370 0.070312
0 0.472685 0.494792 0.026852 0.020833
0 0.687963 0.567578 0.116667 0.097656
0 0.572685 0.471094 0.025000 0.015104
0 0.363426 0.535937 0.075000 0.033854
0 0.614120 0.486719 0.026389 0.018229
0 0.613426 0.506510 0.038889 0.021354
0 0.462269 0.496484 0.027315 0.019010
0 0.844444 0.756901 0.038889 0.047135
0 0.433796 0.504167 0.016667 0.015104
0 0.371296 0.532813 0.075000 0.035937
0 0.284954 0.606250 0.100463 0.058854
0 0.562500 0.520182 0.039815 0.025260
0 0.586343 0.590495 0.026389 0.024219
0 0.645602 0.672656 0.052315 0.050521
0 0.564583 0.463542 0.028241 0.009896
0 0.496065 0.478125 0.010648 0.011979
0 0.446991 0.468620 0.019907 0.011198
0 0.555324 0.485417 0.032870 0.015104
0 0.326852 0.662240 0.033333 0.043229
0 0.641667 0.492057 0.036111 0.020052
1 0.739815 0.541146 0.012963 0.031771
1 0.753472 0.514453 0.014352 0.023698
1 0.800463 0.485417 0.008333 0.014063
1 0.827083 0.508464 0.016204 0.022135
1 0.766435 0.512240 0.014352 0.026042
1 0.715278 0.520703 0.012963 0.017969
1 0.835417 0.605339 0.037500 0.044531
1 0.981481 0.656771 0.036111 0.060417
1 0.805093 0.500260 0.011111 0.023438
1 0.666667 0.510417 0.012037 0.017188
1 0.772454 0.557943 0.025463 0.026302
1 0.875926 0.617188 0.032407 0.044271
1 0.848843 0.508594 0.014352 0.023438
1 0.741204 0.532031 0.016667 0.019271
1 0.812963 0.506120 0.013889 0.020052
1 0.699074 0.513672 0.017593 0.016927
1 0.770833 0.587500 0.028704 0.041146
1 0.855556 0.567057 0.028704 0.038281
1 0.809259 0.617057 0.021296 0.050260
3 0.413889 0.729167 0.827778 0.541146
4 0.604167 0.882812 0.077778 0.233854
4 0.387731 0.647786 0.011574 0.014323
4 0.376620 0.646615 0.013426 0.015104
4 0.398611 0.601042 0.010185 0.010417
4 0.281019 0.897656 0.047222 0.072396
4 0.255324 0.894401 0.049537 0.070052
4 0.337269 0.725130 0.023611 0.028385
4 0.116204 0.713672 0.232407 0.186198
4 0.355787 0.726432 0.021759 0.028385
5 0.346296 0.725651 0.040741 0.030469
5 0.267593 0.896354 0.074074 0.074479
