0 0.163325 0.610879 0.031840 0.096234
0 0.607901 0.328452 0.034198 0.054393
0 0.023585 0.424686 0.030660 0.054393
0 0.565448 0.276151 0.017689 0.033473
0 0.954599 0.391213 0.057783 0.066946
0 0.817807 0.577406 0.152123 0.238494
0 0.905071 0.759414 0.180425 0.359833
0 0.718750 0.391213 0.076651 0.129707
0 0.950472 0.472803 0.096698 0.108787
0 0.051297 0.583682 0.027123 0.066946
0 0.444575 0.275105 0.025943 0.048117
0 0.081368 0.560669 0.028302 0.066946
0 0.011203 0.629707 0.022406 0.087866
0 0.059552 0.413180 0.022406 0.031381
0 0.955778 0.572176 0.086085 0.236402
0 0.215212 0.693515 0.036557 0.115063
0 0.887972 0.484310 0.044811 0.064854
0 0.064858 0.784519 0.129717 0.213389
0 0.431604 0.251046 0.035377 0.062762
0 0.500000 0.403766 0.047170 0.083682
0 0.396226 0.279289 0.023585 0.043933
0 0.352594 0.446653 0.103774 0.161088
0 0.299528 0.393305 0.011792 0.025105
0 0.622642 0.372385 0.051887 0.087866
0 0.475236 0.199791 0.009434 0.014644
0 0.038325 0.599372 0.031840 0.077406
0 0.804835 0.435146 0.048349 0.058577
0 0.646816 0.442469 0.048349 0.106695
0 0.679245 0.591004 0.101415 0.177824
0 0.759434 0.871339 0.167453 0.244770
0 0.552476 0.369247 0.045991 0.115063
0 0.561321 0.622385 0.075472 0.161088
0 0.590212 0.288703 0.029481 0.071130
0 0.561910 0.237448 0.022406 0.043933
0 0.570165 0.283473 0.012972 0.039749
0 0.653302 0.294979 0.049528 0.096234
0 0.463443 0.210251 0.009434 0.014644
0 0.732311 0.534519 0.025943 0.085774
1 0.886203 0.387029 0.015330 0.071130
1 0.992335 0.374477 0.012972 0.062762
1 0.867335 0.423640 0.015330 0.077406
1 0.925118 0.380753 0.012972 0.066946
1 0.866156 0.349372 0.010613 0.046025
1 0.836085 0.342050 0.011792 0.043933
3 0.543632 0.306485 0.110849 0.265690
3 0.752948 0.582636 0.491745 0.813808
3 0.237028 0.605649 0.474057 0.771967
4 0.317217 0.412134 0.132075 0.171548
4 0.377948 0.358787 0.253538 0.278243
5 0.568396 0.439331 0.089623 0.012552
5 0.584316 0.389121 0.008255 0.020921
5 0.140330 0.646444 0.018868 0.029289
5 0.664505 0.396444 0.031840 0.056485
5 0.358491 0.358787 0.214623 0.278243
5 0.275354 0.464435 0.048349 0.066946
5 0.493514 0.351464 0.050708 0.179916
5 0.592571 0.419456 0.012972 0.031381
5 0.288325 0.510460 0.027123 0.033473
5 0.316038 0.412134 0.129717 0.171548
7 0.520637 0.476987 0.204009 0.054393
