0 0.606641 0.173611 0.016406 0.058333
0 0.381250 0.486806 0.023438 0.104167
0 0.282031 0.502778 0.115625 0.272222
0 0.466797 0.431944 0.021094 0.077778
0 0.517188 0.930556 0.112500 0.136111
0 0.449609 0.031944 0.011719 0.050000
1 0.867188 0.040972 0.037500 0.081944
1 0.825781 0.468750 0.032813 0.098611
1 0.393750 0.441667 0.014063 0.075000
1 0.702344 0.074306 0.010937 0.079167
1 0.763281 0.093750 0.020313 0.070833
3 0.432031 0.497917 0.625000 0.995833
4 0.419141 0.975000 0.011719 0.047222
4 0.485156 0.127083 0.004687 0.020833
4 0.423047 0.125694 0.007031 0.020833
4 0.549219 0.127083 0.004687 0.020833
4 0.339453 0.588889 0.046094 0.244444
4 0.682422 0.499306 0.153906 0.998611
4 0.551953 0.209722 0.005469 0.027778
4 0.489844 0.061806 0.004687 0.018056
4 0.272266 0.975694 0.014844 0.045833
4 0.434375 0.060417 0.004687 0.015278
4 0.494141 0.007639 0.003906 0.015278
4 0.388672 0.314583 0.010156 0.034722
4 0.362500 0.463194 0.012500 0.045833
4 0.545703 0.010417 0.003906 0.015278
4 0.457422 0.470833 0.007031 0.036111
4 0.408594 0.207639 0.007812 0.026389
4 0.555078 0.318750 0.005469 0.037500
4 0.559766 0.463889 0.007031 0.050000
4 0.575781 0.978472 0.006250 0.040278
4 0.478516 0.209722 0.005469 0.027778
4 0.469922 0.318750 0.007031 0.040278
4 0.442188 0.682639 0.010937 0.073611
4 0.565625 0.681250 0.009375 0.070833
4 0.547266 0.062500 0.003906 0.019444
5 0.419141 0.975000 0.011719 0.047222
5 0.485156 0.127083 0.004687 0.020833
5 0.775391 0.036111 0.030469 0.072222
5 0.423047 0.125694 0.007031 0.020833
5 0.549219 0.127083 0.004687 0.020833
5 0.682422 0.499306 0.153906 0.998611
5 0.489844 0.061111 0.004687 0.016667
5 0.272266 0.975694 0.014844 0.045833
5 0.494141 0.007639 0.003906 0.015278
5 0.362109 0.463194 0.011719 0.045833
5 0.339453 0.588889 0.046094 0.244444
5 0.551953 0.209722 0.005469 0.027778
5 0.545703 0.010417 0.003906 0.015278
5 0.434375 0.060417 0.004687 0.015278
5 0.457422 0.470833 0.007031 0.036111
5 0.408594 0.206944 0.007812 0.025000
5 0.559766 0.463889 0.007031 0.050000
5 0.575781 0.978472 0.006250 0.040278
5 0.478516 0.209722 0.005469 0.027778
5 0.469922 0.318750 0.007031 0.040278
5 0.441797 0.682639 0.010156 0.073611
5 0.565234 0.681250 0.008594 0.070833
5 0.555078 0.318750 0.005469 0.037500
5 0.547266 0.062500 0.003906 0.019444
5 0.388672 0.314583 0.010156 0.034722
