0 0.525694 0.591146 0.030093 0.018750
0 0.483333 0.543229 0.024074 0.026562
0 0.217361 0.658854 0.043981 0.027604
0 0.586806 0.481380 0.026389 0.016406
0 0.513194 0.491797 0.012500 0.012760
0 0.493056 0.467969 0.008333 0.010417
0 0.828935 0.845443 0.100463 0.104427
0 0.200463 0.640755 0.024074 0.036198
0 0.253472 0.618099 0.032870 0.035156
0 0.683796 0.581510 0.126852 0.107292
0 0.510880 0.514193 0.051389 0.027344
0 0.478241 0.475260 0.009259 0.013542
0 0.389583 0.513021 0.039352 0.022917
0 0.439815 0.489714 0.012037 0.015885
0 0.419907 0.508464 0.018519 0.021094
0 0.951852 0.700391 0.095370 0.042969
0 0.382176 0.661458 0.041204 0.045833
0 0.150926 0.729036 0.198148 0.124219
0 0.461574 0.498177 0.046296 0.026042
0 0.455556 0.517839 0.040741 0.032552
0 0.441204 0.551823 0.056481 0.036979
0 0.373380 0.537370 0.060648 0.023177
0 0.351852 0.594401 0.125926 0.091927
0 0.453009 0.501823 0.035648 0.019271
0 0.560417 0.525000 0.044907 0.027083
0 0.572222 0.472396 0.026852 0.015104
0 0.311343 0.560547 0.024537 0.034635
0 0.606250 0.488802 0.031944 0.019271
0 0.609722 0.510417 0.040741 0.021354
0 0.565278 0.465234 0.023148 0.009115
0 0.437731 0.477083 0.025463 0.013021
0 0.397685 0.527083 0.042593 0.028125
0 0.531944 0.537630 0.056481 0.029948
0 0.471991 0.459635 0.024537 0.013021
0 0.909259 0.525130 0.040741 0.023698
0 0.664352 0.700130 0.075926 0.051302
0 0.533333 0.563021 0.062037 0.040625
0 0.489120 0.482292 0.011574 0.014063
0 0.520602 0.744271 0.297685 0.287500
0 0.620139 0.664193 0.038426 0.047656
0 0.553935 0.486458 0.033796 0.015625
0 0.636111 0.492188 0.047222 0.020833
0 0.481481 0.457552 0.012037 0.008854
0 0.334954 0.717318 0.062500 0.063802
1 0.895370 0.513932 0.015741 0.021615
1 0.736574 0.551823 0.012963 0.022917
1 0.744444 0.515625 0.009259 0.016146
1 0.838426 0.511589 0.010185 0.025260
1 0.820833 0.510547 0.013889 0.021094
1 0.664352 0.516667 0.011111 0.024479
1 0.759954 0.520964 0.018056 0.024740
1 0.689583 0.516406 0.011574 0.019792
1 0.845370 0.618490 0.029630 0.051042
1 0.973148 0.635677 0.022222 0.040104
1 0.763426 0.604948 0.032407 0.048958
1 0.837731 0.556250 0.024537 0.034896
1 0.917824 0.643359 0.022685 0.030990
1 0.798611 0.487370 0.008333 0.013281
1 0.522454 0.473438 0.006019 0.011458
1 0.830093 0.501172 0.012037 0.018490
1 0.862963 0.513021 0.014815 0.027083
1 0.986806 0.733854 0.025463 0.050521
1 0.739583 0.532943 0.018056 0.019531
1 0.803935 0.619010 0.030093 0.050000
1 0.793056 0.573307 0.025926 0.036198
1 0.764815 0.499609 0.012963 0.019531
1 0.846759 0.515885 0.013889 0.023958
1 0.863426 0.607031 0.020370 0.040625
3 0.305556 0.730208 0.611111 0.539062
3 0.498611 0.727214 0.997222 0.545052
4 0.274074 0.898438 0.050000 0.073958
4 0.721065 0.897917 0.112500 0.203646
4 0.030787 0.773177 0.061574 0.055729
4 0.248611 0.894661 0.050926 0.070052
4 0.677546 0.941536 0.048611 0.116406
4 0.612963 0.943750 0.045370 0.111979
4 0.793056 0.719661 0.027778 0.029427
5 0.721528 0.898047 0.111574 0.203385
5 0.274306 0.898438 0.049537 0.073958
5 0.031019 0.773568 0.062037 0.054948
5 0.248380 0.894661 0.050463 0.070052
5 0.677546 0.941667 0.048611 0.116146
5 0.612963 0.943880 0.045370 0.111719
5 0.792824 0.719661 0.027315 0.028906
