0 0.855990 0.175926 0.027604 0.040741
0 0.509115 0.478241 0.058854 0.043519
0 0.354948 0.304167 0.050521 0.045370
0 0.717448 0.063889 0.017188 0.027778
0 0.480469 0.617593 0.086979 0.125926
0 0.589323 0.105556 0.021354 0.024074
0 0.750521 0.203704 0.027083 0.059259
0 0.900000 0.173611 0.027083 0.043519
0 0.808854 0.172685 0.018750 0.034259
0 0.333333 0.213426 0.030208 0.075000
0 0.927865 0.207407 0.029687 0.048148
0 0.528385 0.047685 0.016146 0.015741
0 0.557813 0.162963 0.025000 0.048148
0 0.791146 0.203704 0.028125 0.044444
0 0.470052 0.851389 0.106771 0.149074
0 0.741406 0.200926 0.022396 0.061111
0 0.098698 0.243519 0.034896 0.040741
0 0.311719 0.476389 0.049479 0.069444
0 0.505990 0.342593 0.035937 0.050000
0 0.768750 0.442593 0.051042 0.066667
0 0.579427 0.315278 0.034896 0.049074
0 0.510677 0.049074 0.016146 0.018519
0 0.293750 0.226389 0.037500 0.036111
0 0.518229 0.136111 0.023958 0.050000
0 0.019010 0.427778 0.038021 0.183333
0 0.412240 0.263426 0.033854 0.037963
0 0.414583 0.329630 0.036458 0.025926
0 0.053385 0.200463 0.031771 0.049074
0 0.332292 0.662500 0.088542 0.128704
0 0.752344 0.076389 0.018229 0.036111
0 0.849479 0.280556 0.025000 0.044444
0 0.797917 0.088889 0.014583 0.027778
0 0.513281 0.431019 0.046354 0.062037
0 0.388542 0.067593 0.012500 0.024074
0 0.614062 0.590278 0.082292 0.117593
0 0.474479 0.124537 0.019792 0.025000
0 0.447656 0.387037 0.027604 0.070370
0 0.551042 0.049537 0.019792 0.025000
0 0.349479 0.258333 0.033333 0.055556
0 0.395052 0.464815 0.088021 0.242593
0 0.668229 0.903241 0.136458 0.178704
0 0.476302 0.155556 0.024479 0.040741
0 0.795312 0.292593 0.033333 0.051852
0 0.345052 0.297222 0.030729 0.042593
0 0.390885 0.315278 0.028646 0.049074
0 0.332552 0.405093 0.085938 0.182407
0 0.594792 0.139352 0.021875 0.037963
0 0.738281 0.049537 0.017188 0.015741
0 0.422396 0.287037 0.035417 0.046296
0 0.369531 0.211111 0.044271 0.083333
0 0.519271 0.128704 0.025000 0.042593
0 0.975521 0.266204 0.047917 0.117593
0 0.112500 0.360185 0.073958 0.201852
0 0.218750 0.936111 0.143750 0.112963
0 0.023438 0.011574 0.046875 0.023148
0 0.954688 0.397222 0.041667 0.061111
0 0.473698 0.051389 0.013021 0.012037
0 0.799479 0.051852 0.014583 0.016667
0 0.827083 0.336111 0.033333 0.053704
0 0.601042 0.466667 0.064583 0.092593
0 0.663542 0.804167 0.110417 0.126852
0 0.520052 0.108796 0.023438 0.032407
0 0.333594 0.448148 0.033854 0.068519
0 0.481250 0.359722 0.040625 0.054630
0 0.399479 0.081481 0.023958 0.038889
0 0.470052 0.744907 0.092188 0.125000
0 0.506771 0.535185 0.078125 0.107407
0 0.098177 0.218056 0.035937 0.039815
0 0.558594 0.137037 0.023438 0.029630
0 0.631510 0.651389 0.096354 0.143519
0 0.825000 0.089815 0.018750 0.020370
0 0.546615 0.086111 0.018229 0.027778
0 0.673438 0.439815 0.047917 0.070370
0 0.584375 0.048148 0.019792 0.025926
0 0.821354 0.183796 0.025000 0.039815
0 0.642969 0.319907 0.035937 0.049074
0 0.762500 0.229630 0.031250 0.051852
0 0.775000 0.181944 0.021875 0.043519
0 0.294792 0.788426 0.100000 0.134259
0 0.957812 0.334259 0.038542 0.055556
0 0.481510 0.088889 0.021354 0.027778
0 0.816667 0.242593 0.030208 0.040741
0 0.493750 0.055093 0.019792 0.026852
3 0.855990 0.341204 0.286979 0.439815
3 0.807552 0.554167 0.383854 0.867593
3 0.118490 0.393519 0.236979 0.590741
3 0.229948 0.625463 0.459896 0.730556
3 0.756771 0.525926 0.352083 0.925926
3 0.453646 0.557870 0.193750 0.867593
4 0.823177 0.316667 0.352604 0.398148
4 0.790365 0.524537 0.390104 0.928704
4 0.814583 0.407407 0.369792 0.674074
4 0.163021 0.594444 0.326042 0.675926
5 0.351042 0.983333 0.011458 0.018519
5 0.790365 0.524074 0.390104 0.927778
5 0.814323 0.405093 0.370312 0.678704
5 0.206250 0.878704 0.011458 0.016667
5 0.365625 0.926389 0.011458 0.017593
5 0.201823 0.317593 0.095312 0.374074
5 0.163021 0.594444 0.326042 0.675926
5 0.757031 0.977778 0.011979 0.020370
