0 0.743514 0.153766 0.060142 0.115063
0 0.471698 0.030335 0.011792 0.031381
0 0.620283 0.264644 0.115566 0.269874
0 0.464033 0.093096 0.034198 0.056485
0 0.388561 0.191423 0.015330 0.052301
0 0.032429 0.199791 0.064858 0.115063
0 0.451061 0.149582 0.038915 0.073222
0 0.455778 0.014644 0.017689 0.029289
0 0.658019 0.897490 0.264151 0.192469
0 0.020637 0.310669 0.041274 0.073222
0 0.422759 0.067992 0.029481 0.052301
0 0.352005 0.513598 0.121462 0.261506
0 0.182783 0.097280 0.051887 0.081590
0 0.333137 0.338912 0.022406 0.075314
0 0.317807 0.281381 0.020047 0.064854
0 0.466981 0.186192 0.040094 0.092050
0 0.442217 0.040795 0.021226 0.039749
0 0.977594 0.257322 0.042453 0.142259
0 0.392689 0.955021 0.049528 0.077406
0 0.417453 0.294979 0.080189 0.213389
0 0.158608 0.081590 0.020047 0.046025
0 0.496462 0.043933 0.035377 0.087866
1 0.817807 0.153766 0.012972 0.069038
1 0.673939 0.222803 0.015330 0.077406
1 0.899175 0.573222 0.041274 0.150628
1 0.685731 0.216527 0.010613 0.073222
1 0.692807 0.224895 0.015330 0.073222
3 0.250590 0.538703 0.501179 0.901674
3 0.066627 0.321130 0.133255 0.156904
3 0.372052 0.510460 0.744104 0.962343
3 0.370283 0.510460 0.740566 0.958159
3 0.583726 0.508368 0.320755 0.962343
4 0.087854 0.300209 0.024764 0.027197
4 0.193396 0.546025 0.386792 0.882845
4 0.505896 0.260460 0.004717 0.027197
4 0.297759 0.973849 0.017689 0.039749
4 0.262972 0.968619 0.021226 0.046025
5 0.279481 0.969665 0.054245 0.048117
5 0.372642 0.808577 0.240566 0.366109
5 0.458137 0.762552 0.069575 0.274059
