0 0.342571 0.346234 0.010613 0.027197
0 0.472288 0.209205 0.010613 0.020921
0 0.957547 0.406904 0.058962 0.056485
0 0.905071 0.777197 0.187500 0.416318
0 0.942217 0.489540 0.096698 0.108787
0 0.374410 0.353556 0.015330 0.046025
0 0.492925 0.417364 0.047170 0.085774
0 0.800118 0.651674 0.029481 0.123431
0 0.007075 0.656904 0.014151 0.062762
0 0.963443 0.628661 0.070755 0.253138
0 0.337264 0.469665 0.016509 0.035565
0 0.707547 0.592050 0.025943 0.041841
0 0.238208 0.620293 0.103774 0.131799
0 0.567217 0.306485 0.018868 0.056485
0 0.412736 0.358787 0.061321 0.119247
0 0.412146 0.273013 0.020047 0.035565
0 0.571344 0.260460 0.029481 0.048117
0 0.243514 0.511506 0.086085 0.106695
0 0.459906 0.266736 0.021226 0.035565
0 0.070165 0.577406 0.034198 0.062762
0 0.754717 0.465481 0.101415 0.177824
0 0.436321 0.281381 0.025943 0.043933
0 0.286557 0.445607 0.016509 0.037657
0 0.023585 0.614017 0.040094 0.069038
0 0.010613 0.805439 0.021226 0.104603
0 0.832547 0.376569 0.016509 0.037657
0 0.660377 0.516736 0.063679 0.133891
0 0.438090 0.264644 0.029481 0.077406
0 0.965212 0.496862 0.067217 0.110879
0 0.772995 0.699791 0.036557 0.110879
0 0.545991 0.384937 0.047170 0.117155
0 0.460495 0.215481 0.008255 0.012552
0 0.633844 0.430962 0.060142 0.108787
0 0.593750 0.323222 0.036557 0.085774
0 0.715212 0.741632 0.137972 0.257322
0 0.070165 0.668410 0.036557 0.089958
0 0.619104 0.372385 0.042453 0.062762
0 0.586675 0.962343 0.104953 0.066946
0 0.675118 0.339958 0.062500 0.123431
0 0.879127 0.496862 0.045991 0.073222
1 0.015920 0.395397 0.010613 0.037657
1 0.100825 0.408996 0.010613 0.052301
1 0.868514 0.412134 0.015330 0.066946
1 0.865566 0.357741 0.014151 0.046025
1 0.815448 0.424686 0.012972 0.075314
1 0.882075 0.361925 0.009434 0.046025
3 0.757665 0.591004 0.458726 0.797071
3 0.227005 0.650628 0.454009 0.682008
3 0.537736 0.331590 0.125000 0.253138
4 0.135613 0.655858 0.028302 0.039749
4 0.074882 0.738494 0.038915 0.054393
5 0.576061 0.401674 0.008255 0.020921
5 0.669811 0.430962 0.018868 0.029289
5 0.365566 0.440377 0.007075 0.010460
5 0.135613 0.655858 0.028302 0.039749
5 0.750000 0.575314 0.011792 0.016736
5 0.074882 0.738494 0.038915 0.054393
5 0.485259 0.367155 0.048349 0.173640
5 0.339033 0.394351 0.081368 0.085774
5 0.586085 0.434100 0.009434 0.031381
5 0.556604 0.452929 0.082547 0.010460
7 0.447524 0.500000 0.317217 0.066946
