0 0.336719 0.295833 0.079687 0.172222
0 0.441406 0.225000 0.056250 0.152778
0 0.658984 0.638889 0.032031 0.119444
0 0.546094 0.159028 0.051562 0.134722
1 0.713281 0.104861 0.014063 0.048611
1 0.814063 0.382639 0.029687 0.087500
1 0.784766 0.079861 0.028906 0.079167
3 0.433984 0.498611 0.622656 0.997222
4 0.548047 0.063194 0.003906 0.018056
4 0.419922 0.975000 0.011719 0.047222
4 0.486328 0.127083 0.005469 0.020833
4 0.491406 0.063194 0.004687 0.018056
4 0.479687 0.209722 0.006250 0.027778
4 0.444531 0.009028 0.004687 0.012500
4 0.459375 0.463889 0.009375 0.050000
4 0.471484 0.316667 0.007031 0.036111
4 0.682813 0.499306 0.154688 0.998611
4 0.435547 0.061806 0.005469 0.015278
4 0.566406 0.681944 0.009375 0.069444
4 0.273047 0.975694 0.014844 0.045833
4 0.250781 0.497222 0.287500 0.994444
4 0.495312 0.009722 0.004687 0.013889
4 0.409375 0.208333 0.007812 0.025000
4 0.363281 0.463889 0.012500 0.047222
4 0.423828 0.127083 0.007031 0.020833
4 0.389453 0.315972 0.010156 0.034722
4 0.560156 0.465278 0.006250 0.050000
4 0.442969 0.682639 0.010937 0.073611
4 0.574609 0.979167 0.008594 0.038889
4 0.342187 0.577778 0.050000 0.269444
4 0.556250 0.320139 0.006250 0.037500
4 0.546484 0.010417 0.003906 0.015278
5 0.409375 0.208333 0.007812 0.025000
5 0.548047 0.063194 0.003906 0.018056
5 0.419922 0.975000 0.011719 0.047222
5 0.486719 0.127083 0.004687 0.020833
5 0.491406 0.062500 0.004687 0.016667
5 0.479687 0.209722 0.006250 0.027778
5 0.444531 0.009028 0.004687 0.012500
5 0.459375 0.463889 0.009375 0.050000
5 0.471484 0.316667 0.007031 0.036111
5 0.682813 0.499306 0.154688 0.998611
5 0.435547 0.061806 0.005469 0.015278
5 0.566797 0.681944 0.008594 0.069444
5 0.273438 0.975694 0.015625 0.045833
5 0.251172 0.497222 0.286719 0.994444
5 0.423828 0.127083 0.007031 0.020833
5 0.495312 0.009722 0.004687 0.013889
5 0.363281 0.463889 0.012500 0.047222
5 0.389844 0.315972 0.009375 0.034722
5 0.560156 0.465278 0.006250 0.050000
5 0.442969 0.682639 0.010937 0.073611
5 0.574219 0.979167 0.009375 0.038889
5 0.321094 0.699306 0.090625 0.512500
5 0.556250 0.319444 0.006250 0.036111
5 0.546484 0.010417 0.003906 0.015278
