0 0.741156 0.137029 0.062500 0.106695
0 0.468750 0.085774 0.029481 0.066946
0 0.162736 0.056485 0.042453 0.046025
0 0.678656 0.380753 0.175708 0.393305
0 0.432783 0.490586 0.091981 0.232218
0 0.380307 0.168410 0.055425 0.098326
0 0.448113 0.202929 0.056604 0.104603
0 0.416274 0.106695 0.037736 0.066946
0 0.450472 0.156904 0.037736 0.020921
0 0.528892 0.121339 0.076651 0.171548
0 0.434552 0.043933 0.024764 0.058577
0 0.975825 0.239540 0.045991 0.140167
0 0.434552 0.310669 0.064858 0.135983
0 0.316038 0.215481 0.016509 0.054393
0 0.618514 0.131799 0.015330 0.046025
0 0.431014 0.008368 0.024764 0.016736
1 0.986439 0.572176 0.024764 0.156904
1 0.691627 0.186192 0.015330 0.037657
3 0.212854 0.527197 0.425708 0.924686
3 0.091392 0.225941 0.182783 0.301255
3 0.429835 0.496862 0.859670 0.985356
4 0.080778 0.277197 0.024764 0.027197
4 0.410377 0.196653 0.007075 0.016736
4 0.548939 0.844142 0.022406 0.161088
4 0.502358 0.239540 0.004717 0.027197
4 0.016509 0.259414 0.033019 0.025105
4 0.293042 0.960251 0.017689 0.062762
4 0.256486 0.959205 0.024764 0.069038
4 0.206958 0.487448 0.413915 0.949791
4 0.401533 0.234310 0.020047 0.087866
4 0.176297 0.559623 0.352594 0.805439
4 0.374410 0.372385 0.012972 0.037657
4 0.334906 0.572176 0.018868 0.064854
4 0.174528 0.560669 0.349057 0.803347
4 0.390330 0.378661 0.009434 0.033473
4 0.359670 0.574268 0.016509 0.069038
5 0.346108 0.573222 0.043632 0.071130
