0 0.234080 0.537657 0.027123 0.058577
0 0.968750 0.410042 0.060142 0.058577
0 0.812500 0.548117 0.141509 0.242678
0 0.567217 0.372385 0.014151 0.083682
0 0.965802 0.724895 0.066038 0.345188
0 0.698113 0.371339 0.073113 0.148536
0 0.963443 0.526151 0.070755 0.173640
0 0.071344 0.575314 0.031840 0.058577
0 0.411557 0.302301 0.023585 0.027197
0 0.492925 0.414226 0.047170 0.083682
0 0.606132 0.347280 0.042453 0.100418
0 0.458726 0.260460 0.021226 0.035565
0 0.306604 0.329498 0.018868 0.023013
0 0.935142 0.489540 0.082547 0.108787
0 0.695755 0.629707 0.084906 0.184100
0 0.370873 0.414226 0.034198 0.071130
0 0.474057 0.196653 0.009434 0.016736
0 0.185731 0.637029 0.107311 0.135983
0 0.816038 0.974895 0.122642 0.046025
0 0.006486 0.654812 0.012972 0.062762
0 0.599646 0.266736 0.038915 0.052301
0 0.444575 0.292887 0.033019 0.062762
0 0.426887 0.258368 0.016509 0.027197
0 0.464033 0.205021 0.008255 0.012552
0 0.241156 0.460251 0.015330 0.033473
0 0.024764 0.608787 0.040094 0.075314
0 0.089033 0.881799 0.062500 0.161088
0 0.626179 0.410042 0.042453 0.083682
0 0.579599 0.333682 0.012972 0.048117
0 0.798349 0.844142 0.054245 0.156904
0 0.649764 0.484310 0.073113 0.135983
0 0.287736 0.281381 0.016509 0.023013
0 0.545401 0.384937 0.045991 0.112971
0 0.575472 0.310669 0.023585 0.043933
0 0.068396 0.679916 0.035377 0.108787
0 0.341392 0.382845 0.045991 0.071130
1 0.872642 0.367155 0.014151 0.048117
1 0.859080 0.418410 0.017689 0.075314
3 0.747642 0.588912 0.426887 0.797071
3 0.196344 0.646444 0.392689 0.686192
3 0.612028 0.607741 0.646226 0.763598
3 0.530660 0.328452 0.122642 0.246862
3 0.565448 0.326360 0.079009 0.242678
4 0.584316 0.426778 0.012972 0.046025
4 0.916863 0.868201 0.057783 0.104603
4 0.007075 0.831590 0.014151 0.027197
4 0.074882 0.737448 0.038915 0.052301
4 0.312500 0.417364 0.132075 0.165272
4 0.596698 0.307531 0.129717 0.213389
4 0.486439 0.357741 0.050708 0.205021
4 0.555425 0.452929 0.087264 0.010460
4 0.718160 0.517782 0.016509 0.023013
4 0.699882 0.475941 0.022406 0.027197
5 0.916863 0.868201 0.057783 0.104603
5 0.126769 0.667364 0.010613 0.012552
5 0.007075 0.831590 0.014151 0.027197
5 0.347288 0.479079 0.008255 0.016736
5 0.074882 0.737448 0.038915 0.052301
5 0.556014 0.451883 0.086085 0.012552
5 0.311910 0.418410 0.130896 0.163180
5 0.597288 0.309623 0.128538 0.209205
5 0.485849 0.358787 0.049528 0.202929
5 0.699882 0.475941 0.022406 0.027197
5 0.586085 0.432008 0.011792 0.035565
5 0.718160 0.517782 0.016509 0.023013
7 0.438679 0.500000 0.334906 0.066946
