0 0.835156 0.112500 0.032813 0.080556
0 0.259896 0.585648 0.063542 0.095370
0 0.577604 0.362500 0.038542 0.062037
0 0.605729 0.187500 0.029167 0.043519
0 0.125781 0.368056 0.074479 0.182407
0 0.560156 0.181019 0.024479 0.036111
0 0.515365 0.083796 0.020313 0.028704
0 0.550260 0.071759 0.019271 0.019444
0 0.823438 0.056481 0.019792 0.027778
0 0.544010 0.047685 0.011979 0.019444
0 0.516927 0.280556 0.042188 0.046296
0 0.397396 0.319444 0.022917 0.057407
0 0.757031 0.146296 0.021354 0.031481
0 0.438802 0.325463 0.038021 0.056481
0 0.469010 0.970833 0.100521 0.043519
0 0.712500 0.111111 0.014583 0.040741
0 0.009635 0.512037 0.019271 0.064815
0 0.367708 0.347222 0.055208 0.074074
0 0.719271 0.562500 0.066667 0.078704
0 0.570833 0.256944 0.031250 0.041667
0 0.527083 0.041204 0.019792 0.030556
0 0.808333 0.060185 0.017708 0.035185
0 0.569792 0.292130 0.029167 0.036111
0 0.402604 0.076389 0.019792 0.028704
0 0.016406 0.588889 0.032813 0.088889
0 0.389844 0.242130 0.029687 0.045370
0 0.465885 0.237963 0.031771 0.050000
0 0.939063 0.268519 0.031250 0.042593
0 0.760417 0.052778 0.016667 0.024074
0 0.852865 0.233333 0.028646 0.037037
0 0.498177 0.454630 0.052604 0.090741
0 0.311979 0.687500 0.121875 0.223148
0 0.586719 0.385648 0.042188 0.054630
0 0.400260 0.262500 0.030729 0.050926
0 0.487240 0.077315 0.017188 0.023148
0 0.334115 0.226852 0.032813 0.042593
0 0.421354 0.361574 0.044792 0.080556
0 0.373177 0.279167 0.034896 0.028704
0 0.673177 0.904630 0.121354 0.161111
0 0.528385 0.174537 0.024479 0.036111
0 0.819531 0.244907 0.028646 0.049074
0 0.645312 0.324537 0.035417 0.047222
0 0.578906 0.035185 0.021354 0.037037
0 0.372656 0.307870 0.054688 0.036111
0 0.290365 0.530093 0.058854 0.084259
0 0.581250 0.311574 0.050000 0.071296
0 0.470573 0.194907 0.029687 0.045370
0 0.745313 0.051389 0.014583 0.017593
0 0.718229 0.068056 0.016667 0.026852
0 0.496615 0.051852 0.017188 0.022222
0 0.375781 0.651852 0.025521 0.101852
0 0.551562 0.100926 0.019792 0.027778
0 0.346875 0.254167 0.034375 0.049074
0 0.919792 0.247685 0.025000 0.039815
0 0.082552 0.817130 0.144271 0.260185
0 0.865625 0.143519 0.019792 0.033333
0 0.984635 0.357870 0.029687 0.062037
0 0.597917 0.282407 0.012500 0.037037
0 0.546354 0.343056 0.021875 0.067593
0 0.878385 0.155093 0.022396 0.032407
0 0.604688 0.737963 0.086458 0.125926
0 0.817448 0.079167 0.019271 0.030556
0 0.504948 0.362500 0.064062 0.141667
0 0.503646 0.553704 0.060417 0.079630
0 0.590104 0.093519 0.027083 0.038889
0 0.601302 0.587500 0.069271 0.093519
0 0.653646 0.352778 0.038542 0.068519
0 0.789844 0.125463 0.022396 0.034259
0 0.309635 0.711111 0.133854 0.266667
0 0.326562 0.458333 0.061458 0.087037
0 0.505208 0.042593 0.015625 0.027778
3 0.856250 0.339352 0.286458 0.437963
3 0.454688 0.556019 0.196875 0.869444
3 0.807552 0.554167 0.383854 0.865741
3 0.312500 0.631944 0.310417 0.717593
3 0.119010 0.343981 0.238021 0.687963
3 0.230729 0.636111 0.461458 0.709259
3 0.891146 0.292130 0.216667 0.313889
3 0.746094 0.555093 0.385937 0.867593
4 0.814063 0.288426 0.370833 0.449074
4 0.822656 0.431944 0.353646 0.623148
4 0.796354 0.526852 0.384375 0.927778
4 0.201563 0.318519 0.096875 0.377778
4 0.199219 0.590741 0.398438 0.679630
5 0.351302 0.982870 0.011979 0.017593
5 0.823177 0.318056 0.352604 0.391667
5 0.796094 0.524074 0.383854 0.933333
5 0.814583 0.404167 0.369792 0.678704
5 0.201302 0.318056 0.096354 0.376852
5 0.165885 0.590741 0.331771 0.677778
5 0.154427 0.987037 0.011979 0.011111
