0 0.507407 0.500521 0.012963 0.012500
0 0.526620 0.505339 0.014352 0.016406
0 0.787269 0.851562 0.097685 0.098958
0 0.415972 0.504036 0.012500 0.013802
0 0.191898 0.652083 0.077315 0.071875
0 0.387500 0.543229 0.048148 0.032813
0 0.423380 0.586719 0.077315 0.048958
0 0.471991 0.568880 0.025463 0.033073
0 0.702083 0.597135 0.147685 0.118750
0 0.509722 0.521745 0.049074 0.028906
0 0.377778 0.526563 0.045370 0.027604
0 0.490046 0.490755 0.010648 0.013802
0 0.077083 0.756120 0.075463 0.079427
0 0.409954 0.520312 0.018056 0.023958
0 0.479167 0.545964 0.025000 0.026823
0 0.953009 0.704688 0.093056 0.044792
0 0.585648 0.484505 0.025000 0.016406
0 0.591204 0.669922 0.058333 0.039844
0 0.464120 0.480208 0.008796 0.011979
0 0.466204 0.500781 0.033333 0.019792
0 0.456019 0.534766 0.044444 0.029427
0 0.500000 0.464323 0.006481 0.008333
0 0.264120 0.681641 0.210648 0.161719
0 0.465046 0.506771 0.031944 0.024479
0 0.564120 0.535807 0.047685 0.029427
0 0.562731 0.468359 0.024537 0.008594
0 0.606944 0.517969 0.043519 0.023958
0 0.449306 0.517188 0.038426 0.027083
0 0.389583 0.779427 0.040278 0.082812
0 0.573148 0.478646 0.023148 0.014063
0 0.425926 0.489714 0.030556 0.016927
0 0.493981 0.478906 0.010185 0.012500
0 0.405556 0.702214 0.049074 0.037240
0 0.347917 0.567057 0.075463 0.040885
0 0.292361 0.589453 0.037500 0.024219
0 0.941667 0.966146 0.078704 0.067187
0 0.777546 0.520964 0.025463 0.020573
0 0.534722 0.555339 0.062037 0.035677
0 0.471296 0.468620 0.022222 0.014844
0 0.906250 0.528125 0.036574 0.023438
0 0.532176 0.586849 0.073611 0.048177
0 0.446991 0.666797 0.042130 0.046094
0 0.500231 0.632682 0.031944 0.039844
0 0.634491 0.842839 0.456944 0.313802
0 0.553241 0.490104 0.033333 0.015625
0 0.637037 0.496224 0.040741 0.020052
0 0.513426 0.675000 0.052778 0.025000
0 0.610648 0.492708 0.027778 0.019792
0 0.484028 0.462760 0.008796 0.014063
0 0.289120 0.832161 0.087500 0.097135
0 0.942130 0.702995 0.072222 0.044531
0 0.640509 0.705339 0.044907 0.037240
1 0.826389 0.511849 0.012037 0.027865
1 0.851157 0.516927 0.013426 0.021354
1 0.809259 0.585677 0.028704 0.038542
1 0.836806 0.515885 0.012500 0.022917
1 0.894676 0.636849 0.026389 0.050260
1 0.808333 0.606771 0.025000 0.029167
1 0.664120 0.519661 0.010648 0.024219
1 0.870139 0.522786 0.017130 0.023698
1 0.808102 0.577083 0.027315 0.021875
1 0.875231 0.618750 0.021759 0.047396
1 0.739815 0.536458 0.016667 0.019792
1 0.810417 0.627865 0.018056 0.036979
1 0.736806 0.550521 0.012500 0.017708
1 0.758565 0.533724 0.017130 0.024219
1 0.777778 0.500391 0.012037 0.016927
1 0.825463 0.548828 0.022222 0.032031
3 0.765278 0.748177 0.454630 0.503125
3 0.247454 0.727995 0.494907 0.543490
3 0.495139 0.725911 0.990278 0.547656
4 0.373380 0.650391 0.014352 0.015365
4 0.351852 0.731380 0.022222 0.029427
4 0.024537 0.784375 0.049074 0.042708
4 0.249306 0.899609 0.050463 0.070573
4 0.333565 0.729557 0.023611 0.027865
4 0.273611 0.909635 0.043519 0.061458
4 0.137500 0.696745 0.047222 0.037760
4 0.102546 0.724740 0.205093 0.161979
4 0.385185 0.651693 0.012963 0.016406
4 0.544444 0.677344 0.011111 0.018750
4 0.534028 0.638672 0.011574 0.018490
5 0.373380 0.650391 0.014352 0.015365
5 0.024537 0.784375 0.049074 0.042188
5 0.249306 0.899740 0.050463 0.070312
5 0.333333 0.729557 0.023148 0.027865
5 0.273611 0.909766 0.043519 0.061198
5 0.137269 0.696615 0.046759 0.038021
5 0.080324 0.741667 0.160648 0.128125
5 0.385185 0.651563 0.012963 0.016146
5 0.351620 0.731380 0.021759 0.029427
5 0.544444 0.677344 0.011111 0.018750
5 0.534028 0.638672 0.011574 0.018490
