0 0.299609 0.452778 0.100781 0.230556
0 0.458203 0.011806 0.035156 0.023611
0 0.530078 0.020139 0.011719 0.040278
1 0.805859 0.312500 0.025781 0.086111
1 0.817578 0.062500 0.025781 0.091667
1 0.980078 0.013194 0.035156 0.026389
1 0.843750 0.063194 0.023438 0.059722
3 0.436719 0.499306 0.623437 0.998611
4 0.364844 0.465278 0.012500 0.047222
4 0.548047 0.013194 0.003906 0.015278
4 0.421875 0.975694 0.010937 0.045833
4 0.551562 0.130556 0.004687 0.022222
4 0.436719 0.063889 0.006250 0.016667
4 0.460938 0.465972 0.009375 0.051389
4 0.391406 0.317361 0.010937 0.034722
4 0.472266 0.318750 0.007031 0.034722
4 0.685156 0.499306 0.156250 0.998611
4 0.553906 0.212500 0.004687 0.027778
4 0.492969 0.064583 0.004687 0.018056
4 0.425000 0.129167 0.006250 0.022222
4 0.275000 0.977083 0.014063 0.043056
4 0.410938 0.210417 0.007812 0.026389
4 0.496875 0.011111 0.004687 0.013889
4 0.575781 0.980556 0.009375 0.036111
4 0.487891 0.129167 0.005469 0.022222
4 0.562109 0.466667 0.007031 0.050000
4 0.480859 0.211806 0.005469 0.026389
4 0.444141 0.684722 0.011719 0.075000
4 0.570312 0.807639 0.014063 0.318056
4 0.557422 0.320833 0.005469 0.036111
4 0.344531 0.579861 0.050000 0.268056
4 0.549609 0.065278 0.003906 0.019444
5 0.548047 0.013194 0.003906 0.015278
5 0.421875 0.975694 0.010937 0.045833
5 0.551562 0.130556 0.004687 0.022222
5 0.436719 0.063889 0.006250 0.016667
5 0.460938 0.465972 0.009375 0.051389
5 0.398438 0.272222 0.025000 0.125000
5 0.472266 0.318750 0.007031 0.034722
5 0.684766 0.499306 0.155469 0.998611
5 0.553906 0.212500 0.004687 0.027778
5 0.492969 0.064583 0.004687 0.018056
5 0.425000 0.128472 0.006250 0.020833
5 0.275000 0.977083 0.014063 0.043056
5 0.251172 0.499306 0.286719 0.993056
5 0.410938 0.210417 0.007812 0.026389
5 0.496875 0.011111 0.004687 0.013889
5 0.364844 0.465278 0.012500 0.047222
5 0.487891 0.129167 0.005469 0.022222
5 0.562109 0.466667 0.007031 0.050000
5 0.480859 0.211806 0.005469 0.026389
5 0.444141 0.684722 0.011719 0.075000
5 0.570703 0.821528 0.014844 0.345833
5 0.557422 0.320833 0.005469 0.036111
5 0.344531 0.579861 0.050000 0.268056
5 0.549609 0.065278 0.003906 0.019444
