0 0.040684 0.467573 0.081368 0.098326
0 0.586675 0.359833 0.012972 0.054393
0 0.969929 0.417364 0.057783 0.048117
0 0.563679 0.376569 0.023585 0.083682
0 0.933962 0.487448 0.082547 0.092050
0 0.426887 0.292887 0.018868 0.037657
0 0.033608 0.591004 0.038915 0.085774
0 0.883255 0.658996 0.195755 0.322176
0 0.614976 0.380753 0.048349 0.117155
0 0.881486 0.490586 0.038915 0.043933
0 0.005307 0.661088 0.010613 0.058577
0 0.957547 0.563808 0.082547 0.202929
0 0.323703 0.539749 0.020047 0.041841
0 0.627948 0.470711 0.055425 0.100418
0 0.021226 0.611925 0.037736 0.081590
0 0.436910 0.252092 0.015330 0.023013
0 0.386792 0.326360 0.028302 0.046025
0 0.491156 0.418410 0.045991 0.083682
0 0.474646 0.191423 0.010613 0.014644
0 0.322524 0.447699 0.055425 0.075314
0 0.788915 0.916318 0.146226 0.158996
0 0.720519 0.416318 0.087264 0.179916
0 0.064858 0.581590 0.037736 0.058577
0 0.455778 0.275105 0.024764 0.048117
0 0.465802 0.198745 0.007075 0.012552
0 0.290094 0.430962 0.014151 0.033473
0 0.012382 0.881799 0.024764 0.190377
0 0.543042 0.390167 0.043632 0.115063
0 0.665094 0.603556 0.096698 0.186192
0 0.583137 0.334728 0.027123 0.050209
0 0.798939 0.446653 0.055425 0.094142
0 0.630307 0.302301 0.050708 0.094142
1 0.854363 0.433054 0.015330 0.079498
1 0.877948 0.372385 0.012972 0.054393
1 0.831368 0.442469 0.016509 0.089958
3 0.766509 0.597280 0.464623 0.784519
3 0.530071 0.337866 0.133255 0.253138
3 0.224646 0.639121 0.449292 0.700837
3 0.598467 0.326360 0.147406 0.251046
4 0.934552 0.904812 0.083726 0.140167
4 0.133844 0.660042 0.029481 0.039749
4 0.777123 0.633891 0.014151 0.025105
4 0.071344 0.745816 0.041274 0.052301
4 0.716392 0.525105 0.015330 0.020921
4 0.338443 0.394351 0.195755 0.244770
4 0.584906 0.440377 0.014151 0.031381
4 0.602594 0.329498 0.143868 0.236402
4 0.744693 0.575314 0.020047 0.029289
4 0.487618 0.375523 0.055425 0.182008
5 0.437500 0.505230 0.327830 0.069038
7 0.444575 0.506276 0.306604 0.066946
