0 0.410156 0.047222 0.017188 0.020370
0 0.501302 0.450000 0.068229 0.075926
0 0.504687 0.494444 0.055208 0.090741
0 0.752604 0.049537 0.028125 0.021296
0 0.567708 0.202778 0.027083 0.035185
0 0.515104 0.123148 0.020833 0.025926
0 0.551562 0.143056 0.019792 0.026852
0 0.627344 0.265741 0.030729 0.057407
0 0.815885 0.048148 0.021354 0.020370
0 0.719010 0.058333 0.018229 0.031481
0 0.393750 0.050463 0.020833 0.023148
0 0.904427 0.233333 0.027604 0.037037
0 0.488542 0.086574 0.020833 0.037963
0 0.505208 0.047685 0.014583 0.015741
0 0.421354 0.827315 0.217708 0.334259
0 0.088021 0.362963 0.046875 0.077778
0 0.470833 0.241667 0.029167 0.042593
0 0.368229 0.355093 0.042708 0.069444
0 0.496615 0.361574 0.041146 0.058333
0 0.708073 0.495370 0.066146 0.105556
0 0.564844 0.227315 0.027604 0.039815
0 0.521615 0.062500 0.017188 0.021296
0 0.750260 0.069444 0.018229 0.018519
0 0.393750 0.085185 0.019792 0.031481
0 0.675521 0.433333 0.050000 0.077778
0 0.048177 0.850463 0.096354 0.226852
0 0.099219 0.248611 0.033854 0.073148
0 0.953646 0.390741 0.043750 0.059259
0 0.781771 0.052315 0.015625 0.019444
0 0.390365 0.517593 0.068229 0.098148
0 0.483854 0.541204 0.087500 0.249074
0 0.516667 0.102315 0.020833 0.023148
0 0.108073 0.426852 0.016146 0.051852
0 0.800260 0.094444 0.016146 0.038889
0 0.553125 0.059722 0.017708 0.028704
0 0.360417 0.587500 0.075000 0.115741
0 0.681510 0.905556 0.153646 0.170370
0 0.259115 0.220833 0.011979 0.036111
0 0.585156 0.091667 0.021354 0.033333
0 0.414323 0.329167 0.038021 0.058333
0 0.381771 0.548148 0.060417 0.103704
0 0.557552 0.155556 0.025521 0.029630
0 0.640104 0.295370 0.039583 0.066667
0 0.516406 0.156481 0.025521 0.046296
0 0.485938 0.726852 0.055208 0.116667
0 0.760417 0.970370 0.107292 0.046296
0 0.347135 0.438889 0.051562 0.083333
0 0.057292 0.900926 0.114583 0.183333
0 0.118229 0.007870 0.043750 0.015741
0 0.573177 0.303704 0.032813 0.044444
0 0.820833 0.238426 0.027083 0.052778
0 0.593229 0.420370 0.048958 0.072222
0 0.502344 0.406019 0.050521 0.030556
0 0.935677 0.264815 0.028646 0.042593
0 0.617708 0.617593 0.086458 0.131481
0 0.663542 0.797685 0.153125 0.254630
0 0.549740 0.041667 0.017188 0.014815
0 0.823958 0.195370 0.020833 0.035185
0 0.520052 0.273611 0.032813 0.050926
0 0.427344 0.048148 0.020313 0.018519
0 0.091406 0.168056 0.061979 0.087963
0 0.590365 0.119444 0.021354 0.029630
0 0.582812 0.063426 0.018750 0.021296
0 0.330729 0.705093 0.086458 0.119444
0 0.792448 0.132870 0.023438 0.034259
0 0.597917 0.148611 0.029167 0.054630
0 0.434115 0.299537 0.046354 0.063889
0 0.523698 0.045833 0.018229 0.015741
0 0.238281 0.877778 0.154688 0.227778
0 0.470052 0.177778 0.023438 0.031481
0 0.633594 0.682407 0.083854 0.090741
0 0.489844 0.059259 0.018229 0.025926
3 0.793750 0.553704 0.411458 0.868519
3 0.401302 0.082870 0.076563 0.047222
3 0.119271 0.344444 0.238542 0.688889
3 0.289583 0.614815 0.388542 0.751852
3 0.856250 0.337037 0.286458 0.438889
3 0.542188 0.555093 0.891667 0.871296
3 0.742448 0.553704 0.379688 0.870370
3 0.866146 0.339352 0.266667 0.436111
4 0.814583 0.288889 0.369792 0.448148
4 0.791927 0.524074 0.393229 0.933333
4 0.822656 0.431019 0.353646 0.623148
4 0.183333 0.319444 0.133333 0.377778
4 0.264062 0.514352 0.338542 0.547222
5 0.855990 0.314352 0.286979 0.395370
5 0.792708 0.523611 0.390625 0.934259
5 0.814583 0.404167 0.369792 0.676852
5 0.163281 0.319444 0.090104 0.377778
5 0.213281 0.519444 0.236979 0.537037
5 0.247656 0.516204 0.305729 0.543519
