0 0.474074 0.566276 0.026852 0.030990
0 0.640741 0.492578 0.047222 0.020573
0 0.522917 0.502474 0.017130 0.013802
0 0.507407 0.464714 0.007407 0.009635
0 0.713194 0.603516 0.149537 0.128385
0 0.916204 0.523828 0.033333 0.024219
0 0.905556 0.937891 0.137963 0.123698
0 0.415046 0.496094 0.037500 0.019271
0 0.882407 0.545182 0.027778 0.021615
0 0.454398 0.544792 0.054167 0.035417
0 0.398148 0.903385 0.103704 0.119792
0 0.587037 0.480729 0.033333 0.016667
0 0.462269 0.483594 0.010648 0.013542
0 0.405787 0.640625 0.110648 0.076042
0 0.478241 0.495573 0.049074 0.028646
0 0.129167 0.733854 0.043519 0.056250
0 0.403704 0.510677 0.015741 0.020833
0 0.954861 0.699089 0.089352 0.044010
0 0.407176 0.784245 0.072685 0.064844
0 0.840741 0.535937 0.018519 0.018229
0 0.539583 0.725000 0.063426 0.065625
0 0.114583 0.887891 0.229167 0.223698
0 0.368750 0.537109 0.056944 0.030469
0 0.371528 0.564974 0.070833 0.042448
0 0.465741 0.509375 0.034259 0.025521
0 0.575694 0.541927 0.056019 0.033333
0 0.571759 0.466406 0.033333 0.013021
0 0.420602 0.534766 0.020833 0.023698
0 0.617361 0.486589 0.026389 0.016406
0 0.609028 0.519010 0.046759 0.025000
0 0.451620 0.520833 0.041204 0.026562
0 0.502083 0.483203 0.012500 0.014323
0 0.296759 0.613021 0.115741 0.061458
0 0.552315 0.521484 0.017593 0.015885
0 0.538426 0.570052 0.074074 0.044792
0 0.481944 0.470182 0.026852 0.019010
0 0.536574 0.614062 0.089815 0.061979
0 0.510417 0.524609 0.056019 0.031510
0 0.463889 0.605990 0.031481 0.031250
0 0.511343 0.862630 0.092130 0.099740
0 0.558796 0.485807 0.033333 0.015365
0 0.236806 0.680859 0.056019 0.057552
1 0.865509 0.516797 0.014352 0.021615
1 0.795833 0.499089 0.012037 0.022656
1 0.816667 0.537760 0.022222 0.029687
1 0.744907 0.533854 0.017593 0.022396
1 0.815046 0.513932 0.015278 0.021094
1 0.972222 0.646354 0.035185 0.036979
1 0.840278 0.593880 0.023148 0.040365
1 0.814815 0.617969 0.018519 0.051042
1 0.669676 0.514453 0.013426 0.026823
1 0.803935 0.486589 0.008796 0.013281
1 0.850463 0.515885 0.013889 0.019271
1 0.890972 0.522005 0.017130 0.026302
1 0.825926 0.601823 0.022222 0.044271
1 0.782639 0.582552 0.022685 0.026562
1 0.683333 0.508854 0.012037 0.021354
1 0.714815 0.522917 0.015741 0.022917
1 0.742361 0.548047 0.012500 0.016927
1 0.774769 0.535677 0.021759 0.028646
1 0.834259 0.510938 0.017593 0.019792
1 0.529861 0.480599 0.006944 0.015365
3 0.554861 0.723698 0.870833 0.552083
4 0.356944 0.726172 0.023148 0.027865
4 0.716204 0.883724 0.118519 0.216927
4 0.280787 0.897526 0.049537 0.074219
4 0.255093 0.893880 0.050000 0.070052
4 0.268056 0.596615 0.367593 0.282813
4 0.338657 0.725000 0.023611 0.028125
4 0.847454 0.826172 0.035648 0.032552
4 0.592130 0.831380 0.100000 0.336719
4 0.663426 0.880599 0.088889 0.238281
5 0.357176 0.726172 0.022685 0.027865
5 0.717130 0.883724 0.116667 0.216406
5 0.891435 0.831901 0.141204 0.136198
5 0.281019 0.897526 0.049074 0.073698
5 0.254861 0.893880 0.049537 0.070052
5 0.338657 0.725000 0.023611 0.028125
5 0.847454 0.826172 0.035648 0.032552
5 0.592130 0.831380 0.100000 0.336719
5 0.600694 0.865755 0.081944 0.267969
5 0.663657 0.880729 0.088426 0.238021
5 0.798148 0.718750 0.026852 0.028125
