0 0.740566 0.164226 0.066038 0.115063
0 0.441038 0.242678 0.016509 0.033473
0 0.382075 0.822176 0.176887 0.343096
0 0.166863 0.093096 0.043632 0.043933
0 0.478184 0.117155 0.010613 0.037657
0 0.430425 0.151674 0.011792 0.039749
0 0.499410 0.082636 0.010613 0.023013
0 0.306604 0.282427 0.021226 0.062762
0 0.689269 0.482218 0.166274 0.466527
0 0.448703 0.123431 0.010613 0.029289
0 0.510024 0.051255 0.008255 0.031381
0 0.382075 0.281381 0.018868 0.060669
0 0.131486 0.896444 0.222877 0.194561
0 0.408608 0.125523 0.010613 0.033473
0 0.434552 0.078452 0.008255 0.023013
0 0.403892 0.194561 0.041274 0.092050
0 0.350825 0.412134 0.090802 0.171548
0 0.539505 0.197699 0.081368 0.202929
0 0.376769 0.132845 0.043632 0.106695
0 0.474057 0.230126 0.016509 0.050209
0 0.975236 0.268828 0.047170 0.140167
0 0.455778 0.326360 0.062500 0.142259
0 0.415094 0.059623 0.009434 0.023013
0 0.456368 0.041841 0.023585 0.062762
0 0.544811 0.064854 0.047170 0.096234
0 0.471698 0.009414 0.018868 0.018828
0 0.619104 0.165272 0.014151 0.041841
1 0.585495 0.225941 0.010613 0.083682
1 0.688679 0.232218 0.014151 0.058577
3 0.102005 0.255230 0.204009 0.309623
3 0.428066 0.506276 0.856132 0.966527
4 0.083726 0.311715 0.023585 0.025105
4 0.360849 0.604603 0.016509 0.071130
4 0.021816 0.290795 0.029481 0.025105
4 0.439858 0.654812 0.018868 0.037657
4 0.176297 0.587866 0.352594 0.803347
4 0.335495 0.603556 0.020047 0.064854
4 0.293042 0.980126 0.010613 0.027197
4 0.260024 0.975941 0.020047 0.035565
5 0.333726 0.781381 0.313679 0.420502
5 0.347288 0.604603 0.043632 0.071130
5 0.333726 0.691423 0.313679 0.240586
