0 0.370312 0.722222 0.118750 0.444444
0 0.535547 0.661111 0.025781 0.083333
0 0.211328 0.736806 0.166406 0.412500
0 0.535547 0.611806 0.028906 0.181944
0 0.555078 0.052778 0.013281 0.047222
1 0.739844 0.109722 0.014063 0.061111
1 0.792188 0.264583 0.021875 0.062500
1 0.847266 0.045139 0.028906 0.090278
1 0.883984 0.037500 0.022656 0.066667
3 0.430859 0.498611 0.628906 0.997222
4 0.485156 0.128472 0.004687 0.020833
4 0.418359 0.975000 0.011719 0.047222
4 0.549219 0.129167 0.004687 0.022222
4 0.361719 0.463889 0.012500 0.047222
4 0.442969 0.009722 0.004687 0.013889
4 0.457813 0.463889 0.009375 0.050000
4 0.388672 0.315278 0.010156 0.033333
4 0.469922 0.317361 0.007031 0.034722
4 0.682422 0.499306 0.153906 0.998611
4 0.489844 0.062500 0.004687 0.016667
4 0.422656 0.127083 0.006250 0.020833
4 0.565234 0.681944 0.008594 0.069444
4 0.271484 0.976389 0.014844 0.044444
4 0.478516 0.210417 0.005469 0.026389
4 0.546094 0.011806 0.004687 0.018056
4 0.433984 0.061111 0.005469 0.016667
4 0.407813 0.208333 0.007812 0.025000
4 0.551172 0.210417 0.005469 0.026389
4 0.559375 0.465972 0.006250 0.051389
4 0.441016 0.683333 0.011719 0.075000
4 0.573047 0.979167 0.008594 0.038889
4 0.341016 0.577083 0.050781 0.270833
4 0.555078 0.319444 0.005469 0.036111
4 0.494141 0.009722 0.003906 0.013889
5 0.485156 0.128472 0.004687 0.020833
5 0.549219 0.129167 0.004687 0.022222
5 0.361719 0.463889 0.012500 0.047222
5 0.442969 0.009722 0.004687 0.013889
5 0.457813 0.463889 0.009375 0.050000
5 0.388672 0.315278 0.010156 0.033333
5 0.469922 0.317361 0.007031 0.034722
5 0.682422 0.499306 0.153906 0.998611
5 0.422656 0.127083 0.006250 0.020833
5 0.565234 0.681944 0.008594 0.069444
5 0.271484 0.976389 0.014844 0.044444
5 0.489844 0.062500 0.004687 0.016667
5 0.478516 0.210417 0.005469 0.026389
5 0.546094 0.011111 0.004687 0.016667
5 0.433984 0.061111 0.005469 0.016667
5 0.407813 0.208333 0.007812 0.025000
5 0.551172 0.210417 0.005469 0.026389
5 0.559375 0.465972 0.006250 0.051389
5 0.441016 0.683333 0.011719 0.075000
5 0.573047 0.979861 0.008594 0.037500
5 0.341016 0.577778 0.050781 0.269444
5 0.555078 0.319444 0.005469 0.036111
5 0.494141 0.009722 0.003906 0.013889
5 0.418359 0.975000 0.011719 0.047222
