0 0.326302 0.775926 0.086979 0.153704
0 0.503125 0.381944 0.050000 0.086111
0 0.469010 0.714352 0.117188 0.173148
0 0.865365 0.303704 0.032813 0.046296
0 0.568750 0.226389 0.027083 0.043519
0 0.070052 0.138889 0.039062 0.027778
0 0.882812 0.327315 0.036458 0.050926
0 0.942969 0.266667 0.029687 0.048148
0 0.672396 0.410648 0.058333 0.117593
0 0.551042 0.053241 0.016667 0.023148
0 0.889323 0.913889 0.161979 0.159259
0 0.119271 0.008333 0.044792 0.016667
0 0.796354 0.207407 0.026042 0.037037
0 0.945312 0.315278 0.036458 0.049074
0 0.458333 0.905093 0.117708 0.173148
0 0.755469 0.132407 0.022396 0.029630
0 0.469531 0.221759 0.027604 0.036111
0 0.514844 0.347222 0.033854 0.051852
0 0.792448 0.715278 0.091146 0.162037
0 0.486198 0.096759 0.018229 0.028704
0 0.516667 0.140741 0.022917 0.035185
0 0.794010 0.095370 0.016146 0.029630
0 0.375521 0.231944 0.028125 0.043519
0 0.514844 0.205556 0.026562 0.040741
0 0.464323 0.250926 0.029687 0.046296
0 0.447656 0.289815 0.015104 0.033333
0 0.966146 0.376389 0.045833 0.069444
0 0.386458 0.558796 0.067708 0.087963
0 0.815104 0.184722 0.025000 0.032407
0 0.584635 0.403704 0.045312 0.062963
0 0.614844 0.555556 0.067187 0.087037
0 0.473698 0.274537 0.034896 0.043519
0 0.352344 0.268981 0.036979 0.054630
0 0.429167 0.397685 0.043750 0.060185
0 0.772656 0.054167 0.014063 0.013889
0 0.583854 0.053704 0.016667 0.016667
0 0.372135 0.423148 0.049479 0.075926
0 0.520573 0.223148 0.028646 0.038889
0 0.013021 0.536574 0.026042 0.208333
0 0.259635 0.232407 0.013021 0.031481
0 0.547396 0.127315 0.018750 0.028704
0 0.379688 0.305556 0.021875 0.053704
0 0.621094 0.253241 0.029687 0.039815
0 0.778646 0.190741 0.017708 0.033333
0 0.637760 0.304630 0.033854 0.048148
0 0.927344 0.355093 0.039062 0.065741
0 0.605990 0.045370 0.017188 0.018519
0 0.469531 0.193056 0.026562 0.032407
0 0.109635 0.340278 0.043229 0.058333
0 0.053125 0.419444 0.061458 0.087037
0 0.108854 0.809722 0.104167 0.134259
0 0.864062 0.184259 0.025000 0.031481
0 0.499740 0.535185 0.999479 0.225926
0 0.919010 0.297222 0.022396 0.042593
0 0.019271 0.010648 0.031250 0.021296
0 0.643750 0.347685 0.037500 0.052778
0 0.569531 0.377778 0.039062 0.059259
0 0.964844 0.292130 0.027604 0.043519
0 0.595313 0.446296 0.056250 0.133333
0 0.668490 0.906481 0.117188 0.157407
0 0.557552 0.289815 0.033854 0.046296
0 0.522917 0.047685 0.019792 0.019444
0 0.623437 0.670833 0.087500 0.128704
0 0.560156 0.145370 0.024479 0.040741
0 0.646094 0.370833 0.031771 0.056481
0 0.583594 0.071759 0.018229 0.023148
0 0.819531 0.251389 0.025521 0.039815
0 0.777083 0.072222 0.017708 0.027778
0 0.878906 0.267130 0.030729 0.043519
0 0.488542 0.042130 0.017708 0.028704
0 0.432031 0.302315 0.091146 0.143519
0 0.261719 0.842130 0.108854 0.193519
0 0.385156 0.246759 0.015104 0.037963
3 0.856250 0.340741 0.286458 0.438889
3 0.807552 0.551852 0.383854 0.859259
3 0.238021 0.625463 0.472917 0.728704
3 0.119271 0.341667 0.238542 0.683333
3 0.495312 0.555093 0.990625 0.871296
3 0.712240 0.554630 0.310937 0.870370
3 0.454167 0.557870 0.194792 0.867593
4 0.798177 0.526852 0.402604 0.927778
4 0.166146 0.592593 0.332292 0.675926
5 0.821615 0.429630 0.355729 0.627778
5 0.154427 0.986574 0.013021 0.012037
5 0.365625 0.925463 0.011458 0.017593
5 0.202865 0.322685 0.104688 0.375000
5 0.165885 0.593519 0.331771 0.674074
5 0.757292 0.976389 0.011458 0.019444
5 0.798958 0.533333 0.401042 0.914815
5 0.378906 0.872685 0.009896 0.015741
5 0.552344 0.981944 0.009896 0.019444
5 0.181510 0.930556 0.013021 0.016667
5 0.351302 0.982870 0.011979 0.017593
5 0.742708 0.917593 0.010417 0.016667
