0 0.826389 0.503385 0.027778 0.011979
0 0.575000 0.476432 0.027778 0.013802
0 0.353704 0.789974 0.189815 0.161719
0 0.509722 0.474219 0.007407 0.009375
0 0.953704 0.706250 0.091667 0.042708
0 0.638657 0.497005 0.047685 0.020573
0 0.587269 0.483333 0.031019 0.012500
0 0.439583 0.536198 0.050463 0.030729
0 0.719676 0.620573 0.162500 0.140625
0 0.433333 0.502474 0.012963 0.013281
0 0.439583 0.571094 0.069907 0.042708
0 0.443519 0.623568 0.041667 0.035677
0 0.921065 0.570312 0.026389 0.011458
0 0.401389 0.564193 0.025926 0.028906
0 0.119213 0.777734 0.238426 0.154427
0 0.509491 0.500000 0.013426 0.013542
0 0.952083 0.531510 0.043981 0.014063
0 0.301620 0.631901 0.116204 0.069010
0 0.468519 0.507292 0.037963 0.023958
0 0.570370 0.469401 0.025000 0.010677
0 0.374306 0.538021 0.018981 0.019792
0 0.616204 0.491406 0.024074 0.014583
0 0.605556 0.529948 0.049074 0.027083
0 0.459722 0.522656 0.040741 0.030208
0 0.392593 0.514714 0.048148 0.023698
0 0.336574 0.572526 0.075926 0.042969
0 0.533565 0.530469 0.020833 0.019792
0 0.486574 0.481771 0.032407 0.026042
0 0.530093 0.598177 0.088889 0.052604
0 0.373611 0.652995 0.055556 0.028385
0 0.427778 0.678255 0.037963 0.044531
0 0.497454 0.542578 0.064352 0.037240
0 0.557870 0.490104 0.033333 0.015625
0 0.538426 0.691146 0.129630 0.095312
0 0.576852 0.558203 0.061111 0.037760
0 0.368287 0.695703 0.038426 0.028906
1 0.898380 0.526953 0.018056 0.029427
1 0.878009 0.613021 0.243056 0.094271
1 0.806713 0.503776 0.012500 0.024740
1 0.743519 0.542057 0.017593 0.029948
1 0.844676 0.522266 0.018056 0.027865
1 0.906713 0.533854 0.019907 0.027604
1 0.854630 0.614453 0.032407 0.045052
1 0.685185 0.512630 0.015741 0.022135
1 0.970833 0.666146 0.037963 0.053125
1 0.024306 0.971484 0.048611 0.056510
1 0.668750 0.520573 0.012500 0.024479
1 0.764352 0.494401 0.011111 0.017448
1 0.993056 0.675781 0.012963 0.042188
1 0.878241 0.524609 0.014815 0.022135
1 0.813194 0.627344 0.019907 0.041667
1 0.741204 0.550651 0.010185 0.018490
1 0.782176 0.548568 0.021759 0.030990
1 0.783796 0.500781 0.012037 0.021354
1 0.800463 0.591016 0.024074 0.038281
1 0.795370 0.535547 0.017593 0.024740
1 0.862731 0.523568 0.015278 0.022135
1 0.812269 0.604557 0.015278 0.013281
3 0.303241 0.727474 0.606481 0.544531
3 0.782176 0.749479 0.430093 0.500521
3 0.498380 0.725911 0.996759 0.547656
4 0.399074 0.604688 0.010185 0.010937
4 0.717824 0.894401 0.116204 0.210677
4 0.246759 0.898828 0.046296 0.070052
4 0.408333 0.604818 0.011111 0.011198
4 0.844444 0.831771 0.035185 0.032292
4 0.208796 0.641146 0.162963 0.120313
4 0.535648 0.636328 0.009259 0.013802
4 0.595602 0.870964 0.080093 0.257552
4 0.659028 0.882682 0.086574 0.234115
4 0.287500 0.582161 0.319444 0.238281
4 0.272917 0.906771 0.044907 0.065104
5 0.399074 0.604557 0.010185 0.011198
5 0.717824 0.894661 0.116204 0.210156
5 0.272685 0.907031 0.044444 0.064583
5 0.246991 0.898828 0.045833 0.070052
5 0.408333 0.604818 0.011111 0.011198
5 0.844213 0.831771 0.034722 0.032292
5 0.208796 0.641146 0.162963 0.120313
5 0.535648 0.636328 0.009259 0.013802
5 0.595370 0.871094 0.079630 0.257292
5 0.659259 0.884245 0.087037 0.230990
5 0.290278 0.580599 0.325000 0.241406
