0 0.748821 0.183054 0.058962 0.106695
0 0.495283 0.191423 0.014151 0.048117
0 0.031840 0.146444 0.063679 0.075314
0 0.488797 0.238494 0.017689 0.054393
0 0.410967 0.396444 0.022406 0.081590
0 0.695755 0.490586 0.167453 0.474895
0 0.198113 0.099372 0.021226 0.035565
0 0.455189 0.380753 0.018868 0.075314
0 0.316038 0.693515 0.134434 0.320084
0 0.492335 0.091004 0.008255 0.027197
0 0.432193 0.315900 0.022406 0.058577
0 0.548939 0.211297 0.086085 0.200837
0 0.446934 0.144351 0.040094 0.108787
0 0.510024 0.060669 0.008255 0.025105
0 0.397406 0.169456 0.014151 0.046025
0 0.360849 0.219665 0.016509 0.046025
0 0.328420 0.339958 0.083726 0.244770
0 0.470519 0.267782 0.016509 0.058577
0 0.979953 0.280335 0.037736 0.142259
0 0.456958 0.216527 0.015330 0.043933
0 0.424528 0.077406 0.009434 0.029289
0 0.422170 0.550209 0.040094 0.125523
0 0.484670 0.637029 0.047170 0.144351
0 0.472877 0.037657 0.033019 0.075314
0 0.607901 0.255230 0.017689 0.054393
0 0.625000 0.179916 0.014151 0.041841
0 0.565448 0.115063 0.048349 0.108787
0 0.403892 0.241632 0.015330 0.048117
0 0.449292 0.043933 0.007075 0.025105
1 0.814858 0.180962 0.011792 0.060669
1 0.596108 0.163180 0.010613 0.066946
3 0.106132 0.267782 0.212264 0.309623
3 0.429835 0.509414 0.859670 0.960251
4 0.032429 0.305439 0.024764 0.020921
4 0.267689 0.982218 0.016509 0.023013
4 0.092571 0.325314 0.024764 0.027197
4 0.221108 0.514644 0.435142 0.958159
4 0.382665 0.416318 0.012972 0.037657
4 0.557783 0.894351 0.021226 0.173640
5 0.557193 0.894351 0.020047 0.173640
5 0.032429 0.305439 0.024764 0.020921
5 0.092571 0.325314 0.024764 0.027197
5 0.221108 0.515690 0.435142 0.956067
5 0.382665 0.416318 0.012972 0.037657
5 0.446344 0.721757 0.017689 0.146444
5 0.267689 0.982218 0.016509 0.023013
