0 0.079599 0.404812 0.142689 0.098326
0 0.461675 0.256276 0.017689 0.035565
0 0.969340 0.423640 0.058962 0.060669
0 0.558962 0.379707 0.049528 0.085774
0 0.938679 0.787657 0.120283 0.407950
0 0.943986 0.492678 0.109670 0.106695
0 0.449292 0.291841 0.018868 0.031381
0 0.593750 0.348326 0.036557 0.056485
0 0.445165 0.235356 0.012972 0.023013
0 0.876769 0.498954 0.048349 0.073222
0 0.437500 0.268828 0.016509 0.023013
0 0.658608 0.616109 0.083726 0.161088
0 0.475825 0.179916 0.008255 0.012552
0 0.142689 0.597280 0.202830 0.307531
0 0.373821 0.356695 0.011792 0.048117
0 0.750590 0.465481 0.109670 0.232218
0 0.953420 0.567992 0.090802 0.119247
0 0.469340 0.186192 0.007075 0.012552
0 0.623231 0.418410 0.055425 0.142259
0 0.489976 0.416318 0.045991 0.083682
0 0.544811 0.406904 0.044811 0.123431
0 0.759434 0.898536 0.207547 0.190377
0 0.022406 0.661088 0.033019 0.062762
0 0.665094 0.331590 0.066038 0.123431
0 0.417453 0.290795 0.023585 0.037657
0 0.826061 0.463389 0.038915 0.060669
1 0.888561 0.374477 0.015330 0.054393
1 0.856132 0.365063 0.014151 0.052301
1 0.877358 0.423640 0.021226 0.077406
1 0.004717 0.453975 0.009434 0.054393
1 0.870873 0.367155 0.010613 0.048117
1 0.846108 0.439331 0.017689 0.079498
3 0.737618 0.593096 0.411557 0.792887
3 0.523585 0.600418 0.476415 0.778243
3 0.229953 0.592050 0.459906 0.794979
4 0.482901 0.373431 0.050708 0.177824
4 0.352005 0.350418 0.211085 0.303347
4 0.602594 0.326360 0.146226 0.238494
5 0.287736 0.514644 0.014151 0.020921
5 0.056014 0.758368 0.010613 0.014644
5 0.376179 0.410042 0.004717 0.012552
5 0.005307 0.831590 0.010613 0.018828
5 0.310142 0.419456 0.115566 0.148536
5 0.343750 0.481172 0.008255 0.016736
5 0.307783 0.413180 0.122642 0.177824
5 0.601415 0.327406 0.143868 0.236402
5 0.482901 0.375523 0.050708 0.173640
5 0.583137 0.439331 0.012972 0.029289
5 0.361439 0.441423 0.008255 0.012552
7 0.440448 0.504184 0.317217 0.066946
