0 0.514062 0.031944 0.010937 0.038889
0 0.459375 0.090278 0.043750 0.105556
0 0.620703 0.496528 0.032031 0.137500
0 0.557813 0.034028 0.037500 0.068056
1 0.928516 0.027083 0.041406 0.054167
1 0.761328 0.100000 0.019531 0.061111
1 0.687500 0.030556 0.012500 0.052778
1 0.896484 0.033333 0.032031 0.066667
3 0.433984 0.497917 0.621094 0.995833
4 0.457422 0.465278 0.008594 0.050000
4 0.361719 0.465278 0.012500 0.047222
4 0.418359 0.975694 0.011719 0.045833
4 0.478125 0.211111 0.006250 0.027778
4 0.548438 0.129861 0.004687 0.020833
4 0.340625 0.579861 0.050000 0.268056
4 0.442188 0.011111 0.004687 0.013889
4 0.387891 0.317361 0.010156 0.034722
4 0.469141 0.318750 0.007031 0.034722
4 0.682031 0.499306 0.154688 0.998611
4 0.271484 0.976389 0.014844 0.044444
4 0.573047 0.979861 0.008594 0.037500
4 0.421875 0.128472 0.006250 0.020833
4 0.554688 0.320833 0.006250 0.036111
4 0.433594 0.063194 0.004687 0.018056
4 0.407813 0.209722 0.007812 0.025000
4 0.564844 0.682639 0.009375 0.070833
4 0.483984 0.128472 0.005469 0.020833
4 0.441016 0.684722 0.011719 0.075000
4 0.558984 0.466667 0.007031 0.050000
4 0.489453 0.063194 0.003906 0.018056
4 0.550391 0.211111 0.005469 0.027778
4 0.493359 0.010417 0.003906 0.015278
5 0.457422 0.465278 0.008594 0.050000
5 0.361719 0.465278 0.012500 0.047222
5 0.418359 0.975694 0.011719 0.045833
5 0.478125 0.211111 0.006250 0.027778
5 0.548438 0.129861 0.004687 0.020833
5 0.442188 0.011111 0.004687 0.013889
5 0.469531 0.318750 0.006250 0.034722
5 0.682031 0.500694 0.154688 0.995833
5 0.271484 0.976389 0.014844 0.044444
5 0.245312 0.495833 0.296875 0.991667
5 0.421875 0.128472 0.006250 0.020833
5 0.554297 0.320833 0.005469 0.036111
5 0.433594 0.062500 0.004687 0.016667
5 0.407422 0.209722 0.007031 0.025000
5 0.567578 0.810417 0.013281 0.326389
5 0.573047 0.979861 0.008594 0.037500
5 0.483984 0.128472 0.005469 0.020833
5 0.441016 0.684722 0.011719 0.075000
5 0.558984 0.466667 0.007031 0.050000
5 0.489453 0.063194 0.003906 0.018056
5 0.340625 0.579861 0.050000 0.268056
5 0.550391 0.211111 0.005469 0.027778
5 0.387891 0.317361 0.010156 0.034722
5 0.493359 0.010417 0.003906 0.015278
