0 0.845833 0.151852 0.018750 0.033333
0 0.510417 0.400000 0.045833 0.059259
0 0.579688 0.355556 0.039583 0.053704
0 0.348698 0.341667 0.030729 0.050000
0 0.786198 0.117593 0.019271 0.022222
0 0.492188 0.579167 0.067708 0.091667
0 0.649479 0.372222 0.047917 0.077778
0 0.645573 0.178704 0.026562 0.038889
0 0.097656 0.232407 0.035937 0.068519
0 0.607552 0.192130 0.027604 0.039815
0 0.737500 0.100463 0.018750 0.037963
0 0.755208 0.137500 0.025000 0.037963
0 0.865365 0.134722 0.022396 0.032407
0 0.815104 0.104167 0.018750 0.026852
0 0.466667 0.050926 0.014583 0.011111
0 0.888542 0.212500 0.022917 0.036111
0 0.550260 0.045833 0.016146 0.017593
0 0.616667 0.246759 0.028125 0.036111
0 0.836719 0.820833 0.104688 0.132407
0 0.397917 0.043056 0.014583 0.013889
0 0.911458 0.283333 0.036458 0.051852
0 0.427604 0.415741 0.052083 0.074074
0 0.478646 0.052778 0.011458 0.018519
0 0.397656 0.589815 0.045312 0.124074
0 0.475260 0.708796 0.097396 0.241667
0 0.796094 0.135648 0.015104 0.036111
0 0.510938 0.126852 0.023958 0.029630
0 0.330729 0.437500 0.044792 0.062037
0 0.400781 0.069907 0.023438 0.045370
0 0.862240 0.226389 0.024479 0.023148
0 0.360677 0.366667 0.048438 0.074074
0 0.836198 0.261111 0.030729 0.057407
0 0.852604 0.288426 0.031250 0.045370
0 0.828385 0.089352 0.018229 0.036111
0 0.808854 0.239352 0.029167 0.034259
0 0.559375 0.181944 0.025000 0.037963
0 0.053906 0.524537 0.058854 0.075000
0 0.095573 0.189815 0.039062 0.053704
0 0.963802 0.342130 0.039062 0.054630
0 0.416667 0.463426 0.054167 0.071296
0 0.893229 0.335648 0.036458 0.052778
0 0.386719 0.101389 0.021354 0.023148
0 0.370312 0.409722 0.043750 0.071296
0 0.518490 0.116204 0.019271 0.026852
0 0.495573 0.308333 0.045312 0.090741
0 0.512500 0.351852 0.042708 0.061111
0 0.339844 0.241204 0.030729 0.047222
0 0.837760 0.208796 0.029687 0.043519
0 0.821615 0.187037 0.022396 0.044444
0 0.004427 0.594907 0.008854 0.093519
0 0.466667 0.253241 0.027083 0.037963
0 0.747396 0.118519 0.016667 0.031481
0 0.821615 0.122222 0.020313 0.029630
0 0.761719 0.053241 0.013021 0.021296
0 0.771094 0.164815 0.027604 0.038889
0 0.954948 0.395833 0.042188 0.063889
0 0.486198 0.074074 0.019271 0.029630
0 0.551562 0.074074 0.018750 0.022222
0 0.504167 0.466204 0.059375 0.071296
0 0.374740 0.313889 0.032813 0.046296
0 0.101562 0.435648 0.027083 0.076852
0 0.499740 0.512963 0.999479 0.248148
0 0.580729 0.052778 0.019792 0.029630
0 0.923177 0.241204 0.027604 0.041667
0 0.788802 0.708796 0.089063 0.113889
0 0.647396 0.744907 0.090625 0.128704
0 0.526823 0.048148 0.015104 0.012963
0 0.509896 0.518056 0.061458 0.078704
0 0.575260 0.304630 0.036979 0.057407
0 0.623437 0.554167 0.068750 0.099074
0 0.220833 0.628241 0.079167 0.119444
0 0.786719 0.200926 0.025521 0.033333
0 0.767708 0.098148 0.020833 0.035185
0 0.867969 0.180556 0.025521 0.031481
0 0.723958 0.074074 0.020833 0.037037
0 0.320052 0.634259 0.141146 0.331481
0 0.867188 0.250463 0.033333 0.049074
0 0.498437 0.049537 0.014583 0.021296
3 0.809375 0.311111 0.380208 0.494444
3 0.453385 0.528704 0.197396 0.925926
3 0.800781 0.523148 0.393229 0.927778
3 0.308594 0.619444 0.302604 0.742593
3 0.652604 0.531019 0.226042 0.921296
3 0.408073 0.084259 0.090104 0.050000
3 0.119010 0.344444 0.238021 0.688889
3 0.217708 0.618056 0.435417 0.743519
3 0.469792 0.531019 0.939583 0.915741
3 0.649219 0.531481 0.579688 0.912963
3 0.746615 0.523148 0.386979 0.931481
4 0.814323 0.287963 0.370312 0.448148
4 0.791406 0.523611 0.392188 0.934259
4 0.814583 0.405093 0.369792 0.673148
4 0.193490 0.320370 0.113021 0.372222
4 0.166146 0.590741 0.332292 0.679630
5 0.854688 0.317130 0.289583 0.389815
5 0.206510 0.877315 0.011979 0.015741
5 0.796615 0.523611 0.382812 0.934259
5 0.154427 0.986574 0.011979 0.012037
5 0.398177 0.255556 0.079687 0.031481
5 0.201302 0.319907 0.095312 0.369444
5 0.166146 0.590741 0.332292 0.679630
5 0.757292 0.976389 0.011458 0.019444
5 0.813021 0.399074 0.372917 0.685185
5 0.454427 0.183333 0.032813 0.175926
5 0.351302 0.982407 0.011979 0.018519
