0 0.603184 0.370293 0.038915 0.062762
0 0.792453 0.541841 0.146226 0.284519
0 0.967571 0.783473 0.062500 0.341004
0 0.039505 0.602510 0.027123 0.066946
0 0.435142 0.278243 0.018868 0.025105
0 0.284788 0.288703 0.017689 0.025105
0 0.159198 0.546025 0.030660 0.075314
0 0.566038 0.406904 0.047170 0.094142
0 0.454009 0.228033 0.011792 0.020921
0 0.887972 0.491632 0.054245 0.087866
0 0.005307 0.663180 0.010613 0.058577
0 0.303066 0.335774 0.021226 0.023013
0 0.047170 0.430962 0.021226 0.029289
0 0.944575 0.503138 0.108491 0.115063
0 0.489976 0.420502 0.045991 0.083682
0 0.647406 0.537657 0.082547 0.213389
0 0.038325 0.762552 0.055425 0.127615
0 0.179835 0.380753 0.053066 0.050209
0 0.248231 0.584728 0.027123 0.085774
0 0.475825 0.178870 0.010613 0.014644
0 0.791274 0.982218 0.099057 0.027197
0 0.065448 0.584728 0.034198 0.056485
0 0.418042 0.311715 0.022406 0.025105
0 0.245873 0.602510 0.022406 0.050209
0 0.020047 0.620293 0.040094 0.069038
0 0.705189 0.382845 0.084906 0.163180
0 0.969340 0.428870 0.058962 0.062762
0 0.462264 0.273013 0.014151 0.023013
0 0.549528 0.455021 0.051887 0.148536
0 0.449292 0.260460 0.014151 0.014644
0 0.097288 0.668410 0.041274 0.102510
0 0.623231 0.401674 0.048349 0.066946
0 0.284198 0.434100 0.101415 0.165272
0 0.466981 0.172594 0.007075 0.010460
0 0.052476 0.912134 0.104953 0.163180
1 0.883844 0.371339 0.010613 0.043933
1 0.822524 0.367155 0.010613 0.043933
1 0.878538 0.415272 0.016509 0.060669
1 0.896816 0.380753 0.015330 0.054393
1 0.137382 0.510460 0.017689 0.071130
1 0.863797 0.380753 0.010613 0.041841
1 0.839033 0.425732 0.012972 0.056485
3 0.766509 0.601464 0.464623 0.776151
3 0.109670 0.464435 0.219340 0.171548
3 0.200472 0.644351 0.400943 0.690377
3 0.494693 0.615063 0.932783 0.748954
3 0.706958 0.612971 0.510613 0.748954
3 0.360849 0.360879 0.216981 0.357741
4 0.712854 0.526151 0.012972 0.023013
4 0.929835 0.902720 0.090802 0.152720
4 0.105542 0.698745 0.081368 0.108787
4 0.595519 0.322176 0.132075 0.221757
4 0.482901 0.376569 0.048349 0.184100
4 0.698113 0.487448 0.018868 0.020921
5 0.712854 0.526151 0.012972 0.023013
5 0.514741 0.375523 0.005896 0.010460
5 0.929245 0.901674 0.089623 0.150628
5 0.344929 0.486402 0.008255 0.014644
5 0.376769 0.415272 0.005896 0.010460
5 0.106132 0.698745 0.080189 0.108787
5 0.305425 0.521967 0.030660 0.035565
5 0.596108 0.322176 0.130896 0.221757
5 0.516509 0.384937 0.004717 0.025105
5 0.362028 0.445607 0.007075 0.012552
5 0.698113 0.487448 0.018868 0.020921
7 0.445755 0.506276 0.311321 0.066946
