0 0.739387 0.197699 0.061321 0.110879
0 0.557783 0.128661 0.047170 0.089958
0 0.028892 0.167364 0.057783 0.079498
0 0.689269 0.518828 0.166274 0.451883
0 0.469340 0.270921 0.016509 0.064854
0 0.359080 0.283473 0.036557 0.098326
0 0.396816 0.360879 0.086085 0.261506
0 0.188679 0.115063 0.018868 0.025105
0 0.482901 0.533473 0.024764 0.096234
0 0.193396 0.782427 0.070755 0.184100
0 0.382075 0.167364 0.011792 0.037657
0 0.406840 0.138075 0.011792 0.033473
0 0.500590 0.105649 0.008255 0.027197
0 0.540094 0.231172 0.082547 0.202929
0 0.306014 0.305439 0.020047 0.062762
0 0.974646 0.300209 0.048349 0.140167
0 0.397995 0.763598 0.050708 0.184100
0 0.451651 0.124477 0.061321 0.173640
0 0.553066 0.531381 0.028302 0.121339
0 0.279481 0.961297 0.082547 0.064854
1 0.731132 0.330544 0.016509 0.083682
1 0.587854 0.212343 0.012972 0.069038
1 0.716392 0.304393 0.017689 0.052301
1 0.604363 0.207113 0.012972 0.066946
1 0.622052 0.265690 0.012972 0.075314
1 0.617335 0.213389 0.017689 0.058577
1 0.857311 0.238494 0.018868 0.071130
3 0.838443 0.364017 0.320755 0.439331
3 0.103774 0.285565 0.207547 0.307531
3 0.423939 0.526151 0.847877 0.926778
4 0.360259 0.635983 0.017689 0.071130
4 0.023585 0.324268 0.028302 0.029289
4 0.552476 0.910042 0.022406 0.167364
4 0.335495 0.634937 0.020047 0.064854
4 0.187500 0.581590 0.367925 0.820084
4 0.086085 0.342050 0.023585 0.027197
4 0.212264 0.796025 0.091981 0.269874
5 0.347288 0.635983 0.043632 0.071130
5 0.408019 0.774059 0.165094 0.347280
7 0.347877 0.635983 0.044811 0.071130
