0 0.595370 0.482552 0.025926 0.011458
0 0.620370 0.490104 0.023148 0.013021
0 0.730787 0.627474 0.168981 0.148177
0 0.525463 0.535286 0.018519 0.020052
0 0.645602 0.496615 0.046759 0.020833
0 0.860417 0.564193 0.027315 0.025781
0 0.440278 0.865495 0.095370 0.102865
0 0.418056 0.553776 0.062963 0.037760
0 0.565046 0.489583 0.030093 0.016146
0 0.404167 0.519792 0.014815 0.015625
0 0.956944 0.705729 0.085185 0.043750
0 0.830324 0.501302 0.029167 0.015625
0 0.891898 0.549089 0.027315 0.032552
0 0.517593 0.648698 0.117593 0.076042
0 0.182639 0.753776 0.202315 0.131510
0 0.469907 0.514714 0.042593 0.024219
0 0.432639 0.600521 0.089352 0.055729
0 0.969907 0.531250 0.024074 0.013021
0 0.367130 0.536719 0.060185 0.031771
0 0.663194 0.943359 0.253241 0.112760
0 0.571991 0.468099 0.022685 0.011198
0 0.346528 0.611979 0.037500 0.040625
0 0.706250 0.542969 0.024537 0.022396
0 0.956713 0.705208 0.085648 0.043750
0 0.492130 0.482812 0.020370 0.016146
0 0.271065 0.639323 0.118056 0.071875
0 0.134028 0.931380 0.131019 0.132552
0 0.546528 0.550130 0.019907 0.021615
0 0.582176 0.574740 0.074537 0.045312
0 0.484259 0.560417 0.077778 0.047396
0 0.487269 0.466927 0.006019 0.009375
0 0.428009 0.737109 0.066204 0.067969
0 0.509954 0.493099 0.041204 0.027865
0 0.580556 0.477344 0.023148 0.015104
0 0.610648 0.536328 0.050926 0.028906
0 0.454861 0.531250 0.045833 0.029167
0 0.829167 0.534766 0.020370 0.018490
1 0.878935 0.525130 0.010648 0.022656
1 0.766898 0.569792 0.017130 0.015625
1 0.808102 0.501172 0.012500 0.022135
1 0.855556 0.628255 0.035185 0.049740
1 0.919907 0.650391 0.038889 0.048698
1 0.928935 0.538672 0.018981 0.029948
1 0.782407 0.527734 0.016667 0.028385
1 0.551157 0.494661 0.009722 0.016927
1 0.970139 0.654818 0.023611 0.044010
1 0.673611 0.520703 0.012037 0.022656
1 0.866898 0.527344 0.015278 0.026562
1 0.784722 0.495703 0.010185 0.019010
1 0.792130 0.559505 0.022222 0.033073
1 0.905556 0.519922 0.014815 0.021615
1 0.749769 0.536328 0.017130 0.018490
1 0.914815 0.534766 0.016667 0.031510
1 0.745139 0.549609 0.014352 0.017969
1 0.797685 0.503776 0.011111 0.021615
1 0.808565 0.581120 0.021759 0.038281
1 0.766435 0.497005 0.007870 0.023177
1 0.318981 0.924870 0.087037 0.058594
1 0.893287 0.525781 0.015278 0.021354
1 0.313194 0.962109 0.122685 0.075260
1 0.819213 0.609115 0.018056 0.022917
3 0.498380 0.725911 0.996759 0.547656
4 0.525231 0.568620 0.007870 0.010677
4 0.382176 0.649870 0.015278 0.014844
4 0.359954 0.730208 0.022685 0.029167
4 0.282870 0.901693 0.049074 0.073698
4 0.256944 0.897786 0.050000 0.070573
4 0.228935 0.633984 0.457870 0.353385
4 0.341667 0.728125 0.024074 0.028646
4 0.528704 0.587109 0.008333 0.011719
4 0.108796 0.724089 0.217593 0.172656
4 0.533565 0.606641 0.008796 0.009635
4 0.584491 0.804948 0.055093 0.167187
4 0.393750 0.650651 0.012500 0.014844
5 0.525231 0.568359 0.007870 0.010677
5 0.381944 0.650000 0.014815 0.014583
5 0.359954 0.730078 0.022685 0.029427
5 0.282870 0.901563 0.049074 0.073438
5 0.256713 0.897786 0.049537 0.070573
5 0.341667 0.728125 0.024074 0.028646
5 0.528704 0.587109 0.008333 0.011719
5 0.108796 0.724219 0.217593 0.171875
5 0.533565 0.606641 0.008796 0.009635
5 0.700926 0.848307 0.068519 0.122656
5 0.584491 0.804948 0.055093 0.167187
5 0.393750 0.650651 0.012500 0.014844
