0 0.460156 0.041667 0.042188 0.083333
0 0.519531 0.956250 0.043750 0.084722
0 0.373828 0.150000 0.060156 0.127778
0 0.576953 0.453472 0.075781 0.243056
0 0.518750 0.073611 0.043750 0.105556
1 0.950391 0.018056 0.030469 0.036111
1 0.787109 0.086806 0.022656 0.065278
1 0.688672 0.033333 0.013281 0.047222
3 0.433594 0.497917 0.623437 0.995833
4 0.362500 0.463889 0.012500 0.047222
4 0.546484 0.011806 0.003906 0.015278
4 0.485938 0.128472 0.004687 0.020833
4 0.418359 0.975000 0.011719 0.047222
4 0.550000 0.129167 0.004687 0.022222
4 0.325000 0.677778 0.017188 0.069444
4 0.444531 0.008333 0.006250 0.016667
4 0.682422 0.499306 0.153906 0.998611
4 0.423047 0.127083 0.007031 0.020833
4 0.272266 0.975694 0.014844 0.045833
4 0.479297 0.209722 0.005469 0.027778
4 0.470703 0.317361 0.007031 0.034722
4 0.495312 0.010417 0.004687 0.015278
4 0.491016 0.063889 0.003906 0.019444
4 0.434766 0.061806 0.005469 0.018056
4 0.408594 0.208333 0.007812 0.025000
4 0.555469 0.315972 0.006250 0.029167
4 0.565625 0.682639 0.007812 0.070833
4 0.573047 0.979861 0.008594 0.037500
4 0.441797 0.683333 0.011719 0.075000
4 0.458594 0.464583 0.009375 0.051389
4 0.552344 0.211111 0.004687 0.027778
4 0.548047 0.064583 0.003906 0.020833
4 0.389062 0.315972 0.009375 0.034722
5 0.362500 0.463889 0.012500 0.047222
5 0.546484 0.011806 0.003906 0.015278
5 0.485938 0.128472 0.004687 0.020833
5 0.418359 0.975000 0.011719 0.047222
5 0.550000 0.129167 0.004687 0.022222
5 0.325000 0.677083 0.017188 0.068056
5 0.444141 0.008333 0.005469 0.016667
5 0.682422 0.499306 0.153906 0.998611
5 0.423047 0.127083 0.007031 0.020833
5 0.272266 0.975694 0.014844 0.045833
5 0.250391 0.495833 0.286719 0.991667
5 0.479297 0.209722 0.005469 0.027778
5 0.470703 0.317361 0.007031 0.034722
5 0.495312 0.009722 0.004687 0.013889
5 0.491016 0.063889 0.003906 0.019444
5 0.434766 0.061806 0.005469 0.018056
5 0.408594 0.208333 0.007812 0.025000
5 0.573047 0.979861 0.008594 0.037500
5 0.441797 0.683333 0.011719 0.075000
5 0.458594 0.464583 0.009375 0.051389
5 0.565625 0.682639 0.007812 0.070833
5 0.555469 0.315972 0.006250 0.029167
5 0.552344 0.211111 0.004687 0.027778
5 0.548047 0.064583 0.003906 0.020833
5 0.389062 0.315972 0.009375 0.034722
