0 0.238208 0.493724 0.028302 0.033473
0 0.098467 0.638075 0.041274 0.096234
0 0.011792 0.446653 0.023585 0.052301
0 0.435142 0.292887 0.018868 0.029289
0 0.488797 0.422594 0.045991 0.083682
0 0.258255 0.448745 0.014151 0.031381
0 0.063090 0.730126 0.048349 0.058577
0 0.284198 0.291841 0.018868 0.023013
0 0.253538 0.595188 0.125000 0.182008
0 0.882665 0.662134 0.232311 0.391213
0 0.573703 0.447699 0.062500 0.092050
0 0.450472 0.262552 0.016509 0.023013
0 0.305425 0.337866 0.016509 0.027197
0 0.866745 0.404812 0.016509 0.043933
0 0.948113 0.500000 0.101415 0.108787
0 0.573703 0.570084 0.079009 0.211297
0 0.370873 0.429916 0.012972 0.031381
0 0.456958 0.216527 0.010613 0.018828
0 0.750000 0.858787 0.186321 0.269874
0 0.749410 0.446653 0.112028 0.219665
0 0.003538 0.668410 0.007075 0.052301
0 0.063090 0.589958 0.024764 0.058577
0 0.018868 0.622385 0.037736 0.069038
0 0.968160 0.432008 0.061321 0.060669
0 0.613797 0.400628 0.050708 0.073222
0 0.512972 0.233264 0.007075 0.018828
0 0.055425 0.808577 0.058962 0.115063
0 0.821344 0.392259 0.017689 0.043933
0 0.636203 0.443515 0.055425 0.083682
0 0.345519 0.357741 0.058962 0.112971
0 0.104953 0.862971 0.063679 0.156904
1 0.140920 0.506276 0.017689 0.079498
3 0.514741 0.346234 0.100236 0.253138
3 0.534788 0.343096 0.057783 0.238494
3 0.767099 0.606695 0.463443 0.765690
3 0.211675 0.632845 0.423349 0.713389
3 0.579009 0.315900 0.110849 0.167364
4 0.600825 0.339958 0.145047 0.223849
5 0.412146 0.511506 0.239387 0.060669
5 0.474057 0.509414 0.367925 0.069038
7 0.413325 0.511506 0.239387 0.060669
