0 0.848958 0.156019 0.022917 0.045370
0 0.384375 0.097685 0.019792 0.025000
0 0.821875 0.189815 0.022917 0.035185
0 0.549740 0.089352 0.017188 0.026852
0 0.605469 0.044444 0.018229 0.018519
0 0.799740 0.062500 0.015104 0.034259
0 0.972135 0.400463 0.046354 0.069444
0 0.073958 0.007870 0.134375 0.015741
0 0.419271 0.269444 0.032292 0.046296
0 0.751042 0.128704 0.019792 0.033333
0 0.010937 0.304630 0.021875 0.053704
0 0.465885 0.034259 0.019271 0.040741
0 0.404687 0.456481 0.056250 0.088889
0 0.370573 0.264352 0.050521 0.139815
0 0.549479 0.031944 0.017708 0.025000
0 0.608333 0.188889 0.033333 0.057407
0 0.827083 0.137037 0.014583 0.029630
0 0.398958 0.066204 0.019792 0.039815
0 0.853646 0.294907 0.031250 0.047222
0 0.479687 0.091204 0.019792 0.023148
0 0.808594 0.493519 0.061979 0.094444
0 0.094531 0.201852 0.039062 0.064815
0 0.391406 0.565741 0.060937 0.079630
0 0.745052 0.065741 0.022396 0.037037
0 0.791146 0.080556 0.018750 0.033333
0 0.941406 0.376389 0.045312 0.065741
0 0.468490 0.832407 0.140104 0.300000
0 0.695052 0.494907 0.065104 0.093519
0 0.091667 0.840278 0.105208 0.143519
0 0.478906 0.119907 0.022396 0.037963
0 0.514844 0.091667 0.019271 0.024074
0 0.584375 0.093519 0.020833 0.035185
0 0.467708 0.215278 0.029167 0.043519
0 0.280208 0.192593 0.065625 0.100000
0 0.741146 0.056019 0.022917 0.028704
0 0.756510 0.651852 0.077604 0.101852
0 0.512760 0.176389 0.023438 0.032407
0 0.878906 0.249537 0.028646 0.047222
0 0.007812 0.343519 0.015625 0.061111
0 0.367448 0.383333 0.044271 0.057407
0 0.773958 0.174537 0.027083 0.037963
0 0.953385 0.354630 0.092188 0.051852
0 0.717448 0.068056 0.016146 0.021296
0 0.552344 0.047222 0.023438 0.016667
0 0.511979 0.311574 0.035417 0.047222
0 0.411458 0.246759 0.030208 0.060185
0 0.136979 0.336574 0.071875 0.200926
0 0.898958 0.224537 0.026042 0.039815
0 0.994271 0.362963 0.010417 0.038889
0 0.613281 0.274074 0.032813 0.042593
0 0.769010 0.159259 0.023438 0.037037
0 0.927604 0.295370 0.037500 0.057407
0 0.583073 0.462500 0.054688 0.087963
0 0.579948 0.077778 0.018229 0.029630
0 0.501042 0.047685 0.017708 0.015741
0 0.775000 0.050463 0.018750 0.017593
0 0.012760 0.007870 0.025521 0.015741
0 0.577083 0.298148 0.032292 0.046296
0 0.659115 0.927315 0.145313 0.130556
0 0.546094 0.075463 0.019271 0.026852
0 0.580729 0.044444 0.021875 0.020370
0 0.309375 0.741667 0.092708 0.124074
0 0.744531 0.109722 0.028646 0.049074
0 0.815625 0.170370 0.025000 0.033333
0 0.801302 0.207870 0.020313 0.036111
0 0.523698 0.046759 0.018229 0.023148
0 0.229427 0.914352 0.157812 0.156481
0 0.991927 0.319444 0.015104 0.051852
0 0.885677 0.301389 0.033854 0.054630
3 0.855469 0.319444 0.288021 0.474074
3 0.907031 0.205093 0.184896 0.284259
3 0.802083 0.524074 0.394792 0.927778
3 0.119010 0.343519 0.238021 0.687037
3 0.242188 0.624074 0.484375 0.731481
3 0.494531 0.553704 0.989062 0.870370
3 0.759375 0.524537 0.362500 0.930556
3 0.453385 0.528704 0.202604 0.924074
4 0.814323 0.402315 0.370312 0.678704
4 0.425000 0.556481 0.154167 0.868519
4 0.793750 0.523611 0.390625 0.934259
4 0.661198 0.507407 0.180729 0.894444
4 0.165885 0.592130 0.331771 0.675000
5 0.793229 0.524074 0.390625 0.933333
5 0.182031 0.316667 0.050521 0.370370
5 0.165885 0.591667 0.331771 0.675926
5 0.814063 0.401852 0.370833 0.679630
5 0.351302 0.982407 0.011979 0.018519
