0 0.739976 0.200837 0.057783 0.104603
0 0.554835 0.100418 0.038915 0.033473
0 0.032429 0.192469 0.064858 0.129707
0 0.488797 0.104603 0.008255 0.029289
0 0.400354 0.569038 0.225236 0.753138
0 0.696344 0.513598 0.185142 0.462343
0 0.407429 0.106695 0.008255 0.025105
0 0.148585 0.691423 0.061321 0.135983
0 0.432783 0.091004 0.021226 0.039749
0 0.471698 0.087866 0.007075 0.029289
0 0.450472 0.122385 0.009434 0.031381
0 0.441038 0.172594 0.040094 0.043933
0 0.616745 0.197699 0.016509 0.043933
0 0.287736 0.451883 0.033019 0.096234
0 0.542453 0.277197 0.096698 0.244770
0 0.496462 0.144351 0.011792 0.033473
0 0.554245 0.149582 0.047170 0.094142
0 0.454009 0.035565 0.011792 0.029289
0 0.973467 0.297071 0.050708 0.142259
0 0.465802 0.041841 0.014151 0.037657
0 0.801887 0.244770 0.018868 0.037657
1 0.802476 0.221757 0.020047 0.054393
1 0.580778 0.187238 0.010613 0.060669
1 0.741745 0.569038 0.035377 0.071130
1 0.432193 0.061715 0.005896 0.014644
1 0.168042 0.576360 0.029481 0.073222
1 0.612028 0.187238 0.011792 0.056485
1 0.471698 0.085774 0.007075 0.029289
1 0.407429 0.089958 0.008255 0.020921
1 0.449882 0.098326 0.008255 0.025105
1 0.407429 0.094142 0.008255 0.029289
1 0.149175 0.605649 0.045991 0.110879
1 0.293042 0.406904 0.031840 0.089958
1 0.706368 0.268828 0.014151 0.064854
1 0.692807 0.253138 0.010613 0.033473
1 0.488208 0.095188 0.009434 0.031381
1 0.587854 0.188285 0.012972 0.062762
1 0.659198 0.273013 0.014151 0.043933
1 0.716981 0.301255 0.021226 0.071130
1 0.633255 0.232218 0.014151 0.066946
1 0.497052 0.122385 0.010613 0.027197
1 0.168042 0.599372 0.029481 0.119247
1 0.688679 0.275105 0.016509 0.039749
3 0.833726 0.350418 0.330189 0.458159
3 0.272406 0.524059 0.544811 0.935146
3 0.102594 0.289749 0.205189 0.311715
3 0.424528 0.519874 0.849057 0.943515
3 0.670991 0.524059 0.358491 0.930962
4 0.021816 0.329498 0.029481 0.027197
4 0.193396 0.572176 0.377358 0.838912
4 0.083726 0.346234 0.023585 0.027197
5 0.021226 0.328452 0.028302 0.025105
5 0.193396 0.572176 0.377358 0.838912
5 0.083726 0.346234 0.023585 0.027197
5 0.551887 0.908996 0.023585 0.165272
