0 0.301157 0.639062 0.030093 0.035417
0 0.647222 0.498698 0.041667 0.020313
0 0.570370 0.492057 0.028704 0.016406
0 0.737500 0.634245 0.174074 0.152865
0 0.530324 0.536458 0.018981 0.021354
0 0.790972 0.508984 0.018981 0.016406
0 0.885417 0.553646 0.029167 0.022917
0 0.600231 0.487630 0.026389 0.017448
0 0.268056 0.697786 0.057407 0.053385
0 0.477546 0.467057 0.006019 0.008073
0 0.500694 0.494922 0.026389 0.020573
0 0.382176 0.543750 0.024537 0.030208
0 0.529398 0.575130 0.025463 0.027865
0 0.824537 0.541276 0.021296 0.022656
0 0.115509 0.824870 0.231019 0.182552
0 0.482639 0.475000 0.006944 0.009896
0 0.496065 0.465885 0.006019 0.007812
0 0.342824 0.560937 0.077315 0.041667
0 0.468981 0.528906 0.050926 0.026042
0 0.373380 0.584896 0.088426 0.046875
0 0.710648 0.546875 0.026852 0.023958
0 0.959028 0.708333 0.081019 0.043750
0 0.625926 0.494010 0.022222 0.017188
0 0.508333 0.559375 0.023148 0.020833
0 0.586343 0.590365 0.082870 0.051042
0 0.528704 0.508594 0.046296 0.035937
0 0.417593 0.671354 0.127778 0.087500
0 0.467130 0.590104 0.095370 0.059896
0 0.540278 0.818229 0.210185 0.171875
0 0.586806 0.477604 0.025463 0.014063
0 0.615278 0.546745 0.056481 0.031510
0 0.631019 0.480990 0.018519 0.011458
0 0.443750 0.554557 0.056944 0.038281
0 0.579167 0.470443 0.022222 0.009635
0 0.313657 0.790365 0.071759 0.075521
1 0.924769 0.542578 0.017130 0.036198
1 0.774074 0.525521 0.017593 0.022396
1 0.819907 0.573307 0.023148 0.037240
1 0.886343 0.651172 0.039352 0.057552
1 0.931713 0.548568 0.020833 0.029427
1 0.825694 0.510286 0.012500 0.019531
1 0.678009 0.521875 0.011574 0.023958
1 0.750463 0.552604 0.013889 0.016146
1 0.567824 0.504167 0.008796 0.018229
1 0.702083 0.521615 0.008796 0.016667
1 0.920370 0.636589 0.023148 0.050260
1 0.753472 0.538802 0.016204 0.019792
1 0.903935 0.535026 0.014352 0.028385
1 0.975463 0.569271 0.028704 0.018750
1 0.897685 0.633073 0.035185 0.036458
1 0.784259 0.576693 0.022222 0.033594
1 0.823843 0.611068 0.018056 0.021615
1 0.805556 0.502734 0.012963 0.022135
3 0.309954 0.737240 0.619907 0.520833
3 0.497917 0.729427 0.995833 0.540625
4 0.538657 0.611719 0.009722 0.014583
4 0.414352 0.497786 0.085185 0.069531
4 0.726852 0.895182 0.115741 0.209115
4 0.546296 0.640755 0.012037 0.019010
4 0.855556 0.834245 0.036111 0.033073
4 0.348611 0.730469 0.018519 0.028646
4 0.566898 0.728646 0.012500 0.010417
4 0.259722 0.900130 0.050926 0.070573
4 0.362269 0.733333 0.019907 0.027083
4 0.688426 0.943880 0.049074 0.111719
4 0.409722 0.606510 0.011111 0.010937
4 0.534028 0.590495 0.007870 0.010156
4 0.195833 0.661328 0.208333 0.154427
4 0.556250 0.681510 0.016204 0.025521
4 0.625463 0.952083 0.041667 0.095312
4 0.286574 0.903646 0.049074 0.073438
5 0.727315 0.895573 0.114815 0.208333
5 0.538657 0.611589 0.009722 0.014323
5 0.409722 0.606510 0.011111 0.010937
5 0.414352 0.497005 0.085185 0.069010
5 0.546296 0.640755 0.012037 0.019010
5 0.855556 0.834245 0.036111 0.033073
5 0.348611 0.730339 0.018519 0.028385
5 0.566898 0.728646 0.012500 0.010417
5 0.259491 0.900260 0.050463 0.070312
5 0.362269 0.733333 0.019907 0.027083
5 0.195139 0.661589 0.207870 0.153906
5 0.688426 0.944271 0.048148 0.110937
5 0.556250 0.681380 0.016204 0.025260
5 0.625231 0.952214 0.041204 0.095052
5 0.533796 0.590495 0.007407 0.010156
5 0.286343 0.903516 0.048611 0.073177
