0 0.433594 0.194444 0.054688 0.133333
0 0.504687 0.605556 0.089063 0.302778
0 0.550391 0.003472 0.030469 0.006944
1 0.816797 0.069444 0.024219 0.075000
3 0.432031 0.497917 0.625000 0.995833
4 0.547266 0.015278 0.003906 0.011111
4 0.485938 0.128472 0.004687 0.020833
4 0.418359 0.975694 0.011719 0.045833
4 0.550000 0.129861 0.004687 0.020833
4 0.325000 0.677778 0.017188 0.069444
4 0.444531 0.009722 0.004687 0.013889
4 0.458594 0.465278 0.009375 0.050000
4 0.682813 0.499306 0.154688 0.998611
4 0.491406 0.063889 0.004687 0.016667
4 0.435156 0.063194 0.006250 0.015278
4 0.565234 0.682639 0.008594 0.070833
4 0.271484 0.975694 0.014844 0.045833
4 0.495312 0.010417 0.004687 0.015278
4 0.423828 0.127083 0.007031 0.020833
4 0.362500 0.463889 0.012500 0.047222
4 0.552344 0.211111 0.004687 0.027778
4 0.388672 0.316667 0.010156 0.036111
4 0.559766 0.467361 0.007031 0.051389
4 0.479687 0.211111 0.006250 0.027778
4 0.470703 0.318056 0.007031 0.036111
4 0.441406 0.684028 0.010937 0.073611
4 0.548047 0.064583 0.003906 0.018056
4 0.572656 0.979861 0.009375 0.037500
4 0.555469 0.320833 0.006250 0.036111
5 0.547266 0.015278 0.003906 0.011111
5 0.485938 0.128472 0.004687 0.020833
5 0.550000 0.129861 0.004687 0.020833
5 0.325000 0.677778 0.017188 0.069444
5 0.444531 0.009722 0.004687 0.013889
5 0.458594 0.465278 0.009375 0.050000
5 0.682422 0.499306 0.153906 0.998611
5 0.491406 0.063889 0.004687 0.016667
5 0.435156 0.063194 0.006250 0.015278
5 0.565234 0.682639 0.008594 0.070833
5 0.271484 0.975694 0.014844 0.045833
5 0.248047 0.495139 0.292969 0.990278
5 0.495312 0.010417 0.004687 0.015278
5 0.423828 0.127083 0.007031 0.020833
5 0.362500 0.463889 0.012500 0.047222
5 0.552344 0.211111 0.004687 0.027778
5 0.388672 0.316667 0.010156 0.036111
5 0.559766 0.467361 0.007031 0.051389
5 0.479297 0.211111 0.005469 0.027778
5 0.470703 0.318056 0.007031 0.036111
5 0.441406 0.684028 0.010937 0.073611
5 0.572656 0.980556 0.009375 0.036111
5 0.555469 0.320833 0.006250 0.036111
5 0.548047 0.064583 0.003906 0.018056
5 0.418359 0.975694 0.011719 0.045833
