0 0.737028 0.201883 0.063679 0.110879
0 0.551297 0.117155 0.043632 0.037657
0 0.159198 0.142259 0.028302 0.041841
0 0.463443 0.107741 0.023585 0.056485
0 0.686910 0.515690 0.166274 0.466527
0 0.397406 0.141213 0.009434 0.027197
0 0.260024 0.462343 0.024764 0.092050
0 0.431604 0.254184 0.014151 0.048117
0 0.376179 0.410042 0.021226 0.075314
0 0.402123 0.293933 0.016509 0.048117
0 0.492925 0.654812 0.212264 0.673640
0 0.492925 0.304393 0.025943 0.031381
0 0.189269 0.907950 0.185142 0.171548
0 0.441627 0.074268 0.015330 0.039749
0 0.482311 0.093096 0.007075 0.031381
0 0.195165 0.047071 0.031840 0.035565
0 0.471108 0.027197 0.015330 0.033473
0 0.547170 0.175732 0.056604 0.150628
0 0.483491 0.039749 0.009434 0.020921
0 0.973467 0.304393 0.050708 0.140167
0 0.447524 0.221757 0.012972 0.041841
0 0.443986 0.047071 0.015330 0.027197
0 0.478184 0.253138 0.017689 0.046025
0 0.676887 0.134937 0.009434 0.027197
0 0.616156 0.205021 0.015330 0.041841
0 0.395637 0.209205 0.041274 0.079498
1 0.686910 0.240586 0.012972 0.075314
1 0.653302 0.269874 0.018868 0.058577
1 0.993514 0.414226 0.010613 0.058577
1 0.765920 0.446653 0.017689 0.077406
1 0.740566 0.333682 0.016509 0.089958
1 0.759434 0.368201 0.018868 0.092050
1 0.725236 0.335774 0.016509 0.064854
1 0.673349 0.241632 0.011792 0.077406
1 0.754717 0.321130 0.009434 0.043933
3 0.827241 0.352510 0.343160 0.466527
3 0.242335 0.534519 0.484670 0.910042
3 0.103184 0.296025 0.206368 0.311715
3 0.422759 0.525105 0.845519 0.928870
3 0.667453 0.529289 0.358491 0.924686
4 0.358491 0.644351 0.016509 0.071130
4 0.020637 0.333682 0.031840 0.027197
4 0.372052 0.450837 0.008255 0.023013
4 0.217571 0.527197 0.423349 0.928870
4 0.333726 0.643305 0.018868 0.064854
4 0.082547 0.352510 0.023585 0.027197
4 0.408019 0.337866 0.007075 0.023013
5 0.346108 0.644351 0.043632 0.071130
7 0.346108 0.644351 0.043632 0.071130
