0 0.313679 0.528243 0.021226 0.069038
0 0.514741 0.257322 0.005896 0.016736
0 0.011203 0.451883 0.022406 0.054393
0 0.814858 0.540795 0.167453 0.299163
0 0.487028 0.427824 0.047170 0.081590
0 0.943986 0.792887 0.109670 0.401674
0 0.277712 0.518828 0.020047 0.071130
0 0.034788 0.609833 0.024764 0.069038
0 0.305425 0.425732 0.014151 0.027197
0 0.282429 0.296025 0.017689 0.023013
0 0.354953 0.448745 0.061321 0.115063
0 0.304835 0.344142 0.015330 0.027197
0 0.043042 0.438285 0.022406 0.031381
0 0.945165 0.511506 0.107311 0.115063
0 0.060731 0.862971 0.121462 0.261506
0 0.459316 0.209205 0.008255 0.016736
0 0.257075 0.479079 0.018868 0.037657
0 0.222288 0.553347 0.022406 0.048117
0 0.441627 0.280335 0.015330 0.025105
0 0.061321 0.592050 0.033019 0.058577
0 0.153892 0.601464 0.034198 0.089958
0 0.629127 0.441423 0.057783 0.083682
0 0.319575 0.381799 0.009434 0.027197
0 0.020637 0.629707 0.029481 0.066946
0 0.382075 0.324268 0.042453 0.083682
0 0.964623 0.436192 0.063679 0.069038
0 0.599057 0.571130 0.084906 0.171548
0 0.458726 0.283473 0.007075 0.023013
0 0.646226 0.837866 0.155660 0.311715
0 0.454599 0.252092 0.012972 0.023013
0 0.654481 0.502092 0.066038 0.100418
0 0.116156 0.691423 0.036557 0.056485
0 0.910967 0.430962 0.027123 0.037657
1 0.923939 0.384937 0.010613 0.050209
1 0.854953 0.368201 0.011792 0.046025
1 0.863208 0.436192 0.011792 0.043933
1 0.139151 0.507322 0.018868 0.077406
1 0.847288 0.385983 0.008255 0.039749
1 0.876769 0.387029 0.008255 0.050209
3 0.542453 0.359833 0.075472 0.213389
3 0.488208 0.375523 0.068396 0.198745
3 0.734670 0.615063 0.391509 0.748954
3 0.224057 0.627615 0.448113 0.723849
3 0.571934 0.353556 0.096698 0.221757
4 0.514151 0.423640 0.004717 0.023013
4 0.711675 0.536611 0.017689 0.023013
4 0.324882 0.407950 0.331368 0.276151
4 0.558962 0.379707 0.004717 0.010460
4 0.569575 0.418410 0.009434 0.020921
4 0.517099 0.455021 0.005896 0.027197
4 0.583137 0.321130 0.102594 0.156904
4 0.714033 0.456067 0.031840 0.008368
4 0.580189 0.451883 0.011792 0.029289
4 0.512972 0.401674 0.004717 0.016736
4 0.543632 0.471757 0.108491 0.014644
4 0.553066 0.361925 0.004717 0.008368
4 0.561910 0.392259 0.008255 0.018828
4 0.479363 0.381799 0.050708 0.190377
5 0.497642 0.511506 0.415094 0.064854
7 0.497642 0.511506 0.415094 0.064854
