0 0.787963 0.510547 0.019444 0.018490
0 0.604630 0.478646 0.021296 0.009375
0 0.441204 0.657682 0.137037 0.095052
0 0.301852 0.598698 0.102778 0.056771
0 0.635880 0.480469 0.023611 0.011979
0 0.647917 0.498958 0.044907 0.020313
0 0.803704 0.530339 0.020370 0.013281
0 0.707639 0.550260 0.025463 0.029167
0 0.741204 0.649609 0.187963 0.170052
0 0.578935 0.513932 0.010648 0.019531
0 0.494444 0.501953 0.010185 0.016406
0 0.954861 0.706901 0.073611 0.046615
0 0.523611 0.563672 0.022222 0.026302
0 0.273611 0.661719 0.132407 0.080729
0 0.476620 0.484505 0.009722 0.012240
0 0.493981 0.472135 0.007407 0.008854
0 0.565046 0.492839 0.032870 0.015885
0 0.460417 0.545443 0.059722 0.030990
0 0.432407 0.488151 0.009259 0.009115
0 0.581250 0.477995 0.025463 0.013802
0 0.422222 0.585286 0.071296 0.048177
0 0.511111 0.507422 0.035185 0.025260
0 0.845602 0.658724 0.024537 0.033073
0 0.451157 0.485286 0.009722 0.010677
0 0.372454 0.573177 0.022685 0.028125
0 0.177083 0.808203 0.072685 0.082552
0 0.815509 0.514974 0.018056 0.019010
0 0.498148 0.608984 0.031481 0.033594
0 0.532870 0.524349 0.056481 0.046094
0 0.595833 0.487240 0.029630 0.015625
0 0.583333 0.603776 0.088889 0.055469
0 0.612500 0.556510 0.063889 0.034896
0 0.622222 0.493880 0.025926 0.014844
0 0.576157 0.472005 0.028241 0.010156
0 0.373611 0.872786 0.237963 0.217448
1 0.751852 0.538802 0.015741 0.020313
1 0.844676 0.512630 0.011574 0.021615
1 0.925694 0.545964 0.018981 0.032031
1 0.771528 0.569661 0.015278 0.022135
1 0.852778 0.625781 0.031481 0.044792
1 0.690509 0.515885 0.008796 0.021354
1 0.747917 0.556510 0.016204 0.023438
1 0.677083 0.522656 0.011574 0.023958
1 0.761806 0.522266 0.015278 0.022135
1 0.844213 0.587500 0.024537 0.038021
1 0.701852 0.521484 0.010185 0.019010
1 0.953472 0.668620 0.043056 0.048177
1 0.912500 0.539714 0.012963 0.029427
1 0.882870 0.622917 0.034259 0.046875
1 0.798611 0.502604 0.012037 0.020313
1 0.899769 0.535937 0.015278 0.026042
1 0.820370 0.616927 0.020370 0.031250
3 0.310417 0.730599 0.620833 0.538281
3 0.769213 0.751953 0.460648 0.495573
3 0.499769 0.729557 0.999537 0.540365
4 0.537500 0.612891 0.009259 0.014844
4 0.363657 0.733333 0.022685 0.029167
4 0.726852 0.894271 0.119444 0.210938
4 0.555556 0.682422 0.015741 0.025260
4 0.670602 0.884375 0.088426 0.230729
4 0.345139 0.731901 0.023611 0.028385
4 0.532407 0.591016 0.009259 0.012240
4 0.855787 0.834635 0.035648 0.033333
4 0.387269 0.516146 0.140278 0.106250
4 0.123148 0.720182 0.246296 0.193490
4 0.545370 0.641276 0.012037 0.019531
4 0.603704 0.862240 0.087037 0.275000
4 0.257176 0.903125 0.043056 0.068229
5 0.537500 0.612891 0.009259 0.014844
5 0.363426 0.733464 0.022222 0.028906
5 0.727778 0.895182 0.116667 0.209115
5 0.555556 0.682422 0.015741 0.025260
5 0.671065 0.884375 0.086574 0.230729
5 0.345139 0.731901 0.023611 0.028385
5 0.532407 0.591016 0.009259 0.012240
5 0.855787 0.834635 0.035648 0.033333
5 0.387269 0.516016 0.140278 0.105990
5 0.122917 0.720703 0.245833 0.192448
5 0.545370 0.641276 0.012037 0.019531
5 0.603704 0.862240 0.087037 0.275000
5 0.256944 0.903125 0.042593 0.068229
