0 0.872135 0.145833 0.025521 0.037963
0 0.502604 0.406019 0.045833 0.062037
0 0.766406 0.089352 0.018229 0.041667
0 0.089583 0.315278 0.039583 0.065741
0 0.587500 0.129167 0.020833 0.028704
0 0.588542 0.092130 0.022917 0.026852
0 0.828385 0.259259 0.030729 0.042593
0 0.585417 0.067593 0.021875 0.031481
0 0.569531 0.235648 0.027604 0.032407
0 0.411719 0.551389 0.016146 0.080556
0 0.878125 0.931019 0.132292 0.121296
0 0.812500 0.159259 0.023958 0.035185
0 0.469531 0.243519 0.027604 0.046296
0 0.496875 0.047685 0.017708 0.013889
0 0.779167 0.114815 0.018750 0.038889
0 0.004167 0.321759 0.008333 0.062037
0 0.516406 0.164352 0.023438 0.032407
0 0.099479 0.422222 0.029167 0.053704
0 0.713802 0.056019 0.009896 0.023148
0 0.603646 0.162037 0.023958 0.038889
0 0.550781 0.067130 0.019271 0.030556
0 0.813021 0.080093 0.018750 0.025000
0 0.485156 0.084722 0.019271 0.021296
0 0.870833 0.246296 0.032292 0.048148
0 0.518490 0.231944 0.028646 0.045370
0 0.517188 0.132407 0.021875 0.037037
0 0.515365 0.145370 0.027604 0.035185
0 0.482552 0.121296 0.019271 0.024074
0 0.113021 0.276852 0.039583 0.059259
0 0.954427 0.281944 0.030729 0.043519
0 0.740885 0.087500 0.021354 0.028704
0 0.567969 0.254167 0.027604 0.041667
0 0.444792 0.315741 0.064583 0.164815
0 0.504167 0.497222 0.067708 0.200000
0 0.951823 0.394907 0.046354 0.065741
0 0.573958 0.285648 0.030208 0.041667
0 0.516406 0.076852 0.017188 0.029630
0 0.550000 0.088426 0.020833 0.023148
0 0.343490 0.555556 0.126562 0.316667
0 0.392708 0.049537 0.025000 0.065741
0 0.550000 0.032870 0.021875 0.037963
0 0.353125 0.236574 0.042708 0.110185
0 0.817708 0.182407 0.023958 0.031481
0 0.802344 0.216204 0.022396 0.041667
0 0.736979 0.054167 0.017708 0.023148
0 0.586979 0.075926 0.020833 0.016667
0 0.423177 0.454167 0.040104 0.082407
0 0.519271 0.103241 0.020833 0.028704
0 0.435937 0.747222 0.097917 0.125926
0 0.520833 0.261574 0.029167 0.041667
0 0.909115 0.234722 0.033854 0.054630
0 0.091927 0.373148 0.046354 0.083333
0 0.087500 0.479167 0.051042 0.082407
0 0.855990 0.124537 0.021354 0.034259
0 0.991927 0.443519 0.015104 0.062963
0 0.851302 0.172222 0.021354 0.029630
0 0.612760 0.224537 0.027604 0.037963
0 0.628385 0.265278 0.031771 0.043519
0 0.554167 0.154167 0.023958 0.036111
0 0.693490 0.467593 0.075521 0.131481
0 0.753906 0.049074 0.022396 0.022222
0 0.119010 0.008333 0.045312 0.016667
0 0.746094 0.118981 0.018229 0.030556
0 0.659375 0.871759 0.114583 0.156481
0 0.635677 0.130093 0.020313 0.028704
0 0.772917 0.169444 0.029167 0.040741
0 0.525000 0.052315 0.020833 0.023148
0 0.579167 0.044444 0.015625 0.014815
0 0.985677 0.318056 0.027604 0.045370
0 0.836198 0.205093 0.025521 0.036111
3 0.453906 0.558796 0.195312 0.865741
3 0.802083 0.521759 0.394792 0.917593
3 0.317969 0.618981 0.325521 0.743519
3 0.119010 0.343519 0.238021 0.687037
3 0.228125 0.622222 0.456250 0.737037
3 0.856510 0.315278 0.285938 0.489815
3 0.715365 0.556019 0.327604 0.867593
4 0.814323 0.287963 0.370312 0.450000
4 0.798438 0.527778 0.381250 0.925926
4 0.814583 0.405556 0.369792 0.674074
4 0.799219 0.527315 0.380729 0.926852
4 0.180208 0.320370 0.056250 0.372222
4 0.165625 0.592593 0.331250 0.675926
4 0.662500 0.539352 0.183333 0.843519
5 0.797135 0.528241 0.382812 0.925000
5 0.180208 0.320833 0.055208 0.371296
5 0.165625 0.592593 0.331250 0.675926
5 0.814323 0.403241 0.370312 0.678704
5 0.463542 0.144444 0.040625 0.174074
5 0.816406 0.298148 0.366146 0.427778
5 0.327604 0.365278 0.133333 0.234259
