0 0.224219 0.820139 0.151562 0.356944
0 0.460156 0.038889 0.042188 0.077778
0 0.551562 0.337500 0.065625 0.188889
0 0.531641 0.027083 0.039844 0.054167
1 0.849219 0.049306 0.026562 0.087500
1 0.707812 0.090972 0.017188 0.059722
1 0.696875 0.037500 0.018750 0.066667
1 0.760156 0.095139 0.012500 0.062500
3 0.436328 0.498611 0.616406 0.997222
4 0.458594 0.465278 0.009375 0.050000
4 0.418359 0.975694 0.011719 0.045833
4 0.485547 0.129167 0.005469 0.022222
4 0.470703 0.318750 0.007031 0.034722
4 0.488672 0.130556 0.127344 0.022222
4 0.325000 0.677778 0.017188 0.069444
4 0.435156 0.063194 0.006250 0.015278
4 0.682813 0.499306 0.154688 0.998611
4 0.423438 0.127778 0.006250 0.022222
4 0.271094 0.975694 0.015625 0.045833
4 0.494922 0.010417 0.003906 0.015278
4 0.362500 0.464583 0.012500 0.045833
4 0.552344 0.211111 0.004687 0.027778
4 0.408984 0.209722 0.008594 0.025000
4 0.490625 0.063889 0.004687 0.016667
4 0.388672 0.317361 0.010156 0.034722
4 0.567578 0.807639 0.013281 0.318056
4 0.573047 0.979861 0.008594 0.037500
4 0.479297 0.211111 0.005469 0.027778
4 0.441016 0.684028 0.011719 0.073611
4 0.559766 0.466667 0.007031 0.050000
4 0.548047 0.065278 0.003906 0.019444
5 0.458594 0.465278 0.009375 0.050000
5 0.418359 0.975694 0.011719 0.045833
5 0.485547 0.129167 0.005469 0.022222
5 0.470703 0.318750 0.007031 0.034722
5 0.550000 0.130556 0.004687 0.022222
5 0.325000 0.677778 0.017188 0.069444
5 0.435156 0.063194 0.006250 0.015278
5 0.683594 0.499306 0.156250 0.998611
5 0.423438 0.127778 0.006250 0.022222
5 0.271094 0.975694 0.015625 0.045833
5 0.494922 0.010417 0.003906 0.015278
5 0.362500 0.464583 0.012500 0.045833
5 0.491406 0.040278 0.006250 0.063889
5 0.552344 0.211111 0.004687 0.027778
5 0.408984 0.209722 0.008594 0.025000
5 0.388672 0.317361 0.010156 0.034722
5 0.567578 0.811111 0.013281 0.325000
5 0.573047 0.979861 0.008594 0.037500
5 0.479297 0.211111 0.005469 0.027778
5 0.441016 0.684028 0.011719 0.073611
5 0.559766 0.466667 0.007031 0.050000
5 0.548047 0.065278 0.003906 0.019444
