0 0.014151 0.976987 0.028302 0.033473
0 0.962854 0.448745 0.064858 0.073222
0 0.248821 0.509414 0.016509 0.031381
0 0.517689 0.277197 0.007075 0.018828
0 0.307783 0.438285 0.014151 0.031381
0 0.036557 0.680962 0.044811 0.073222
0 0.906250 0.730126 0.185142 0.489540
0 0.446344 0.267782 0.012972 0.025105
0 0.291863 0.335774 0.031840 0.048117
0 0.020637 0.698745 0.041274 0.050209
0 0.346108 0.394351 0.010613 0.048117
0 0.142099 0.778243 0.048349 0.133891
0 0.952241 0.496862 0.086085 0.081590
0 0.024764 0.761506 0.042453 0.104603
0 0.356132 0.416318 0.011792 0.029289
0 0.461085 0.198745 0.009434 0.016736
0 0.211085 0.589958 0.129717 0.184100
0 0.190448 0.572176 0.121462 0.148536
0 0.643868 0.498954 0.066038 0.106695
0 0.056014 0.587866 0.036557 0.071130
0 0.012382 0.880753 0.024764 0.217573
0 0.405071 0.302301 0.031840 0.060669
0 0.681604 0.607741 0.087264 0.144351
0 0.484080 0.430962 0.048349 0.083682
0 0.688679 0.867155 0.172170 0.253138
0 0.271226 0.456067 0.016509 0.041841
1 0.892689 0.393305 0.011792 0.050209
1 0.891509 0.451883 0.014151 0.062762
1 0.136792 0.509414 0.016509 0.064854
1 0.858491 0.385983 0.011792 0.052301
3 0.586085 0.359833 0.122642 0.213389
3 0.752358 0.625523 0.412736 0.728033
3 0.221108 0.625523 0.442217 0.732218
3 0.539505 0.369247 0.081368 0.198745
4 0.514151 0.458159 0.007075 0.025105
4 0.560142 0.396444 0.007075 0.018828
4 0.511203 0.425732 0.005896 0.023013
4 0.774764 0.657950 0.023585 0.039749
4 0.567217 0.421548 0.009434 0.023013
4 0.737028 0.588912 0.018868 0.031381
4 0.064858 0.755230 0.033019 0.041841
4 0.337854 0.496862 0.008255 0.014644
4 0.481722 0.391213 0.053066 0.171548
4 0.126179 0.670502 0.033019 0.043933
4 0.601415 0.362971 0.122642 0.182008
4 0.576651 0.453975 0.011792 0.029289
4 0.538325 0.474895 0.147406 0.016736
4 0.356132 0.456067 0.007075 0.012552
4 0.708726 0.537657 0.016509 0.025105
5 0.514151 0.458159 0.007075 0.025105
5 0.560142 0.396444 0.007075 0.018828
5 0.511203 0.425732 0.005896 0.023013
5 0.774764 0.657950 0.023585 0.039749
5 0.567217 0.421548 0.009434 0.023013
5 0.737028 0.588912 0.018868 0.031381
5 0.064858 0.755230 0.033019 0.041841
5 0.337854 0.496862 0.008255 0.014644
5 0.481722 0.391213 0.053066 0.171548
5 0.126179 0.670502 0.033019 0.043933
5 0.601415 0.362971 0.122642 0.182008
5 0.576651 0.453975 0.011792 0.029289
5 0.538325 0.474895 0.147406 0.016736
5 0.356132 0.456067 0.007075 0.012552
5 0.708726 0.537657 0.016509 0.025105
7 0.531840 0.511506 0.518868 0.081590
7 0.441627 0.517782 0.336085 0.069038
