0 0.494104 0.101464 0.007075 0.027197
0 0.030071 0.200837 0.060142 0.129707
0 0.462854 0.089958 0.017689 0.033473
0 0.464623 0.154812 0.009434 0.029289
0 0.410377 0.194561 0.033019 0.066946
0 0.399175 0.296025 0.069575 0.156904
0 0.447524 0.192469 0.012972 0.037657
0 0.679835 0.521967 0.166274 0.462343
0 0.149764 0.145397 0.030660 0.039749
0 0.178066 0.131799 0.016509 0.025105
0 0.464033 0.225941 0.015330 0.050209
0 0.216392 0.803347 0.170991 0.376569
0 0.439269 0.070084 0.005896 0.018828
0 0.253538 0.493724 0.035377 0.100418
0 0.414505 0.118201 0.029481 0.073222
0 0.729953 0.213389 0.061321 0.104603
0 0.995283 0.416318 0.007075 0.046025
0 0.968160 0.311715 0.061321 0.138075
0 0.504127 0.339958 0.109670 0.286611
0 0.463443 0.039749 0.014151 0.033473
0 0.607901 0.210251 0.012972 0.039749
0 0.476415 0.047071 0.011792 0.027197
0 0.447524 0.037657 0.010613 0.029289
1 0.675708 0.208159 0.011792 0.064854
1 0.665684 0.211297 0.010613 0.066946
1 0.553656 0.360879 0.010613 0.060669
1 0.836675 0.468619 0.034198 0.117155
1 0.883844 0.420502 0.034198 0.050209
1 0.604363 0.197699 0.010613 0.060669
1 0.714623 0.335774 0.016509 0.052301
1 0.893868 0.420502 0.014151 0.050209
1 0.782429 0.420502 0.020047 0.104603
1 0.837854 0.380753 0.020047 0.096234
3 0.821344 0.357741 0.354953 0.468619
3 0.098467 0.301255 0.196934 0.309623
3 0.419222 0.528243 0.838443 0.922594
4 0.352005 0.650628 0.017689 0.071130
4 0.013561 0.338912 0.027123 0.025105
4 0.383844 0.451883 0.010613 0.037657
4 0.188679 0.565900 0.377358 0.851464
4 0.326651 0.648536 0.018868 0.066946
4 0.074882 0.358787 0.024764 0.027197
4 0.366745 0.447699 0.014151 0.037657
5 0.352005 0.650628 0.017689 0.071130
5 0.013561 0.338912 0.027123 0.025105
5 0.383844 0.451883 0.010613 0.037657
5 0.193396 0.558577 0.386792 0.866109
5 0.326651 0.648536 0.018868 0.066946
5 0.074882 0.357741 0.024764 0.025105
5 0.432193 0.755230 0.017689 0.146444
5 0.367335 0.447699 0.012972 0.037657
