0 0.526157 0.511198 0.047685 0.014583
0 0.560417 0.491667 0.033796 0.015625
0 0.821528 0.527083 0.015278 0.015625
0 0.410417 0.846224 0.259722 0.246094
0 0.590509 0.483203 0.031019 0.012240
0 0.459722 0.522266 0.015741 0.015365
0 0.315972 0.624219 0.038426 0.039583
0 0.490046 0.602865 0.028241 0.032813
0 0.737731 0.661458 0.208796 0.184375
0 0.405787 0.520182 0.014352 0.015885
0 0.955324 0.706641 0.088426 0.044531
0 0.389815 0.651693 0.104630 0.077344
0 0.843519 0.524479 0.019444 0.019792
0 0.478241 0.495703 0.012037 0.015885
0 0.571296 0.470964 0.025000 0.010156
0 0.372685 0.533854 0.017593 0.017708
0 0.772454 0.522526 0.020833 0.017448
0 0.490972 0.477734 0.009722 0.011719
0 0.198380 0.691797 0.180093 0.107552
0 0.094444 0.902604 0.188889 0.194271
0 0.582407 0.536589 0.029630 0.048177
0 0.619213 0.491797 0.024537 0.013802
0 0.599769 0.567448 0.071759 0.039583
0 0.569907 0.620443 0.099074 0.063281
0 0.705324 0.551042 0.022685 0.025000
0 0.524537 0.536328 0.069444 0.057031
0 0.489120 0.658724 0.040278 0.045573
0 0.576852 0.477344 0.025000 0.011458
0 0.785648 0.517969 0.012963 0.015104
0 0.641898 0.498568 0.045833 0.021094
0 0.509954 0.723568 0.045833 0.061719
0 0.627315 0.477734 0.021296 0.011719
0 0.445833 0.565755 0.073148 0.038281
1 0.868519 0.604818 0.028704 0.045052
1 0.975463 0.561068 0.023148 0.029948
1 0.932407 0.551302 0.012037 0.037500
1 0.743056 0.557161 0.014815 0.026302
1 0.671759 0.522396 0.012037 0.023958
1 0.746528 0.537891 0.016204 0.020052
1 0.992593 0.560677 0.013889 0.030208
1 0.836343 0.609505 0.025463 0.042448
1 0.806250 0.604036 0.017130 0.024219
1 0.814352 0.619141 0.019444 0.040885
1 0.762037 0.566406 0.017593 0.018229
1 0.787269 0.498958 0.012500 0.020833
1 0.917361 0.547005 0.021759 0.032031
3 0.306944 0.731380 0.613889 0.536719
3 0.499769 0.728125 0.999537 0.543229
4 0.362963 0.720964 0.012037 0.007552
4 0.412037 0.607161 0.010185 0.011719
4 0.721528 0.894010 0.116204 0.211458
4 0.531481 0.607943 0.009259 0.008594
4 0.549769 0.680990 0.015278 0.025521
4 0.227083 0.635156 0.454167 0.348438
4 0.339352 0.731120 0.023148 0.029427
4 0.526852 0.589453 0.008333 0.011198
4 0.848611 0.833203 0.035185 0.033073
4 0.338889 0.549479 0.227778 0.172396
4 0.402546 0.606771 0.010648 0.011979
4 0.053704 0.765755 0.107407 0.087760
4 0.597454 0.861589 0.086574 0.276302
4 0.522685 0.572266 0.008333 0.009115
4 0.253704 0.900130 0.050926 0.070052
5 0.362963 0.720964 0.012037 0.007552
5 0.412037 0.607292 0.010185 0.011458
5 0.721296 0.894531 0.115741 0.210417
5 0.526852 0.589453 0.008333 0.011198
5 0.531250 0.607943 0.008796 0.008594
5 0.549769 0.681120 0.015278 0.025781
5 0.339352 0.731120 0.023148 0.029427
5 0.848611 0.833203 0.035185 0.033073
5 0.338657 0.549219 0.228241 0.172396
5 0.402546 0.606771 0.010648 0.011979
5 0.053704 0.765755 0.107407 0.087760
5 0.597454 0.861589 0.085648 0.276302
5 0.522454 0.572266 0.007870 0.009115
5 0.253704 0.900130 0.050926 0.070052
5 0.664120 0.890104 0.085648 0.219271
