0 0.011203 0.455021 0.022406 0.052301
0 0.154481 0.428870 0.014151 0.037657
0 0.434552 0.324268 0.029481 0.054393
0 0.811910 0.891213 0.180425 0.205021
0 0.363797 0.370293 0.010613 0.025105
0 0.232311 0.480126 0.016509 0.035565
0 0.035967 0.612971 0.022406 0.066946
0 0.282429 0.298117 0.020047 0.023013
0 0.043632 0.441423 0.021226 0.029289
0 0.942807 0.513598 0.112028 0.115063
0 0.219929 0.551255 0.022406 0.048117
0 0.025354 0.796025 0.050708 0.169456
0 0.198703 0.682008 0.119104 0.142259
0 0.467571 0.185146 0.008255 0.018828
0 0.063679 0.589958 0.028302 0.066946
0 0.018868 0.625523 0.030660 0.075314
0 0.012972 0.976987 0.025943 0.033473
0 0.425118 0.284519 0.022406 0.050209
0 0.965802 0.441423 0.066038 0.062762
0 0.156250 0.615063 0.024764 0.046025
0 0.691627 0.626569 0.095519 0.156904
0 0.320165 0.541841 0.020047 0.041841
0 0.487028 0.430962 0.047170 0.083682
0 0.454599 0.254184 0.012972 0.018828
0 0.078420 0.697699 0.038915 0.106695
0 0.528892 0.299163 0.008255 0.025105
0 0.314858 0.448745 0.068396 0.119247
0 0.866156 0.516736 0.050708 0.071130
1 0.138561 0.512552 0.017689 0.075314
1 0.885613 0.391213 0.011792 0.054393
1 0.971698 0.387029 0.011792 0.046025
1 0.914505 0.395397 0.012972 0.058577
3 0.606132 0.364017 0.141509 0.200837
3 0.541274 0.359833 0.080189 0.217573
3 0.779481 0.632845 0.438679 0.713389
3 0.542453 0.731172 0.521226 0.516736
3 0.223467 0.617155 0.446934 0.744770
3 0.642099 0.349372 0.204009 0.221757
4 0.260024 0.494770 0.045991 0.060669
4 0.127948 0.672594 0.029481 0.039749
4 0.609080 0.367155 0.126179 0.190377
4 0.712264 0.537657 0.016509 0.025105
5 0.579009 0.468619 0.176887 0.016736
5 0.563090 0.395397 0.008255 0.016736
5 0.260024 0.495816 0.045991 0.058577
5 0.570165 0.419456 0.008255 0.023013
5 0.925708 0.913180 0.089623 0.152720
5 0.127358 0.673640 0.028302 0.037657
5 0.516509 0.456067 0.007075 0.025105
5 0.741745 0.588912 0.018868 0.027197
5 0.359670 0.456067 0.009434 0.012552
5 0.513561 0.402720 0.005896 0.014644
5 0.373231 0.425732 0.005896 0.010460
5 0.295991 0.533473 0.021226 0.033473
5 0.480542 0.390167 0.048349 0.173640
5 0.278892 0.534519 0.034198 0.039749
5 0.059552 0.763598 0.020047 0.025105
5 0.609080 0.367155 0.126179 0.190377
5 0.718750 0.458159 0.043632 0.008368
5 0.579599 0.452929 0.012972 0.031381
5 0.514151 0.424686 0.004717 0.020921
5 0.712264 0.537657 0.016509 0.025105
7 0.533019 0.509414 0.516509 0.081590
