0 0.459906 0.029289 0.016509 0.037657
0 0.680425 0.512552 0.165094 0.464435
0 0.028892 0.196653 0.057783 0.142259
0 0.422170 0.104603 0.009434 0.029289
0 0.409788 0.083682 0.005896 0.016736
0 0.177476 0.121339 0.017689 0.025105
0 0.406840 0.625523 0.044811 0.129707
0 0.474057 0.516736 0.025943 0.100418
0 0.292453 0.724895 0.132075 0.320084
0 0.431014 0.074268 0.008255 0.023013
0 0.454009 0.077406 0.007075 0.020921
0 0.152123 0.135983 0.030660 0.037657
0 0.333726 0.334728 0.096698 0.217573
0 0.445755 0.145397 0.011792 0.027197
0 0.467571 0.124477 0.010613 0.023013
0 0.729953 0.202929 0.056604 0.100418
0 0.495873 0.357741 0.020047 0.066946
0 0.442217 0.029289 0.016509 0.041841
0 0.968160 0.299163 0.061321 0.138075
0 0.451061 0.194561 0.036557 0.071130
0 0.483491 0.056485 0.021226 0.037657
0 0.608491 0.198745 0.014151 0.041841
0 0.482311 0.770921 0.051887 0.165272
0 0.457547 0.007322 0.011792 0.014644
0 0.784198 0.238494 0.018868 0.041841
1 0.978184 0.523013 0.031840 0.117155
1 0.899764 0.424686 0.023585 0.075314
1 0.983491 0.417364 0.030660 0.094142
1 0.925118 0.492678 0.022406 0.119247
1 0.788325 0.422594 0.024764 0.108787
1 0.678066 0.170502 0.009434 0.056485
1 0.689858 0.172594 0.009434 0.056485
1 0.863797 0.222803 0.015330 0.052301
3 0.268868 0.525105 0.537736 0.928870
3 0.097877 0.291841 0.195755 0.311715
3 0.420401 0.507322 0.840802 0.964435
3 0.660377 0.532427 0.363208 0.914226
4 0.383255 0.445607 0.009434 0.033473
4 0.012972 0.330544 0.025943 0.025105
4 0.421580 0.217573 0.005896 0.012552
4 0.413325 0.263598 0.005896 0.016736
4 0.402123 0.334728 0.007075 0.025105
4 0.367335 0.439331 0.012972 0.037657
4 0.141509 0.671548 0.283019 0.640167
4 0.420991 0.180962 0.007075 0.010460
4 0.412736 0.216527 0.007075 0.014644
4 0.196934 0.551255 0.393868 0.880753
4 0.386792 0.337866 0.011792 0.035565
4 0.487028 0.232218 0.004717 0.016736
4 0.073113 0.349372 0.025943 0.029289
4 0.483491 0.180962 0.004717 0.014644
4 0.485259 0.205021 0.003538 0.016736
4 0.403302 0.263598 0.007075 0.016736
5 0.413325 0.263598 0.005896 0.016736
5 0.383255 0.446653 0.009434 0.031381
5 0.012972 0.330544 0.025943 0.025105
5 0.421580 0.217573 0.005896 0.012552
5 0.491156 0.264644 0.005896 0.014644
5 0.481722 0.162134 0.003538 0.014644
5 0.367335 0.439331 0.012972 0.037657
5 0.402123 0.333682 0.007075 0.023013
5 0.142099 0.671548 0.284198 0.640167
5 0.420991 0.180962 0.004717 0.010460
5 0.412736 0.216527 0.007075 0.014644
5 0.196344 0.552301 0.392689 0.878661
5 0.386203 0.337866 0.010613 0.035565
5 0.487618 0.245816 0.005896 0.043933
5 0.073113 0.349372 0.025943 0.029289
5 0.426297 0.155858 0.005896 0.010460
5 0.483491 0.182008 0.004717 0.012552
5 0.485259 0.203975 0.003538 0.014644
5 0.402712 0.263598 0.005896 0.016736
