0 0.517824 0.547135 0.079167 0.060937
0 0.234028 0.747526 0.068981 0.069531
0 0.639120 0.477995 0.011574 0.010677
0 0.618519 0.494010 0.024074 0.016667
0 0.459954 0.460286 0.005093 0.006510
0 0.733102 0.665495 0.206019 0.188802
0 0.468981 0.455729 0.010185 0.007812
0 0.816898 0.531510 0.019907 0.018750
0 0.475000 0.517969 0.014815 0.015625
0 0.954861 0.707292 0.089352 0.043750
0 0.590046 0.579036 0.080093 0.044531
0 0.064815 0.909375 0.129630 0.180729
0 0.478241 0.467448 0.005556 0.007812
0 0.429630 0.598307 0.094444 0.051823
0 0.570602 0.470313 0.024537 0.010417
0 0.497917 0.488021 0.011574 0.012500
0 0.313194 0.611198 0.026389 0.032292
0 0.185185 0.686328 0.056481 0.053906
0 0.800694 0.520964 0.020833 0.016927
0 0.844676 0.525260 0.020833 0.024479
0 0.603935 0.541797 0.013426 0.021094
0 0.641667 0.498698 0.048148 0.020833
0 0.550000 0.647266 0.115741 0.077344
0 0.597685 0.902865 0.100000 0.112500
0 0.543056 0.530208 0.049074 0.035417
0 0.703935 0.550781 0.022685 0.026562
0 0.559722 0.491406 0.033333 0.015625
0 0.489815 0.466536 0.006481 0.008073
0 0.446528 0.709115 0.054167 0.063542
0 0.577546 0.477734 0.027315 0.013802
0 0.588889 0.485938 0.030556 0.017708
0 0.759259 0.518490 0.017593 0.017708
0 0.428704 0.549609 0.023148 0.022135
0 0.333565 0.845443 0.202315 0.188802
0 0.872454 0.537891 0.020833 0.020573
0 0.839815 0.551302 0.021296 0.022917
1 0.825231 0.600651 0.026389 0.039323
1 0.929630 0.553125 0.015741 0.031771
1 0.685185 0.514583 0.011111 0.022917
1 0.742130 0.557031 0.014815 0.026562
1 0.670602 0.522656 0.012500 0.023438
1 0.959954 0.559375 0.017130 0.035417
1 0.882639 0.625911 0.036574 0.049740
1 0.760880 0.566797 0.016204 0.018490
1 0.815046 0.620182 0.021759 0.041406
1 0.798843 0.599089 0.024537 0.035156
1 0.913426 0.544401 0.022222 0.026823
1 0.992593 0.573307 0.013889 0.034115
3 0.307407 0.732031 0.608333 0.530729
3 0.498611 0.729557 0.997222 0.540365
4 0.530556 0.607552 0.009259 0.007812
4 0.355556 0.731901 0.022222 0.028906
4 0.720602 0.896484 0.113426 0.206510
4 0.525926 0.589063 0.008333 0.010937
4 0.847454 0.833464 0.034722 0.032552
4 0.550926 0.691146 0.012037 0.007292
4 0.153472 0.691146 0.306944 0.233333
4 0.390278 0.652995 0.013889 0.016927
4 0.330556 0.555859 0.238889 0.179948
4 0.225231 0.636068 0.450463 0.343490
4 0.337963 0.730859 0.024074 0.028385
4 0.378009 0.651953 0.014352 0.014844
4 0.229167 0.929297 0.006481 0.012760
4 0.568981 0.769141 0.031481 0.091406
4 0.595602 0.861589 0.084722 0.276302
5 0.530324 0.607552 0.008796 0.007812
5 0.355556 0.731901 0.022222 0.028906
5 0.720370 0.896615 0.112963 0.206250
5 0.525926 0.589063 0.008333 0.010937
5 0.847454 0.833464 0.034722 0.032552
5 0.550926 0.691016 0.012037 0.007552
5 0.080556 0.743229 0.161111 0.128646
5 0.390278 0.653125 0.013889 0.017188
5 0.330324 0.555729 0.238426 0.179688
5 0.225231 0.635417 0.450463 0.344271
5 0.337731 0.730729 0.023611 0.028125
5 0.377778 0.651953 0.014815 0.014844
5 0.229167 0.929297 0.006481 0.012760
5 0.680093 0.943620 0.048148 0.112240
5 0.568750 0.769401 0.031019 0.091927
5 0.595602 0.861589 0.084722 0.276302
5 0.623148 0.977865 0.029630 0.043750
