0 0.438679 0.274059 0.018868 0.041841
0 0.865566 0.518828 0.054245 0.066946
0 0.452830 0.301255 0.018868 0.046025
0 0.863208 0.961297 0.158019 0.064854
0 0.566627 0.284519 0.005896 0.025105
0 0.038325 0.614017 0.024764 0.069038
0 0.471108 0.218619 0.010613 0.018828
0 0.392689 0.320084 0.016509 0.029289
0 0.304835 0.345188 0.015330 0.029289
0 0.943986 0.514644 0.109670 0.117155
0 0.278302 0.496862 0.018868 0.035565
0 0.362028 0.376569 0.033019 0.079498
0 0.284788 0.301255 0.020047 0.025105
0 0.166274 0.578452 0.122642 0.190377
0 0.514741 0.230126 0.010613 0.012552
0 0.241745 0.493724 0.016509 0.033473
0 0.310731 0.433054 0.012972 0.029289
0 0.528892 0.299163 0.008255 0.020921
0 0.019458 0.635983 0.038915 0.062762
0 0.839623 0.396444 0.014151 0.031381
0 0.900943 0.420502 0.021226 0.046025
0 0.004127 0.683054 0.008255 0.048117
0 0.968160 0.442469 0.061321 0.064854
0 0.488797 0.433054 0.045991 0.083682
0 0.063679 0.599372 0.033019 0.052301
0 0.335495 0.498954 0.064858 0.085774
0 0.543042 0.335774 0.012972 0.035565
0 0.251179 0.614017 0.096698 0.152720
1 0.543042 0.283473 0.008255 0.027197
1 0.566627 0.283473 0.005896 0.023013
1 0.278892 0.468619 0.020047 0.058577
1 0.873231 0.492678 0.017689 0.081590
1 0.300708 0.380753 0.014151 0.033473
1 0.433373 0.309623 0.008255 0.025105
1 0.421580 0.303347 0.008255 0.020921
1 0.310142 0.408996 0.018868 0.039749
1 0.241745 0.462343 0.018868 0.058577
1 0.922170 0.450837 0.021226 0.048117
1 0.026533 0.570084 0.020047 0.039749
1 0.012972 0.616109 0.025943 0.094142
1 0.541863 0.317992 0.010613 0.025105
1 0.403302 0.309623 0.007075 0.025105
1 0.543042 0.327406 0.012972 0.039749
1 0.413325 0.290795 0.005896 0.025105
1 0.528302 0.292887 0.007075 0.025105
1 0.048939 0.575314 0.020047 0.075314
3 0.545401 0.357741 0.079009 0.225941
3 0.774175 0.619247 0.449292 0.732218
3 0.856722 0.745816 0.284198 0.483264
3 0.785967 0.633891 0.425708 0.694561
3 0.459906 0.726987 0.919811 0.525105
3 0.227005 0.610879 0.454009 0.753138
3 0.645047 0.347280 0.205189 0.225941
3 0.497052 0.639121 0.994104 0.700837
3 0.550708 0.751046 0.738208 0.476987
3 0.607901 0.360879 0.126179 0.211297
3 0.198703 0.768828 0.397406 0.445607
4 0.929835 0.914226 0.093160 0.154812
4 0.780660 0.656904 0.025943 0.041841
4 0.742925 0.589958 0.018868 0.029289
4 0.068396 0.760460 0.040094 0.052301
4 0.487028 0.388075 0.056604 0.182008
4 0.614976 0.375523 0.116745 0.173640
4 0.581958 0.452929 0.012972 0.031381
4 0.714033 0.537657 0.017689 0.025105
5 0.581958 0.504184 0.432783 0.079498
7 0.581958 0.506276 0.432783 0.075314
