0 0.027123 0.205021 0.054245 0.146444
0 0.464623 0.074268 0.007075 0.023013
0 0.675118 0.523013 0.163915 0.460251
0 0.474057 0.089958 0.007075 0.029289
0 0.726415 0.213389 0.058962 0.096234
0 0.491745 0.087866 0.007075 0.025105
0 0.366156 0.416318 0.022406 0.087866
0 0.175118 0.128661 0.020047 0.027197
0 0.992335 0.408996 0.012972 0.064854
0 0.465802 0.380753 0.018868 0.079498
0 0.033019 0.926778 0.066038 0.138075
0 0.433962 0.046025 0.021226 0.054393
0 0.433373 0.133891 0.008255 0.025105
0 0.147406 0.143305 0.035377 0.039749
0 0.421580 0.271967 0.015330 0.050209
0 0.455778 0.042887 0.020047 0.043933
0 0.335495 0.244770 0.012972 0.050209
0 0.534788 0.110879 0.034198 0.062762
0 0.965802 0.311715 0.066038 0.138075
0 0.604953 0.209205 0.014151 0.046025
0 0.524175 0.744770 0.041274 0.133891
0 0.364976 0.290795 0.017689 0.050209
0 0.316038 0.777197 0.054245 0.219665
1 0.862028 0.231172 0.021226 0.064854
1 0.941038 0.437238 0.028302 0.100418
3 0.823113 0.356695 0.351415 0.470711
3 0.095519 0.300209 0.191038 0.311715
3 0.057783 0.361925 0.115566 0.188285
3 0.436910 0.531381 0.788915 0.916318
3 0.656250 0.542887 0.352594 0.893305
4 0.068396 0.356695 0.025943 0.027197
4 0.010024 0.335774 0.020047 0.018828
4 0.235849 0.465481 0.363208 0.780335
4 0.484080 0.241632 0.005896 0.014644
4 0.539505 0.914226 0.022406 0.154812
5 0.775943 0.395397 0.224057 0.393305
5 0.479953 0.191423 0.004717 0.014644
5 0.068396 0.356695 0.025943 0.027197
5 0.324882 0.634937 0.015330 0.039749
5 0.396816 0.344142 0.008255 0.027197
5 0.488208 0.276151 0.004717 0.012552
5 0.409788 0.225941 0.005896 0.012552
5 0.010024 0.335774 0.020047 0.018828
5 0.349057 0.646444 0.016509 0.066946
5 0.360259 0.453975 0.008255 0.025105
5 0.188679 0.561715 0.268868 0.587866
5 0.235849 0.465481 0.363208 0.780335
5 0.399175 0.271967 0.005896 0.016736
5 0.384434 0.339958 0.007075 0.023013
5 0.484080 0.241632 0.005896 0.014644
5 0.416863 0.189331 0.005896 0.010460
5 0.478774 0.174686 0.004717 0.014644
5 0.409788 0.271967 0.005896 0.016736
5 0.377948 0.457113 0.008255 0.027197
5 0.539505 0.914226 0.022406 0.154812
5 0.490566 0.314854 0.007075 0.027197
5 0.476415 0.147490 0.004717 0.010460
5 0.481722 0.213389 0.005896 0.016736
