0 0.739583 0.671354 0.220833 0.188542
0 0.954630 0.714714 0.089815 0.041927
0 0.873611 0.579036 0.030556 0.030990
0 0.764352 0.512891 0.011111 0.014323
0 0.402778 0.578646 0.025000 0.027604
0 0.462731 0.466406 0.010648 0.007812
0 0.510880 0.562891 0.086574 0.070573
0 0.553009 0.536198 0.053241 0.052604
0 0.644907 0.504036 0.042593 0.021615
0 0.837269 0.562370 0.022685 0.020052
0 0.299537 0.640234 0.043519 0.041927
0 0.534491 0.512370 0.016204 0.018490
0 0.452546 0.471615 0.006019 0.006771
0 0.566435 0.611198 0.099537 0.054688
0 0.902083 0.572526 0.023611 0.024219
0 0.527546 0.836458 0.220833 0.188021
0 0.632639 0.577734 0.016204 0.024219
0 0.481481 0.472266 0.007407 0.008073
0 0.494676 0.479948 0.007870 0.010417
0 0.401852 0.663802 0.132407 0.078646
0 0.587731 0.492188 0.031019 0.015625
0 0.574769 0.479557 0.026389 0.012240
0 0.465972 0.473438 0.007870 0.009375
0 0.792130 0.522786 0.018519 0.018490
0 0.831713 0.533464 0.018981 0.021615
0 0.965741 0.539974 0.022222 0.013802
0 0.559954 0.497135 0.034722 0.015625
0 0.540972 0.710547 0.059722 0.062240
0 0.704630 0.558073 0.024074 0.022917
0 0.810880 0.531510 0.019907 0.018229
0 0.469907 0.484505 0.008333 0.011719
1 0.894213 0.537891 0.014352 0.024740
1 0.932176 0.557422 0.009722 0.030469
1 0.745602 0.545182 0.016204 0.020573
1 0.849537 0.520573 0.016667 0.021875
1 0.977546 0.677344 0.043981 0.061979
1 0.963889 0.568620 0.023148 0.029948
1 0.761343 0.573438 0.017130 0.018229
1 0.684722 0.520312 0.012963 0.020833
1 0.992593 0.581510 0.013889 0.038542
1 0.742130 0.563932 0.014815 0.024219
1 0.670139 0.526823 0.012500 0.026042
1 0.803009 0.499089 0.009722 0.012760
1 0.920833 0.557292 0.014815 0.028125
1 0.813889 0.623307 0.021296 0.041406
1 0.790509 0.595052 0.024537 0.034375
1 0.812269 0.635286 0.017130 0.024219
1 0.705093 0.524870 0.011111 0.019010
1 0.812269 0.591927 0.021759 0.032813
3 0.760880 0.739062 0.477315 0.517188
3 0.303009 0.738672 0.606019 0.516406
3 0.498148 0.731510 0.996296 0.536458
4 0.409491 0.612240 0.010648 0.010937
4 0.353935 0.737760 0.022685 0.028646
4 0.400231 0.611328 0.011574 0.010677
4 0.422222 0.582552 0.009259 0.006771
4 0.716898 0.901172 0.106019 0.197135
4 0.427083 0.561719 0.007870 0.005208
4 0.432870 0.561458 0.007407 0.006250
4 0.846065 0.841536 0.035648 0.032552
4 0.273843 0.910937 0.051389 0.074479
4 0.558102 0.737630 0.015278 0.019531
4 0.247917 0.907422 0.052315 0.071094
4 0.221759 0.642318 0.443519 0.337760
4 0.335880 0.736198 0.024537 0.028646
4 0.538426 0.647656 0.010185 0.014583
4 0.678472 0.948307 0.048611 0.102865
4 0.615509 0.962370 0.034722 0.074740
5 0.344676 0.736849 0.041204 0.030469
5 0.260648 0.909766 0.077778 0.076302
