0 0.470519 0.206067 0.014151 0.035565
0 0.675118 0.524059 0.163915 0.462343
0 0.481132 0.132845 0.009434 0.027197
0 0.389741 0.391213 0.020047 0.066946
0 0.478184 0.290795 0.017689 0.050209
0 0.453420 0.072176 0.015330 0.043933
0 0.196934 0.036611 0.049528 0.048117
0 0.554835 0.151674 0.034198 0.073222
0 0.423939 0.070084 0.031840 0.081590
0 0.992925 0.410042 0.011792 0.062762
0 0.147995 0.146444 0.027123 0.037657
0 0.027123 0.209205 0.054245 0.146444
0 0.505896 0.168410 0.011792 0.027197
0 0.966392 0.312762 0.064858 0.135983
0 0.458726 0.083682 0.007075 0.025105
0 0.458726 0.043933 0.018868 0.046025
0 0.604363 0.209205 0.015330 0.050209
1 0.507075 0.150628 0.011792 0.033473
1 0.458726 0.082636 0.007075 0.027197
1 0.481132 0.112971 0.009434 0.020921
1 0.390330 0.349372 0.025943 0.087866
1 0.471108 0.175732 0.012972 0.033473
1 0.479363 0.259414 0.020047 0.066946
1 0.471108 0.182008 0.012972 0.046025
1 0.481132 0.121339 0.009434 0.037657
1 0.521226 0.101464 0.004717 0.035565
1 0.600825 0.193515 0.012972 0.069038
3 0.831958 0.377615 0.333726 0.433054
3 0.096698 0.302301 0.193396 0.311715
3 0.415684 0.524059 0.831368 0.930962
4 0.348467 0.651674 0.017689 0.073222
4 0.070165 0.357741 0.024764 0.025105
4 0.409788 0.274059 0.005896 0.016736
4 0.195755 0.555439 0.391509 0.868201
4 0.363797 0.449791 0.012972 0.037657
4 0.379717 0.453975 0.009434 0.037657
4 0.322524 0.650628 0.020047 0.066946
4 0.399764 0.273013 0.007075 0.018828
5 0.315448 0.790795 0.326651 0.347280
