0 0.053656 0.594142 0.062500 0.054393
0 0.578420 0.305439 0.008255 0.025105
0 0.843160 0.516736 0.061321 0.066946
0 0.463443 0.281381 0.016509 0.035565
0 0.362028 0.360879 0.009434 0.018828
0 0.363797 0.440377 0.045991 0.089958
0 0.005307 0.673640 0.010613 0.054393
0 0.402123 0.314854 0.037736 0.035565
0 0.027123 0.531381 0.018868 0.046025
0 0.945755 0.510460 0.106132 0.117155
0 0.257665 0.575314 0.022406 0.046025
0 0.467571 0.225941 0.008255 0.016736
0 0.287736 0.296025 0.018868 0.023013
0 0.837264 0.415272 0.023585 0.048117
0 0.261792 0.558577 0.030660 0.079498
0 0.542453 0.325314 0.009434 0.023013
0 0.450472 0.258368 0.016509 0.031381
0 0.988208 0.665272 0.021226 0.121339
0 0.511203 0.226987 0.008255 0.014644
0 0.050708 0.601464 0.061321 0.081590
0 0.021816 0.628661 0.036557 0.069038
0 0.969929 0.438285 0.057783 0.064854
0 0.491745 0.427824 0.047170 0.085774
0 0.521816 0.233264 0.012972 0.023013
0 0.577241 0.416318 0.015330 0.050209
0 0.477005 0.201883 0.008255 0.014644
0 0.132665 0.705021 0.048349 0.058577
0 0.880896 0.404812 0.016509 0.031381
0 0.303656 0.427824 0.064858 0.119247
0 0.102005 0.847280 0.161557 0.230126
1 0.145637 0.510460 0.015330 0.079498
1 0.913325 0.398536 0.012972 0.060669
1 0.935142 0.394351 0.014151 0.064854
3 0.534198 0.357741 0.101415 0.217573
3 0.793042 0.640167 0.411557 0.694561
3 0.856722 0.743724 0.284198 0.491632
3 0.495283 0.381799 0.066038 0.182008
3 0.590212 0.354603 0.159198 0.223849
3 0.231132 0.600418 0.462264 0.778243
3 0.650943 0.348326 0.195755 0.215481
3 0.910967 0.552301 0.175708 0.292887
3 0.560142 0.728033 0.797170 0.523013
4 0.586085 0.451883 0.011792 0.029289
4 0.932193 0.912134 0.090802 0.154812
4 0.140330 0.664226 0.018868 0.027197
4 0.522406 0.456067 0.007075 0.025105
4 0.784788 0.653766 0.024764 0.039749
4 0.580189 0.466527 0.205189 0.016736
4 0.745873 0.585774 0.017689 0.029289
4 0.007075 0.845188 0.014151 0.025105
4 0.160377 0.550209 0.037736 0.041841
4 0.072524 0.754184 0.038915 0.048117
4 0.485849 0.384937 0.047170 0.179916
4 0.716981 0.534519 0.016509 0.023013
4 0.723467 0.456067 0.043632 0.008368
4 0.630307 0.387029 0.090802 0.142259
5 0.586085 0.451883 0.011792 0.029289
5 0.932193 0.912134 0.090802 0.154812
5 0.140330 0.664226 0.018868 0.027197
5 0.522406 0.456067 0.007075 0.025105
5 0.784788 0.653766 0.024764 0.039749
5 0.580189 0.466527 0.205189 0.016736
5 0.745873 0.585774 0.017689 0.029289
5 0.007075 0.845188 0.014151 0.025105
5 0.160377 0.550209 0.037736 0.041841
5 0.072524 0.754184 0.038915 0.048117
5 0.485849 0.384937 0.047170 0.179916
5 0.716981 0.534519 0.016509 0.023013
5 0.723467 0.456067 0.043632 0.008368
5 0.630307 0.387029 0.090802 0.142259
7 0.545401 0.507322 0.512972 0.085774
