0 0.648148 0.507031 0.044444 0.021354
0 0.594676 0.494401 0.029167 0.016406
0 0.738426 0.674609 0.210185 0.189323
0 0.771528 0.523177 0.017130 0.017188
0 0.863194 0.576693 0.027315 0.024219
0 0.493056 0.491146 0.009259 0.012500
0 0.461574 0.473828 0.012963 0.008073
0 0.505556 0.583594 0.100000 0.082292
0 0.830093 0.513411 0.035185 0.017969
0 0.823380 0.556641 0.021759 0.022135
0 0.448843 0.480078 0.007870 0.008594
0 0.956944 0.718099 0.085185 0.044531
0 0.562500 0.554557 0.059259 0.042448
0 0.877546 0.557422 0.018981 0.023177
0 0.536574 0.647005 0.126852 0.070573
0 0.631713 0.609375 0.017130 0.030208
0 0.048380 0.882422 0.096759 0.110156
0 0.485648 0.481120 0.007407 0.009635
0 0.920833 0.537500 0.034259 0.020833
0 0.459259 0.486458 0.009259 0.010417
0 0.753704 0.934766 0.168519 0.129948
0 0.564352 0.500000 0.033333 0.015104
0 0.464120 0.501172 0.011574 0.016406
0 0.834259 0.531120 0.018519 0.019531
0 0.661111 0.491927 0.010185 0.010937
0 0.299074 0.667839 0.040741 0.048177
0 0.616435 0.502734 0.030093 0.016406
0 0.582639 0.486849 0.026389 0.014844
0 0.968750 0.542708 0.022685 0.014583
0 0.582870 0.534896 0.018519 0.017708
0 0.710648 0.561458 0.014815 0.023438
0 0.804398 0.521224 0.018056 0.015885
0 0.374074 0.777604 0.201852 0.153125
0 0.575463 0.480599 0.027778 0.011198
1 0.859954 0.524479 0.012500 0.021354
1 0.688426 0.524349 0.010185 0.021094
1 0.747222 0.568099 0.012963 0.024740
1 0.674074 0.530078 0.012963 0.026302
1 0.817593 0.630599 0.021296 0.040885
1 0.901852 0.548568 0.016667 0.029427
1 0.935185 0.563151 0.013889 0.024740
1 0.788426 0.590234 0.023148 0.032552
1 0.764120 0.575911 0.018056 0.017969
1 0.808796 0.590104 0.021296 0.035417
1 0.878009 0.528776 0.014352 0.026302
1 0.991204 0.577865 0.016667 0.024479
3 0.306713 0.743099 0.605093 0.509115
3 0.755787 0.738542 0.487500 0.522396
3 0.500000 0.735547 0.992593 0.528385
4 0.419213 0.585026 0.007870 0.007031
4 0.427083 0.585156 0.007870 0.007292
4 0.436343 0.564323 0.007870 0.006250
4 0.404398 0.614453 0.009722 0.010156
4 0.552778 0.694141 0.012963 0.017969
4 0.251157 0.910286 0.053241 0.072135
4 0.414352 0.614583 0.010185 0.010417
4 0.214583 0.653646 0.429167 0.322396
4 0.431019 0.564453 0.007407 0.005990
4 0.380324 0.661068 0.014352 0.015885
4 0.850694 0.845313 0.036574 0.033333
4 0.392361 0.661589 0.012500 0.014844
4 0.595370 0.866276 0.079630 0.266927
4 0.277315 0.914062 0.051852 0.075000
5 0.418981 0.585026 0.008333 0.007031
5 0.436574 0.564323 0.007407 0.006250
5 0.404398 0.614453 0.009722 0.010156
5 0.552778 0.694141 0.012963 0.017969
5 0.250926 0.910286 0.052778 0.072135
5 0.414352 0.614583 0.009259 0.010417
5 0.212037 0.655859 0.424074 0.318490
5 0.427083 0.585156 0.007870 0.007292
5 0.430787 0.564323 0.006944 0.005729
5 0.380324 0.661068 0.014352 0.015885
5 0.850694 0.845313 0.036574 0.032813
5 0.392361 0.661458 0.012500 0.014583
5 0.595139 0.866276 0.079167 0.266927
5 0.277315 0.914062 0.051852 0.075000
