0 0.565625 0.384028 0.010937 0.015278
0 0.547656 0.356250 0.007812 0.012500
0 0.305859 0.900694 0.122656 0.195833
0 0.639062 0.535417 0.039062 0.054167
0 0.444922 0.364583 0.013281 0.023611
0 0.594531 0.586806 0.043750 0.076389
0 0.467187 0.350000 0.018750 0.025000
0 0.434766 0.491667 0.028906 0.038889
0 0.565625 0.384028 0.010937 0.015278
0 0.557031 0.404861 0.014063 0.020833
0 0.547656 0.356250 0.007812 0.012500
0 0.305859 0.900694 0.122656 0.195833
0 0.639062 0.535417 0.039062 0.054167
0 0.444922 0.364583 0.013281 0.023611
0 0.556641 0.372222 0.010156 0.013889
0 0.452344 0.390972 0.012500 0.018056
0 0.477344 0.378472 0.012500 0.015278
0 0.451172 0.435417 0.021094 0.029167
0 0.737891 0.593750 0.055469 0.070833
0 0.411328 0.455556 0.024219 0.030556
0 0.429688 0.388194 0.014063 0.018056
0 0.524219 0.375694 0.010937 0.015278
0 0.457031 0.377083 0.012500 0.018056
0 0.037500 0.895139 0.075000 0.151389
0 0.433203 0.408333 0.017969 0.019444
0 0.414844 0.398611 0.014063 0.019444
0 0.941797 0.831250 0.114844 0.179167
0 0.125000 0.922222 0.154688 0.152778
0 0.378125 0.442361 0.021875 0.029167
0 0.428516 0.427778 0.017969 0.025000
0 0.375391 0.513889 0.036719 0.041667
0 0.723437 0.900000 0.126562 0.197222
0 0.532813 0.352778 0.007812 0.013889
0 0.315234 0.626389 0.060156 0.075000
0 0.543750 0.446528 0.025000 0.034722
0 0.444141 0.400694 0.014844 0.018056
0 0.520703 0.350000 0.008594 0.013889
0 0.436719 0.379167 0.010937 0.016667
0 0.408203 0.411111 0.016406 0.022222
0 0.358203 0.468056 0.028906 0.030556
0 0.465234 0.412500 0.016406 0.022222
0 0.474609 0.392361 0.013281 0.015278
0 0.594531 0.586806 0.043750 0.076389
0 0.467187 0.350000 0.018750 0.025000
0 0.434766 0.491667 0.028906 0.038889
0 0.565625 0.384028 0.010937 0.015278
0 0.557031 0.404861 0.014063 0.020833
0 0.547656 0.356250 0.007812 0.012500
0 0.305859 0.900694 0.122656 0.195833
0 0.639062 0.535417 0.039062 0.054167
0 0.444922 0.364583 0.013281 0.023611
0 0.556641 0.372222 0.010156 0.013889
0 0.452344 0.390972 0.012500 0.018056
0 0.477344 0.378472 0.012500 0.015278
0 0.451172 0.435417 0.021094 0.029167
0 0.737891 0.593750 0.055469 0.070833
0 0.411328 0.455556 0.024219 0.030556
0 0.429688 0.388194 0.014063 0.018056
0 0.524219 0.375694 0.010937 0.015278
0 0.444922 0.364583 0.013281 0.023611
0 0.639062 0.535417 0.039062 0.054167
0 0.305859 0.900694 0.122656 0.195833
0 0.547656 0.356250 0.007812 0.012500
0 0.557031 0.404861 0.014063 0.020833
0 0.565625 0.384028 0.010937 0.015278
0 0.434766 0.491667 0.028906 0.038889
0 0.467187 0.350000 0.018750 0.025000
0 0.594531 0.586806 0.043750 0.076389
0 0.474609 0.392361 0.013281 0.015278
0 0.465234 0.412500 0.016406 0.022222
0 0.358203 0.468056 0.028906 0.030556
0 0.408203 0.411111 0.016406 0.022222
0 0.436719 0.379167 0.010937 0.016667
0 0.520703 0.350000 0.008594 0.013889
0 0.444141 0.400694 0.014844 0.018056
0 0.543750 0.446528 0.025000 0.034722
0 0.315234 0.626389 0.060156 0.075000
0 0.532813 0.352778 0.007812 0.013889
0 0.723437 0.900000 0.126562 0.197222
0 0.375391 0.513889 0.036719 0.041667
0 0.428516 0.427778 0.017969 0.025000
0 0.378125 0.442361 0.021875 0.029167
0 0.125000 0.922222 0.154688 0.152778
0 0.941797 0.831250 0.114844 0.179167
0 0.414844 0.398611 0.014063 0.019444
0 0.433203 0.408333 0.017969 0.019444
0 0.037500 0.895139 0.075000 0.151389
0 0.457031 0.377083 0.012500 0.018056
0 0.524219 0.375694 0.010937 0.015278
0 0.429688 0.388194 0.014063 0.018056
0 0.411328 0.455556 0.024219 0.030556
0 0.737891 0.593750 0.055469 0.070833
0 0.451172 0.435417 0.021094 0.029167
0 0.477344 0.378472 0.012500 0.015278
0 0.452344 0.390972 0.012500 0.018056
0 0.556641 0.372222 0.010156 0.013889
0 0.457031 0.377083 0.012500 0.018056
0 0.037500 0.895139 0.075000 0.151389
0 0.433203 0.408333 0.017969 0.019444
0 0.414844 0.398611 0.014063 0.019444
0 0.941797 0.831250 0.114844 0.179167
0 0.125000 0.922222 0.154688 0.152778
0 0.378125 0.442361 0.021875 0.029167
0 0.428516 0.427778 0.017969 0.025000
0 0.375391 0.513889 0.036719 0.041667
0 0.723437 0.900000 0.126562 0.197222
0 0.532813 0.352778 0.007812 0.013889
0 0.315234 0.626389 0.060156 0.075000
0 0.543750 0.446528 0.025000 0.034722
0 0.444141 0.400694 0.014844 0.018056
0 0.520703 0.350000 0.008594 0.013889
0 0.436719 0.379167 0.010937 0.016667
0 0.408203 0.411111 0.016406 0.022222
0 0.358203 0.468056 0.028906 0.030556
0 0.465234 0.412500 0.016406 0.022222
0 0.474609 0.392361 0.013281 0.015278
0 0.594531 0.586806 0.043750 0.076389
0 0.467187 0.350000 0.018750 0.025000
0 0.434766 0.491667 0.028906 0.038889
0 0.565625 0.384028 0.010937 0.015278
0 0.557031 0.404861 0.014063 0.020833
0 0.547656 0.356250 0.007812 0.012500
0 0.305859 0.900694 0.122656 0.195833
0 0.639062 0.535417 0.039062 0.054167
0 0.444922 0.364583 0.013281 0.023611
0 0.556641 0.372222 0.010156 0.013889
0 0.452344 0.390972 0.012500 0.018056
0 0.477344 0.378472 0.012500 0.015278
0 0.451172 0.435417 0.021094 0.029167
0 0.737891 0.593750 0.055469 0.070833
0 0.411328 0.455556 0.024219 0.030556
0 0.429688 0.388194 0.014063 0.018056
0 0.524219 0.375694 0.010937 0.015278
0 0.457031 0.377083 0.012500 0.018056
0 0.037500 0.895139 0.075000 0.151389
0 0.433203 0.408333 0.017969 0.019444
0 0.414844 0.398611 0.014063 0.019444
0 0.941797 0.831250 0.114844 0.179167
0 0.125000 0.922222 0.154688 0.152778
0 0.378125 0.442361 0.021875 0.029167
0 0.428516 0.427778 0.017969 0.025000
0 0.375391 0.513889 0.036719 0.041667
0 0.723437 0.900000 0.126562 0.197222
0 0.532813 0.352778 0.007812 0.013889
0 0.315234 0.626389 0.060156 0.075000
0 0.543750 0.446528 0.025000 0.034722
0 0.444141 0.400694 0.014844 0.018056
0 0.520703 0.350000 0.008594 0.013889
0 0.436719 0.379167 0.010937 0.016667
0 0.408203 0.411111 0.016406 0.022222
0 0.358203 0.468056 0.028906 0.030556
0 0.465234 0.412500 0.016406 0.022222
0 0.444922 0.364583 0.013281 0.023611
0 0.639062 0.535417 0.039062 0.054167
0 0.305859 0.900694 0.122656 0.195833
0 0.547656 0.356250 0.007812 0.012500
0 0.557031 0.404861 0.014063 0.020833
0 0.565625 0.384028 0.010937 0.015278
0 0.434766 0.491667 0.028906 0.038889
0 0.467187 0.350000 0.018750 0.025000
0 0.594531 0.586806 0.043750 0.076389
0 0.474609 0.392361 0.013281 0.015278
0 0.465234 0.412500 0.016406 0.022222
0 0.358203 0.468056 0.028906 0.030556
0 0.408203 0.411111 0.016406 0.022222
0 0.436719 0.379167 0.010937 0.016667
0 0.520703 0.350000 0.008594 0.013889
0 0.444141 0.400694 0.014844 0.018056
0 0.543750 0.446528 0.025000 0.034722
0 0.315234 0.626389 0.060156 0.075000
0 0.532813 0.352778 0.007812 0.013889
0 0.723437 0.900000 0.126562 0.197222
0 0.375391 0.513889 0.036719 0.041667
0 0.428516 0.427778 0.017969 0.025000
0 0.378125 0.442361 0.021875 0.029167
0 0.125000 0.922222 0.154688 0.152778
0 0.941797 0.831250 0.114844 0.179167
0 0.414844 0.398611 0.014063 0.019444
0 0.433203 0.408333 0.017969 0.019444
0 0.037500 0.895139 0.075000 0.151389
0 0.457031 0.377083 0.012500 0.018056
0 0.524219 0.375694 0.010937 0.015278
0 0.429688 0.388194 0.014063 0.018056
0 0.411328 0.455556 0.024219 0.030556
0 0.737891 0.593750 0.055469 0.070833
0 0.451172 0.435417 0.021094 0.029167
0 0.477344 0.378472 0.012500 0.015278
0 0.452344 0.390972 0.012500 0.018056
0 0.556641 0.372222 0.010156 0.013889
0 0.474609 0.392361 0.013281 0.015278
0 0.594531 0.586806 0.043750 0.076389
0 0.467187 0.350000 0.018750 0.025000
0 0.434766 0.491667 0.028906 0.038889
0 0.565625 0.384028 0.010937 0.015278
0 0.557031 0.404861 0.014063 0.020833
0 0.547656 0.356250 0.007812 0.012500
0 0.305859 0.900694 0.122656 0.195833
0 0.639062 0.535417 0.039062 0.054167
0 0.444922 0.364583 0.013281 0.023611
0 0.474609 0.392361 0.013281 0.015278
0 0.465234 0.412500 0.016406 0.022222
0 0.358203 0.468056 0.028906 0.030556
0 0.408203 0.411111 0.016406 0.022222
0 0.436719 0.379167 0.010937 0.016667
0 0.520703 0.350000 0.008594 0.013889
0 0.444141 0.400694 0.014844 0.018056
0 0.543750 0.446528 0.025000 0.034722
0 0.315234 0.626389 0.060156 0.075000
0 0.532813 0.352778 0.007812 0.013889
0 0.723437 0.900000 0.126562 0.197222
0 0.375391 0.513889 0.036719 0.041667
0 0.428516 0.427778 0.017969 0.025000
0 0.378125 0.442361 0.021875 0.029167
0 0.125000 0.922222 0.154688 0.152778
0 0.941797 0.831250 0.114844 0.179167
0 0.414844 0.398611 0.014063 0.019444
0 0.433203 0.408333 0.017969 0.019444
0 0.037500 0.895139 0.075000 0.151389
0 0.457031 0.377083 0.012500 0.018056
0 0.524219 0.375694 0.010937 0.015278
0 0.429688 0.388194 0.014063 0.018056
0 0.411328 0.455556 0.024219 0.030556
0 0.737891 0.593750 0.055469 0.070833
0 0.451172 0.435417 0.021094 0.029167
0 0.477344 0.378472 0.012500 0.015278
0 0.452344 0.390972 0.012500 0.018056
0 0.556641 0.372222 0.010156 0.013889
0 0.556641 0.372222 0.010156 0.013889
0 0.452344 0.390972 0.012500 0.018056
0 0.477344 0.378472 0.012500 0.015278
0 0.451172 0.435417 0.021094 0.029167
0 0.737891 0.593750 0.055469 0.070833
0 0.411328 0.455556 0.024219 0.030556
0 0.429688 0.388194 0.014063 0.018056
0 0.524219 0.375694 0.010937 0.015278
0 0.457031 0.377083 0.012500 0.018056
0 0.037500 0.895139 0.075000 0.151389
0 0.433203 0.408333 0.017969 0.019444
0 0.414844 0.398611 0.014063 0.019444
0 0.941797 0.831250 0.114844 0.179167
0 0.125000 0.922222 0.154688 0.152778
0 0.378125 0.442361 0.021875 0.029167
0 0.428516 0.427778 0.017969 0.025000
0 0.375391 0.513889 0.036719 0.041667
0 0.723437 0.900000 0.126562 0.197222
0 0.532813 0.352778 0.007812 0.013889
0 0.315234 0.626389 0.060156 0.075000
0 0.543750 0.446528 0.025000 0.034722
0 0.444141 0.400694 0.014844 0.018056
0 0.520703 0.350000 0.008594 0.013889
0 0.436719 0.379167 0.010937 0.016667
0 0.408203 0.411111 0.016406 0.022222
0 0.358203 0.468056 0.028906 0.030556
0 0.465234 0.412500 0.016406 0.022222
0 0.474609 0.392361 0.013281 0.015278
0 0.594531 0.586806 0.043750 0.076389
0 0.467187 0.350000 0.018750 0.025000
0 0.434766 0.491667 0.028906 0.038889
0 0.557031 0.404861 0.014063 0.020833
