0 0.360547 0.065972 0.022656 0.040278
0 0.286719 0.559028 0.082812 0.195833
0 0.323828 0.043750 0.017969 0.034722
0 0.286719 0.559028 0.082812 0.195833
0 0.360547 0.065972 0.022656 0.040278
0 0.511719 0.948611 0.101562 0.100000
0 0.314063 0.019444 0.009375 0.019444
0 0.462500 0.318056 0.042188 0.077778
0 0.430859 0.229167 0.038281 0.066667
0 0.323828 0.043750 0.017969 0.034722
0 0.407813 0.149306 0.029687 0.056944
0 0.308594 0.090278 0.007812 0.030556
0 0.290234 0.203472 0.033594 0.070833
0 0.339453 0.003472 0.013281 0.006944
0 0.329297 0.140972 0.024219 0.043056
0 0.288281 0.066667 0.018750 0.027778
0 0.326172 0.074306 0.019531 0.029167
0 0.226172 0.444444 0.074219 0.130556
0 0.239844 0.156944 0.029687 0.055556
0 0.289062 0.100000 0.020313 0.036111
0 0.484766 0.438194 0.053906 0.118056
0 0.226172 0.444444 0.074219 0.130556
0 0.326172 0.074306 0.019531 0.029167
0 0.288281 0.066667 0.018750 0.027778
0 0.329297 0.140972 0.024219 0.043056
0 0.339453 0.003472 0.013281 0.006944
0 0.290234 0.203472 0.033594 0.070833
0 0.308594 0.090278 0.007812 0.030556
0 0.388672 0.120833 0.022656 0.041667
0 0.407813 0.149306 0.029687 0.056944
0 0.323828 0.043750 0.017969 0.034722
0 0.430859 0.229167 0.038281 0.066667
0 0.462500 0.318056 0.042188 0.077778
0 0.314063 0.019444 0.009375 0.019444
0 0.511719 0.948611 0.101562 0.100000
0 0.360547 0.065972 0.022656 0.040278
0 0.286719 0.559028 0.082812 0.195833
0 0.313281 0.003472 0.010937 0.006944
0 0.321875 0.020139 0.014063 0.018056
0 0.239844 0.156944 0.029687 0.055556
0 0.289062 0.100000 0.020313 0.036111
0 0.484766 0.438194 0.053906 0.118056
0 0.226172 0.444444 0.074219 0.130556
0 0.326172 0.074306 0.019531 0.029167
0 0.388672 0.120833 0.022656 0.041667
0 0.375391 0.097222 0.024219 0.038889
0 0.350781 0.028472 0.015625 0.023611
0 0.313281 0.003472 0.010937 0.006944
0 0.321875 0.020139 0.014063 0.018056
0 0.239844 0.156944 0.029687 0.055556
0 0.289062 0.100000 0.020313 0.036111
0 0.484766 0.438194 0.053906 0.118056
0 0.226172 0.444444 0.074219 0.130556
0 0.326172 0.074306 0.019531 0.029167
0 0.288281 0.066667 0.018750 0.027778
0 0.329297 0.140972 0.024219 0.043056
0 0.339453 0.003472 0.013281 0.006944
0 0.290234 0.203472 0.033594 0.070833
0 0.308594 0.090278 0.007812 0.030556
0 0.407813 0.149306 0.029687 0.056944
0 0.323828 0.043750 0.017969 0.034722
0 0.430859 0.229167 0.038281 0.066667
0 0.462500 0.318056 0.042188 0.077778
0 0.314063 0.019444 0.009375 0.019444
0 0.511719 0.948611 0.101562 0.100000
0 0.360547 0.065972 0.022656 0.040278
0 0.286719 0.559028 0.082812 0.195833
0 0.288281 0.066667 0.018750 0.027778
0 0.388672 0.120833 0.022656 0.041667
0 0.375391 0.097222 0.024219 0.038889
0 0.350781 0.028472 0.015625 0.023611
0 0.484766 0.438194 0.053906 0.118056
0 0.289062 0.100000 0.020313 0.036111
0 0.239844 0.156944 0.029687 0.055556
0 0.321875 0.020139 0.014063 0.018056
0 0.313281 0.003472 0.010937 0.006944
0 0.388672 0.120833 0.022656 0.041667
0 0.375391 0.097222 0.024219 0.038889
0 0.350781 0.028472 0.015625 0.023611
0 0.375391 0.097222 0.024219 0.038889
0 0.388672 0.120833 0.022656 0.041667
0 0.388672 0.120833 0.022656 0.041667
0 0.375391 0.097222 0.024219 0.038889
0 0.350781 0.028472 0.015625 0.023611
0 0.313281 0.003472 0.010937 0.006944
0 0.321875 0.020139 0.014063 0.018056
0 0.239844 0.156944 0.029687 0.055556
0 0.289062 0.100000 0.020313 0.036111
0 0.484766 0.438194 0.053906 0.118056
0 0.226172 0.444444 0.074219 0.130556
0 0.326172 0.074306 0.019531 0.029167
0 0.288281 0.066667 0.018750 0.027778
0 0.329297 0.140972 0.024219 0.043056
0 0.339453 0.003472 0.013281 0.006944
0 0.290234 0.203472 0.033594 0.070833
0 0.308594 0.090278 0.007812 0.030556
0 0.407813 0.149306 0.029687 0.056944
0 0.323828 0.043750 0.017969 0.034722
0 0.430859 0.229167 0.038281 0.066667
0 0.462500 0.318056 0.042188 0.077778
0 0.314063 0.019444 0.009375 0.019444
0 0.511719 0.948611 0.101562 0.100000
0 0.360547 0.065972 0.022656 0.040278
0 0.286719 0.559028 0.082812 0.195833
0 0.286719 0.559028 0.082812 0.195833
0 0.360547 0.065972 0.022656 0.040278
0 0.511719 0.948611 0.101562 0.100000
0 0.314063 0.019444 0.009375 0.019444
0 0.462500 0.318056 0.042188 0.077778
0 0.350781 0.028472 0.015625 0.023611
0 0.313281 0.003472 0.010937 0.006944
0 0.321875 0.020139 0.014063 0.018056
0 0.239844 0.156944 0.029687 0.055556
0 0.289062 0.100000 0.020313 0.036111
0 0.484766 0.438194 0.053906 0.118056
0 0.226172 0.444444 0.074219 0.130556
0 0.326172 0.074306 0.019531 0.029167
0 0.288281 0.066667 0.018750 0.027778
0 0.329297 0.140972 0.024219 0.043056
0 0.339453 0.003472 0.013281 0.006944
0 0.290234 0.203472 0.033594 0.070833
0 0.308594 0.090278 0.007812 0.030556
0 0.407813 0.149306 0.029687 0.056944
0 0.323828 0.043750 0.017969 0.034722
0 0.430859 0.229167 0.038281 0.066667
0 0.462500 0.318056 0.042188 0.077778
0 0.314063 0.019444 0.009375 0.019444
0 0.511719 0.948611 0.101562 0.100000
0 0.360547 0.065972 0.022656 0.040278
0 0.286719 0.559028 0.082812 0.195833
0 0.375391 0.097222 0.024219 0.038889
0 0.430859 0.229167 0.038281 0.066667
0 0.329297 0.140972 0.024219 0.043056
0 0.339453 0.003472 0.013281 0.006944
0 0.290234 0.203472 0.033594 0.070833
0 0.350781 0.028472 0.015625 0.023611
0 0.313281 0.003472 0.010937 0.006944
0 0.321875 0.020139 0.014063 0.018056
0 0.308594 0.090278 0.007812 0.030556
0 0.407813 0.149306 0.029687 0.056944
0 0.388672 0.120833 0.022656 0.041667
0 0.375391 0.097222 0.024219 0.038889
0 0.350781 0.028472 0.015625 0.023611
0 0.313281 0.003472 0.010937 0.006944
0 0.321875 0.020139 0.014063 0.018056
0 0.239844 0.156944 0.029687 0.055556
0 0.289062 0.100000 0.020313 0.036111
0 0.484766 0.438194 0.053906 0.118056
0 0.226172 0.444444 0.074219 0.130556
0 0.326172 0.074306 0.019531 0.029167
0 0.288281 0.066667 0.018750 0.027778
0 0.329297 0.140972 0.024219 0.043056
0 0.339453 0.003472 0.013281 0.006944
0 0.290234 0.203472 0.033594 0.070833
0 0.308594 0.090278 0.007812 0.030556
0 0.407813 0.149306 0.029687 0.056944
0 0.323828 0.043750 0.017969 0.034722
0 0.430859 0.229167 0.038281 0.066667
0 0.462500 0.318056 0.042188 0.077778
0 0.314063 0.019444 0.009375 0.019444
0 0.511719 0.948611 0.101562 0.100000
