0 0.215625 0.431944 0.056250 0.047222
0 0.359375 0.062500 0.021875 0.013889
0 0.328125 0.055556 0.018750 0.016667
0 0.310156 0.056944 0.020313 0.013889
0 0.439063 0.079167 0.025000 0.013889
0 0.475781 0.090278 0.023438 0.025000
0 0.300000 0.218056 0.015625 0.025000
0 0.403125 0.069444 0.025000 0.016667
0 0.310156 0.238889 0.020313 0.033333
0 0.443750 0.569444 0.031250 0.066667
0 0.300000 0.218056 0.015625 0.025000
0 0.475781 0.090278 0.023438 0.025000
0 0.439063 0.079167 0.025000 0.013889
0 0.310156 0.056944 0.020313 0.013889
0 0.328125 0.055556 0.018750 0.016667
0 0.359375 0.062500 0.021875 0.013889
0 0.281250 0.179167 0.015625 0.025000
0 0.325781 0.286111 0.020313 0.033333
0 0.215625 0.431944 0.056250 0.047222
0 0.443750 0.569444 0.031250 0.066667
0 0.281250 0.179167 0.015625 0.025000
0 0.325781 0.286111 0.020313 0.033333
0 0.281250 0.179167 0.015625 0.025000
0 0.359375 0.062500 0.021875 0.013889
0 0.328125 0.055556 0.018750 0.016667
0 0.310156 0.056944 0.020313 0.013889
0 0.439063 0.079167 0.025000 0.013889
0 0.475781 0.090278 0.023438 0.025000
0 0.300000 0.218056 0.015625 0.025000
0 0.300000 0.218056 0.015625 0.025000
0 0.475781 0.090278 0.023438 0.025000
0 0.439063 0.079167 0.025000 0.013889
0 0.310156 0.056944 0.020313 0.013889
0 0.328125 0.055556 0.018750 0.016667
0 0.359375 0.062500 0.021875 0.013889
0 0.281250 0.179167 0.015625 0.025000
0 0.325781 0.286111 0.020313 0.033333
0 0.215625 0.431944 0.056250 0.047222
0 0.443750 0.569444 0.031250 0.066667
0 0.310156 0.238889 0.020313 0.033333
0 0.403125 0.069444 0.025000 0.016667
0 0.282031 0.295833 0.026562 0.025000
0 0.282031 0.295833 0.026562 0.025000
0 0.403125 0.069444 0.025000 0.016667
0 0.310156 0.238889 0.020313 0.033333
0 0.443750 0.569444 0.031250 0.066667
0 0.215625 0.431944 0.056250 0.047222
0 0.325781 0.286111 0.020313 0.033333
0 0.281250 0.179167 0.015625 0.025000
0 0.359375 0.062500 0.021875 0.013889
0 0.328125 0.055556 0.018750 0.016667
0 0.310156 0.056944 0.020313 0.013889
0 0.439063 0.079167 0.025000 0.013889
0 0.475781 0.090278 0.023438 0.025000
0 0.300000 0.218056 0.015625 0.025000
0 0.282031 0.295833 0.026562 0.025000
0 0.403125 0.069444 0.025000 0.016667
0 0.310156 0.238889 0.020313 0.033333
0 0.443750 0.569444 0.031250 0.066667
0 0.215625 0.431944 0.056250 0.047222
0 0.325781 0.286111 0.020313 0.033333
0 0.281250 0.179167 0.015625 0.025000
0 0.359375 0.062500 0.021875 0.013889
0 0.328125 0.055556 0.018750 0.016667
0 0.310156 0.056944 0.020313 0.013889
0 0.439063 0.079167 0.025000 0.013889
0 0.475781 0.090278 0.023438 0.025000
0 0.300000 0.218056 0.015625 0.025000
0 0.300000 0.218056 0.015625 0.025000
0 0.475781 0.090278 0.023438 0.025000
0 0.439063 0.079167 0.025000 0.013889
0 0.310156 0.056944 0.020313 0.013889
0 0.328125 0.055556 0.018750 0.016667
0 0.359375 0.062500 0.021875 0.013889
0 0.281250 0.179167 0.015625 0.025000
0 0.325781 0.286111 0.020313 0.033333
0 0.215625 0.431944 0.056250 0.047222
0 0.443750 0.569444 0.031250 0.066667
0 0.310156 0.238889 0.020313 0.033333
0 0.403125 0.069444 0.025000 0.016667
0 0.282031 0.295833 0.026562 0.025000
0 0.310156 0.238889 0.020313 0.033333
0 0.403125 0.069444 0.025000 0.016667
0 0.282031 0.295833 0.026562 0.025000
0 0.282031 0.295833 0.026562 0.025000
0 0.282031 0.295833 0.026562 0.025000
0 0.403125 0.069444 0.025000 0.016667
0 0.310156 0.238889 0.020313 0.033333
0 0.443750 0.569444 0.031250 0.066667
0 0.215625 0.431944 0.056250 0.047222
0 0.325781 0.286111 0.020313 0.033333
