0 0.355469 0.062500 0.023438 0.013889
0 0.300000 0.216667 0.015625 0.027778
0 0.437500 0.079167 0.028125 0.013889
0 0.310156 0.056944 0.020313 0.013889
0 0.432812 0.456944 0.028125 0.052778
0 0.328125 0.055556 0.018750 0.016667
0 0.410938 0.079167 0.021875 0.013889
0 0.909375 0.201389 0.006250 0.013889
0 0.355469 0.062500 0.023438 0.013889
0 0.282031 0.179167 0.014063 0.025000
0 0.587500 0.131944 0.025000 0.013889
0 0.791406 0.168056 0.029687 0.019444
0 0.326562 0.284722 0.021875 0.030556
0 0.215625 0.431944 0.056250 0.047222
0 0.310937 0.238889 0.018750 0.033333
0 0.398438 0.070833 0.025000 0.013889
0 0.479687 0.048611 0.021875 0.013889
0 0.471094 0.084722 0.026562 0.013889
0 0.471094 0.084722 0.026562 0.013889
0 0.479687 0.048611 0.021875 0.013889
0 0.398438 0.070833 0.025000 0.013889
0 0.310937 0.238889 0.018750 0.033333
0 0.215625 0.431944 0.056250 0.047222
0 0.326562 0.284722 0.021875 0.030556
0 0.791406 0.168056 0.029687 0.019444
0 0.587500 0.131944 0.025000 0.013889
0 0.471094 0.084722 0.026562 0.013889
0 0.479687 0.048611 0.021875 0.013889
0 0.398438 0.070833 0.025000 0.013889
0 0.310937 0.238889 0.018750 0.033333
0 0.215625 0.431944 0.056250 0.047222
0 0.326562 0.284722 0.021875 0.030556
0 0.791406 0.168056 0.029687 0.019444
0 0.587500 0.131944 0.025000 0.013889
0 0.282031 0.179167 0.014063 0.025000
0 0.355469 0.062500 0.023438 0.013889
0 0.909375 0.201389 0.006250 0.013889
0 0.410938 0.079167 0.021875 0.013889
0 0.328125 0.055556 0.018750 0.016667
0 0.432812 0.456944 0.028125 0.052778
0 0.310156 0.056944 0.020313 0.013889
0 0.437500 0.079167 0.028125 0.013889
0 0.300000 0.216667 0.015625 0.027778
0 0.471094 0.084722 0.026562 0.013889
0 0.479687 0.048611 0.021875 0.013889
0 0.471094 0.084722 0.026562 0.013889
0 0.479687 0.048611 0.021875 0.013889
0 0.398438 0.070833 0.025000 0.013889
0 0.310937 0.238889 0.018750 0.033333
0 0.215625 0.431944 0.056250 0.047222
0 0.326562 0.284722 0.021875 0.030556
0 0.791406 0.168056 0.029687 0.019444
0 0.587500 0.131944 0.025000 0.013889
0 0.282031 0.179167 0.014063 0.025000
0 0.909375 0.201389 0.006250 0.013889
0 0.410938 0.079167 0.021875 0.013889
0 0.328125 0.055556 0.018750 0.016667
0 0.432812 0.456944 0.028125 0.052778
0 0.310156 0.056944 0.020313 0.013889
0 0.437500 0.079167 0.028125 0.013889
0 0.300000 0.216667 0.015625 0.027778
0 0.282031 0.179167 0.014063 0.025000
0 0.355469 0.062500 0.023438 0.013889
0 0.909375 0.201389 0.006250 0.013889
0 0.410938 0.079167 0.021875 0.013889
0 0.328125 0.055556 0.018750 0.016667
0 0.432812 0.456944 0.028125 0.052778
0 0.310156 0.056944 0.020313 0.013889
0 0.437500 0.079167 0.028125 0.013889
0 0.300000 0.216667 0.015625 0.027778
0 0.300000 0.216667 0.015625 0.027778
0 0.437500 0.079167 0.028125 0.013889
0 0.310156 0.056944 0.020313 0.013889
0 0.432812 0.456944 0.028125 0.052778
0 0.328125 0.055556 0.018750 0.016667
0 0.410938 0.079167 0.021875 0.013889
0 0.909375 0.201389 0.006250 0.013889
0 0.355469 0.062500 0.023438 0.013889
0 0.282031 0.179167 0.014063 0.025000
0 0.587500 0.131944 0.025000 0.013889
0 0.791406 0.168056 0.029687 0.019444
0 0.326562 0.284722 0.021875 0.030556
0 0.215625 0.431944 0.056250 0.047222
0 0.310937 0.238889 0.018750 0.033333
0 0.398438 0.070833 0.025000 0.013889
0 0.300000 0.216667 0.015625 0.027778
0 0.437500 0.079167 0.028125 0.013889
0 0.310156 0.056944 0.020313 0.013889
0 0.432812 0.456944 0.028125 0.052778
0 0.328125 0.055556 0.018750 0.016667
0 0.410938 0.079167 0.021875 0.013889
0 0.909375 0.201389 0.006250 0.013889
0 0.355469 0.062500 0.023438 0.013889
0 0.282031 0.179167 0.014063 0.025000
0 0.587500 0.131944 0.025000 0.013889
0 0.791406 0.168056 0.029687 0.019444
0 0.326562 0.284722 0.021875 0.030556
0 0.215625 0.431944 0.056250 0.047222
0 0.310937 0.238889 0.018750 0.033333
0 0.398438 0.070833 0.025000 0.013889
0 0.479687 0.048611 0.021875 0.013889
0 0.471094 0.084722 0.026562 0.013889
0 0.300000 0.216667 0.015625 0.027778
0 0.437500 0.079167 0.028125 0.013889
0 0.310156 0.056944 0.020313 0.013889
0 0.432812 0.456944 0.028125 0.052778
0 0.328125 0.055556 0.018750 0.016667
0 0.410938 0.079167 0.021875 0.013889
0 0.909375 0.201389 0.006250 0.013889
0 0.355469 0.062500 0.023438 0.013889
0 0.282031 0.179167 0.014063 0.025000
0 0.587500 0.131944 0.025000 0.013889
0 0.791406 0.168056 0.029687 0.019444
0 0.326562 0.284722 0.021875 0.030556
0 0.215625 0.431944 0.056250 0.047222
0 0.310937 0.238889 0.018750 0.033333
0 0.398438 0.070833 0.025000 0.013889
0 0.479687 0.048611 0.021875 0.013889
0 0.471094 0.084722 0.026562 0.013889
