0 0.205078 0.634028 0.066406 0.118056
0 0.434766 0.629167 0.069531 0.075000
0 0.723047 0.372917 0.036719 0.043056
0 0.387109 0.781944 0.132031 0.219444
0 0.060156 0.551389 0.120313 0.250000
0 0.524609 0.402778 0.039844 0.050000
0 0.525391 0.373611 0.030469 0.036111
0 0.680469 0.407639 0.042188 0.065278
0 0.886328 0.404861 0.142969 0.073611
0 0.760938 0.384722 0.046875 0.058333
0 0.744531 0.743750 0.182812 0.370833
0 0.614844 0.399306 0.043750 0.045833
0 0.953125 0.805556 0.092188 0.180556
0 0.742969 0.421528 0.084375 0.043056
0 0.866016 0.529861 0.135156 0.093056
0 0.332813 0.563889 0.076563 0.077778
0 0.345703 0.329167 0.032031 0.044444
0 0.266797 0.549306 0.067969 0.090278
0 0.140625 0.606944 0.073438 0.105556
0 0.336328 0.626389 0.082031 0.091667
0 0.389453 0.582639 0.066406 0.095833
0 0.828906 0.614583 0.117188 0.106944
0 0.662500 0.395139 0.053125 0.062500
0 0.600000 0.456250 0.079687 0.073611
0 0.395703 0.327083 0.022656 0.051389
0 0.698047 0.327778 0.038281 0.044444
0 0.685937 0.488194 0.100000 0.070833
0 0.578125 0.398611 0.029687 0.047222
0 0.439844 0.502083 0.046875 0.062500
0 0.052344 0.743056 0.075000 0.122222
0 0.335938 0.408333 0.039062 0.061111
0 0.312500 0.361806 0.034375 0.051389
0 0.157031 0.486111 0.098437 0.136111
0 0.962891 0.602778 0.072656 0.238889
0 0.233594 0.793056 0.092188 0.161111
0 0.615234 0.315278 0.017969 0.052778
0 0.725000 0.388889 0.045312 0.030556
0 0.905469 0.595833 0.054688 0.113889
0 0.705859 0.365278 0.036719 0.050000
0 0.425000 0.905556 0.096875 0.177778
0 0.481641 0.747917 0.069531 0.168056
0 0.112500 0.840278 0.100000 0.144444
0 0.298047 0.304167 0.027344 0.038889
0 0.926172 0.428472 0.094531 0.040278
0 0.559375 0.294444 0.018750 0.063889
0 0.250391 0.495139 0.074219 0.081944
0 0.233984 0.600000 0.078906 0.100000
0 0.767188 0.934722 0.146875 0.127778
0 0.014063 0.833333 0.028125 0.322222
0 0.639453 0.258333 0.046094 0.047222
0 0.195312 0.550000 0.060937 0.055556
0 0.205078 0.634028 0.066406 0.118056
0 0.577734 0.373611 0.028906 0.044444
0 0.792578 0.502778 0.135156 0.086111
0 0.385547 0.467361 0.127344 0.106944
0 0.323828 0.288889 0.022656 0.052778
0 0.851172 0.723611 0.057031 0.147222
0 0.375781 0.409722 0.039062 0.022222
0 0.301953 0.709028 0.069531 0.118056
0 0.497656 0.361111 0.026562 0.047222
0 0.152734 0.697222 0.091406 0.136111
0 0.957031 0.971528 0.084375 0.054167
0 0.529687 0.425000 0.032813 0.036111
0 0.452344 0.970833 0.129688 0.055556
0 0.813281 0.460417 0.107813 0.051389
0 0.101562 0.931944 0.098437 0.133333
0 0.626953 0.531944 0.110156 0.091667
0 0.357422 0.345833 0.032031 0.047222
0 0.922266 0.465972 0.103906 0.070833
0 0.600000 0.259028 0.042188 0.056944
0 0.489063 0.458333 0.067187 0.030556
0 0.880078 0.438889 0.080469 0.052778
0 0.344141 0.259028 0.025781 0.037500
0 0.448047 0.694444 0.088281 0.119444
0 0.644531 0.313194 0.026562 0.037500
0 0.462109 0.585417 0.092969 0.126389
0 0.618359 0.365972 0.036719 0.034722
0 0.758203 0.360417 0.032031 0.034722
0 0.607031 0.353472 0.031250 0.040278
0 0.798438 0.620139 0.045312 0.059722
0 0.593359 0.327083 0.033594 0.062500
0 0.741406 0.454861 0.048438 0.045833
0 0.260937 0.956250 0.131250 0.084722
0 0.921484 0.637500 0.021094 0.136111
0 0.394141 0.204861 0.016406 0.026389
0 0.394141 0.204861 0.016406 0.026389
0 0.921484 0.637500 0.021094 0.136111
0 0.260937 0.956250 0.131250 0.084722
0 0.741406 0.454861 0.048438 0.045833
0 0.593359 0.327083 0.033594 0.062500
0 0.798438 0.620139 0.045312 0.059722
0 0.607031 0.353472 0.031250 0.040278
0 0.758203 0.360417 0.032031 0.034722
0 0.618359 0.365972 0.036719 0.034722
0 0.462109 0.585417 0.092969 0.126389
0 0.644531 0.313194 0.026562 0.037500
0 0.448047 0.694444 0.088281 0.119444
0 0.344141 0.259028 0.025781 0.037500
0 0.880078 0.438889 0.080469 0.052778
0 0.489063 0.458333 0.067187 0.030556
0 0.600000 0.259028 0.042188 0.056944
0 0.922266 0.465972 0.103906 0.070833
0 0.357422 0.345833 0.032031 0.047222
0 0.626953 0.531944 0.110156 0.091667
0 0.101562 0.931944 0.098437 0.133333
0 0.813281 0.460417 0.107813 0.051389
0 0.452344 0.970833 0.129688 0.055556
0 0.529687 0.425000 0.032813 0.036111
0 0.957031 0.971528 0.084375 0.054167
0 0.152734 0.697222 0.091406 0.136111
0 0.497656 0.361111 0.026562 0.047222
0 0.301953 0.709028 0.069531 0.118056
0 0.375781 0.409722 0.039062 0.022222
0 0.851172 0.723611 0.057031 0.147222
0 0.323828 0.288889 0.022656 0.052778
0 0.385547 0.467361 0.127344 0.106944
0 0.792578 0.502778 0.135156 0.086111
0 0.577734 0.373611 0.028906 0.044444
0 0.205078 0.634028 0.066406 0.118056
0 0.195312 0.550000 0.060937 0.055556
0 0.639453 0.258333 0.046094 0.047222
0 0.014063 0.833333 0.028125 0.322222
0 0.767188 0.934722 0.146875 0.127778
0 0.233984 0.600000 0.078906 0.100000
0 0.250391 0.495139 0.074219 0.081944
0 0.559375 0.294444 0.018750 0.063889
0 0.926172 0.428472 0.094531 0.040278
0 0.298047 0.304167 0.027344 0.038889
0 0.112500 0.840278 0.100000 0.144444
0 0.481641 0.747917 0.069531 0.168056
0 0.425000 0.905556 0.096875 0.177778
0 0.705859 0.365278 0.036719 0.050000
0 0.905469 0.595833 0.054688 0.113889
0 0.725000 0.388889 0.045312 0.030556
0 0.615234 0.315278 0.017969 0.052778
0 0.233594 0.793056 0.092188 0.161111
0 0.962891 0.602778 0.072656 0.238889
0 0.157031 0.486111 0.098437 0.136111
0 0.312500 0.361806 0.034375 0.051389
0 0.335938 0.408333 0.039062 0.061111
0 0.052344 0.743056 0.075000 0.122222
0 0.439844 0.502083 0.046875 0.062500
0 0.578125 0.398611 0.029687 0.047222
0 0.685937 0.488194 0.100000 0.070833
0 0.698047 0.327778 0.038281 0.044444
0 0.395703 0.327083 0.022656 0.051389
0 0.600000 0.456250 0.079687 0.073611
0 0.662500 0.395139 0.053125 0.062500
0 0.828906 0.614583 0.117188 0.106944
0 0.389453 0.582639 0.066406 0.095833
0 0.336328 0.626389 0.082031 0.091667
0 0.140625 0.606944 0.073438 0.105556
0 0.266797 0.549306 0.067969 0.090278
0 0.345703 0.329167 0.032031 0.044444
0 0.332813 0.563889 0.076563 0.077778
0 0.866016 0.529861 0.135156 0.093056
0 0.742969 0.421528 0.084375 0.043056
0 0.953125 0.805556 0.092188 0.180556
0 0.614844 0.399306 0.043750 0.045833
0 0.744531 0.743750 0.182812 0.370833
0 0.760938 0.384722 0.046875 0.058333
0 0.886328 0.404861 0.142969 0.073611
0 0.680469 0.407639 0.042188 0.065278
0 0.525391 0.373611 0.030469 0.036111
0 0.524609 0.402778 0.039844 0.050000
0 0.060156 0.551389 0.120313 0.250000
0 0.387109 0.781944 0.132031 0.219444
0 0.723047 0.372917 0.036719 0.043056
0 0.434766 0.629167 0.069531 0.075000
0 0.394141 0.204861 0.016406 0.026389
0 0.921484 0.637500 0.021094 0.136111
0 0.260937 0.956250 0.131250 0.084722
0 0.741406 0.454861 0.048438 0.045833
0 0.593359 0.327083 0.033594 0.062500
0 0.798438 0.620139 0.045312 0.059722
0 0.607031 0.353472 0.031250 0.040278
0 0.758203 0.360417 0.032031 0.034722
0 0.618359 0.365972 0.036719 0.034722
0 0.462109 0.585417 0.092969 0.126389
0 0.644531 0.313194 0.026562 0.037500
0 0.448047 0.694444 0.088281 0.119444
0 0.344141 0.259028 0.025781 0.037500
0 0.880078 0.438889 0.080469 0.052778
0 0.489063 0.458333 0.067187 0.030556
0 0.600000 0.259028 0.042188 0.056944
0 0.922266 0.465972 0.103906 0.070833
0 0.357422 0.345833 0.032031 0.047222
0 0.626953 0.531944 0.110156 0.091667
0 0.101562 0.931944 0.098437 0.133333
0 0.813281 0.460417 0.107813 0.051389
0 0.452344 0.970833 0.129688 0.055556
0 0.529687 0.425000 0.032813 0.036111
0 0.957031 0.971528 0.084375 0.054167
0 0.152734 0.697222 0.091406 0.136111
0 0.497656 0.361111 0.026562 0.047222
0 0.301953 0.709028 0.069531 0.118056
0 0.375781 0.409722 0.039062 0.022222
0 0.851172 0.723611 0.057031 0.147222
0 0.323828 0.288889 0.022656 0.052778
0 0.385547 0.467361 0.127344 0.106944
0 0.792578 0.502778 0.135156 0.086111
0 0.577734 0.373611 0.028906 0.044444
0 0.205078 0.634028 0.066406 0.118056
0 0.195312 0.550000 0.060937 0.055556
0 0.639453 0.258333 0.046094 0.047222
0 0.014063 0.833333 0.028125 0.322222
0 0.767188 0.934722 0.146875 0.127778
0 0.233984 0.600000 0.078906 0.100000
0 0.250391 0.495139 0.074219 0.081944
0 0.559375 0.294444 0.018750 0.063889
0 0.926172 0.428472 0.094531 0.040278
0 0.298047 0.304167 0.027344 0.038889
0 0.112500 0.840278 0.100000 0.144444
0 0.481641 0.747917 0.069531 0.168056
0 0.425000 0.905556 0.096875 0.177778
0 0.705859 0.365278 0.036719 0.050000
0 0.905469 0.595833 0.054688 0.113889
0 0.725000 0.388889 0.045312 0.030556
0 0.615234 0.315278 0.017969 0.052778
0 0.233594 0.793056 0.092188 0.161111
0 0.962891 0.602778 0.072656 0.238889
0 0.157031 0.486111 0.098437 0.136111
0 0.312500 0.361806 0.034375 0.051389
0 0.335938 0.408333 0.039062 0.061111
0 0.052344 0.743056 0.075000 0.122222
0 0.439844 0.502083 0.046875 0.062500
0 0.578125 0.398611 0.029687 0.047222
0 0.685937 0.488194 0.100000 0.070833
0 0.698047 0.327778 0.038281 0.044444
0 0.395703 0.327083 0.022656 0.051389
0 0.600000 0.456250 0.079687 0.073611
0 0.662500 0.395139 0.053125 0.062500
0 0.828906 0.614583 0.117188 0.106944
0 0.389453 0.582639 0.066406 0.095833
0 0.336328 0.626389 0.082031 0.091667
0 0.140625 0.606944 0.073438 0.105556
0 0.266797 0.549306 0.067969 0.090278
0 0.345703 0.329167 0.032031 0.044444
0 0.332813 0.563889 0.076563 0.077778
0 0.866016 0.529861 0.135156 0.093056
0 0.742969 0.421528 0.084375 0.043056
0 0.953125 0.805556 0.092188 0.180556
0 0.614844 0.399306 0.043750 0.045833
0 0.744531 0.743750 0.182812 0.370833
0 0.760938 0.384722 0.046875 0.058333
0 0.886328 0.404861 0.142969 0.073611
0 0.680469 0.407639 0.042188 0.065278
0 0.525391 0.373611 0.030469 0.036111
0 0.524609 0.402778 0.039844 0.050000
0 0.060156 0.551389 0.120313 0.250000
0 0.387109 0.781944 0.132031 0.219444
0 0.723047 0.372917 0.036719 0.043056
0 0.434766 0.629167 0.069531 0.075000
0 0.434766 0.629167 0.069531 0.075000
0 0.723047 0.372917 0.036719 0.043056
0 0.387109 0.781944 0.132031 0.219444
0 0.060156 0.551389 0.120313 0.250000
0 0.524609 0.402778 0.039844 0.050000
0 0.525391 0.373611 0.030469 0.036111
0 0.680469 0.407639 0.042188 0.065278
0 0.886328 0.404861 0.142969 0.073611
0 0.760938 0.384722 0.046875 0.058333
0 0.744531 0.743750 0.182812 0.370833
0 0.614844 0.399306 0.043750 0.045833
0 0.953125 0.805556 0.092188 0.180556
0 0.742969 0.421528 0.084375 0.043056
0 0.866016 0.529861 0.135156 0.093056
0 0.332813 0.563889 0.076563 0.077778
0 0.345703 0.329167 0.032031 0.044444
0 0.266797 0.549306 0.067969 0.090278
0 0.140625 0.606944 0.073438 0.105556
0 0.336328 0.626389 0.082031 0.091667
0 0.389453 0.582639 0.066406 0.095833
0 0.828906 0.614583 0.117188 0.106944
0 0.662500 0.395139 0.053125 0.062500
0 0.600000 0.456250 0.079687 0.073611
0 0.395703 0.327083 0.022656 0.051389
0 0.698047 0.327778 0.038281 0.044444
0 0.685937 0.488194 0.100000 0.070833
0 0.578125 0.398611 0.029687 0.047222
0 0.439844 0.502083 0.046875 0.062500
0 0.052344 0.743056 0.075000 0.122222
0 0.335938 0.408333 0.039062 0.061111
0 0.312500 0.361806 0.034375 0.051389
0 0.157031 0.486111 0.098437 0.136111
0 0.962891 0.602778 0.072656 0.238889
0 0.233594 0.793056 0.092188 0.161111
0 0.615234 0.315278 0.017969 0.052778
0 0.725000 0.388889 0.045312 0.030556
0 0.905469 0.595833 0.054688 0.113889
0 0.705859 0.365278 0.036719 0.050000
0 0.425000 0.905556 0.096875 0.177778
0 0.481641 0.747917 0.069531 0.168056
0 0.112500 0.840278 0.100000 0.144444
0 0.298047 0.304167 0.027344 0.038889
0 0.926172 0.428472 0.094531 0.040278
0 0.559375 0.294444 0.018750 0.063889
0 0.250391 0.495139 0.074219 0.081944
0 0.233984 0.600000 0.078906 0.100000
0 0.767188 0.934722 0.146875 0.127778
0 0.014063 0.833333 0.028125 0.322222
0 0.639453 0.258333 0.046094 0.047222
0 0.195312 0.550000 0.060937 0.055556
0 0.205078 0.634028 0.066406 0.118056
0 0.577734 0.373611 0.028906 0.044444
0 0.792578 0.502778 0.135156 0.086111
0 0.385547 0.467361 0.127344 0.106944
0 0.323828 0.288889 0.022656 0.052778
0 0.851172 0.723611 0.057031 0.147222
0 0.375781 0.409722 0.039062 0.022222
0 0.301953 0.709028 0.069531 0.118056
0 0.497656 0.361111 0.026562 0.047222
0 0.152734 0.697222 0.091406 0.136111
0 0.957031 0.971528 0.084375 0.054167
0 0.529687 0.425000 0.032813 0.036111
0 0.452344 0.970833 0.129688 0.055556
0 0.813281 0.460417 0.107813 0.051389
0 0.101562 0.931944 0.098437 0.133333
0 0.626953 0.531944 0.110156 0.091667
0 0.357422 0.345833 0.032031 0.047222
0 0.922266 0.465972 0.103906 0.070833
0 0.600000 0.259028 0.042188 0.056944
0 0.489063 0.458333 0.067187 0.030556
0 0.880078 0.438889 0.080469 0.052778
0 0.344141 0.259028 0.025781 0.037500
0 0.448047 0.694444 0.088281 0.119444
0 0.644531 0.313194 0.026562 0.037500
0 0.462109 0.585417 0.092969 0.126389
0 0.618359 0.365972 0.036719 0.034722
0 0.758203 0.360417 0.032031 0.034722
0 0.607031 0.353472 0.031250 0.040278
0 0.798438 0.620139 0.045312 0.059722
0 0.593359 0.327083 0.033594 0.062500
0 0.741406 0.454861 0.048438 0.045833
0 0.260937 0.956250 0.131250 0.084722
0 0.921484 0.637500 0.021094 0.136111
0 0.394141 0.204861 0.016406 0.026389
0 0.394141 0.204861 0.016406 0.026389
0 0.921484 0.637500 0.021094 0.136111
0 0.260937 0.956250 0.131250 0.084722
0 0.741406 0.454861 0.048438 0.045833
0 0.593359 0.327083 0.033594 0.062500
0 0.798438 0.620139 0.045312 0.059722
0 0.607031 0.353472 0.031250 0.040278
0 0.758203 0.360417 0.032031 0.034722
0 0.618359 0.365972 0.036719 0.034722
0 0.462109 0.585417 0.092969 0.126389
0 0.644531 0.313194 0.026562 0.037500
0 0.448047 0.694444 0.088281 0.119444
0 0.344141 0.259028 0.025781 0.037500
0 0.880078 0.438889 0.080469 0.052778
0 0.489063 0.458333 0.067187 0.030556
0 0.600000 0.259028 0.042188 0.056944
0 0.922266 0.465972 0.103906 0.070833
0 0.357422 0.345833 0.032031 0.047222
0 0.626953 0.531944 0.110156 0.091667
0 0.101562 0.931944 0.098437 0.133333
0 0.813281 0.460417 0.107813 0.051389
0 0.452344 0.970833 0.129688 0.055556
0 0.529687 0.425000 0.032813 0.036111
0 0.957031 0.971528 0.084375 0.054167
0 0.152734 0.697222 0.091406 0.136111
0 0.497656 0.361111 0.026562 0.047222
0 0.301953 0.709028 0.069531 0.118056
0 0.375781 0.409722 0.039062 0.022222
0 0.851172 0.723611 0.057031 0.147222
0 0.323828 0.288889 0.022656 0.052778
0 0.385547 0.467361 0.127344 0.106944
0 0.792578 0.502778 0.135156 0.086111
0 0.577734 0.373611 0.028906 0.044444
0 0.205078 0.634028 0.066406 0.118056
0 0.195312 0.550000 0.060937 0.055556
0 0.639453 0.258333 0.046094 0.047222
0 0.014063 0.833333 0.028125 0.322222
0 0.767188 0.934722 0.146875 0.127778
0 0.233984 0.600000 0.078906 0.100000
0 0.250391 0.495139 0.074219 0.081944
0 0.559375 0.294444 0.018750 0.063889
0 0.926172 0.428472 0.094531 0.040278
0 0.298047 0.304167 0.027344 0.038889
0 0.112500 0.840278 0.100000 0.144444
0 0.481641 0.747917 0.069531 0.168056
0 0.425000 0.905556 0.096875 0.177778
0 0.705859 0.365278 0.036719 0.050000
0 0.905469 0.595833 0.054688 0.113889
0 0.725000 0.388889 0.045312 0.030556
0 0.615234 0.315278 0.017969 0.052778
0 0.233594 0.793056 0.092188 0.161111
0 0.962891 0.602778 0.072656 0.238889
0 0.157031 0.486111 0.098437 0.136111
0 0.312500 0.361806 0.034375 0.051389
0 0.335938 0.408333 0.039062 0.061111
0 0.052344 0.743056 0.075000 0.122222
0 0.439844 0.502083 0.046875 0.062500
0 0.578125 0.398611 0.029687 0.047222
0 0.685937 0.488194 0.100000 0.070833
0 0.698047 0.327778 0.038281 0.044444
0 0.395703 0.327083 0.022656 0.051389
0 0.600000 0.456250 0.079687 0.073611
0 0.662500 0.395139 0.053125 0.062500
0 0.828906 0.614583 0.117188 0.106944
0 0.389453 0.582639 0.066406 0.095833
0 0.336328 0.626389 0.082031 0.091667
0 0.140625 0.606944 0.073438 0.105556
0 0.266797 0.549306 0.067969 0.090278
0 0.345703 0.329167 0.032031 0.044444
0 0.332813 0.563889 0.076563 0.077778
0 0.866016 0.529861 0.135156 0.093056
0 0.742969 0.421528 0.084375 0.043056
0 0.953125 0.805556 0.092188 0.180556
0 0.614844 0.399306 0.043750 0.045833
0 0.744531 0.743750 0.182812 0.370833
0 0.760938 0.384722 0.046875 0.058333
0 0.886328 0.404861 0.142969 0.073611
0 0.680469 0.407639 0.042188 0.065278
0 0.525391 0.373611 0.030469 0.036111
0 0.524609 0.402778 0.039844 0.050000
0 0.060156 0.551389 0.120313 0.250000
0 0.387109 0.781944 0.132031 0.219444
0 0.723047 0.372917 0.036719 0.043056
0 0.434766 0.629167 0.069531 0.075000
0 0.434766 0.629167 0.069531 0.075000
0 0.723047 0.372917 0.036719 0.043056
0 0.387109 0.781944 0.132031 0.219444
0 0.060156 0.551389 0.120313 0.250000
0 0.524609 0.402778 0.039844 0.050000
0 0.525391 0.373611 0.030469 0.036111
0 0.680469 0.407639 0.042188 0.065278
0 0.886328 0.404861 0.142969 0.073611
0 0.760938 0.384722 0.046875 0.058333
0 0.744531 0.743750 0.182812 0.370833
0 0.614844 0.399306 0.043750 0.045833
0 0.953125 0.805556 0.092188 0.180556
0 0.742969 0.421528 0.084375 0.043056
0 0.866016 0.529861 0.135156 0.093056
0 0.332813 0.563889 0.076563 0.077778
0 0.345703 0.329167 0.032031 0.044444
0 0.266797 0.549306 0.067969 0.090278
0 0.140625 0.606944 0.073438 0.105556
0 0.336328 0.626389 0.082031 0.091667
0 0.389453 0.582639 0.066406 0.095833
0 0.828906 0.614583 0.117188 0.106944
0 0.662500 0.395139 0.053125 0.062500
0 0.600000 0.456250 0.079687 0.073611
0 0.395703 0.327083 0.022656 0.051389
0 0.698047 0.327778 0.038281 0.044444
0 0.685937 0.488194 0.100000 0.070833
0 0.578125 0.398611 0.029687 0.047222
0 0.439844 0.502083 0.046875 0.062500
0 0.052344 0.743056 0.075000 0.122222
0 0.335938 0.408333 0.039062 0.061111
0 0.312500 0.361806 0.034375 0.051389
0 0.157031 0.486111 0.098437 0.136111
0 0.962891 0.602778 0.072656 0.238889
0 0.233594 0.793056 0.092188 0.161111
0 0.615234 0.315278 0.017969 0.052778
0 0.725000 0.388889 0.045312 0.030556
0 0.905469 0.595833 0.054688 0.113889
0 0.705859 0.365278 0.036719 0.050000
0 0.425000 0.905556 0.096875 0.177778
0 0.481641 0.747917 0.069531 0.168056
0 0.112500 0.840278 0.100000 0.144444
0 0.298047 0.304167 0.027344 0.038889
0 0.926172 0.428472 0.094531 0.040278
0 0.559375 0.294444 0.018750 0.063889
0 0.250391 0.495139 0.074219 0.081944
0 0.233984 0.600000 0.078906 0.100000
0 0.767188 0.934722 0.146875 0.127778
0 0.014063 0.833333 0.028125 0.322222
0 0.639453 0.258333 0.046094 0.047222
0 0.195312 0.550000 0.060937 0.055556
0 0.577734 0.373611 0.028906 0.044444
0 0.792578 0.502778 0.135156 0.086111
0 0.385547 0.467361 0.127344 0.106944
0 0.323828 0.288889 0.022656 0.052778
0 0.851172 0.723611 0.057031 0.147222
0 0.375781 0.409722 0.039062 0.022222
0 0.301953 0.709028 0.069531 0.118056
0 0.497656 0.361111 0.026562 0.047222
0 0.152734 0.697222 0.091406 0.136111
0 0.957031 0.971528 0.084375 0.054167
0 0.529687 0.425000 0.032813 0.036111
0 0.452344 0.970833 0.129688 0.055556
0 0.813281 0.460417 0.107813 0.051389
0 0.101562 0.931944 0.098437 0.133333
0 0.626953 0.531944 0.110156 0.091667
0 0.357422 0.345833 0.032031 0.047222
0 0.922266 0.465972 0.103906 0.070833
0 0.600000 0.259028 0.042188 0.056944
0 0.489063 0.458333 0.067187 0.030556
0 0.880078 0.438889 0.080469 0.052778
0 0.344141 0.259028 0.025781 0.037500
0 0.448047 0.694444 0.088281 0.119444
0 0.644531 0.313194 0.026562 0.037500
0 0.462109 0.585417 0.092969 0.126389
0 0.618359 0.365972 0.036719 0.034722
0 0.758203 0.360417 0.032031 0.034722
0 0.607031 0.353472 0.031250 0.040278
0 0.798438 0.620139 0.045312 0.059722
0 0.593359 0.327083 0.033594 0.062500
0 0.741406 0.454861 0.048438 0.045833
0 0.260937 0.956250 0.131250 0.084722
0 0.921484 0.637500 0.021094 0.136111
0 0.394141 0.204861 0.016406 0.026389
0 0.434766 0.629167 0.069531 0.075000
0 0.723047 0.372917 0.036719 0.043056
0 0.387109 0.781944 0.132031 0.219444
0 0.060156 0.551389 0.120313 0.250000
0 0.524609 0.402778 0.039844 0.050000
0 0.525391 0.373611 0.030469 0.036111
0 0.680469 0.407639 0.042188 0.065278
0 0.886328 0.404861 0.142969 0.073611
0 0.760938 0.384722 0.046875 0.058333
0 0.744531 0.743750 0.182812 0.370833
0 0.614844 0.399306 0.043750 0.045833
0 0.953125 0.805556 0.092188 0.180556
0 0.742969 0.421528 0.084375 0.043056
0 0.866016 0.529861 0.135156 0.093056
0 0.332813 0.563889 0.076563 0.077778
0 0.345703 0.329167 0.032031 0.044444
0 0.266797 0.549306 0.067969 0.090278
0 0.140625 0.606944 0.073438 0.105556
0 0.336328 0.626389 0.082031 0.091667
0 0.389453 0.582639 0.066406 0.095833
0 0.828906 0.614583 0.117188 0.106944
0 0.662500 0.395139 0.053125 0.062500
0 0.600000 0.456250 0.079687 0.073611
0 0.395703 0.327083 0.022656 0.051389
0 0.698047 0.327778 0.038281 0.044444
0 0.685937 0.488194 0.100000 0.070833
0 0.578125 0.398611 0.029687 0.047222
0 0.439844 0.502083 0.046875 0.062500
0 0.052344 0.743056 0.075000 0.122222
0 0.335938 0.408333 0.039062 0.061111
0 0.312500 0.361806 0.034375 0.051389
0 0.157031 0.486111 0.098437 0.136111
0 0.962891 0.602778 0.072656 0.238889
0 0.233594 0.793056 0.092188 0.161111
0 0.615234 0.315278 0.017969 0.052778
0 0.725000 0.388889 0.045312 0.030556
0 0.905469 0.595833 0.054688 0.113889
0 0.705859 0.365278 0.036719 0.050000
0 0.425000 0.905556 0.096875 0.177778
0 0.481641 0.747917 0.069531 0.168056
0 0.112500 0.840278 0.100000 0.144444
0 0.298047 0.304167 0.027344 0.038889
0 0.926172 0.428472 0.094531 0.040278
0 0.559375 0.294444 0.018750 0.063889
0 0.250391 0.495139 0.074219 0.081944
0 0.233984 0.600000 0.078906 0.100000
0 0.767188 0.934722 0.146875 0.127778
0 0.014063 0.833333 0.028125 0.322222
0 0.639453 0.258333 0.046094 0.047222
0 0.195312 0.550000 0.060937 0.055556
0 0.205078 0.634028 0.066406 0.118056
0 0.577734 0.373611 0.028906 0.044444
0 0.792578 0.502778 0.135156 0.086111
0 0.385547 0.467361 0.127344 0.106944
0 0.323828 0.288889 0.022656 0.052778
0 0.851172 0.723611 0.057031 0.147222
0 0.375781 0.409722 0.039062 0.022222
0 0.301953 0.709028 0.069531 0.118056
0 0.497656 0.361111 0.026562 0.047222
0 0.152734 0.697222 0.091406 0.136111
0 0.957031 0.971528 0.084375 0.054167
0 0.529687 0.425000 0.032813 0.036111
0 0.452344 0.970833 0.129688 0.055556
0 0.813281 0.460417 0.107813 0.051389
0 0.101562 0.931944 0.098437 0.133333
0 0.626953 0.531944 0.110156 0.091667
0 0.357422 0.345833 0.032031 0.047222
0 0.922266 0.465972 0.103906 0.070833
0 0.600000 0.259028 0.042188 0.056944
0 0.489063 0.458333 0.067187 0.030556
0 0.880078 0.438889 0.080469 0.052778
0 0.344141 0.259028 0.025781 0.037500
0 0.448047 0.694444 0.088281 0.119444
0 0.644531 0.313194 0.026562 0.037500
0 0.462109 0.585417 0.092969 0.126389
0 0.618359 0.365972 0.036719 0.034722
0 0.758203 0.360417 0.032031 0.034722
0 0.607031 0.353472 0.031250 0.040278
0 0.798438 0.620139 0.045312 0.059722
0 0.593359 0.327083 0.033594 0.062500
0 0.741406 0.454861 0.048438 0.045833
0 0.260937 0.956250 0.131250 0.084722
0 0.921484 0.637500 0.021094 0.136111
0 0.394141 0.204861 0.016406 0.026389
