0 0.605729 0.392361 0.011458 0.012500
0 0.581250 0.420139 0.010417 0.015278
0 0.605729 0.392361 0.011458 0.012500
0 0.605729 0.392361 0.011458 0.012500
0 0.581250 0.420139 0.010417 0.015278
0 0.604688 0.407639 0.011458 0.012500
0 0.026562 0.416667 0.015625 0.011111
0 0.459375 0.412500 0.022917 0.019444
0 0.562500 0.406944 0.014583 0.013889
0 0.343750 0.398611 0.016667 0.019444
0 0.621354 0.452778 0.021875 0.016667
0 0.623437 0.395139 0.015625 0.015278
0 0.693750 0.409722 0.014583 0.011111
0 0.657292 0.384028 0.014583 0.015278
0 0.448437 0.676389 0.084375 0.066667
0 0.784375 0.338889 0.010417 0.011111
0 0.448437 0.676389 0.084375 0.066667
0 0.343750 0.398611 0.016667 0.019444
0 0.562500 0.406944 0.014583 0.013889
0 0.459375 0.412500 0.022917 0.019444
0 0.026562 0.416667 0.015625 0.011111
0 0.604688 0.407639 0.011458 0.012500
0 0.605729 0.392361 0.011458 0.012500
0 0.621354 0.452778 0.021875 0.016667
0 0.581250 0.420139 0.010417 0.015278
0 0.604688 0.407639 0.011458 0.012500
0 0.026562 0.416667 0.015625 0.011111
0 0.459375 0.412500 0.022917 0.019444
0 0.562500 0.406944 0.014583 0.013889
0 0.343750 0.398611 0.016667 0.019444
0 0.621354 0.452778 0.021875 0.016667
0 0.605729 0.392361 0.011458 0.012500
0 0.581250 0.420139 0.010417 0.015278
0 0.604688 0.407639 0.011458 0.012500
0 0.026562 0.416667 0.015625 0.011111
0 0.459375 0.412500 0.022917 0.019444
0 0.562500 0.406944 0.014583 0.013889
0 0.343750 0.398611 0.016667 0.019444
0 0.621354 0.452778 0.021875 0.016667
0 0.623437 0.395139 0.015625 0.015278
0 0.693750 0.409722 0.014583 0.011111
0 0.657292 0.384028 0.014583 0.015278
0 0.448437 0.676389 0.084375 0.066667
0 0.784375 0.338889 0.010417 0.011111
0 0.623437 0.395139 0.015625 0.015278
0 0.693750 0.409722 0.014583 0.011111
0 0.657292 0.384028 0.014583 0.015278
0 0.448437 0.676389 0.084375 0.066667
0 0.605729 0.392361 0.011458 0.012500
0 0.581250 0.420139 0.010417 0.015278
0 0.604688 0.407639 0.011458 0.012500
0 0.026562 0.416667 0.015625 0.011111
0 0.459375 0.412500 0.022917 0.019444
0 0.562500 0.406944 0.014583 0.013889
0 0.343750 0.398611 0.016667 0.019444
0 0.621354 0.452778 0.021875 0.016667
0 0.623437 0.395139 0.015625 0.015278
0 0.693750 0.409722 0.014583 0.011111
0 0.657292 0.384028 0.014583 0.015278
0 0.448437 0.676389 0.084375 0.066667
0 0.784375 0.338889 0.010417 0.011111
0 0.784375 0.338889 0.010417 0.011111
0 0.657292 0.384028 0.014583 0.015278
0 0.693750 0.409722 0.014583 0.011111
0 0.784375 0.338889 0.010417 0.011111
0 0.448437 0.676389 0.084375 0.066667
0 0.657292 0.384028 0.014583 0.015278
0 0.693750 0.409722 0.014583 0.011111
0 0.623437 0.395139 0.015625 0.015278
0 0.621354 0.452778 0.021875 0.016667
0 0.343750 0.398611 0.016667 0.019444
0 0.562500 0.406944 0.014583 0.013889
0 0.459375 0.412500 0.022917 0.019444
0 0.026562 0.416667 0.015625 0.011111
0 0.604688 0.407639 0.011458 0.012500
0 0.623437 0.395139 0.015625 0.015278
0 0.605729 0.392361 0.011458 0.012500
0 0.581250 0.420139 0.010417 0.015278
0 0.784375 0.338889 0.010417 0.011111
0 0.784375 0.338889 0.010417 0.011111
0 0.448437 0.676389 0.084375 0.066667
0 0.657292 0.384028 0.014583 0.015278
0 0.693750 0.409722 0.014583 0.011111
0 0.623437 0.395139 0.015625 0.015278
0 0.621354 0.452778 0.021875 0.016667
0 0.343750 0.398611 0.016667 0.019444
0 0.562500 0.406944 0.014583 0.013889
0 0.459375 0.412500 0.022917 0.019444
0 0.026562 0.416667 0.015625 0.011111
0 0.604688 0.407639 0.011458 0.012500
0 0.581250 0.420139 0.010417 0.015278
