0 0.367188 0.671296 0.062500 0.111111
0 0.579167 0.444907 0.053125 0.041667
0 0.267708 0.161111 0.005208 0.009259
0 0.255990 0.331944 0.014063 0.025000
0 0.280208 0.317130 0.013542 0.026852
0 0.255469 0.275463 0.007812 0.015741
0 0.561458 0.478704 0.035417 0.053704
0 0.358333 0.269907 0.010417 0.017593
0 0.358333 0.269907 0.010417 0.017593
0 0.561458 0.478704 0.035417 0.053704
0 0.255469 0.275463 0.007812 0.015741
0 0.280208 0.317130 0.013542 0.026852
0 0.255990 0.331944 0.014063 0.025000
0 0.267708 0.161111 0.005208 0.009259
0 0.579167 0.444907 0.053125 0.041667
0 0.367188 0.671296 0.062500 0.111111
0 0.579167 0.444907 0.053125 0.041667
0 0.367188 0.671296 0.062500 0.111111
0 0.367188 0.671296 0.062500 0.111111
0 0.579167 0.444907 0.053125 0.041667
0 0.267708 0.161111 0.005208 0.009259
0 0.255990 0.331944 0.014063 0.025000
0 0.280208 0.317130 0.013542 0.026852
0 0.367188 0.671296 0.062500 0.111111
0 0.579167 0.444907 0.053125 0.041667
0 0.267708 0.161111 0.005208 0.009259
0 0.255990 0.331944 0.014063 0.025000
0 0.280208 0.317130 0.013542 0.026852
0 0.255469 0.275463 0.007812 0.015741
0 0.561458 0.478704 0.035417 0.053704
0 0.358333 0.269907 0.010417 0.017593
0 0.358333 0.269907 0.010417 0.017593
0 0.561458 0.478704 0.035417 0.053704
0 0.255469 0.275463 0.007812 0.015741
0 0.561458 0.478704 0.035417 0.053704
0 0.358333 0.269907 0.010417 0.017593
0 0.358333 0.269907 0.010417 0.017593
0 0.561458 0.478704 0.035417 0.053704
0 0.255469 0.275463 0.007812 0.015741
0 0.280208 0.317130 0.013542 0.026852
0 0.255990 0.331944 0.014063 0.025000
0 0.267708 0.161111 0.005208 0.009259
0 0.579167 0.444907 0.053125 0.041667
0 0.367188 0.671296 0.062500 0.111111
0 0.255469 0.275463 0.007812 0.015741
0 0.280208 0.317130 0.013542 0.026852
0 0.367188 0.671296 0.062500 0.111111
0 0.579167 0.444907 0.053125 0.041667
0 0.267708 0.161111 0.005208 0.009259
0 0.255990 0.331944 0.014063 0.025000
0 0.280208 0.317130 0.013542 0.026852
0 0.255469 0.275463 0.007812 0.015741
0 0.561458 0.478704 0.035417 0.053704
0 0.358333 0.269907 0.010417 0.017593
0 0.255990 0.331944 0.014063 0.025000
0 0.267708 0.161111 0.005208 0.009259
