0 0.248958 0.720833 0.046875 0.076852
0 0.325521 0.692130 0.059375 0.125000
0 0.435677 0.533333 0.033854 0.033333
0 0.689063 0.815741 0.128125 0.118519
0 0.257031 0.496759 0.020313 0.026852
0 0.007292 0.520370 0.014583 0.025926
0 0.206510 0.374537 0.007812 0.013889
0 0.209115 0.460648 0.017188 0.025000
0 0.173437 0.370833 0.007292 0.012037
0 0.251042 0.412500 0.010417 0.013889
0 0.670052 0.912963 0.150521 0.148148
0 0.228646 0.505093 0.023958 0.039815
0 0.422135 0.640278 0.098437 0.132407
0 0.319792 0.467130 0.018750 0.023148
0 0.664844 0.678241 0.064062 0.056481
0 0.664844 0.678241 0.064062 0.056481
0 0.248958 0.720833 0.046875 0.076852
0 0.319792 0.467130 0.018750 0.023148
0 0.422135 0.640278 0.098437 0.132407
0 0.228646 0.505093 0.023958 0.039815
0 0.670052 0.912963 0.150521 0.148148
0 0.251042 0.412500 0.010417 0.013889
0 0.173437 0.370833 0.007292 0.012037
0 0.209115 0.460648 0.017188 0.025000
0 0.206510 0.374537 0.007812 0.013889
0 0.007292 0.520370 0.014583 0.025926
0 0.257031 0.496759 0.020313 0.026852
0 0.689063 0.815741 0.128125 0.118519
0 0.435677 0.533333 0.033854 0.033333
0 0.325521 0.692130 0.059375 0.125000
0 0.664844 0.678241 0.064062 0.056481
0 0.248958 0.720833 0.046875 0.076852
0 0.319792 0.467130 0.018750 0.023148
0 0.422135 0.640278 0.098437 0.132407
0 0.228646 0.505093 0.023958 0.039815
0 0.670052 0.912963 0.150521 0.148148
0 0.251042 0.412500 0.010417 0.013889
0 0.173437 0.370833 0.007292 0.012037
0 0.209115 0.460648 0.017188 0.025000
0 0.206510 0.374537 0.007812 0.013889
0 0.007292 0.520370 0.014583 0.025926
0 0.257031 0.496759 0.020313 0.026852
0 0.689063 0.815741 0.128125 0.118519
0 0.435677 0.533333 0.033854 0.033333
0 0.325521 0.692130 0.059375 0.125000
0 0.325521 0.692130 0.059375 0.125000
0 0.435677 0.533333 0.033854 0.033333
0 0.689063 0.815741 0.128125 0.118519
0 0.257031 0.496759 0.020313 0.026852
0 0.007292 0.520370 0.014583 0.025926
0 0.206510 0.374537 0.007812 0.013889
0 0.209115 0.460648 0.017188 0.025000
0 0.173437 0.370833 0.007292 0.012037
0 0.251042 0.412500 0.010417 0.013889
0 0.670052 0.912963 0.150521 0.148148
0 0.228646 0.505093 0.023958 0.039815
0 0.422135 0.640278 0.098437 0.132407
0 0.319792 0.467130 0.018750 0.023148
0 0.248958 0.720833 0.046875 0.076852
0 0.664844 0.678241 0.064062 0.056481
0 0.664844 0.678241 0.064062 0.056481
0 0.664844 0.678241 0.064062 0.056481
0 0.248958 0.720833 0.046875 0.076852
0 0.319792 0.467130 0.018750 0.023148
0 0.422135 0.640278 0.098437 0.132407
0 0.228646 0.505093 0.023958 0.039815
0 0.670052 0.912963 0.150521 0.148148
0 0.251042 0.412500 0.010417 0.013889
0 0.173437 0.370833 0.007292 0.012037
0 0.209115 0.460648 0.017188 0.025000
0 0.206510 0.374537 0.007812 0.013889
0 0.007292 0.520370 0.014583 0.025926
0 0.257031 0.496759 0.020313 0.026852
0 0.689063 0.815741 0.128125 0.118519
0 0.435677 0.533333 0.033854 0.033333
0 0.325521 0.692130 0.059375 0.125000
0 0.248958 0.720833 0.046875 0.076852
0 0.319792 0.467130 0.018750 0.023148
0 0.422135 0.640278 0.098437 0.132407
0 0.228646 0.505093 0.023958 0.039815
0 0.670052 0.912963 0.150521 0.148148
0 0.251042 0.412500 0.010417 0.013889
0 0.173437 0.370833 0.007292 0.012037
0 0.209115 0.460648 0.017188 0.025000
0 0.206510 0.374537 0.007812 0.013889
0 0.007292 0.520370 0.014583 0.025926
0 0.257031 0.496759 0.020313 0.026852
0 0.689063 0.815741 0.128125 0.118519
0 0.435677 0.533333 0.033854 0.033333
0 0.664844 0.678241 0.064062 0.056481
0 0.248958 0.720833 0.046875 0.076852
0 0.319792 0.467130 0.018750 0.023148
0 0.422135 0.640278 0.098437 0.132407
0 0.228646 0.505093 0.023958 0.039815
0 0.670052 0.912963 0.150521 0.148148
0 0.251042 0.412500 0.010417 0.013889
0 0.173437 0.370833 0.007292 0.012037
0 0.209115 0.460648 0.017188 0.025000
0 0.206510 0.374537 0.007812 0.013889
0 0.325521 0.692130 0.059375 0.125000
0 0.007292 0.520370 0.014583 0.025926
0 0.257031 0.496759 0.020313 0.026852
0 0.689063 0.815741 0.128125 0.118519
0 0.435677 0.533333 0.033854 0.033333
0 0.325521 0.692130 0.059375 0.125000
