0 0.201172 0.715972 0.086719 0.115278
0 0.630469 0.484028 0.037500 0.051389
0 0.571875 0.638889 0.073438 0.102778
0 0.951172 0.483333 0.096094 0.069444
0 0.679297 0.423611 0.027344 0.036111
0 0.600391 0.415972 0.025781 0.051389
0 0.060156 0.681944 0.120313 0.305556
0 0.627344 0.452083 0.040625 0.051389
0 0.713281 0.418750 0.029687 0.034722
0 0.344922 0.577083 0.066406 0.095833
0 0.056641 0.951389 0.113281 0.094444
0 0.855859 0.539583 0.092969 0.073611
0 0.869141 0.450694 0.039844 0.062500
0 0.506641 0.508333 0.053906 0.055556
0 0.452734 0.433333 0.028906 0.038889
0 0.378906 0.456944 0.046875 0.058333
0 0.664062 0.342361 0.015625 0.070833
0 0.979688 0.788194 0.039062 0.095833
0 0.483594 0.622222 0.037500 0.100000
0 0.145313 0.616667 0.081250 0.188889
0 0.942969 0.743056 0.089063 0.130556
0 0.821875 0.424306 0.050000 0.043056
0 0.710547 0.411111 0.033594 0.041667
0 0.453125 0.891667 0.103125 0.197222
0 0.532422 0.745833 0.080469 0.097222
0 0.071094 0.852083 0.123438 0.120833
0 0.421875 0.482639 0.050000 0.065278
0 0.377344 0.661806 0.073438 0.104167
0 0.238281 0.581250 0.103125 0.109722
0 0.398438 0.736111 0.085938 0.105556
0 0.285156 0.740278 0.081250 0.119444
0 0.829297 0.918750 0.139844 0.159722
0 0.018359 0.918750 0.036719 0.159722
0 0.795312 0.559722 0.114062 0.047222
0 0.762500 0.513889 0.092188 0.047222
0 0.802344 0.505556 0.067187 0.055556
0 0.330078 0.935417 0.121094 0.126389
0 0.979688 0.788194 0.039062 0.095833
0 0.664062 0.342361 0.015625 0.070833
0 0.378906 0.456944 0.046875 0.058333
0 0.452734 0.433333 0.028906 0.038889
0 0.506641 0.508333 0.053906 0.055556
0 0.869141 0.450694 0.039844 0.062500
0 0.855859 0.539583 0.092969 0.073611
0 0.056641 0.951389 0.113281 0.094444
0 0.571875 0.638889 0.073438 0.102778
0 0.630469 0.484028 0.037500 0.051389
0 0.489063 0.531250 0.060937 0.031944
0 0.424609 0.586111 0.099219 0.080556
0 0.408594 0.348611 0.028125 0.047222
0 0.533203 0.670833 0.085156 0.119444
0 0.625781 0.426389 0.037500 0.041667
0 0.580469 0.873611 0.076563 0.186111
0 0.718750 0.626389 0.060937 0.097222
0 0.330078 0.935417 0.121094 0.126389
0 0.802344 0.505556 0.067187 0.055556
0 0.762500 0.513889 0.092188 0.047222
0 0.795312 0.559722 0.114062 0.047222
0 0.018359 0.918750 0.036719 0.159722
0 0.829297 0.918750 0.139844 0.159722
0 0.439063 0.320833 0.025000 0.038889
0 0.369141 0.833333 0.100781 0.141667
0 0.439063 0.320833 0.025000 0.038889
0 0.369141 0.833333 0.100781 0.141667
0 0.984766 0.627083 0.028906 0.215278
0 0.210547 0.895833 0.103906 0.180556
0 0.486328 0.325000 0.019531 0.038889
0 0.867188 0.501389 0.100000 0.038889
0 0.696875 0.380556 0.035937 0.061111
0 0.525000 0.963194 0.109375 0.070833
0 0.721094 0.551389 0.092188 0.066667
0 0.831641 0.452083 0.041406 0.045833
0 0.251172 0.803472 0.069531 0.156944
0 0.867188 0.501389 0.100000 0.038889
0 0.696875 0.380556 0.035937 0.061111
0 0.525000 0.963194 0.109375 0.070833
0 0.721094 0.551389 0.092188 0.066667
0 0.831641 0.452083 0.041406 0.045833
0 0.251172 0.803472 0.069531 0.156944
0 0.718750 0.626389 0.060937 0.097222
0 0.580469 0.873611 0.076563 0.186111
0 0.625781 0.426389 0.037500 0.041667
0 0.533203 0.670833 0.085156 0.119444
0 0.408594 0.348611 0.028125 0.047222
0 0.424609 0.586111 0.099219 0.080556
0 0.489063 0.531250 0.060937 0.031944
0 0.630469 0.484028 0.037500 0.051389
0 0.571875 0.638889 0.073438 0.102778
0 0.056641 0.951389 0.113281 0.094444
0 0.855859 0.539583 0.092969 0.073611
0 0.869141 0.450694 0.039844 0.062500
0 0.506641 0.508333 0.053906 0.055556
0 0.452734 0.433333 0.028906 0.038889
0 0.378906 0.456944 0.046875 0.058333
0 0.664062 0.342361 0.015625 0.070833
0 0.979688 0.788194 0.039062 0.095833
0 0.330078 0.935417 0.121094 0.126389
0 0.802344 0.505556 0.067187 0.055556
0 0.762500 0.513889 0.092188 0.047222
0 0.795312 0.559722 0.114062 0.047222
0 0.018359 0.918750 0.036719 0.159722
0 0.829297 0.918750 0.139844 0.159722
0 0.285156 0.740278 0.081250 0.119444
0 0.398438 0.736111 0.085938 0.105556
0 0.238281 0.581250 0.103125 0.109722
0 0.377344 0.661806 0.073438 0.104167
0 0.421875 0.482639 0.050000 0.065278
0 0.238281 0.581250 0.103125 0.109722
0 0.398438 0.736111 0.085938 0.105556
0 0.285156 0.740278 0.081250 0.119444
0 0.829297 0.918750 0.139844 0.159722
0 0.018359 0.918750 0.036719 0.159722
0 0.795312 0.559722 0.114062 0.047222
0 0.762500 0.513889 0.092188 0.047222
0 0.802344 0.505556 0.067187 0.055556
0 0.330078 0.935417 0.121094 0.126389
0 0.979688 0.788194 0.039062 0.095833
0 0.664062 0.342361 0.015625 0.070833
0 0.378906 0.456944 0.046875 0.058333
0 0.452734 0.433333 0.028906 0.038889
0 0.506641 0.508333 0.053906 0.055556
0 0.869141 0.450694 0.039844 0.062500
0 0.855859 0.539583 0.092969 0.073611
0 0.056641 0.951389 0.113281 0.094444
0 0.571875 0.638889 0.073438 0.102778
0 0.630469 0.484028 0.037500 0.051389
0 0.489063 0.531250 0.060937 0.031944
0 0.424609 0.586111 0.099219 0.080556
0 0.408594 0.348611 0.028125 0.047222
0 0.533203 0.670833 0.085156 0.119444
0 0.625781 0.426389 0.037500 0.041667
0 0.580469 0.873611 0.076563 0.186111
0 0.718750 0.626389 0.060937 0.097222
0 0.251172 0.803472 0.069531 0.156944
0 0.831641 0.452083 0.041406 0.045833
0 0.721094 0.551389 0.092188 0.066667
0 0.525000 0.963194 0.109375 0.070833
0 0.696875 0.380556 0.035937 0.061111
0 0.867188 0.501389 0.100000 0.038889
0 0.486328 0.325000 0.019531 0.038889
0 0.210547 0.895833 0.103906 0.180556
0 0.984766 0.627083 0.028906 0.215278
0 0.369141 0.833333 0.100781 0.141667
0 0.439063 0.320833 0.025000 0.038889
0 0.984766 0.627083 0.028906 0.215278
0 0.210547 0.895833 0.103906 0.180556
0 0.285156 0.740278 0.081250 0.119444
0 0.398438 0.736111 0.085938 0.105556
0 0.238281 0.581250 0.103125 0.109722
0 0.377344 0.661806 0.073438 0.104167
0 0.421875 0.482639 0.050000 0.065278
0 0.071094 0.852083 0.123438 0.120833
0 0.532422 0.745833 0.080469 0.097222
0 0.453125 0.891667 0.103125 0.197222
0 0.710547 0.411111 0.033594 0.041667
0 0.821875 0.424306 0.050000 0.043056
0 0.942969 0.743056 0.089063 0.130556
0 0.145313 0.616667 0.081250 0.188889
0 0.483594 0.622222 0.037500 0.100000
0 0.336719 0.511806 0.057813 0.065278
0 0.361328 0.527778 0.061719 0.052778
0 0.878516 0.673611 0.038281 0.119444
0 0.805469 0.390278 0.032813 0.036111
0 0.462109 0.327083 0.019531 0.040278
0 0.577734 0.536111 0.117969 0.100000
0 0.442188 0.680556 0.078125 0.108333
0 0.236719 0.624306 0.090625 0.115278
0 0.201172 0.715972 0.086719 0.115278
0 0.299609 0.656250 0.077344 0.095833
0 0.929688 0.552083 0.101562 0.081944
0 0.535937 0.825000 0.078125 0.138889
0 0.767578 0.480556 0.136719 0.091667
0 0.947656 0.904167 0.103125 0.188889
0 0.499609 0.580556 0.074219 0.072222
0 0.812109 0.724306 0.128906 0.304167
0 0.951172 0.483333 0.096094 0.069444
0 0.679297 0.423611 0.027344 0.036111
0 0.600391 0.415972 0.025781 0.051389
0 0.060156 0.681944 0.120313 0.305556
0 0.627344 0.452083 0.040625 0.051389
0 0.713281 0.418750 0.029687 0.034722
0 0.344922 0.577083 0.066406 0.095833
0 0.486328 0.325000 0.019531 0.038889
0 0.210547 0.895833 0.103906 0.180556
0 0.984766 0.627083 0.028906 0.215278
0 0.369141 0.833333 0.100781 0.141667
0 0.439063 0.320833 0.025000 0.038889
0 0.369141 0.833333 0.100781 0.141667
0 0.984766 0.627083 0.028906 0.215278
0 0.210547 0.895833 0.103906 0.180556
0 0.486328 0.325000 0.019531 0.038889
0 0.867188 0.501389 0.100000 0.038889
0 0.696875 0.380556 0.035937 0.061111
0 0.525000 0.963194 0.109375 0.070833
0 0.721094 0.551389 0.092188 0.066667
0 0.831641 0.452083 0.041406 0.045833
0 0.251172 0.803472 0.069531 0.156944
0 0.718750 0.626389 0.060937 0.097222
0 0.580469 0.873611 0.076563 0.186111
0 0.625781 0.426389 0.037500 0.041667
0 0.533203 0.670833 0.085156 0.119444
0 0.408594 0.348611 0.028125 0.047222
0 0.424609 0.586111 0.099219 0.080556
0 0.489063 0.531250 0.060937 0.031944
0 0.630469 0.484028 0.037500 0.051389
0 0.571875 0.638889 0.073438 0.102778
0 0.056641 0.951389 0.113281 0.094444
0 0.855859 0.539583 0.092969 0.073611
0 0.869141 0.450694 0.039844 0.062500
0 0.506641 0.508333 0.053906 0.055556
0 0.452734 0.433333 0.028906 0.038889
0 0.378906 0.456944 0.046875 0.058333
0 0.664062 0.342361 0.015625 0.070833
0 0.979688 0.788194 0.039062 0.095833
0 0.330078 0.935417 0.121094 0.126389
0 0.802344 0.505556 0.067187 0.055556
0 0.762500 0.513889 0.092188 0.047222
0 0.795312 0.559722 0.114062 0.047222
0 0.018359 0.918750 0.036719 0.159722
0 0.829297 0.918750 0.139844 0.159722
0 0.285156 0.740278 0.081250 0.119444
0 0.398438 0.736111 0.085938 0.105556
0 0.238281 0.581250 0.103125 0.109722
0 0.377344 0.661806 0.073438 0.104167
0 0.421875 0.482639 0.050000 0.065278
0 0.071094 0.852083 0.123438 0.120833
0 0.532422 0.745833 0.080469 0.097222
0 0.453125 0.891667 0.103125 0.197222
0 0.710547 0.411111 0.033594 0.041667
0 0.821875 0.424306 0.050000 0.043056
0 0.942969 0.743056 0.089063 0.130556
0 0.145313 0.616667 0.081250 0.188889
0 0.483594 0.622222 0.037500 0.100000
0 0.336719 0.511806 0.057813 0.065278
0 0.361328 0.527778 0.061719 0.052778
0 0.878516 0.673611 0.038281 0.119444
0 0.805469 0.390278 0.032813 0.036111
0 0.462109 0.327083 0.019531 0.040278
0 0.577734 0.536111 0.117969 0.100000
0 0.442188 0.680556 0.078125 0.108333
0 0.236719 0.624306 0.090625 0.115278
0 0.201172 0.715972 0.086719 0.115278
0 0.299609 0.656250 0.077344 0.095833
0 0.929688 0.552083 0.101562 0.081944
0 0.535937 0.825000 0.078125 0.138889
0 0.767578 0.480556 0.136719 0.091667
0 0.947656 0.904167 0.103125 0.188889
0 0.499609 0.580556 0.074219 0.072222
0 0.812109 0.724306 0.128906 0.304167
0 0.951172 0.483333 0.096094 0.069444
0 0.679297 0.423611 0.027344 0.036111
0 0.600391 0.415972 0.025781 0.051389
0 0.060156 0.681944 0.120313 0.305556
0 0.627344 0.452083 0.040625 0.051389
0 0.713281 0.418750 0.029687 0.034722
0 0.344922 0.577083 0.066406 0.095833
0 0.439063 0.320833 0.025000 0.038889
0 0.486328 0.325000 0.019531 0.038889
0 0.867188 0.501389 0.100000 0.038889
0 0.696875 0.380556 0.035937 0.061111
0 0.525000 0.963194 0.109375 0.070833
0 0.721094 0.551389 0.092188 0.066667
0 0.831641 0.452083 0.041406 0.045833
0 0.251172 0.803472 0.069531 0.156944
0 0.718750 0.626389 0.060937 0.097222
0 0.580469 0.873611 0.076563 0.186111
0 0.625781 0.426389 0.037500 0.041667
0 0.533203 0.670833 0.085156 0.119444
0 0.344922 0.577083 0.066406 0.095833
0 0.713281 0.418750 0.029687 0.034722
0 0.627344 0.452083 0.040625 0.051389
0 0.060156 0.681944 0.120313 0.305556
0 0.600391 0.415972 0.025781 0.051389
0 0.679297 0.423611 0.027344 0.036111
0 0.951172 0.483333 0.096094 0.069444
0 0.812109 0.724306 0.128906 0.304167
0 0.499609 0.580556 0.074219 0.072222
0 0.947656 0.904167 0.103125 0.188889
0 0.767578 0.480556 0.136719 0.091667
0 0.535937 0.825000 0.078125 0.138889
0 0.929688 0.552083 0.101562 0.081944
0 0.299609 0.656250 0.077344 0.095833
0 0.201172 0.715972 0.086719 0.115278
0 0.236719 0.624306 0.090625 0.115278
0 0.442188 0.680556 0.078125 0.108333
0 0.577734 0.536111 0.117969 0.100000
0 0.462109 0.327083 0.019531 0.040278
0 0.805469 0.390278 0.032813 0.036111
0 0.878516 0.673611 0.038281 0.119444
0 0.361328 0.527778 0.061719 0.052778
0 0.336719 0.511806 0.057813 0.065278
0 0.483594 0.622222 0.037500 0.100000
0 0.145313 0.616667 0.081250 0.188889
0 0.942969 0.743056 0.089063 0.130556
0 0.821875 0.424306 0.050000 0.043056
0 0.710547 0.411111 0.033594 0.041667
0 0.453125 0.891667 0.103125 0.197222
0 0.532422 0.745833 0.080469 0.097222
0 0.071094 0.852083 0.123438 0.120833
0 0.421875 0.482639 0.050000 0.065278
0 0.377344 0.661806 0.073438 0.104167
0 0.238281 0.581250 0.103125 0.109722
0 0.398438 0.736111 0.085938 0.105556
0 0.285156 0.740278 0.081250 0.119444
0 0.829297 0.918750 0.139844 0.159722
0 0.018359 0.918750 0.036719 0.159722
0 0.795312 0.559722 0.114062 0.047222
0 0.762500 0.513889 0.092188 0.047222
0 0.802344 0.505556 0.067187 0.055556
0 0.330078 0.935417 0.121094 0.126389
0 0.979688 0.788194 0.039062 0.095833
0 0.664062 0.342361 0.015625 0.070833
0 0.378906 0.456944 0.046875 0.058333
0 0.452734 0.433333 0.028906 0.038889
0 0.506641 0.508333 0.053906 0.055556
0 0.869141 0.450694 0.039844 0.062500
0 0.855859 0.539583 0.092969 0.073611
0 0.056641 0.951389 0.113281 0.094444
0 0.571875 0.638889 0.073438 0.102778
0 0.630469 0.484028 0.037500 0.051389
0 0.489063 0.531250 0.060937 0.031944
0 0.424609 0.586111 0.099219 0.080556
0 0.408594 0.348611 0.028125 0.047222
0 0.533203 0.670833 0.085156 0.119444
0 0.625781 0.426389 0.037500 0.041667
0 0.580469 0.873611 0.076563 0.186111
0 0.718750 0.626389 0.060937 0.097222
0 0.251172 0.803472 0.069531 0.156944
0 0.831641 0.452083 0.041406 0.045833
0 0.721094 0.551389 0.092188 0.066667
0 0.525000 0.963194 0.109375 0.070833
0 0.696875 0.380556 0.035937 0.061111
0 0.867188 0.501389 0.100000 0.038889
0 0.486328 0.325000 0.019531 0.038889
0 0.210547 0.895833 0.103906 0.180556
0 0.984766 0.627083 0.028906 0.215278
0 0.369141 0.833333 0.100781 0.141667
0 0.439063 0.320833 0.025000 0.038889
0 0.398438 0.736111 0.085938 0.105556
0 0.238281 0.581250 0.103125 0.109722
0 0.377344 0.661806 0.073438 0.104167
0 0.421875 0.482639 0.050000 0.065278
0 0.071094 0.852083 0.123438 0.120833
0 0.532422 0.745833 0.080469 0.097222
0 0.453125 0.891667 0.103125 0.197222
0 0.710547 0.411111 0.033594 0.041667
0 0.821875 0.424306 0.050000 0.043056
0 0.942969 0.743056 0.089063 0.130556
0 0.145313 0.616667 0.081250 0.188889
0 0.483594 0.622222 0.037500 0.100000
0 0.336719 0.511806 0.057813 0.065278
0 0.361328 0.527778 0.061719 0.052778
0 0.878516 0.673611 0.038281 0.119444
0 0.805469 0.390278 0.032813 0.036111
0 0.462109 0.327083 0.019531 0.040278
0 0.577734 0.536111 0.117969 0.100000
0 0.442188 0.680556 0.078125 0.108333
0 0.236719 0.624306 0.090625 0.115278
0 0.201172 0.715972 0.086719 0.115278
0 0.299609 0.656250 0.077344 0.095833
0 0.929688 0.552083 0.101562 0.081944
0 0.535937 0.825000 0.078125 0.138889
0 0.767578 0.480556 0.136719 0.091667
0 0.947656 0.904167 0.103125 0.188889
0 0.499609 0.580556 0.074219 0.072222
0 0.812109 0.724306 0.128906 0.304167
0 0.951172 0.483333 0.096094 0.069444
0 0.679297 0.423611 0.027344 0.036111
0 0.600391 0.415972 0.025781 0.051389
0 0.060156 0.681944 0.120313 0.305556
0 0.627344 0.452083 0.040625 0.051389
0 0.713281 0.418750 0.029687 0.034722
0 0.344922 0.577083 0.066406 0.095833
0 0.344922 0.577083 0.066406 0.095833
0 0.713281 0.418750 0.029687 0.034722
0 0.627344 0.452083 0.040625 0.051389
0 0.060156 0.681944 0.120313 0.305556
0 0.600391 0.415972 0.025781 0.051389
0 0.679297 0.423611 0.027344 0.036111
0 0.071094 0.852083 0.123438 0.120833
0 0.532422 0.745833 0.080469 0.097222
0 0.453125 0.891667 0.103125 0.197222
0 0.710547 0.411111 0.033594 0.041667
0 0.821875 0.424306 0.050000 0.043056
0 0.942969 0.743056 0.089063 0.130556
0 0.145313 0.616667 0.081250 0.188889
0 0.483594 0.622222 0.037500 0.100000
0 0.336719 0.511806 0.057813 0.065278
0 0.361328 0.527778 0.061719 0.052778
0 0.878516 0.673611 0.038281 0.119444
0 0.805469 0.390278 0.032813 0.036111
0 0.462109 0.327083 0.019531 0.040278
0 0.577734 0.536111 0.117969 0.100000
0 0.442188 0.680556 0.078125 0.108333
0 0.236719 0.624306 0.090625 0.115278
0 0.299609 0.656250 0.077344 0.095833
0 0.929688 0.552083 0.101562 0.081944
0 0.535937 0.825000 0.078125 0.138889
0 0.767578 0.480556 0.136719 0.091667
0 0.947656 0.904167 0.103125 0.188889
0 0.499609 0.580556 0.074219 0.072222
0 0.812109 0.724306 0.128906 0.304167
0 0.951172 0.483333 0.096094 0.069444
0 0.812109 0.724306 0.128906 0.304167
0 0.499609 0.580556 0.074219 0.072222
0 0.947656 0.904167 0.103125 0.188889
0 0.767578 0.480556 0.136719 0.091667
0 0.535937 0.825000 0.078125 0.138889
0 0.929688 0.552083 0.101562 0.081944
0 0.299609 0.656250 0.077344 0.095833
0 0.201172 0.715972 0.086719 0.115278
0 0.236719 0.624306 0.090625 0.115278
0 0.442188 0.680556 0.078125 0.108333
0 0.577734 0.536111 0.117969 0.100000
0 0.462109 0.327083 0.019531 0.040278
0 0.805469 0.390278 0.032813 0.036111
0 0.878516 0.673611 0.038281 0.119444
0 0.361328 0.527778 0.061719 0.052778
0 0.336719 0.511806 0.057813 0.065278
0 0.344922 0.577083 0.066406 0.095833
0 0.713281 0.418750 0.029687 0.034722
0 0.627344 0.452083 0.040625 0.051389
0 0.060156 0.681944 0.120313 0.305556
0 0.600391 0.415972 0.025781 0.051389
0 0.679297 0.423611 0.027344 0.036111
0 0.951172 0.483333 0.096094 0.069444
0 0.812109 0.724306 0.128906 0.304167
0 0.499609 0.580556 0.074219 0.072222
0 0.947656 0.904167 0.103125 0.188889
0 0.767578 0.480556 0.136719 0.091667
0 0.535937 0.825000 0.078125 0.138889
0 0.929688 0.552083 0.101562 0.081944
0 0.299609 0.656250 0.077344 0.095833
0 0.201172 0.715972 0.086719 0.115278
0 0.236719 0.624306 0.090625 0.115278
0 0.442188 0.680556 0.078125 0.108333
0 0.577734 0.536111 0.117969 0.100000
0 0.462109 0.327083 0.019531 0.040278
0 0.805469 0.390278 0.032813 0.036111
0 0.878516 0.673611 0.038281 0.119444
0 0.361328 0.527778 0.061719 0.052778
0 0.336719 0.511806 0.057813 0.065278
0 0.483594 0.622222 0.037500 0.100000
0 0.145313 0.616667 0.081250 0.188889
0 0.942969 0.743056 0.089063 0.130556
0 0.821875 0.424306 0.050000 0.043056
0 0.710547 0.411111 0.033594 0.041667
0 0.453125 0.891667 0.103125 0.197222
0 0.532422 0.745833 0.080469 0.097222
0 0.071094 0.852083 0.123438 0.120833
0 0.421875 0.482639 0.050000 0.065278
0 0.377344 0.661806 0.073438 0.104167
0 0.408594 0.348611 0.028125 0.047222
0 0.424609 0.586111 0.099219 0.080556
0 0.489063 0.531250 0.060937 0.031944
0 0.439063 0.320833 0.025000 0.038889
0 0.369141 0.833333 0.100781 0.141667
0 0.984766 0.627083 0.028906 0.215278
0 0.210547 0.895833 0.103906 0.180556
0 0.486328 0.325000 0.019531 0.038889
0 0.867188 0.501389 0.100000 0.038889
0 0.696875 0.380556 0.035937 0.061111
0 0.525000 0.963194 0.109375 0.070833
0 0.721094 0.551389 0.092188 0.066667
0 0.831641 0.452083 0.041406 0.045833
0 0.251172 0.803472 0.069531 0.156944
0 0.718750 0.626389 0.060937 0.097222
0 0.580469 0.873611 0.076563 0.186111
0 0.625781 0.426389 0.037500 0.041667
0 0.533203 0.670833 0.085156 0.119444
0 0.408594 0.348611 0.028125 0.047222
0 0.424609 0.586111 0.099219 0.080556
0 0.489063 0.531250 0.060937 0.031944
0 0.630469 0.484028 0.037500 0.051389
0 0.571875 0.638889 0.073438 0.102778
0 0.056641 0.951389 0.113281 0.094444
0 0.855859 0.539583 0.092969 0.073611
0 0.869141 0.450694 0.039844 0.062500
0 0.506641 0.508333 0.053906 0.055556
0 0.452734 0.433333 0.028906 0.038889
0 0.378906 0.456944 0.046875 0.058333
0 0.664062 0.342361 0.015625 0.070833
0 0.979688 0.788194 0.039062 0.095833
0 0.330078 0.935417 0.121094 0.126389
0 0.802344 0.505556 0.067187 0.055556
0 0.762500 0.513889 0.092188 0.047222
0 0.795312 0.559722 0.114062 0.047222
0 0.018359 0.918750 0.036719 0.159722
0 0.829297 0.918750 0.139844 0.159722
0 0.285156 0.740278 0.081250 0.119444
