0 0.669922 0.346528 0.024219 0.034722
0 0.590625 0.425000 0.023438 0.055556
0 0.328516 0.638194 0.071094 0.081944
0 0.379688 0.542361 0.037500 0.068056
0 0.698438 0.321528 0.035937 0.051389
0 0.766016 0.459722 0.058594 0.072222
0 0.820703 0.545139 0.072656 0.106944
0 0.789844 0.717361 0.084375 0.134722
0 0.488672 0.342361 0.025781 0.051389
0 0.396094 0.665278 0.100000 0.105556
0 0.300781 0.439583 0.085938 0.095833
0 0.208984 0.851389 0.103906 0.155556
0 0.418359 0.430556 0.035156 0.041667
0 0.435547 0.413194 0.030469 0.051389
0 0.050391 0.818750 0.100781 0.137500
0 0.554297 0.693750 0.075781 0.115278
0 0.462109 0.731944 0.088281 0.150000
0 0.287891 0.718750 0.092969 0.140278
0 0.701562 0.414583 0.031250 0.037500
0 0.930078 0.541667 0.111719 0.083333
0 0.832422 0.510417 0.135156 0.079167
0 0.257031 0.474306 0.089063 0.062500
0 0.426953 0.550694 0.060156 0.076389
0 0.373828 0.458333 0.013281 0.030556
0 0.869922 0.529861 0.042969 0.073611
0 0.796484 0.403472 0.042969 0.051389
0 0.494922 0.361806 0.024219 0.026389
0 0.588672 0.545139 0.094531 0.101389
0 0.459766 0.325000 0.028906 0.041667
0 0.865234 0.622222 0.127344 0.105556
0 0.417187 0.593056 0.068750 0.102778
0 0.369531 0.362500 0.062500 0.100000
0 0.165234 0.718056 0.092969 0.097222
0 0.061328 0.732639 0.102344 0.087500
0 0.396875 0.866667 0.098437 0.158333
0 0.798828 0.427778 0.041406 0.047222
0 0.491016 0.445139 0.041406 0.073611
0 0.983984 0.506944 0.030469 0.058333
0 0.827734 0.395833 0.033594 0.036111
0 0.671484 0.438889 0.028906 0.061111
0 0.509766 0.340972 0.019531 0.037500
0 0.494141 0.388194 0.027344 0.040278
0 0.617969 0.431250 0.037500 0.040278
0 0.134375 0.661111 0.098437 0.122222
0 0.704297 0.418750 0.032031 0.029167
0 0.477344 0.631944 0.076563 0.088889
0 0.208984 0.979167 0.117969 0.038889
0 0.396094 0.665278 0.100000 0.105556
0 0.488672 0.342361 0.025781 0.051389
0 0.789844 0.717361 0.084375 0.134722
0 0.820703 0.545139 0.072656 0.106944
0 0.766016 0.459722 0.058594 0.072222
0 0.698438 0.321528 0.035937 0.051389
0 0.379688 0.542361 0.037500 0.068056
0 0.328516 0.638194 0.071094 0.081944
0 0.590625 0.425000 0.023438 0.055556
0 0.669922 0.346528 0.024219 0.034722
0 0.437500 0.479861 0.054688 0.076389
0 0.983203 0.447222 0.032031 0.019444
0 0.404687 0.333333 0.020313 0.047222
0 0.469141 0.647222 0.067969 0.088889
0 0.708594 0.372222 0.020313 0.055556
0 0.856250 0.422222 0.042188 0.038889
0 0.480078 0.406944 0.032031 0.050000
0 0.720703 0.522917 0.085156 0.045833
0 0.167187 0.790278 0.100000 0.136111
0 0.551953 0.827778 0.096094 0.155556
0 0.820703 0.428472 0.035156 0.034722
0 0.288672 0.563194 0.149219 0.190278
0 0.239844 0.924306 0.123438 0.143056
0 0.964844 0.584028 0.068750 0.093056
0 0.446875 0.372917 0.025000 0.040278
0 0.817578 0.455556 0.044531 0.052778
0 0.665625 0.620139 0.143750 0.070833
0 0.330469 0.772222 0.084375 0.172222
0 0.488672 0.326389 0.032031 0.050000
0 0.827734 0.395833 0.033594 0.036111
0 0.983984 0.506944 0.030469 0.058333
0 0.491016 0.445139 0.041406 0.073611
0 0.798828 0.427778 0.041406 0.047222
0 0.396875 0.866667 0.098437 0.158333
0 0.061328 0.732639 0.102344 0.087500
0 0.165234 0.718056 0.092969 0.097222
0 0.369531 0.362500 0.062500 0.100000
0 0.417187 0.593056 0.068750 0.102778
0 0.865234 0.622222 0.127344 0.105556
0 0.459766 0.325000 0.028906 0.041667
0 0.588672 0.545139 0.094531 0.101389
0 0.494922 0.361806 0.024219 0.026389
0 0.796484 0.403472 0.042969 0.051389
0 0.869922 0.529861 0.042969 0.073611
0 0.373828 0.458333 0.013281 0.030556
0 0.426953 0.550694 0.060156 0.076389
0 0.257031 0.474306 0.089063 0.062500
0 0.832422 0.510417 0.135156 0.079167
0 0.509766 0.340972 0.019531 0.037500
0 0.494141 0.388194 0.027344 0.040278
0 0.617969 0.431250 0.037500 0.040278
0 0.134375 0.661111 0.098437 0.122222
0 0.704297 0.418750 0.032031 0.029167
0 0.477344 0.631944 0.076563 0.088889
0 0.208984 0.979167 0.117969 0.038889
0 0.300781 0.439583 0.085938 0.095833
0 0.208984 0.851389 0.103906 0.155556
0 0.418359 0.430556 0.035156 0.041667
0 0.435547 0.413194 0.030469 0.051389
0 0.050391 0.818750 0.100781 0.137500
0 0.554297 0.693750 0.075781 0.115278
0 0.462109 0.731944 0.088281 0.150000
0 0.287891 0.718750 0.092969 0.140278
0 0.701562 0.414583 0.031250 0.037500
0 0.930078 0.541667 0.111719 0.083333
0 0.832422 0.510417 0.135156 0.079167
0 0.257031 0.474306 0.089063 0.062500
0 0.426953 0.550694 0.060156 0.076389
0 0.373828 0.458333 0.013281 0.030556
0 0.869922 0.529861 0.042969 0.073611
0 0.796484 0.403472 0.042969 0.051389
0 0.494922 0.361806 0.024219 0.026389
0 0.588672 0.545139 0.094531 0.101389
0 0.459766 0.325000 0.028906 0.041667
0 0.865234 0.622222 0.127344 0.105556
0 0.417187 0.593056 0.068750 0.102778
0 0.369531 0.362500 0.062500 0.100000
0 0.165234 0.718056 0.092969 0.097222
0 0.061328 0.732639 0.102344 0.087500
0 0.396875 0.866667 0.098437 0.158333
0 0.798828 0.427778 0.041406 0.047222
0 0.491016 0.445139 0.041406 0.073611
0 0.983984 0.506944 0.030469 0.058333
0 0.827734 0.395833 0.033594 0.036111
0 0.671484 0.438889 0.028906 0.061111
0 0.509766 0.340972 0.019531 0.037500
0 0.494141 0.388194 0.027344 0.040278
0 0.617969 0.431250 0.037500 0.040278
0 0.134375 0.661111 0.098437 0.122222
0 0.704297 0.418750 0.032031 0.029167
0 0.477344 0.631944 0.076563 0.088889
0 0.208984 0.979167 0.117969 0.038889
0 0.488672 0.326389 0.032031 0.050000
0 0.330469 0.772222 0.084375 0.172222
0 0.665625 0.620139 0.143750 0.070833
0 0.817578 0.455556 0.044531 0.052778
0 0.446875 0.372917 0.025000 0.040278
0 0.964844 0.584028 0.068750 0.093056
0 0.239844 0.924306 0.123438 0.143056
0 0.288672 0.563194 0.149219 0.190278
0 0.820703 0.428472 0.035156 0.034722
0 0.551953 0.827778 0.096094 0.155556
0 0.167187 0.790278 0.100000 0.136111
0 0.720703 0.522917 0.085156 0.045833
0 0.480078 0.406944 0.032031 0.050000
0 0.856250 0.422222 0.042188 0.038889
0 0.708594 0.372222 0.020313 0.055556
0 0.469141 0.647222 0.067969 0.088889
0 0.404687 0.333333 0.020313 0.047222
0 0.983203 0.447222 0.032031 0.019444
0 0.437500 0.479861 0.054688 0.076389
0 0.714063 0.559722 0.101562 0.083333
0 0.988281 0.788889 0.021875 0.105556
0 0.553906 0.632639 0.073438 0.070833
0 0.959766 0.483333 0.078906 0.055556
0 0.619922 0.471528 0.036719 0.065278
0 0.043359 0.966667 0.086719 0.063889
0 0.435547 0.315972 0.019531 0.037500
0 0.519531 0.570833 0.057813 0.094444
0 0.858594 0.442361 0.037500 0.056944
0 0.064453 0.934028 0.128906 0.129167
0 0.174609 0.626389 0.066406 0.077778
0 0.454297 0.350000 0.022656 0.036111
0 0.398438 0.465972 0.029687 0.070833
0 0.653906 0.358333 0.017188 0.052778
0 0.781641 0.388889 0.039844 0.050000
0 0.941406 0.689583 0.023438 0.068056
0 0.712891 0.495833 0.103906 0.063889
0 0.669922 0.346528 0.024219 0.034722
0 0.590625 0.425000 0.023438 0.055556
0 0.328516 0.638194 0.071094 0.081944
0 0.379688 0.542361 0.037500 0.068056
0 0.698438 0.321528 0.035937 0.051389
0 0.766016 0.459722 0.058594 0.072222
0 0.820703 0.545139 0.072656 0.106944
0 0.789844 0.717361 0.084375 0.134722
0 0.488672 0.342361 0.025781 0.051389
0 0.396094 0.665278 0.100000 0.105556
0 0.300781 0.439583 0.085938 0.095833
0 0.208984 0.851389 0.103906 0.155556
0 0.418359 0.430556 0.035156 0.041667
0 0.435547 0.413194 0.030469 0.051389
0 0.050391 0.818750 0.100781 0.137500
0 0.554297 0.693750 0.075781 0.115278
0 0.462109 0.731944 0.088281 0.150000
0 0.287891 0.718750 0.092969 0.140278
0 0.701562 0.414583 0.031250 0.037500
0 0.930078 0.541667 0.111719 0.083333
0 0.832422 0.510417 0.135156 0.079167
0 0.257031 0.474306 0.089063 0.062500
0 0.426953 0.550694 0.060156 0.076389
0 0.373828 0.458333 0.013281 0.030556
0 0.869922 0.529861 0.042969 0.073611
0 0.796484 0.403472 0.042969 0.051389
0 0.494922 0.361806 0.024219 0.026389
0 0.588672 0.545139 0.094531 0.101389
0 0.459766 0.325000 0.028906 0.041667
0 0.865234 0.622222 0.127344 0.105556
0 0.417187 0.593056 0.068750 0.102778
0 0.369531 0.362500 0.062500 0.100000
0 0.165234 0.718056 0.092969 0.097222
0 0.061328 0.732639 0.102344 0.087500
0 0.396875 0.866667 0.098437 0.158333
0 0.798828 0.427778 0.041406 0.047222
0 0.491016 0.445139 0.041406 0.073611
0 0.983984 0.506944 0.030469 0.058333
0 0.827734 0.395833 0.033594 0.036111
0 0.671484 0.438889 0.028906 0.061111
0 0.509766 0.340972 0.019531 0.037500
0 0.494141 0.388194 0.027344 0.040278
0 0.617969 0.431250 0.037500 0.040278
0 0.134375 0.661111 0.098437 0.122222
0 0.704297 0.418750 0.032031 0.029167
0 0.477344 0.631944 0.076563 0.088889
0 0.208984 0.979167 0.117969 0.038889
0 0.488672 0.326389 0.032031 0.050000
0 0.330469 0.772222 0.084375 0.172222
0 0.665625 0.620139 0.143750 0.070833
0 0.817578 0.455556 0.044531 0.052778
0 0.446875 0.372917 0.025000 0.040278
0 0.964844 0.584028 0.068750 0.093056
0 0.239844 0.924306 0.123438 0.143056
0 0.288672 0.563194 0.149219 0.190278
0 0.820703 0.428472 0.035156 0.034722
0 0.551953 0.827778 0.096094 0.155556
0 0.167187 0.790278 0.100000 0.136111
0 0.720703 0.522917 0.085156 0.045833
0 0.480078 0.406944 0.032031 0.050000
0 0.856250 0.422222 0.042188 0.038889
0 0.708594 0.372222 0.020313 0.055556
0 0.469141 0.647222 0.067969 0.088889
0 0.404687 0.333333 0.020313 0.047222
0 0.983203 0.447222 0.032031 0.019444
0 0.437500 0.479861 0.054688 0.076389
0 0.714063 0.559722 0.101562 0.083333
0 0.988281 0.788889 0.021875 0.105556
0 0.553906 0.632639 0.073438 0.070833
0 0.959766 0.483333 0.078906 0.055556
0 0.619922 0.471528 0.036719 0.065278
0 0.043359 0.966667 0.086719 0.063889
0 0.435547 0.315972 0.019531 0.037500
0 0.519531 0.570833 0.057813 0.094444
0 0.858594 0.442361 0.037500 0.056944
0 0.064453 0.934028 0.128906 0.129167
0 0.174609 0.626389 0.066406 0.077778
0 0.454297 0.350000 0.022656 0.036111
0 0.398438 0.465972 0.029687 0.070833
0 0.653906 0.358333 0.017188 0.052778
0 0.781641 0.388889 0.039844 0.050000
0 0.941406 0.689583 0.023438 0.068056
0 0.712891 0.495833 0.103906 0.063889
0 0.488672 0.326389 0.032031 0.050000
0 0.330469 0.772222 0.084375 0.172222
0 0.665625 0.620139 0.143750 0.070833
0 0.817578 0.455556 0.044531 0.052778
0 0.446875 0.372917 0.025000 0.040278
0 0.964844 0.584028 0.068750 0.093056
0 0.239844 0.924306 0.123438 0.143056
0 0.288672 0.563194 0.149219 0.190278
0 0.820703 0.428472 0.035156 0.034722
0 0.551953 0.827778 0.096094 0.155556
0 0.167187 0.790278 0.100000 0.136111
0 0.720703 0.522917 0.085156 0.045833
0 0.480078 0.406944 0.032031 0.050000
0 0.856250 0.422222 0.042188 0.038889
0 0.708594 0.372222 0.020313 0.055556
0 0.469141 0.647222 0.067969 0.088889
0 0.404687 0.333333 0.020313 0.047222
0 0.983203 0.447222 0.032031 0.019444
0 0.437500 0.479861 0.054688 0.076389
0 0.714063 0.559722 0.101562 0.083333
0 0.988281 0.788889 0.021875 0.105556
0 0.553906 0.632639 0.073438 0.070833
0 0.959766 0.483333 0.078906 0.055556
0 0.619922 0.471528 0.036719 0.065278
0 0.043359 0.966667 0.086719 0.063889
0 0.435547 0.315972 0.019531 0.037500
0 0.519531 0.570833 0.057813 0.094444
0 0.858594 0.442361 0.037500 0.056944
0 0.064453 0.934028 0.128906 0.129167
0 0.174609 0.626389 0.066406 0.077778
0 0.454297 0.350000 0.022656 0.036111
0 0.398438 0.465972 0.029687 0.070833
0 0.653906 0.358333 0.017188 0.052778
0 0.781641 0.388889 0.039844 0.050000
0 0.941406 0.689583 0.023438 0.068056
0 0.712891 0.495833 0.103906 0.063889
0 0.669922 0.346528 0.024219 0.034722
0 0.590625 0.425000 0.023438 0.055556
0 0.328516 0.638194 0.071094 0.081944
0 0.379688 0.542361 0.037500 0.068056
0 0.698438 0.321528 0.035937 0.051389
0 0.766016 0.459722 0.058594 0.072222
0 0.820703 0.545139 0.072656 0.106944
0 0.789844 0.717361 0.084375 0.134722
0 0.488672 0.342361 0.025781 0.051389
0 0.396094 0.665278 0.100000 0.105556
0 0.300781 0.439583 0.085938 0.095833
0 0.930078 0.541667 0.111719 0.083333
0 0.701562 0.414583 0.031250 0.037500
0 0.287891 0.718750 0.092969 0.140278
0 0.462109 0.731944 0.088281 0.150000
0 0.554297 0.693750 0.075781 0.115278
0 0.050391 0.818750 0.100781 0.137500
0 0.435547 0.413194 0.030469 0.051389
0 0.418359 0.430556 0.035156 0.041667
0 0.208984 0.851389 0.103906 0.155556
0 0.300781 0.439583 0.085938 0.095833
0 0.396094 0.665278 0.100000 0.105556
0 0.488672 0.342361 0.025781 0.051389
0 0.789844 0.717361 0.084375 0.134722
0 0.820703 0.545139 0.072656 0.106944
0 0.766016 0.459722 0.058594 0.072222
0 0.698438 0.321528 0.035937 0.051389
0 0.379688 0.542361 0.037500 0.068056
0 0.328516 0.638194 0.071094 0.081944
0 0.590625 0.425000 0.023438 0.055556
0 0.488672 0.326389 0.032031 0.050000
0 0.330469 0.772222 0.084375 0.172222
0 0.665625 0.620139 0.143750 0.070833
0 0.817578 0.455556 0.044531 0.052778
0 0.446875 0.372917 0.025000 0.040278
0 0.964844 0.584028 0.068750 0.093056
0 0.239844 0.924306 0.123438 0.143056
0 0.288672 0.563194 0.149219 0.190278
0 0.820703 0.428472 0.035156 0.034722
0 0.551953 0.827778 0.096094 0.155556
0 0.167187 0.790278 0.100000 0.136111
0 0.720703 0.522917 0.085156 0.045833
0 0.480078 0.406944 0.032031 0.050000
0 0.856250 0.422222 0.042188 0.038889
0 0.708594 0.372222 0.020313 0.055556
0 0.469141 0.647222 0.067969 0.088889
0 0.404687 0.333333 0.020313 0.047222
0 0.983203 0.447222 0.032031 0.019444
0 0.437500 0.479861 0.054688 0.076389
0 0.714063 0.559722 0.101562 0.083333
0 0.988281 0.788889 0.021875 0.105556
0 0.553906 0.632639 0.073438 0.070833
0 0.959766 0.483333 0.078906 0.055556
0 0.619922 0.471528 0.036719 0.065278
0 0.043359 0.966667 0.086719 0.063889
0 0.435547 0.315972 0.019531 0.037500
0 0.519531 0.570833 0.057813 0.094444
0 0.858594 0.442361 0.037500 0.056944
0 0.064453 0.934028 0.128906 0.129167
0 0.174609 0.626389 0.066406 0.077778
0 0.454297 0.350000 0.022656 0.036111
0 0.398438 0.465972 0.029687 0.070833
0 0.653906 0.358333 0.017188 0.052778
0 0.781641 0.388889 0.039844 0.050000
0 0.941406 0.689583 0.023438 0.068056
0 0.712891 0.495833 0.103906 0.063889
0 0.669922 0.346528 0.024219 0.034722
0 0.590625 0.425000 0.023438 0.055556
0 0.328516 0.638194 0.071094 0.081944
0 0.379688 0.542361 0.037500 0.068056
0 0.698438 0.321528 0.035937 0.051389
0 0.766016 0.459722 0.058594 0.072222
0 0.820703 0.545139 0.072656 0.106944
0 0.789844 0.717361 0.084375 0.134722
0 0.488672 0.342361 0.025781 0.051389
0 0.396094 0.665278 0.100000 0.105556
0 0.300781 0.439583 0.085938 0.095833
0 0.208984 0.851389 0.103906 0.155556
0 0.418359 0.430556 0.035156 0.041667
0 0.435547 0.413194 0.030469 0.051389
0 0.050391 0.818750 0.100781 0.137500
0 0.554297 0.693750 0.075781 0.115278
0 0.462109 0.731944 0.088281 0.150000
0 0.287891 0.718750 0.092969 0.140278
0 0.701562 0.414583 0.031250 0.037500
0 0.930078 0.541667 0.111719 0.083333
0 0.832422 0.510417 0.135156 0.079167
0 0.257031 0.474306 0.089063 0.062500
0 0.426953 0.550694 0.060156 0.076389
0 0.373828 0.458333 0.013281 0.030556
0 0.869922 0.529861 0.042969 0.073611
0 0.796484 0.403472 0.042969 0.051389
0 0.494922 0.361806 0.024219 0.026389
0 0.588672 0.545139 0.094531 0.101389
0 0.459766 0.325000 0.028906 0.041667
0 0.865234 0.622222 0.127344 0.105556
0 0.417187 0.593056 0.068750 0.102778
0 0.369531 0.362500 0.062500 0.100000
0 0.165234 0.718056 0.092969 0.097222
0 0.061328 0.732639 0.102344 0.087500
0 0.396875 0.866667 0.098437 0.158333
0 0.798828 0.427778 0.041406 0.047222
0 0.491016 0.445139 0.041406 0.073611
0 0.983984 0.506944 0.030469 0.058333
0 0.827734 0.395833 0.033594 0.036111
0 0.671484 0.438889 0.028906 0.061111
0 0.509766 0.340972 0.019531 0.037500
0 0.494141 0.388194 0.027344 0.040278
0 0.617969 0.431250 0.037500 0.040278
0 0.134375 0.661111 0.098437 0.122222
0 0.704297 0.418750 0.032031 0.029167
0 0.477344 0.631944 0.076563 0.088889
0 0.208984 0.979167 0.117969 0.038889
0 0.208984 0.851389 0.103906 0.155556
0 0.418359 0.430556 0.035156 0.041667
0 0.435547 0.413194 0.030469 0.051389
0 0.050391 0.818750 0.100781 0.137500
0 0.554297 0.693750 0.075781 0.115278
0 0.462109 0.731944 0.088281 0.150000
0 0.287891 0.718750 0.092969 0.140278
0 0.701562 0.414583 0.031250 0.037500
0 0.930078 0.541667 0.111719 0.083333
0 0.832422 0.510417 0.135156 0.079167
0 0.257031 0.474306 0.089063 0.062500
0 0.426953 0.550694 0.060156 0.076389
0 0.373828 0.458333 0.013281 0.030556
0 0.869922 0.529861 0.042969 0.073611
0 0.796484 0.403472 0.042969 0.051389
0 0.494922 0.361806 0.024219 0.026389
0 0.588672 0.545139 0.094531 0.101389
0 0.459766 0.325000 0.028906 0.041667
0 0.865234 0.622222 0.127344 0.105556
0 0.417187 0.593056 0.068750 0.102778
0 0.369531 0.362500 0.062500 0.100000
0 0.165234 0.718056 0.092969 0.097222
0 0.061328 0.732639 0.102344 0.087500
0 0.396875 0.866667 0.098437 0.158333
0 0.798828 0.427778 0.041406 0.047222
0 0.491016 0.445139 0.041406 0.073611
0 0.983984 0.506944 0.030469 0.058333
0 0.827734 0.395833 0.033594 0.036111
0 0.671484 0.438889 0.028906 0.061111
0 0.509766 0.340972 0.019531 0.037500
0 0.494141 0.388194 0.027344 0.040278
0 0.617969 0.431250 0.037500 0.040278
0 0.134375 0.661111 0.098437 0.122222
0 0.704297 0.418750 0.032031 0.029167
0 0.477344 0.631944 0.076563 0.088889
0 0.208984 0.979167 0.117969 0.038889
0 0.488672 0.326389 0.032031 0.050000
0 0.330469 0.772222 0.084375 0.172222
0 0.665625 0.620139 0.143750 0.070833
0 0.817578 0.455556 0.044531 0.052778
0 0.446875 0.372917 0.025000 0.040278
0 0.964844 0.584028 0.068750 0.093056
0 0.239844 0.924306 0.123438 0.143056
0 0.288672 0.563194 0.149219 0.190278
0 0.820703 0.428472 0.035156 0.034722
0 0.551953 0.827778 0.096094 0.155556
0 0.167187 0.790278 0.100000 0.136111
0 0.720703 0.522917 0.085156 0.045833
0 0.480078 0.406944 0.032031 0.050000
0 0.856250 0.422222 0.042188 0.038889
0 0.708594 0.372222 0.020313 0.055556
0 0.469141 0.647222 0.067969 0.088889
0 0.404687 0.333333 0.020313 0.047222
0 0.983203 0.447222 0.032031 0.019444
0 0.437500 0.479861 0.054688 0.076389
0 0.714063 0.559722 0.101562 0.083333
0 0.988281 0.788889 0.021875 0.105556
0 0.553906 0.632639 0.073438 0.070833
0 0.959766 0.483333 0.078906 0.055556
0 0.619922 0.471528 0.036719 0.065278
0 0.043359 0.966667 0.086719 0.063889
0 0.435547 0.315972 0.019531 0.037500
0 0.519531 0.570833 0.057813 0.094444
0 0.858594 0.442361 0.037500 0.056944
0 0.064453 0.934028 0.128906 0.129167
0 0.174609 0.626389 0.066406 0.077778
0 0.454297 0.350000 0.022656 0.036111
0 0.398438 0.465972 0.029687 0.070833
0 0.653906 0.358333 0.017188 0.052778
0 0.781641 0.388889 0.039844 0.050000
0 0.941406 0.689583 0.023438 0.068056
0 0.712891 0.495833 0.103906 0.063889
0 0.669922 0.346528 0.024219 0.034722
0 0.590625 0.425000 0.023438 0.055556
0 0.328516 0.638194 0.071094 0.081944
0 0.379688 0.542361 0.037500 0.068056
0 0.698438 0.321528 0.035937 0.051389
0 0.766016 0.459722 0.058594 0.072222
0 0.820703 0.545139 0.072656 0.106944
0 0.789844 0.717361 0.084375 0.134722
0 0.488672 0.342361 0.025781 0.051389
0 0.396094 0.665278 0.100000 0.105556
0 0.300781 0.439583 0.085938 0.095833
0 0.208984 0.851389 0.103906 0.155556
0 0.418359 0.430556 0.035156 0.041667
0 0.435547 0.413194 0.030469 0.051389
0 0.050391 0.818750 0.100781 0.137500
0 0.554297 0.693750 0.075781 0.115278
0 0.462109 0.731944 0.088281 0.150000
0 0.287891 0.718750 0.092969 0.140278
0 0.701562 0.414583 0.031250 0.037500
0 0.930078 0.541667 0.111719 0.083333
0 0.832422 0.510417 0.135156 0.079167
0 0.257031 0.474306 0.089063 0.062500
0 0.426953 0.550694 0.060156 0.076389
0 0.373828 0.458333 0.013281 0.030556
0 0.869922 0.529861 0.042969 0.073611
0 0.796484 0.403472 0.042969 0.051389
0 0.494922 0.361806 0.024219 0.026389
0 0.588672 0.545139 0.094531 0.101389
0 0.459766 0.325000 0.028906 0.041667
0 0.865234 0.622222 0.127344 0.105556
0 0.417187 0.593056 0.068750 0.102778
0 0.369531 0.362500 0.062500 0.100000
0 0.165234 0.718056 0.092969 0.097222
0 0.061328 0.732639 0.102344 0.087500
0 0.396875 0.866667 0.098437 0.158333
0 0.798828 0.427778 0.041406 0.047222
0 0.491016 0.445139 0.041406 0.073611
0 0.983984 0.506944 0.030469 0.058333
0 0.827734 0.395833 0.033594 0.036111
0 0.671484 0.438889 0.028906 0.061111
0 0.509766 0.340972 0.019531 0.037500
0 0.494141 0.388194 0.027344 0.040278
0 0.617969 0.431250 0.037500 0.040278
0 0.134375 0.661111 0.098437 0.122222
0 0.704297 0.418750 0.032031 0.029167
0 0.477344 0.631944 0.076563 0.088889
0 0.208984 0.979167 0.117969 0.038889
0 0.669922 0.346528 0.024219 0.034722
0 0.712891 0.495833 0.103906 0.063889
0 0.941406 0.689583 0.023438 0.068056
0 0.781641 0.388889 0.039844 0.050000
0 0.653906 0.358333 0.017188 0.052778
0 0.398438 0.465972 0.029687 0.070833
0 0.454297 0.350000 0.022656 0.036111
0 0.174609 0.626389 0.066406 0.077778
0 0.064453 0.934028 0.128906 0.129167
0 0.858594 0.442361 0.037500 0.056944
0 0.519531 0.570833 0.057813 0.094444
0 0.435547 0.315972 0.019531 0.037500
0 0.043359 0.966667 0.086719 0.063889
0 0.619922 0.471528 0.036719 0.065278
0 0.959766 0.483333 0.078906 0.055556
0 0.553906 0.632639 0.073438 0.070833
0 0.988281 0.788889 0.021875 0.105556
0 0.671484 0.438889 0.028906 0.061111
0 0.714063 0.559722 0.101562 0.083333
0 0.488672 0.326389 0.032031 0.050000
0 0.330469 0.772222 0.084375 0.172222
0 0.665625 0.620139 0.143750 0.070833
0 0.817578 0.455556 0.044531 0.052778
0 0.446875 0.372917 0.025000 0.040278
0 0.964844 0.584028 0.068750 0.093056
0 0.239844 0.924306 0.123438 0.143056
0 0.288672 0.563194 0.149219 0.190278
0 0.820703 0.428472 0.035156 0.034722
0 0.551953 0.827778 0.096094 0.155556
0 0.167187 0.790278 0.100000 0.136111
0 0.720703 0.522917 0.085156 0.045833
0 0.480078 0.406944 0.032031 0.050000
0 0.856250 0.422222 0.042188 0.038889
0 0.708594 0.372222 0.020313 0.055556
0 0.469141 0.647222 0.067969 0.088889
0 0.404687 0.333333 0.020313 0.047222
0 0.983203 0.447222 0.032031 0.019444
0 0.437500 0.479861 0.054688 0.076389
0 0.714063 0.559722 0.101562 0.083333
0 0.988281 0.788889 0.021875 0.105556
0 0.553906 0.632639 0.073438 0.070833
0 0.959766 0.483333 0.078906 0.055556
0 0.619922 0.471528 0.036719 0.065278
0 0.043359 0.966667 0.086719 0.063889
0 0.435547 0.315972 0.019531 0.037500
0 0.519531 0.570833 0.057813 0.094444
0 0.858594 0.442361 0.037500 0.056944
0 0.064453 0.934028 0.128906 0.129167
0 0.174609 0.626389 0.066406 0.077778
0 0.454297 0.350000 0.022656 0.036111
0 0.398438 0.465972 0.029687 0.070833
0 0.653906 0.358333 0.017188 0.052778
0 0.781641 0.388889 0.039844 0.050000
0 0.941406 0.689583 0.023438 0.068056
0 0.712891 0.495833 0.103906 0.063889
