0 0.671875 0.492361 0.020833 0.023611
0 0.338542 0.504861 0.027083 0.020833
0 0.093750 0.413889 0.066667 0.011111
0 0.277604 0.411111 0.013542 0.011111
0 0.443750 0.539583 0.027083 0.029167
0 0.291146 0.666667 0.026042 0.033333
0 0.372917 0.450000 0.020833 0.013889
0 0.666667 0.470833 0.020833 0.022222
0 0.622917 0.395139 0.014583 0.015278
0 0.563021 0.546528 0.038542 0.026389
0 0.649479 0.488194 0.021875 0.020833
0 0.459375 0.413194 0.022917 0.018056
0 0.604688 0.407639 0.009375 0.012500
0 0.338542 0.504861 0.027083 0.020833
0 0.093750 0.413889 0.066667 0.011111
0 0.277604 0.411111 0.013542 0.011111
0 0.443750 0.539583 0.027083 0.029167
0 0.291146 0.666667 0.026042 0.033333
0 0.321354 0.429861 0.019792 0.012500
0 0.707812 0.460417 0.013542 0.018056
0 0.728125 0.590972 0.045833 0.037500
0 0.581250 0.421528 0.010417 0.015278
0 0.691146 0.475000 0.017708 0.019444
0 0.026042 0.415972 0.014583 0.009722
0 0.657813 0.383333 0.013542 0.013889
0 0.372917 0.450000 0.020833 0.013889
0 0.666667 0.470833 0.020833 0.022222
0 0.671875 0.492361 0.020833 0.023611
0 0.622917 0.395139 0.014583 0.015278
0 0.563021 0.546528 0.038542 0.026389
0 0.649479 0.488194 0.021875 0.020833
0 0.459375 0.413194 0.022917 0.018056
0 0.604688 0.407639 0.009375 0.012500
0 0.338542 0.504861 0.027083 0.020833
0 0.093750 0.413889 0.066667 0.011111
0 0.277604 0.411111 0.013542 0.011111
0 0.443750 0.539583 0.027083 0.029167
0 0.291146 0.666667 0.026042 0.033333
0 0.321354 0.429861 0.019792 0.012500
0 0.707812 0.460417 0.013542 0.018056
0 0.728125 0.590972 0.045833 0.037500
0 0.581250 0.421528 0.010417 0.015278
0 0.691146 0.475000 0.017708 0.019444
0 0.026042 0.415972 0.014583 0.009722
0 0.657813 0.383333 0.013542 0.013889
0 0.372917 0.450000 0.020833 0.013889
0 0.666667 0.470833 0.020833 0.022222
0 0.671875 0.492361 0.020833 0.023611
0 0.622917 0.395139 0.014583 0.015278
0 0.563021 0.546528 0.038542 0.026389
0 0.649479 0.488194 0.021875 0.020833
0 0.459375 0.413194 0.022917 0.018056
0 0.604688 0.407639 0.009375 0.012500
0 0.338542 0.504861 0.027083 0.020833
0 0.093750 0.413889 0.066667 0.011111
0 0.277604 0.411111 0.013542 0.011111
0 0.443750 0.539583 0.027083 0.029167
0 0.291146 0.666667 0.026042 0.033333
0 0.321354 0.429861 0.019792 0.012500
0 0.707812 0.460417 0.013542 0.018056
0 0.728125 0.590972 0.045833 0.037500
0 0.581250 0.421528 0.010417 0.015278
0 0.691146 0.475000 0.017708 0.019444
0 0.026042 0.415972 0.014583 0.009722
0 0.657813 0.383333 0.013542 0.013889
0 0.372917 0.450000 0.020833 0.013889
0 0.666667 0.470833 0.020833 0.022222
0 0.671875 0.492361 0.020833 0.023611
0 0.622917 0.395139 0.014583 0.015278
0 0.563021 0.546528 0.038542 0.026389
0 0.649479 0.488194 0.021875 0.020833
0 0.459375 0.413194 0.022917 0.018056
0 0.604688 0.407639 0.009375 0.012500
0 0.338542 0.504861 0.027083 0.020833
0 0.093750 0.413889 0.066667 0.011111
0 0.277604 0.411111 0.013542 0.011111
0 0.443750 0.539583 0.027083 0.029167
0 0.291146 0.666667 0.026042 0.033333
0 0.321354 0.429861 0.019792 0.012500
0 0.707812 0.460417 0.013542 0.018056
0 0.728125 0.590972 0.045833 0.037500
0 0.581250 0.421528 0.010417 0.015278
0 0.691146 0.475000 0.017708 0.019444
0 0.026042 0.415972 0.014583 0.009722
0 0.657813 0.383333 0.013542 0.013889
0 0.657813 0.383333 0.013542 0.013889
0 0.372917 0.450000 0.020833 0.013889
0 0.666667 0.470833 0.020833 0.022222
0 0.671875 0.492361 0.020833 0.023611
0 0.622917 0.395139 0.014583 0.015278
0 0.563021 0.546528 0.038542 0.026389
0 0.649479 0.488194 0.021875 0.020833
0 0.459375 0.413194 0.022917 0.018056
0 0.604688 0.407639 0.009375 0.012500
0 0.338542 0.504861 0.027083 0.020833
0 0.093750 0.413889 0.066667 0.011111
0 0.277604 0.411111 0.013542 0.011111
0 0.443750 0.539583 0.027083 0.029167
0 0.291146 0.666667 0.026042 0.033333
0 0.321354 0.429861 0.019792 0.012500
0 0.707812 0.460417 0.013542 0.018056
0 0.728125 0.590972 0.045833 0.037500
0 0.581250 0.421528 0.010417 0.015278
0 0.691146 0.475000 0.017708 0.019444
0 0.026042 0.415972 0.014583 0.009722
0 0.657813 0.383333 0.013542 0.013889
0 0.671875 0.492361 0.020833 0.023611
0 0.622917 0.395139 0.014583 0.015278
0 0.563021 0.546528 0.038542 0.026389
0 0.649479 0.488194 0.021875 0.020833
0 0.459375 0.413194 0.022917 0.018056
0 0.604688 0.407639 0.009375 0.012500
0 0.666667 0.470833 0.020833 0.022222
0 0.372917 0.450000 0.020833 0.013889
0 0.657813 0.383333 0.013542 0.013889
0 0.026042 0.415972 0.014583 0.009722
0 0.691146 0.475000 0.017708 0.019444
0 0.581250 0.421528 0.010417 0.015278
0 0.728125 0.590972 0.045833 0.037500
0 0.707812 0.460417 0.013542 0.018056
0 0.321354 0.429861 0.019792 0.012500
0 0.291146 0.666667 0.026042 0.033333
0 0.443750 0.539583 0.027083 0.029167
0 0.277604 0.411111 0.013542 0.011111
0 0.093750 0.413889 0.066667 0.011111
0 0.338542 0.504861 0.027083 0.020833
0 0.604688 0.407639 0.009375 0.012500
0 0.459375 0.413194 0.022917 0.018056
0 0.649479 0.488194 0.021875 0.020833
0 0.563021 0.546528 0.038542 0.026389
0 0.622917 0.395139 0.014583 0.015278
0 0.671875 0.492361 0.020833 0.023611
0 0.666667 0.470833 0.020833 0.022222
0 0.372917 0.450000 0.020833 0.013889
0 0.026042 0.415972 0.014583 0.009722
0 0.691146 0.475000 0.017708 0.019444
0 0.581250 0.421528 0.010417 0.015278
0 0.728125 0.590972 0.045833 0.037500
0 0.707812 0.460417 0.013542 0.018056
0 0.321354 0.429861 0.019792 0.012500
