0 0.568229 0.452778 0.016667 0.009259
0 0.577604 0.704630 0.030208 0.042593
0 0.349479 0.512963 0.013542 0.020370
0 0.659115 0.436574 0.013021 0.012037
0 0.568229 0.452778 0.016667 0.009259
0 0.577604 0.704630 0.030208 0.042593
0 0.349479 0.512963 0.013542 0.020370
0 0.659115 0.436574 0.013021 0.012037
0 0.349479 0.512963 0.013542 0.020370
0 0.577604 0.704630 0.030208 0.042593
0 0.659115 0.436574 0.013021 0.012037
0 0.349479 0.512963 0.013542 0.020370
0 0.577604 0.704630 0.030208 0.042593
0 0.568229 0.452778 0.016667 0.009259
0 0.568229 0.452778 0.016667 0.009259
0 0.577604 0.704630 0.030208 0.042593
0 0.568229 0.452778 0.016667 0.009259
0 0.577604 0.704630 0.030208 0.042593
0 0.349479 0.512963 0.013542 0.020370
0 0.568229 0.452778 0.016667 0.009259
0 0.577604 0.704630 0.030208 0.042593
0 0.349479 0.512963 0.013542 0.020370
0 0.659115 0.436574 0.013021 0.012037
0 0.568229 0.452778 0.016667 0.009259
0 0.349479 0.512963 0.013542 0.020370
0 0.659115 0.436574 0.013021 0.012037
0 0.659115 0.436574 0.013021 0.012037
0 0.659115 0.436574 0.013021 0.012037
