0 0.707031 0.293056 0.051562 0.075000
0 0.563281 0.177778 0.042188 0.055556
0 0.986719 0.245833 0.023438 0.058333
0 0.303906 0.666667 0.176563 0.272222
0 0.483594 0.318056 0.060937 0.091667
0 0.778125 0.197222 0.037500 0.050000
0 0.753125 0.250000 0.031250 0.055556
0 0.838281 0.252778 0.020313 0.061111
0 0.727344 0.206944 0.023438 0.030556
0 0.651563 0.226389 0.031250 0.036111
0 0.642969 0.400000 0.085938 0.133333
0 0.585938 0.268056 0.050000 0.063889
0 0.707031 0.293056 0.051562 0.075000
0 0.715625 0.265278 0.053125 0.075000
0 0.901563 0.243056 0.018750 0.052778
0 0.266406 0.494444 0.082812 0.111111
0 0.537500 0.272222 0.046875 0.077778
0 0.782031 0.222222 0.029687 0.027778
0 0.810937 0.262500 0.046875 0.069444
0 0.660937 0.329167 0.093750 0.102778
0 0.959375 0.306944 0.053125 0.086111
0 0.801562 0.331944 0.059375 0.086111
0 0.025000 0.763889 0.050000 0.144444
0 0.620313 0.236111 0.031250 0.022222
0 0.752344 0.213889 0.017188 0.011111
0 0.622656 0.262500 0.035937 0.041667
0 0.425781 0.543056 0.089063 0.136111
0 0.519531 0.293056 0.032813 0.075000
0 0.942969 0.258333 0.051562 0.083333
0 0.951562 0.204167 0.028125 0.025000
0 0.775781 0.263889 0.026562 0.061111
0 0.667188 0.250000 0.043750 0.050000
0 0.915625 0.247222 0.018750 0.055556
0 0.927344 0.209722 0.014063 0.019444
0 0.563281 0.177778 0.042188 0.055556
0 0.986719 0.245833 0.023438 0.058333
0 0.303906 0.666667 0.176563 0.272222
0 0.483594 0.318056 0.060937 0.091667
0 0.778125 0.197222 0.037500 0.050000
0 0.753125 0.250000 0.031250 0.055556
0 0.838281 0.252778 0.020313 0.061111
0 0.727344 0.206944 0.023438 0.030556
0 0.651563 0.226389 0.031250 0.036111
0 0.642969 0.400000 0.085938 0.133333
0 0.585938 0.268056 0.050000 0.063889
0 0.707031 0.293056 0.051562 0.075000
0 0.715625 0.265278 0.053125 0.075000
0 0.901563 0.243056 0.018750 0.052778
0 0.266406 0.494444 0.082812 0.111111
0 0.537500 0.272222 0.046875 0.077778
0 0.782031 0.222222 0.029687 0.027778
0 0.810937 0.262500 0.046875 0.069444
0 0.660937 0.329167 0.093750 0.102778
0 0.959375 0.306944 0.053125 0.086111
0 0.801562 0.331944 0.059375 0.086111
0 0.025000 0.763889 0.050000 0.144444
0 0.620313 0.236111 0.031250 0.022222
0 0.752344 0.213889 0.017188 0.011111
0 0.622656 0.262500 0.035937 0.041667
0 0.425781 0.543056 0.089063 0.136111
0 0.519531 0.293056 0.032813 0.075000
0 0.942969 0.258333 0.051562 0.083333
0 0.951562 0.204167 0.028125 0.025000
0 0.775781 0.263889 0.026562 0.061111
0 0.667188 0.250000 0.043750 0.050000
0 0.915625 0.247222 0.018750 0.055556
0 0.927344 0.209722 0.014063 0.019444
0 0.927344 0.209722 0.014063 0.019444
0 0.915625 0.247222 0.018750 0.055556
0 0.667188 0.250000 0.043750 0.050000
0 0.775781 0.263889 0.026562 0.061111
0 0.951562 0.204167 0.028125 0.025000
0 0.942969 0.258333 0.051562 0.083333
0 0.519531 0.293056 0.032813 0.075000
0 0.425781 0.543056 0.089063 0.136111
0 0.622656 0.262500 0.035937 0.041667
0 0.752344 0.213889 0.017188 0.011111
0 0.620313 0.236111 0.031250 0.022222
0 0.025000 0.763889 0.050000 0.144444
0 0.801562 0.331944 0.059375 0.086111
0 0.959375 0.306944 0.053125 0.086111
0 0.660937 0.329167 0.093750 0.102778
0 0.810937 0.262500 0.046875 0.069444
0 0.782031 0.222222 0.029687 0.027778
0 0.537500 0.272222 0.046875 0.077778
0 0.266406 0.494444 0.082812 0.111111
0 0.901563 0.243056 0.018750 0.052778
0 0.715625 0.265278 0.053125 0.075000
0 0.707031 0.293056 0.051562 0.075000
0 0.585938 0.268056 0.050000 0.063889
0 0.642969 0.400000 0.085938 0.133333
0 0.651563 0.226389 0.031250 0.036111
0 0.727344 0.206944 0.023438 0.030556
0 0.838281 0.252778 0.020313 0.061111
0 0.753125 0.250000 0.031250 0.055556
0 0.778125 0.197222 0.037500 0.050000
0 0.483594 0.318056 0.060937 0.091667
0 0.303906 0.666667 0.176563 0.272222
0 0.986719 0.245833 0.023438 0.058333
0 0.563281 0.177778 0.042188 0.055556
0 0.563281 0.177778 0.042188 0.055556
0 0.986719 0.245833 0.023438 0.058333
0 0.303906 0.666667 0.176563 0.272222
0 0.483594 0.318056 0.060937 0.091667
0 0.778125 0.197222 0.037500 0.050000
0 0.753125 0.250000 0.031250 0.055556
0 0.838281 0.252778 0.020313 0.061111
0 0.727344 0.206944 0.023438 0.030556
0 0.651563 0.226389 0.031250 0.036111
0 0.642969 0.400000 0.085938 0.133333
0 0.585938 0.268056 0.050000 0.063889
0 0.715625 0.265278 0.053125 0.075000
0 0.901563 0.243056 0.018750 0.052778
0 0.266406 0.494444 0.082812 0.111111
0 0.537500 0.272222 0.046875 0.077778
0 0.782031 0.222222 0.029687 0.027778
0 0.810937 0.262500 0.046875 0.069444
0 0.660937 0.329167 0.093750 0.102778
0 0.959375 0.306944 0.053125 0.086111
0 0.801562 0.331944 0.059375 0.086111
0 0.025000 0.763889 0.050000 0.144444
0 0.620313 0.236111 0.031250 0.022222
0 0.752344 0.213889 0.017188 0.011111
0 0.622656 0.262500 0.035937 0.041667
0 0.425781 0.543056 0.089063 0.136111
0 0.519531 0.293056 0.032813 0.075000
0 0.942969 0.258333 0.051562 0.083333
0 0.951562 0.204167 0.028125 0.025000
0 0.775781 0.263889 0.026562 0.061111
0 0.667188 0.250000 0.043750 0.050000
0 0.915625 0.247222 0.018750 0.055556
0 0.927344 0.209722 0.014063 0.019444
0 0.927344 0.209722 0.014063 0.019444
0 0.915625 0.247222 0.018750 0.055556
0 0.667188 0.250000 0.043750 0.050000
0 0.775781 0.263889 0.026562 0.061111
0 0.951562 0.204167 0.028125 0.025000
0 0.942969 0.258333 0.051562 0.083333
0 0.519531 0.293056 0.032813 0.075000
0 0.425781 0.543056 0.089063 0.136111
0 0.622656 0.262500 0.035937 0.041667
0 0.752344 0.213889 0.017188 0.011111
0 0.620313 0.236111 0.031250 0.022222
0 0.025000 0.763889 0.050000 0.144444
0 0.801562 0.331944 0.059375 0.086111
0 0.959375 0.306944 0.053125 0.086111
0 0.660937 0.329167 0.093750 0.102778
0 0.810937 0.262500 0.046875 0.069444
0 0.782031 0.222222 0.029687 0.027778
0 0.537500 0.272222 0.046875 0.077778
0 0.266406 0.494444 0.082812 0.111111
0 0.901563 0.243056 0.018750 0.052778
0 0.715625 0.265278 0.053125 0.075000
0 0.707031 0.293056 0.051562 0.075000
0 0.585938 0.268056 0.050000 0.063889
0 0.642969 0.400000 0.085938 0.133333
0 0.651563 0.226389 0.031250 0.036111
0 0.727344 0.206944 0.023438 0.030556
0 0.838281 0.252778 0.020313 0.061111
0 0.753125 0.250000 0.031250 0.055556
0 0.778125 0.197222 0.037500 0.050000
0 0.483594 0.318056 0.060937 0.091667
0 0.303906 0.666667 0.176563 0.272222
0 0.986719 0.245833 0.023438 0.058333
0 0.563281 0.177778 0.042188 0.055556
0 0.563281 0.177778 0.042188 0.055556
0 0.986719 0.245833 0.023438 0.058333
0 0.303906 0.666667 0.176563 0.272222
0 0.483594 0.318056 0.060937 0.091667
0 0.778125 0.197222 0.037500 0.050000
0 0.753125 0.250000 0.031250 0.055556
0 0.838281 0.252778 0.020313 0.061111
0 0.727344 0.206944 0.023438 0.030556
0 0.651563 0.226389 0.031250 0.036111
0 0.642969 0.400000 0.085938 0.133333
0 0.585938 0.268056 0.050000 0.063889
0 0.707031 0.293056 0.051562 0.075000
0 0.715625 0.265278 0.053125 0.075000
0 0.901563 0.243056 0.018750 0.052778
0 0.266406 0.494444 0.082812 0.111111
0 0.537500 0.272222 0.046875 0.077778
0 0.782031 0.222222 0.029687 0.027778
0 0.810937 0.262500 0.046875 0.069444
0 0.660937 0.329167 0.093750 0.102778
0 0.959375 0.306944 0.053125 0.086111
0 0.801562 0.331944 0.059375 0.086111
0 0.025000 0.763889 0.050000 0.144444
0 0.620313 0.236111 0.031250 0.022222
0 0.752344 0.213889 0.017188 0.011111
0 0.622656 0.262500 0.035937 0.041667
0 0.425781 0.543056 0.089063 0.136111
0 0.519531 0.293056 0.032813 0.075000
0 0.942969 0.258333 0.051562 0.083333
0 0.951562 0.204167 0.028125 0.025000
0 0.775781 0.263889 0.026562 0.061111
0 0.667188 0.250000 0.043750 0.050000
0 0.915625 0.247222 0.018750 0.055556
0 0.927344 0.209722 0.014063 0.019444
0 0.927344 0.209722 0.014063 0.019444
0 0.915625 0.247222 0.018750 0.055556
0 0.667188 0.250000 0.043750 0.050000
0 0.775781 0.263889 0.026562 0.061111
0 0.951562 0.204167 0.028125 0.025000
0 0.942969 0.258333 0.051562 0.083333
0 0.519531 0.293056 0.032813 0.075000
0 0.425781 0.543056 0.089063 0.136111
0 0.622656 0.262500 0.035937 0.041667
0 0.752344 0.213889 0.017188 0.011111
0 0.620313 0.236111 0.031250 0.022222
0 0.025000 0.763889 0.050000 0.144444
0 0.801562 0.331944 0.059375 0.086111
0 0.959375 0.306944 0.053125 0.086111
0 0.660937 0.329167 0.093750 0.102778
0 0.810937 0.262500 0.046875 0.069444
0 0.782031 0.222222 0.029687 0.027778
0 0.537500 0.272222 0.046875 0.077778
0 0.266406 0.494444 0.082812 0.111111
0 0.901563 0.243056 0.018750 0.052778
0 0.715625 0.265278 0.053125 0.075000
0 0.707031 0.293056 0.051562 0.075000
0 0.585938 0.268056 0.050000 0.063889
0 0.642969 0.400000 0.085938 0.133333
0 0.651563 0.226389 0.031250 0.036111
0 0.727344 0.206944 0.023438 0.030556
0 0.838281 0.252778 0.020313 0.061111
0 0.753125 0.250000 0.031250 0.055556
0 0.778125 0.197222 0.037500 0.050000
0 0.483594 0.318056 0.060937 0.091667
0 0.303906 0.666667 0.176563 0.272222
0 0.986719 0.245833 0.023438 0.058333
0 0.563281 0.177778 0.042188 0.055556
