0 0.933594 0.252778 0.032813 0.066667
0 0.428906 0.450000 0.157812 0.322222
0 0.605469 0.262500 0.029687 0.063889
0 0.921875 0.195833 0.021875 0.025000
0 0.636719 0.259722 0.035937 0.052778
0 0.166406 0.816667 0.145313 0.233333
0 0.542969 0.643056 0.129688 0.191667
0 0.968750 0.309722 0.059375 0.080556
0 0.380469 0.850000 0.157812 0.222222
0 0.045312 0.531944 0.062500 0.052778
0 0.489844 0.311111 0.035937 0.066667
0 0.025781 0.758333 0.051562 0.138889
0 0.836719 0.254167 0.032813 0.052778
0 0.789844 0.202778 0.035937 0.055556
0 0.839844 0.237500 0.029687 0.047222
0 0.755469 0.262500 0.029687 0.063889
0 0.908594 0.245833 0.026562 0.052778
0 0.971094 0.226389 0.039062 0.025000
0 0.041406 0.598611 0.082812 0.147222
0 0.985938 0.583333 0.025000 0.144444
0 0.589063 0.268056 0.056250 0.063889
0 0.777344 0.177778 0.035937 0.044444
0 0.933594 0.252778 0.032813 0.066667
0 0.428906 0.450000 0.157812 0.322222
0 0.605469 0.262500 0.029687 0.063889
0 0.921875 0.195833 0.021875 0.025000
0 0.636719 0.259722 0.035937 0.052778
0 0.166406 0.816667 0.145313 0.233333
0 0.605469 0.262500 0.029687 0.063889
0 0.428906 0.450000 0.157812 0.322222
0 0.933594 0.252778 0.032813 0.066667
0 0.777344 0.177778 0.035937 0.044444
0 0.589063 0.268056 0.056250 0.063889
0 0.985938 0.583333 0.025000 0.144444
0 0.041406 0.598611 0.082812 0.147222
0 0.971094 0.226389 0.039062 0.025000
0 0.908594 0.245833 0.026562 0.052778
0 0.755469 0.262500 0.029687 0.063889
0 0.839844 0.237500 0.029687 0.047222
0 0.789844 0.202778 0.035937 0.055556
0 0.836719 0.254167 0.032813 0.052778
0 0.715625 0.245833 0.050000 0.125000
0 0.971875 0.412500 0.053125 0.130556
0 0.971094 0.226389 0.039062 0.025000
0 0.908594 0.245833 0.026562 0.052778
0 0.755469 0.262500 0.029687 0.063889
0 0.839844 0.237500 0.029687 0.047222
0 0.789844 0.202778 0.035937 0.055556
0 0.836719 0.254167 0.032813 0.052778
0 0.777344 0.245833 0.032813 0.047222
0 0.967969 0.258333 0.048438 0.038889
0 0.815625 0.261111 0.037500 0.055556
0 0.964063 0.202778 0.031250 0.033333
0 0.933594 0.252778 0.032813 0.066667
0 0.428906 0.450000 0.157812 0.322222
0 0.605469 0.262500 0.029687 0.063889
0 0.921875 0.195833 0.021875 0.025000
0 0.665625 0.254167 0.031250 0.058333
0 0.839844 0.237500 0.029687 0.047222
0 0.755469 0.262500 0.029687 0.063889
0 0.836719 0.254167 0.032813 0.052778
0 0.789844 0.202778 0.035937 0.055556
0 0.542969 0.643056 0.129688 0.191667
0 0.968750 0.309722 0.059375 0.080556
0 0.665625 0.254167 0.031250 0.058333
0 0.964063 0.202778 0.031250 0.033333
0 0.815625 0.261111 0.037500 0.055556
0 0.967969 0.258333 0.048438 0.038889
0 0.777344 0.245833 0.032813 0.047222
0 0.546094 0.356944 0.085938 0.147222
0 0.596094 0.325000 0.032813 0.077778
0 0.971875 0.412500 0.053125 0.130556
0 0.715625 0.245833 0.050000 0.125000
0 0.025781 0.758333 0.051562 0.138889
0 0.489844 0.311111 0.035937 0.066667
0 0.045312 0.531944 0.062500 0.052778
0 0.380469 0.850000 0.157812 0.222222
0 0.968750 0.309722 0.059375 0.080556
0 0.542969 0.643056 0.129688 0.191667
0 0.166406 0.816667 0.145313 0.233333
0 0.636719 0.259722 0.035937 0.052778
0 0.380469 0.850000 0.157812 0.222222
0 0.908594 0.245833 0.026562 0.052778
0 0.971094 0.226389 0.039062 0.025000
0 0.596094 0.325000 0.032813 0.077778
0 0.546094 0.356944 0.085938 0.147222
0 0.777344 0.245833 0.032813 0.047222
0 0.967969 0.258333 0.048438 0.038889
0 0.815625 0.261111 0.037500 0.055556
0 0.964063 0.202778 0.031250 0.033333
0 0.665625 0.254167 0.031250 0.058333
0 0.665625 0.254167 0.031250 0.058333
0 0.964063 0.202778 0.031250 0.033333
0 0.815625 0.261111 0.037500 0.055556
0 0.967969 0.258333 0.048438 0.038889
0 0.777344 0.245833 0.032813 0.047222
0 0.546094 0.356944 0.085938 0.147222
0 0.596094 0.325000 0.032813 0.077778
0 0.971875 0.412500 0.053125 0.130556
0 0.715625 0.245833 0.050000 0.125000
0 0.025781 0.758333 0.051562 0.138889
0 0.489844 0.311111 0.035937 0.066667
0 0.045312 0.531944 0.062500 0.052778
0 0.380469 0.850000 0.157812 0.222222
0 0.968750 0.309722 0.059375 0.080556
0 0.542969 0.643056 0.129688 0.191667
0 0.166406 0.816667 0.145313 0.233333
0 0.636719 0.259722 0.035937 0.052778
0 0.921875 0.195833 0.021875 0.025000
0 0.605469 0.262500 0.029687 0.063889
0 0.428906 0.450000 0.157812 0.322222
0 0.933594 0.252778 0.032813 0.066667
0 0.777344 0.177778 0.035937 0.044444
0 0.589063 0.268056 0.056250 0.063889
0 0.985938 0.583333 0.025000 0.144444
0 0.041406 0.598611 0.082812 0.147222
0 0.971094 0.226389 0.039062 0.025000
0 0.908594 0.245833 0.026562 0.052778
0 0.755469 0.262500 0.029687 0.063889
0 0.839844 0.237500 0.029687 0.047222
0 0.789844 0.202778 0.035937 0.055556
0 0.836719 0.254167 0.032813 0.052778
0 0.045312 0.531944 0.062500 0.052778
0 0.489844 0.311111 0.035937 0.066667
0 0.025781 0.758333 0.051562 0.138889
0 0.715625 0.245833 0.050000 0.125000
0 0.971875 0.412500 0.053125 0.130556
0 0.596094 0.325000 0.032813 0.077778
0 0.546094 0.356944 0.085938 0.147222
0 0.836719 0.254167 0.032813 0.052778
0 0.789844 0.202778 0.035937 0.055556
0 0.839844 0.237500 0.029687 0.047222
0 0.755469 0.262500 0.029687 0.063889
0 0.908594 0.245833 0.026562 0.052778
0 0.041406 0.598611 0.082812 0.147222
0 0.985938 0.583333 0.025000 0.144444
0 0.665625 0.254167 0.031250 0.058333
0 0.964063 0.202778 0.031250 0.033333
0 0.815625 0.261111 0.037500 0.055556
0 0.967969 0.258333 0.048438 0.038889
0 0.777344 0.245833 0.032813 0.047222
0 0.546094 0.356944 0.085938 0.147222
0 0.596094 0.325000 0.032813 0.077778
0 0.971875 0.412500 0.053125 0.130556
0 0.041406 0.598611 0.082812 0.147222
0 0.985938 0.583333 0.025000 0.144444
0 0.589063 0.268056 0.056250 0.063889
0 0.777344 0.177778 0.035937 0.044444
0 0.933594 0.252778 0.032813 0.066667
0 0.428906 0.450000 0.157812 0.322222
0 0.605469 0.262500 0.029687 0.063889
0 0.921875 0.195833 0.021875 0.025000
0 0.636719 0.259722 0.035937 0.052778
0 0.166406 0.816667 0.145313 0.233333
0 0.542969 0.643056 0.129688 0.191667
0 0.968750 0.309722 0.059375 0.080556
0 0.380469 0.850000 0.157812 0.222222
0 0.045312 0.531944 0.062500 0.052778
0 0.489844 0.311111 0.035937 0.066667
0 0.025781 0.758333 0.051562 0.138889
0 0.715625 0.245833 0.050000 0.125000
0 0.971875 0.412500 0.053125 0.130556
0 0.596094 0.325000 0.032813 0.077778
0 0.546094 0.356944 0.085938 0.147222
0 0.777344 0.245833 0.032813 0.047222
0 0.967969 0.258333 0.048438 0.038889
0 0.815625 0.261111 0.037500 0.055556
0 0.964063 0.202778 0.031250 0.033333
0 0.665625 0.254167 0.031250 0.058333
0 0.971094 0.226389 0.039062 0.025000
0 0.041406 0.598611 0.082812 0.147222
0 0.985938 0.583333 0.025000 0.144444
0 0.589063 0.268056 0.056250 0.063889
0 0.777344 0.177778 0.035937 0.044444
0 0.836719 0.254167 0.032813 0.052778
0 0.789844 0.202778 0.035937 0.055556
0 0.839844 0.237500 0.029687 0.047222
0 0.755469 0.262500 0.029687 0.063889
0 0.908594 0.245833 0.026562 0.052778
0 0.971094 0.226389 0.039062 0.025000
0 0.041406 0.598611 0.082812 0.147222
0 0.985938 0.583333 0.025000 0.144444
0 0.589063 0.268056 0.056250 0.063889
0 0.777344 0.177778 0.035937 0.044444
0 0.933594 0.252778 0.032813 0.066667
0 0.428906 0.450000 0.157812 0.322222
0 0.605469 0.262500 0.029687 0.063889
0 0.921875 0.195833 0.021875 0.025000
0 0.636719 0.259722 0.035937 0.052778
0 0.166406 0.816667 0.145313 0.233333
0 0.542969 0.643056 0.129688 0.191667
0 0.968750 0.309722 0.059375 0.080556
0 0.380469 0.850000 0.157812 0.222222
0 0.045312 0.531944 0.062500 0.052778
0 0.489844 0.311111 0.035937 0.066667
0 0.025781 0.758333 0.051562 0.138889
0 0.715625 0.245833 0.050000 0.125000
0 0.971875 0.412500 0.053125 0.130556
0 0.596094 0.325000 0.032813 0.077778
0 0.546094 0.356944 0.085938 0.147222
0 0.777344 0.245833 0.032813 0.047222
0 0.967969 0.258333 0.048438 0.038889
0 0.815625 0.261111 0.037500 0.055556
0 0.964063 0.202778 0.031250 0.033333
0 0.665625 0.254167 0.031250 0.058333
0 0.715625 0.245833 0.050000 0.125000
0 0.025781 0.758333 0.051562 0.138889
0 0.489844 0.311111 0.035937 0.066667
0 0.045312 0.531944 0.062500 0.052778
0 0.380469 0.850000 0.157812 0.222222
0 0.968750 0.309722 0.059375 0.080556
0 0.542969 0.643056 0.129688 0.191667
0 0.166406 0.816667 0.145313 0.233333
0 0.636719 0.259722 0.035937 0.052778
0 0.921875 0.195833 0.021875 0.025000
0 0.589063 0.268056 0.056250 0.063889
0 0.777344 0.177778 0.035937 0.044444
