0 0.367188 0.542361 0.039062 0.051389
0 0.294141 0.944444 0.113281 0.108333
0 0.567187 0.384722 0.012500 0.016667
0 0.465234 0.344444 0.013281 0.025000
0 0.567187 0.384722 0.012500 0.016667
0 0.465234 0.344444 0.013281 0.025000
0 0.465234 0.344444 0.013281 0.025000
0 0.567187 0.384722 0.012500 0.016667
0 0.294141 0.944444 0.113281 0.108333
0 0.525781 0.373611 0.009375 0.013889
0 0.148828 0.927778 0.139844 0.141667
0 0.571875 0.427083 0.018750 0.037500
0 0.460547 0.422917 0.017969 0.026389
0 0.441797 0.479167 0.028906 0.047222
0 0.349609 0.827778 0.082031 0.136111
0 0.454688 0.452778 0.018750 0.030556
0 0.531250 0.345139 0.006250 0.012500
0 0.444922 0.400000 0.014844 0.019444
0 0.477344 0.386111 0.012500 0.019444
0 0.346875 0.481250 0.026562 0.037500
0 0.378125 0.444444 0.023438 0.027778
0 0.391797 0.493056 0.030469 0.038889
0 0.115234 0.756944 0.230469 0.475000
0 0.423047 0.561806 0.038281 0.056944
0 0.367188 0.542361 0.039062 0.051389
0 0.491016 0.354167 0.007031 0.011111
0 0.428516 0.427778 0.017969 0.027778
0 0.409766 0.406250 0.019531 0.026389
0 0.472266 0.363889 0.011719 0.013889
0 0.671484 0.854167 0.092969 0.175000
0 0.269141 0.570139 0.049219 0.059722
0 0.439453 0.377083 0.011719 0.015278
0 0.608984 0.418056 0.030469 0.058333
0 0.557813 0.370833 0.009375 0.013889
0 0.468750 0.403472 0.014063 0.020833
0 0.483984 0.347222 0.010156 0.013889
0 0.457813 0.379861 0.012500 0.015278
0 0.484766 0.366667 0.014844 0.027778
0 0.366016 0.706250 0.066406 0.095833
0 0.308203 0.628472 0.058594 0.073611
0 0.308203 0.628472 0.058594 0.073611
0 0.366016 0.706250 0.066406 0.095833
0 0.525781 0.373611 0.009375 0.013889
0 0.148828 0.927778 0.139844 0.141667
0 0.571875 0.427083 0.018750 0.037500
0 0.460547 0.422917 0.017969 0.026389
0 0.441797 0.479167 0.028906 0.047222
0 0.349609 0.827778 0.082031 0.136111
0 0.454688 0.452778 0.018750 0.030556
0 0.391797 0.493056 0.030469 0.038889
0 0.115234 0.756944 0.230469 0.475000
0 0.423047 0.561806 0.038281 0.056944
0 0.367188 0.542361 0.039062 0.051389
0 0.491016 0.354167 0.007031 0.011111
0 0.428516 0.427778 0.017969 0.027778
0 0.409766 0.406250 0.019531 0.026389
0 0.472266 0.363889 0.011719 0.013889
0 0.671484 0.854167 0.092969 0.175000
0 0.269141 0.570139 0.049219 0.059722
0 0.439453 0.377083 0.011719 0.015278
0 0.608984 0.418056 0.030469 0.058333
0 0.557813 0.370833 0.009375 0.013889
0 0.468750 0.403472 0.014063 0.020833
0 0.483984 0.347222 0.010156 0.013889
0 0.457813 0.379861 0.012500 0.015278
0 0.484766 0.366667 0.014844 0.027778
0 0.378125 0.444444 0.023438 0.027778
0 0.346875 0.481250 0.026562 0.037500
0 0.477344 0.386111 0.012500 0.019444
0 0.444922 0.400000 0.014844 0.019444
0 0.531250 0.345139 0.006250 0.012500
0 0.454688 0.452778 0.018750 0.030556
0 0.349609 0.827778 0.082031 0.136111
0 0.441797 0.479167 0.028906 0.047222
0 0.308203 0.628472 0.058594 0.073611
0 0.366016 0.706250 0.066406 0.095833
0 0.484766 0.366667 0.014844 0.027778
0 0.457813 0.379861 0.012500 0.015278
0 0.483984 0.347222 0.010156 0.013889
0 0.468750 0.403472 0.014063 0.020833
0 0.557813 0.370833 0.009375 0.013889
0 0.608984 0.418056 0.030469 0.058333
0 0.439453 0.377083 0.011719 0.015278
0 0.269141 0.570139 0.049219 0.059722
0 0.671484 0.854167 0.092969 0.175000
0 0.472266 0.363889 0.011719 0.013889
0 0.409766 0.406250 0.019531 0.026389
0 0.428516 0.427778 0.017969 0.027778
0 0.491016 0.354167 0.007031 0.011111
0 0.367188 0.542361 0.039062 0.051389
0 0.423047 0.561806 0.038281 0.056944
0 0.115234 0.756944 0.230469 0.475000
0 0.391797 0.493056 0.030469 0.038889
0 0.378125 0.444444 0.023438 0.027778
0 0.346875 0.481250 0.026562 0.037500
0 0.477344 0.386111 0.012500 0.019444
0 0.444922 0.400000 0.014844 0.019444
0 0.531250 0.345139 0.006250 0.012500
0 0.454688 0.452778 0.018750 0.030556
0 0.349609 0.827778 0.082031 0.136111
0 0.441797 0.479167 0.028906 0.047222
0 0.460547 0.422917 0.017969 0.026389
0 0.571875 0.427083 0.018750 0.037500
0 0.148828 0.927778 0.139844 0.141667
0 0.525781 0.373611 0.009375 0.013889
0 0.294141 0.944444 0.113281 0.108333
0 0.567187 0.384722 0.012500 0.016667
0 0.465234 0.344444 0.013281 0.025000
0 0.465234 0.344444 0.013281 0.025000
0 0.567187 0.384722 0.012500 0.016667
0 0.294141 0.944444 0.113281 0.108333
0 0.525781 0.373611 0.009375 0.013889
0 0.148828 0.927778 0.139844 0.141667
0 0.571875 0.427083 0.018750 0.037500
0 0.460547 0.422917 0.017969 0.026389
0 0.531250 0.345139 0.006250 0.012500
0 0.444922 0.400000 0.014844 0.019444
0 0.477344 0.386111 0.012500 0.019444
0 0.346875 0.481250 0.026562 0.037500
0 0.378125 0.444444 0.023438 0.027778
0 0.391797 0.493056 0.030469 0.038889
0 0.115234 0.756944 0.230469 0.475000
0 0.423047 0.561806 0.038281 0.056944
0 0.367188 0.542361 0.039062 0.051389
0 0.491016 0.354167 0.007031 0.011111
0 0.428516 0.427778 0.017969 0.027778
0 0.409766 0.406250 0.019531 0.026389
0 0.472266 0.363889 0.011719 0.013889
0 0.671484 0.854167 0.092969 0.175000
0 0.269141 0.570139 0.049219 0.059722
0 0.439453 0.377083 0.011719 0.015278
0 0.608984 0.418056 0.030469 0.058333
0 0.557813 0.370833 0.009375 0.013889
0 0.468750 0.403472 0.014063 0.020833
0 0.483984 0.347222 0.010156 0.013889
0 0.457813 0.379861 0.012500 0.015278
0 0.484766 0.366667 0.014844 0.027778
0 0.366016 0.706250 0.066406 0.095833
0 0.308203 0.628472 0.058594 0.073611
0 0.465234 0.344444 0.013281 0.025000
0 0.567187 0.384722 0.012500 0.016667
0 0.294141 0.944444 0.113281 0.108333
0 0.525781 0.373611 0.009375 0.013889
0 0.148828 0.927778 0.139844 0.141667
0 0.571875 0.427083 0.018750 0.037500
0 0.460547 0.422917 0.017969 0.026389
0 0.441797 0.479167 0.028906 0.047222
0 0.349609 0.827778 0.082031 0.136111
0 0.454688 0.452778 0.018750 0.030556
0 0.531250 0.345139 0.006250 0.012500
0 0.444922 0.400000 0.014844 0.019444
0 0.477344 0.386111 0.012500 0.019444
0 0.346875 0.481250 0.026562 0.037500
0 0.378125 0.444444 0.023438 0.027778
0 0.391797 0.493056 0.030469 0.038889
0 0.115234 0.756944 0.230469 0.475000
0 0.423047 0.561806 0.038281 0.056944
0 0.491016 0.354167 0.007031 0.011111
0 0.428516 0.427778 0.017969 0.027778
0 0.409766 0.406250 0.019531 0.026389
0 0.472266 0.363889 0.011719 0.013889
0 0.671484 0.854167 0.092969 0.175000
0 0.269141 0.570139 0.049219 0.059722
0 0.439453 0.377083 0.011719 0.015278
0 0.608984 0.418056 0.030469 0.058333
0 0.557813 0.370833 0.009375 0.013889
0 0.468750 0.403472 0.014063 0.020833
0 0.483984 0.347222 0.010156 0.013889
0 0.457813 0.379861 0.012500 0.015278
0 0.484766 0.366667 0.014844 0.027778
0 0.366016 0.706250 0.066406 0.095833
0 0.308203 0.628472 0.058594 0.073611
0 0.308203 0.628472 0.058594 0.073611
0 0.366016 0.706250 0.066406 0.095833
0 0.484766 0.366667 0.014844 0.027778
0 0.457813 0.379861 0.012500 0.015278
0 0.483984 0.347222 0.010156 0.013889
0 0.468750 0.403472 0.014063 0.020833
0 0.557813 0.370833 0.009375 0.013889
0 0.608984 0.418056 0.030469 0.058333
0 0.439453 0.377083 0.011719 0.015278
0 0.269141 0.570139 0.049219 0.059722
0 0.671484 0.854167 0.092969 0.175000
0 0.472266 0.363889 0.011719 0.013889
0 0.409766 0.406250 0.019531 0.026389
0 0.428516 0.427778 0.017969 0.027778
0 0.491016 0.354167 0.007031 0.011111
0 0.367188 0.542361 0.039062 0.051389
0 0.423047 0.561806 0.038281 0.056944
0 0.115234 0.756944 0.230469 0.475000
0 0.391797 0.493056 0.030469 0.038889
0 0.378125 0.444444 0.023438 0.027778
0 0.346875 0.481250 0.026562 0.037500
0 0.477344 0.386111 0.012500 0.019444
0 0.444922 0.400000 0.014844 0.019444
0 0.531250 0.345139 0.006250 0.012500
0 0.454688 0.452778 0.018750 0.030556
0 0.349609 0.827778 0.082031 0.136111
0 0.441797 0.479167 0.028906 0.047222
0 0.460547 0.422917 0.017969 0.026389
0 0.571875 0.427083 0.018750 0.037500
0 0.148828 0.927778 0.139844 0.141667
0 0.525781 0.373611 0.009375 0.013889
0 0.294141 0.944444 0.113281 0.108333
0 0.567187 0.384722 0.012500 0.016667
0 0.465234 0.344444 0.013281 0.025000
0 0.608984 0.418056 0.030469 0.058333
0 0.439453 0.377083 0.011719 0.015278
0 0.269141 0.570139 0.049219 0.059722
0 0.671484 0.854167 0.092969 0.175000
0 0.472266 0.363889 0.011719 0.013889
0 0.409766 0.406250 0.019531 0.026389
0 0.428516 0.427778 0.017969 0.027778
0 0.491016 0.354167 0.007031 0.011111
0 0.367188 0.542361 0.039062 0.051389
0 0.423047 0.561806 0.038281 0.056944
0 0.115234 0.756944 0.230469 0.475000
0 0.391797 0.493056 0.030469 0.038889
0 0.378125 0.444444 0.023438 0.027778
0 0.346875 0.481250 0.026562 0.037500
0 0.477344 0.386111 0.012500 0.019444
0 0.444922 0.400000 0.014844 0.019444
0 0.531250 0.345139 0.006250 0.012500
0 0.454688 0.452778 0.018750 0.030556
0 0.349609 0.827778 0.082031 0.136111
0 0.441797 0.479167 0.028906 0.047222
0 0.460547 0.422917 0.017969 0.026389
0 0.571875 0.427083 0.018750 0.037500
0 0.148828 0.927778 0.139844 0.141667
0 0.525781 0.373611 0.009375 0.013889
0 0.294141 0.944444 0.113281 0.108333
0 0.557813 0.370833 0.009375 0.013889
0 0.468750 0.403472 0.014063 0.020833
0 0.483984 0.347222 0.010156 0.013889
0 0.457813 0.379861 0.012500 0.015278
0 0.484766 0.366667 0.014844 0.027778
0 0.366016 0.706250 0.066406 0.095833
0 0.308203 0.628472 0.058594 0.073611
