0 0.693229 0.473611 0.019792 0.019444
0 0.666667 0.427083 0.014583 0.012500
0 0.235417 0.414583 0.008333 0.009722
0 0.340625 0.458333 0.025000 0.016667
0 0.459375 0.412500 0.022917 0.019444
0 0.790625 0.343056 0.010417 0.011111
0 0.623437 0.486806 0.023958 0.020833
0 0.602604 0.407639 0.013542 0.015278
0 0.641146 0.577083 0.042708 0.029167
0 0.622917 0.395139 0.016667 0.015278
0 0.673438 0.490972 0.021875 0.023611
0 0.647396 0.415278 0.026042 0.025000
0 0.297917 0.652778 0.029167 0.038889
0 0.641146 0.577083 0.042708 0.029167
0 0.622917 0.395139 0.016667 0.015278
0 0.778646 0.343056 0.011458 0.011111
0 0.657292 0.384028 0.014583 0.015278
0 0.620313 0.401389 0.015625 0.013889
0 0.693229 0.473611 0.019792 0.019444
0 0.581250 0.419444 0.010417 0.016667
0 0.666667 0.427083 0.014583 0.012500
0 0.235417 0.414583 0.008333 0.009722
0 0.340625 0.458333 0.025000 0.016667
0 0.778646 0.343056 0.011458 0.011111
0 0.657292 0.384028 0.014583 0.015278
0 0.620313 0.401389 0.015625 0.013889
0 0.581250 0.419444 0.010417 0.016667
0 0.459375 0.412500 0.022917 0.019444
0 0.790625 0.343056 0.010417 0.011111
0 0.623437 0.486806 0.023958 0.020833
0 0.602604 0.407639 0.013542 0.015278
0 0.641146 0.577083 0.042708 0.029167
0 0.622917 0.395139 0.016667 0.015278
0 0.673438 0.490972 0.021875 0.023611
0 0.623437 0.486806 0.023958 0.020833
0 0.790625 0.343056 0.010417 0.011111
0 0.459375 0.412500 0.022917 0.019444
0 0.340625 0.458333 0.025000 0.016667
0 0.235417 0.414583 0.008333 0.009722
0 0.666667 0.427083 0.014583 0.012500
0 0.581250 0.419444 0.010417 0.016667
0 0.693229 0.473611 0.019792 0.019444
0 0.620313 0.401389 0.015625 0.013889
0 0.657292 0.384028 0.014583 0.015278
0 0.778646 0.343056 0.011458 0.011111
0 0.602604 0.407639 0.013542 0.015278
0 0.641146 0.577083 0.042708 0.029167
0 0.622917 0.395139 0.016667 0.015278
0 0.673438 0.490972 0.021875 0.023611
0 0.647396 0.415278 0.026042 0.025000
0 0.647396 0.415278 0.026042 0.025000
0 0.297917 0.652778 0.029167 0.038889
0 0.297917 0.652778 0.029167 0.038889
0 0.647396 0.415278 0.026042 0.025000
0 0.673438 0.490972 0.021875 0.023611
0 0.622917 0.395139 0.016667 0.015278
0 0.641146 0.577083 0.042708 0.029167
0 0.602604 0.407639 0.013542 0.015278
0 0.297917 0.652778 0.029167 0.038889
0 0.623437 0.486806 0.023958 0.020833
0 0.790625 0.343056 0.010417 0.011111
0 0.459375 0.412500 0.022917 0.019444
0 0.340625 0.458333 0.025000 0.016667
0 0.459375 0.412500 0.022917 0.019444
0 0.340625 0.458333 0.025000 0.016667
0 0.235417 0.414583 0.008333 0.009722
0 0.666667 0.427083 0.014583 0.012500
0 0.581250 0.419444 0.010417 0.016667
0 0.235417 0.414583 0.008333 0.009722
0 0.666667 0.427083 0.014583 0.012500
0 0.581250 0.419444 0.010417 0.016667
0 0.693229 0.473611 0.019792 0.019444
0 0.620313 0.401389 0.015625 0.013889
0 0.657292 0.384028 0.014583 0.015278
0 0.778646 0.343056 0.011458 0.011111
0 0.647396 0.415278 0.026042 0.025000
0 0.673438 0.490972 0.021875 0.023611
0 0.622917 0.395139 0.016667 0.015278
0 0.641146 0.577083 0.042708 0.029167
0 0.602604 0.407639 0.013542 0.015278
0 0.623437 0.486806 0.023958 0.020833
0 0.790625 0.343056 0.010417 0.011111
0 0.459375 0.412500 0.022917 0.019444
0 0.340625 0.458333 0.025000 0.016667
0 0.235417 0.414583 0.008333 0.009722
0 0.666667 0.427083 0.014583 0.012500
0 0.581250 0.419444 0.010417 0.016667
0 0.693229 0.473611 0.019792 0.019444
0 0.620313 0.401389 0.015625 0.013889
0 0.657292 0.384028 0.014583 0.015278
0 0.297917 0.652778 0.029167 0.038889
0 0.647396 0.415278 0.026042 0.025000
0 0.673438 0.490972 0.021875 0.023611
0 0.647396 0.415278 0.026042 0.025000
0 0.778646 0.343056 0.011458 0.011111
0 0.297917 0.652778 0.029167 0.038889
0 0.657292 0.384028 0.014583 0.015278
0 0.620313 0.401389 0.015625 0.013889
0 0.693229 0.473611 0.019792 0.019444
0 0.778646 0.343056 0.011458 0.011111
0 0.657292 0.384028 0.014583 0.015278
0 0.620313 0.401389 0.015625 0.013889
0 0.693229 0.473611 0.019792 0.019444
0 0.778646 0.343056 0.011458 0.011111
0 0.297917 0.652778 0.029167 0.038889
0 0.581250 0.419444 0.010417 0.016667
0 0.666667 0.427083 0.014583 0.012500
0 0.235417 0.414583 0.008333 0.009722
0 0.340625 0.458333 0.025000 0.016667
0 0.459375 0.412500 0.022917 0.019444
0 0.790625 0.343056 0.010417 0.011111
0 0.623437 0.486806 0.023958 0.020833
0 0.602604 0.407639 0.013542 0.015278
0 0.641146 0.577083 0.042708 0.029167
0 0.622917 0.395139 0.016667 0.015278
0 0.673438 0.490972 0.021875 0.023611
0 0.790625 0.343056 0.010417 0.011111
0 0.623437 0.486806 0.023958 0.020833
0 0.602604 0.407639 0.013542 0.015278
