0 0.773958 0.782639 0.066667 0.054167
0 0.633333 0.712500 0.064583 0.044444
0 0.528125 0.522222 0.041667 0.038889
0 0.271354 0.416667 0.009375 0.011111
0 0.603125 0.408333 0.014583 0.013889
0 0.459375 0.413194 0.022917 0.018056
0 0.543229 0.607639 0.123958 0.101389
0 0.622917 0.395139 0.016667 0.015278
0 0.719271 0.446528 0.019792 0.018056
0 0.719271 0.446528 0.019792 0.018056
0 0.622917 0.395139 0.016667 0.015278
0 0.543229 0.607639 0.123958 0.101389
0 0.459375 0.413194 0.022917 0.018056
0 0.603125 0.408333 0.014583 0.013889
0 0.271354 0.416667 0.009375 0.011111
0 0.528125 0.522222 0.041667 0.038889
0 0.633333 0.712500 0.064583 0.044444
0 0.486458 0.684722 0.058333 0.033333
0 0.773958 0.782639 0.066667 0.054167
0 0.657292 0.384028 0.014583 0.015278
0 0.581250 0.420139 0.010417 0.015278
0 0.581250 0.420139 0.010417 0.015278
0 0.657292 0.384028 0.014583 0.015278
0 0.773958 0.782639 0.066667 0.054167
0 0.486458 0.684722 0.058333 0.033333
0 0.633333 0.712500 0.064583 0.044444
0 0.528125 0.522222 0.041667 0.038889
0 0.271354 0.416667 0.009375 0.011111
0 0.603125 0.408333 0.014583 0.013889
0 0.459375 0.413194 0.022917 0.018056
0 0.543229 0.607639 0.123958 0.101389
0 0.622917 0.395139 0.016667 0.015278
0 0.719271 0.446528 0.019792 0.018056
0 0.581250 0.420139 0.010417 0.015278
0 0.657292 0.384028 0.014583 0.015278
0 0.773958 0.782639 0.066667 0.054167
0 0.486458 0.684722 0.058333 0.033333
0 0.633333 0.712500 0.064583 0.044444
0 0.528125 0.522222 0.041667 0.038889
0 0.271354 0.416667 0.009375 0.011111
0 0.603125 0.408333 0.014583 0.013889
0 0.459375 0.413194 0.022917 0.018056
0 0.543229 0.607639 0.123958 0.101389
0 0.622917 0.395139 0.016667 0.015278
0 0.719271 0.446528 0.019792 0.018056
0 0.633333 0.712500 0.064583 0.044444
0 0.486458 0.684722 0.058333 0.033333
0 0.773958 0.782639 0.066667 0.054167
0 0.657292 0.384028 0.014583 0.015278
0 0.581250 0.420139 0.010417 0.015278
0 0.719271 0.446528 0.019792 0.018056
0 0.622917 0.395139 0.016667 0.015278
0 0.543229 0.607639 0.123958 0.101389
0 0.459375 0.413194 0.022917 0.018056
0 0.603125 0.408333 0.014583 0.013889
0 0.271354 0.416667 0.009375 0.011111
0 0.528125 0.522222 0.041667 0.038889
0 0.633333 0.712500 0.064583 0.044444
0 0.486458 0.684722 0.058333 0.033333
0 0.773958 0.782639 0.066667 0.054167
0 0.657292 0.384028 0.014583 0.015278
0 0.581250 0.420139 0.010417 0.015278
0 0.581250 0.420139 0.010417 0.015278
0 0.657292 0.384028 0.014583 0.015278
0 0.773958 0.782639 0.066667 0.054167
0 0.486458 0.684722 0.058333 0.033333
0 0.633333 0.712500 0.064583 0.044444
0 0.528125 0.522222 0.041667 0.038889
0 0.271354 0.416667 0.009375 0.011111
0 0.603125 0.408333 0.014583 0.013889
0 0.459375 0.413194 0.022917 0.018056
0 0.543229 0.607639 0.123958 0.101389
0 0.622917 0.395139 0.016667 0.015278
0 0.719271 0.446528 0.019792 0.018056
0 0.719271 0.446528 0.019792 0.018056
0 0.622917 0.395139 0.016667 0.015278
0 0.543229 0.607639 0.123958 0.101389
0 0.459375 0.413194 0.022917 0.018056
0 0.603125 0.408333 0.014583 0.013889
0 0.271354 0.416667 0.009375 0.011111
0 0.528125 0.522222 0.041667 0.038889
0 0.581250 0.420139 0.010417 0.015278
0 0.657292 0.384028 0.014583 0.015278
0 0.486458 0.684722 0.058333 0.033333
