0 0.646354 0.490278 0.023958 0.022222
0 0.657292 0.384028 0.014583 0.015278
0 0.623437 0.395139 0.015625 0.015278
0 0.718229 0.442361 0.015625 0.023611
0 0.690625 0.474306 0.018750 0.020833
0 0.293750 0.664583 0.037500 0.031944
0 0.581250 0.420139 0.010417 0.015278
0 0.693229 0.446528 0.017708 0.018056
0 0.667188 0.470833 0.019792 0.022222
0 0.706771 0.461111 0.015625 0.019444
0 0.605208 0.406944 0.010417 0.013889
0 0.646354 0.490278 0.023958 0.022222
0 0.671875 0.492361 0.022917 0.023611
0 0.711979 0.420139 0.013542 0.012500
0 0.678125 0.361806 0.012500 0.009722
0 0.460417 0.413194 0.022917 0.018056
0 0.706771 0.461111 0.015625 0.019444
0 0.657292 0.384028 0.014583 0.015278
0 0.657292 0.384028 0.014583 0.015278
0 0.623437 0.395139 0.015625 0.015278
0 0.718229 0.442361 0.015625 0.023611
0 0.690625 0.474306 0.018750 0.020833
0 0.293750 0.664583 0.037500 0.031944
0 0.581250 0.420139 0.010417 0.015278
0 0.657292 0.384028 0.014583 0.015278
0 0.623437 0.395139 0.015625 0.015278
0 0.718229 0.442361 0.015625 0.023611
0 0.690625 0.474306 0.018750 0.020833
0 0.293750 0.664583 0.037500 0.031944
0 0.581250 0.420139 0.010417 0.015278
0 0.693229 0.446528 0.017708 0.018056
0 0.667188 0.470833 0.019792 0.022222
0 0.706771 0.461111 0.015625 0.019444
0 0.605208 0.406944 0.010417 0.013889
0 0.646354 0.490278 0.023958 0.022222
0 0.671875 0.492361 0.022917 0.023611
0 0.693229 0.446528 0.017708 0.018056
0 0.711979 0.420139 0.013542 0.012500
0 0.678125 0.361806 0.012500 0.009722
0 0.460417 0.413194 0.022917 0.018056
0 0.657292 0.384028 0.014583 0.015278
0 0.623437 0.395139 0.015625 0.015278
0 0.718229 0.442361 0.015625 0.023611
0 0.690625 0.474306 0.018750 0.020833
0 0.293750 0.664583 0.037500 0.031944
0 0.581250 0.420139 0.010417 0.015278
0 0.693229 0.446528 0.017708 0.018056
0 0.667188 0.470833 0.019792 0.022222
0 0.706771 0.461111 0.015625 0.019444
0 0.605208 0.406944 0.010417 0.013889
0 0.646354 0.490278 0.023958 0.022222
0 0.671875 0.492361 0.022917 0.023611
0 0.711979 0.420139 0.013542 0.012500
0 0.678125 0.361806 0.012500 0.009722
0 0.460417 0.413194 0.022917 0.018056
0 0.667188 0.470833 0.019792 0.022222
0 0.706771 0.461111 0.015625 0.019444
0 0.605208 0.406944 0.010417 0.013889
0 0.646354 0.490278 0.023958 0.022222
0 0.671875 0.492361 0.022917 0.023611
0 0.711979 0.420139 0.013542 0.012500
0 0.678125 0.361806 0.012500 0.009722
0 0.460417 0.413194 0.022917 0.018056
0 0.667188 0.470833 0.019792 0.022222
0 0.693229 0.446528 0.017708 0.018056
0 0.581250 0.420139 0.010417 0.015278
0 0.293750 0.664583 0.037500 0.031944
0 0.690625 0.474306 0.018750 0.020833
0 0.718229 0.442361 0.015625 0.023611
0 0.623437 0.395139 0.015625 0.015278
0 0.460417 0.413194 0.022917 0.018056
0 0.678125 0.361806 0.012500 0.009722
0 0.711979 0.420139 0.013542 0.012500
0 0.671875 0.492361 0.022917 0.023611
0 0.605208 0.406944 0.010417 0.013889
0 0.706771 0.461111 0.015625 0.019444
0 0.667188 0.470833 0.019792 0.022222
0 0.693229 0.446528 0.017708 0.018056
0 0.581250 0.420139 0.010417 0.015278
0 0.293750 0.664583 0.037500 0.031944
0 0.690625 0.474306 0.018750 0.020833
0 0.718229 0.442361 0.015625 0.023611
0 0.623437 0.395139 0.015625 0.015278
0 0.657292 0.384028 0.014583 0.015278
0 0.460417 0.413194 0.022917 0.018056
0 0.678125 0.361806 0.012500 0.009722
0 0.711979 0.420139 0.013542 0.012500
0 0.671875 0.492361 0.022917 0.023611
0 0.646354 0.490278 0.023958 0.022222
0 0.460417 0.413194 0.022917 0.018056
0 0.678125 0.361806 0.012500 0.009722
0 0.711979 0.420139 0.013542 0.012500
0 0.671875 0.492361 0.022917 0.023611
0 0.646354 0.490278 0.023958 0.022222
0 0.605208 0.406944 0.010417 0.013889
0 0.706771 0.461111 0.015625 0.019444
0 0.667188 0.470833 0.019792 0.022222
0 0.693229 0.446528 0.017708 0.018056
0 0.581250 0.420139 0.010417 0.015278
0 0.293750 0.664583 0.037500 0.031944
0 0.690625 0.474306 0.018750 0.020833
0 0.718229 0.442361 0.015625 0.023611
0 0.623437 0.395139 0.015625 0.015278
0 0.657292 0.384028 0.014583 0.015278
0 0.605208 0.406944 0.010417 0.013889
