0 0.498437 0.576389 0.012500 0.019444
0 0.059375 0.780556 0.043750 0.050000
0 0.606250 0.744444 0.068750 0.155556
0 0.560937 0.638889 0.018750 0.033333
0 0.498437 0.576389 0.012500 0.019444
0 0.059375 0.780556 0.043750 0.050000
0 0.789844 0.702778 0.045312 0.061111
0 0.606250 0.744444 0.068750 0.155556
0 0.560937 0.638889 0.018750 0.033333
0 0.498437 0.576389 0.012500 0.019444
0 0.059375 0.780556 0.043750 0.050000
0 0.572656 0.608333 0.017188 0.027778
0 0.831250 0.734722 0.128125 0.125000
0 0.572656 0.608333 0.017188 0.027778
0 0.831250 0.734722 0.128125 0.125000
0 0.831250 0.734722 0.128125 0.125000
0 0.572656 0.608333 0.017188 0.027778
0 0.059375 0.780556 0.043750 0.050000
0 0.498437 0.576389 0.012500 0.019444
0 0.560937 0.638889 0.018750 0.033333
0 0.606250 0.744444 0.068750 0.155556
0 0.789844 0.702778 0.045312 0.061111
0 0.572656 0.608333 0.017188 0.027778
0 0.831250 0.734722 0.128125 0.125000
0 0.059375 0.780556 0.043750 0.050000
0 0.498437 0.576389 0.012500 0.019444
0 0.560937 0.638889 0.018750 0.033333
0 0.606250 0.744444 0.068750 0.155556
0 0.789844 0.702778 0.045312 0.061111
0 0.498437 0.576389 0.012500 0.019444
0 0.560937 0.638889 0.018750 0.033333
0 0.606250 0.744444 0.068750 0.155556
0 0.789844 0.702778 0.045312 0.061111
0 0.831250 0.734722 0.128125 0.125000
0 0.572656 0.608333 0.017188 0.027778
0 0.789844 0.702778 0.045312 0.061111
0 0.831250 0.734722 0.128125 0.125000
0 0.572656 0.608333 0.017188 0.027778
0 0.059375 0.780556 0.043750 0.050000
0 0.498437 0.576389 0.012500 0.019444
0 0.560937 0.638889 0.018750 0.033333
0 0.606250 0.744444 0.068750 0.155556
0 0.831250 0.734722 0.128125 0.125000
0 0.789844 0.702778 0.045312 0.061111
0 0.572656 0.608333 0.017188 0.027778
0 0.059375 0.780556 0.043750 0.050000
0 0.789844 0.702778 0.045312 0.061111
0 0.606250 0.744444 0.068750 0.155556
0 0.560937 0.638889 0.018750 0.033333
