0 0.619792 0.401389 0.014583 0.013889
0 0.622917 0.395833 0.016667 0.016667
0 0.459375 0.412500 0.022917 0.019444
0 0.605729 0.511806 0.030208 0.031944
0 0.603125 0.407639 0.014583 0.015278
0 0.667708 0.425694 0.014583 0.012500
0 0.678646 0.479861 0.048958 0.054167
0 0.581250 0.419444 0.010417 0.016667
0 0.339062 0.638194 0.051042 0.043056
0 0.551042 0.529167 0.033333 0.027778
0 0.343750 0.398611 0.018750 0.019444
0 0.515625 0.522222 0.037500 0.030556
0 0.684375 0.734722 0.062500 0.052778
0 0.553125 0.497222 0.031250 0.027778
0 0.418750 0.678472 0.054167 0.048611
0 0.656771 0.384028 0.015625 0.015278
0 0.656771 0.384028 0.015625 0.015278
0 0.418750 0.678472 0.054167 0.048611
0 0.553125 0.497222 0.031250 0.027778
0 0.684375 0.734722 0.062500 0.052778
0 0.515625 0.522222 0.037500 0.030556
0 0.343750 0.398611 0.018750 0.019444
0 0.551042 0.529167 0.033333 0.027778
0 0.339062 0.638194 0.051042 0.043056
0 0.581250 0.419444 0.010417 0.016667
0 0.678646 0.479861 0.048958 0.054167
0 0.667708 0.425694 0.014583 0.012500
0 0.603125 0.407639 0.014583 0.015278
0 0.605729 0.511806 0.030208 0.031944
0 0.459375 0.412500 0.022917 0.019444
0 0.622917 0.395833 0.016667 0.016667
0 0.606250 0.546528 0.033333 0.029167
0 0.619792 0.401389 0.014583 0.013889
0 0.619792 0.401389 0.014583 0.013889
0 0.606250 0.546528 0.033333 0.029167
0 0.622917 0.395833 0.016667 0.016667
0 0.459375 0.412500 0.022917 0.019444
0 0.605729 0.511806 0.030208 0.031944
0 0.603125 0.407639 0.014583 0.015278
0 0.667708 0.425694 0.014583 0.012500
0 0.678646 0.479861 0.048958 0.054167
0 0.581250 0.419444 0.010417 0.016667
0 0.339062 0.638194 0.051042 0.043056
0 0.551042 0.529167 0.033333 0.027778
0 0.343750 0.398611 0.018750 0.019444
0 0.515625 0.522222 0.037500 0.030556
0 0.684375 0.734722 0.062500 0.052778
0 0.553125 0.497222 0.031250 0.027778
0 0.418750 0.678472 0.054167 0.048611
0 0.656771 0.384028 0.015625 0.015278
0 0.656771 0.384028 0.015625 0.015278
0 0.418750 0.678472 0.054167 0.048611
0 0.553125 0.497222 0.031250 0.027778
0 0.684375 0.734722 0.062500 0.052778
0 0.515625 0.522222 0.037500 0.030556
0 0.343750 0.398611 0.018750 0.019444
0 0.551042 0.529167 0.033333 0.027778
0 0.339062 0.638194 0.051042 0.043056
0 0.581250 0.419444 0.010417 0.016667
0 0.619792 0.401389 0.014583 0.013889
0 0.606250 0.546528 0.033333 0.029167
0 0.622917 0.395833 0.016667 0.016667
0 0.459375 0.412500 0.022917 0.019444
0 0.605729 0.511806 0.030208 0.031944
0 0.603125 0.407639 0.014583 0.015278
0 0.667708 0.425694 0.014583 0.012500
0 0.678646 0.479861 0.048958 0.054167
0 0.581250 0.419444 0.010417 0.016667
0 0.339062 0.638194 0.051042 0.043056
0 0.551042 0.529167 0.033333 0.027778
0 0.343750 0.398611 0.018750 0.019444
0 0.515625 0.522222 0.037500 0.030556
0 0.684375 0.734722 0.062500 0.052778
0 0.553125 0.497222 0.031250 0.027778
0 0.418750 0.678472 0.054167 0.048611
0 0.656771 0.384028 0.015625 0.015278
0 0.619792 0.401389 0.014583 0.013889
0 0.656771 0.384028 0.015625 0.015278
0 0.418750 0.678472 0.054167 0.048611
0 0.553125 0.497222 0.031250 0.027778
0 0.684375 0.734722 0.062500 0.052778
0 0.515625 0.522222 0.037500 0.030556
0 0.343750 0.398611 0.018750 0.019444
0 0.551042 0.529167 0.033333 0.027778
0 0.339062 0.638194 0.051042 0.043056
0 0.581250 0.419444 0.010417 0.016667
0 0.678646 0.479861 0.048958 0.054167
0 0.667708 0.425694 0.014583 0.012500
0 0.603125 0.407639 0.014583 0.015278
0 0.605729 0.511806 0.030208 0.031944
0 0.459375 0.412500 0.022917 0.019444
0 0.622917 0.395833 0.016667 0.016667
0 0.606250 0.546528 0.033333 0.029167
0 0.619792 0.401389 0.014583 0.013889
0 0.606250 0.546528 0.033333 0.029167
0 0.622917 0.395833 0.016667 0.016667
0 0.459375 0.412500 0.022917 0.019444
0 0.605729 0.511806 0.030208 0.031944
0 0.603125 0.407639 0.014583 0.015278
0 0.667708 0.425694 0.014583 0.012500
0 0.678646 0.479861 0.048958 0.054167
0 0.581250 0.419444 0.010417 0.016667
0 0.339062 0.638194 0.051042 0.043056
0 0.551042 0.529167 0.033333 0.027778
0 0.343750 0.398611 0.018750 0.019444
0 0.515625 0.522222 0.037500 0.030556
0 0.684375 0.734722 0.062500 0.052778
0 0.553125 0.497222 0.031250 0.027778
0 0.418750 0.678472 0.054167 0.048611
0 0.656771 0.384028 0.015625 0.015278
0 0.619792 0.401389 0.014583 0.013889
0 0.606250 0.546528 0.033333 0.029167
0 0.622917 0.395833 0.016667 0.016667
0 0.459375 0.412500 0.022917 0.019444
0 0.605729 0.511806 0.030208 0.031944
0 0.603125 0.407639 0.014583 0.015278
0 0.667708 0.425694 0.014583 0.012500
0 0.678646 0.479861 0.048958 0.054167
0 0.606250 0.546528 0.033333 0.029167
