0 0.563672 0.745139 0.097656 0.151389
0 0.487500 0.261806 0.023438 0.034722
0 0.489063 0.284722 0.026562 0.047222
0 0.477734 0.333333 0.039844 0.061111
0 0.450781 0.236111 0.045312 0.075000
0 0.714844 0.193056 0.039062 0.055556
0 0.492969 0.893056 0.156250 0.211111
0 0.511719 0.240972 0.025000 0.043056
0 0.738281 0.434722 0.039062 0.069444
0 0.519531 0.273611 0.031250 0.044444
0 0.182031 0.868750 0.142187 0.251389
0 0.725391 0.327083 0.036719 0.087500
0 0.493359 0.645833 0.086719 0.169444
0 0.703125 0.256944 0.035937 0.061111
0 0.844531 0.329861 0.060937 0.062500
0 0.527344 0.210417 0.017188 0.037500
0 0.527344 0.210417 0.017188 0.037500
0 0.844531 0.329861 0.060937 0.062500
0 0.703125 0.256944 0.035937 0.061111
0 0.493359 0.645833 0.086719 0.169444
0 0.725391 0.327083 0.036719 0.087500
0 0.182031 0.868750 0.142187 0.251389
0 0.519531 0.273611 0.031250 0.044444
0 0.738281 0.434722 0.039062 0.069444
0 0.511719 0.240972 0.025000 0.043056
0 0.492969 0.893056 0.156250 0.211111
0 0.714844 0.193056 0.039062 0.055556
0 0.450781 0.236111 0.045312 0.075000
0 0.477734 0.333333 0.039844 0.061111
0 0.489063 0.284722 0.026562 0.047222
0 0.487500 0.261806 0.023438 0.034722
0 0.563672 0.745139 0.097656 0.151389
0 0.847656 0.265278 0.034375 0.038889
0 0.578125 0.508333 0.076563 0.086111
0 0.851953 0.495833 0.116406 0.108333
0 0.628906 0.465278 0.051562 0.100000
0 0.763281 0.192361 0.039062 0.045833
0 0.595703 0.434028 0.066406 0.062500
0 0.876172 0.315278 0.036719 0.066667
0 0.133594 0.936806 0.178125 0.123611
0 0.215625 0.499306 0.075000 0.087500
0 0.349219 0.649306 0.085938 0.093056
0 0.509375 0.213889 0.018750 0.016667
0 0.670703 0.231250 0.016406 0.059722
0 0.912891 0.556250 0.075781 0.137500
0 0.337500 0.944444 0.135937 0.108333
0 0.389844 0.397222 0.060937 0.055556
0 0.607031 0.298611 0.025000 0.055556
0 0.319141 0.561111 0.074219 0.116667
0 0.633984 0.289583 0.028906 0.040278
0 0.645703 0.243750 0.017969 0.029167
0 0.124609 0.620139 0.035156 0.129167
0 0.714844 0.395139 0.082812 0.048611
0 0.803516 0.382639 0.103906 0.076389
0 0.512500 0.309722 0.040625 0.055556
0 0.604297 0.954861 0.136719 0.087500
0 0.244922 0.554167 0.078906 0.102778
0 0.290625 0.484028 0.067187 0.081944
0 0.504687 0.192361 0.029687 0.051389
0 0.512500 0.422222 0.960938 0.177778
0 0.271875 0.376389 0.096875 0.152778
0 0.410938 0.331250 0.031250 0.062500
0 0.577734 0.562500 0.072656 0.108333
0 0.344922 0.602083 0.091406 0.126389
0 0.717969 0.284722 0.032813 0.044444
0 0.887500 0.401389 0.065625 0.077778
0 0.829297 0.296528 0.047656 0.048611
0 0.241016 0.745139 0.110156 0.212500
0 0.353906 0.488194 0.062500 0.087500
0 0.382422 0.296528 0.027344 0.051389
0 0.063672 0.730556 0.127344 0.363889
0 0.419531 0.501389 0.078125 0.113889
0 0.473047 0.236806 0.022656 0.084722
0 0.588281 0.379861 0.107813 0.084722
0 0.814844 0.441667 0.117188 0.086111
0 0.503125 0.463194 0.082812 0.073611
0 0.386328 0.235417 0.063281 0.098611
0 0.176953 0.665972 0.096094 0.134722
0 0.387891 0.434028 0.061719 0.059722
0 0.690234 0.328472 0.030469 0.059722
0 0.284375 0.991667 0.076563 0.013889
0 0.446094 0.297222 0.039062 0.063889
0 0.952734 0.410417 0.092969 0.084722
0 0.955078 0.642361 0.088281 0.204167
0 0.970703 0.360417 0.057031 0.029167
0 0.697266 0.445833 0.053906 0.097222
0 0.421094 0.203472 0.021875 0.045833
0 0.810937 0.265972 0.037500 0.048611
0 0.106641 0.511111 0.157031 0.180556
0 0.340625 0.800000 0.123438 0.213889
0 0.723828 0.295139 0.028906 0.031944
0 0.498047 0.523611 0.061719 0.086111
0 0.439453 0.572917 0.094531 0.165278
0 0.439453 0.572917 0.094531 0.165278
0 0.498047 0.523611 0.061719 0.086111
0 0.723828 0.295139 0.028906 0.031944
0 0.340625 0.800000 0.123438 0.213889
0 0.106641 0.511111 0.157031 0.180556
0 0.810937 0.265972 0.037500 0.048611
0 0.421094 0.203472 0.021875 0.045833
0 0.697266 0.445833 0.053906 0.097222
0 0.970703 0.360417 0.057031 0.029167
0 0.955078 0.642361 0.088281 0.204167
0 0.952734 0.410417 0.092969 0.084722
0 0.446094 0.297222 0.039062 0.063889
0 0.284375 0.991667 0.076563 0.013889
0 0.690234 0.328472 0.030469 0.059722
0 0.387891 0.434028 0.061719 0.059722
0 0.176953 0.665972 0.096094 0.134722
0 0.386328 0.235417 0.063281 0.098611
0 0.503125 0.463194 0.082812 0.073611
0 0.814844 0.441667 0.117188 0.086111
0 0.588281 0.379861 0.107813 0.084722
0 0.473047 0.236806 0.022656 0.084722
0 0.419531 0.501389 0.078125 0.113889
0 0.063672 0.730556 0.127344 0.363889
0 0.382422 0.296528 0.027344 0.051389
0 0.353906 0.488194 0.062500 0.087500
0 0.241016 0.745139 0.110156 0.212500
0 0.829297 0.296528 0.047656 0.048611
0 0.887500 0.401389 0.065625 0.077778
0 0.717969 0.284722 0.032813 0.044444
0 0.344922 0.602083 0.091406 0.126389
0 0.577734 0.562500 0.072656 0.108333
0 0.410938 0.331250 0.031250 0.062500
0 0.271875 0.376389 0.096875 0.152778
0 0.512500 0.422222 0.960938 0.177778
0 0.504687 0.192361 0.029687 0.051389
0 0.290625 0.484028 0.067187 0.081944
0 0.244922 0.554167 0.078906 0.102778
0 0.604297 0.954861 0.136719 0.087500
0 0.512500 0.309722 0.040625 0.055556
0 0.803516 0.382639 0.103906 0.076389
0 0.714844 0.395139 0.082812 0.048611
0 0.124609 0.620139 0.035156 0.129167
0 0.645703 0.243750 0.017969 0.029167
0 0.633984 0.289583 0.028906 0.040278
0 0.319141 0.561111 0.074219 0.116667
0 0.607031 0.298611 0.025000 0.055556
0 0.389844 0.397222 0.060937 0.055556
0 0.337500 0.944444 0.135937 0.108333
0 0.912891 0.556250 0.075781 0.137500
0 0.670703 0.231250 0.016406 0.059722
0 0.509375 0.213889 0.018750 0.016667
0 0.349219 0.649306 0.085938 0.093056
0 0.215625 0.499306 0.075000 0.087500
0 0.133594 0.936806 0.178125 0.123611
0 0.876172 0.315278 0.036719 0.066667
0 0.595703 0.434028 0.066406 0.062500
0 0.763281 0.192361 0.039062 0.045833
0 0.628906 0.465278 0.051562 0.100000
0 0.851953 0.495833 0.116406 0.108333
0 0.578125 0.508333 0.076563 0.086111
0 0.847656 0.265278 0.034375 0.038889
0 0.563672 0.745139 0.097656 0.151389
0 0.487500 0.261806 0.023438 0.034722
0 0.489063 0.284722 0.026562 0.047222
0 0.477734 0.333333 0.039844 0.061111
0 0.450781 0.236111 0.045312 0.075000
0 0.714844 0.193056 0.039062 0.055556
0 0.492969 0.893056 0.156250 0.211111
0 0.511719 0.240972 0.025000 0.043056
0 0.738281 0.434722 0.039062 0.069444
0 0.519531 0.273611 0.031250 0.044444
0 0.182031 0.868750 0.142187 0.251389
0 0.725391 0.327083 0.036719 0.087500
0 0.493359 0.645833 0.086719 0.169444
0 0.703125 0.256944 0.035937 0.061111
0 0.844531 0.329861 0.060937 0.062500
0 0.527344 0.210417 0.017188 0.037500
0 0.527344 0.210417 0.017188 0.037500
0 0.844531 0.329861 0.060937 0.062500
0 0.703125 0.256944 0.035937 0.061111
0 0.493359 0.645833 0.086719 0.169444
0 0.725391 0.327083 0.036719 0.087500
0 0.182031 0.868750 0.142187 0.251389
0 0.519531 0.273611 0.031250 0.044444
0 0.738281 0.434722 0.039062 0.069444
0 0.511719 0.240972 0.025000 0.043056
0 0.492969 0.893056 0.156250 0.211111
0 0.714844 0.193056 0.039062 0.055556
0 0.450781 0.236111 0.045312 0.075000
0 0.477734 0.333333 0.039844 0.061111
0 0.489063 0.284722 0.026562 0.047222
0 0.487500 0.261806 0.023438 0.034722
0 0.563672 0.745139 0.097656 0.151389
0 0.847656 0.265278 0.034375 0.038889
0 0.578125 0.508333 0.076563 0.086111
0 0.851953 0.495833 0.116406 0.108333
0 0.628906 0.465278 0.051562 0.100000
0 0.763281 0.192361 0.039062 0.045833
0 0.595703 0.434028 0.066406 0.062500
0 0.876172 0.315278 0.036719 0.066667
0 0.133594 0.936806 0.178125 0.123611
0 0.215625 0.499306 0.075000 0.087500
0 0.349219 0.649306 0.085938 0.093056
0 0.509375 0.213889 0.018750 0.016667
0 0.670703 0.231250 0.016406 0.059722
0 0.912891 0.556250 0.075781 0.137500
0 0.337500 0.944444 0.135937 0.108333
0 0.389844 0.397222 0.060937 0.055556
0 0.607031 0.298611 0.025000 0.055556
0 0.319141 0.561111 0.074219 0.116667
0 0.633984 0.289583 0.028906 0.040278
0 0.645703 0.243750 0.017969 0.029167
0 0.124609 0.620139 0.035156 0.129167
0 0.714844 0.395139 0.082812 0.048611
0 0.803516 0.382639 0.103906 0.076389
0 0.512500 0.309722 0.040625 0.055556
0 0.604297 0.954861 0.136719 0.087500
0 0.244922 0.554167 0.078906 0.102778
0 0.290625 0.484028 0.067187 0.081944
0 0.504687 0.192361 0.029687 0.051389
0 0.512500 0.422222 0.960938 0.177778
0 0.271875 0.376389 0.096875 0.152778
0 0.410938 0.331250 0.031250 0.062500
0 0.577734 0.562500 0.072656 0.108333
0 0.344922 0.602083 0.091406 0.126389
0 0.717969 0.284722 0.032813 0.044444
0 0.887500 0.401389 0.065625 0.077778
0 0.829297 0.296528 0.047656 0.048611
0 0.241016 0.745139 0.110156 0.212500
0 0.353906 0.488194 0.062500 0.087500
0 0.382422 0.296528 0.027344 0.051389
0 0.063672 0.730556 0.127344 0.363889
0 0.419531 0.501389 0.078125 0.113889
0 0.473047 0.236806 0.022656 0.084722
0 0.588281 0.379861 0.107813 0.084722
0 0.814844 0.441667 0.117188 0.086111
0 0.503125 0.463194 0.082812 0.073611
0 0.386328 0.235417 0.063281 0.098611
0 0.176953 0.665972 0.096094 0.134722
0 0.387891 0.434028 0.061719 0.059722
0 0.690234 0.328472 0.030469 0.059722
0 0.284375 0.991667 0.076563 0.013889
0 0.446094 0.297222 0.039062 0.063889
0 0.952734 0.410417 0.092969 0.084722
0 0.955078 0.642361 0.088281 0.204167
0 0.970703 0.360417 0.057031 0.029167
0 0.697266 0.445833 0.053906 0.097222
0 0.421094 0.203472 0.021875 0.045833
0 0.810937 0.265972 0.037500 0.048611
0 0.106641 0.511111 0.157031 0.180556
0 0.340625 0.800000 0.123438 0.213889
0 0.723828 0.295139 0.028906 0.031944
0 0.498047 0.523611 0.061719 0.086111
0 0.439453 0.572917 0.094531 0.165278
0 0.439453 0.572917 0.094531 0.165278
0 0.498047 0.523611 0.061719 0.086111
0 0.723828 0.295139 0.028906 0.031944
0 0.340625 0.800000 0.123438 0.213889
0 0.106641 0.511111 0.157031 0.180556
0 0.810937 0.265972 0.037500 0.048611
0 0.421094 0.203472 0.021875 0.045833
0 0.697266 0.445833 0.053906 0.097222
0 0.970703 0.360417 0.057031 0.029167
0 0.955078 0.642361 0.088281 0.204167
0 0.952734 0.410417 0.092969 0.084722
0 0.446094 0.297222 0.039062 0.063889
0 0.284375 0.991667 0.076563 0.013889
0 0.690234 0.328472 0.030469 0.059722
0 0.387891 0.434028 0.061719 0.059722
0 0.176953 0.665972 0.096094 0.134722
0 0.386328 0.235417 0.063281 0.098611
0 0.503125 0.463194 0.082812 0.073611
0 0.814844 0.441667 0.117188 0.086111
0 0.588281 0.379861 0.107813 0.084722
0 0.473047 0.236806 0.022656 0.084722
0 0.419531 0.501389 0.078125 0.113889
0 0.063672 0.730556 0.127344 0.363889
0 0.382422 0.296528 0.027344 0.051389
0 0.353906 0.488194 0.062500 0.087500
0 0.241016 0.745139 0.110156 0.212500
0 0.829297 0.296528 0.047656 0.048611
0 0.887500 0.401389 0.065625 0.077778
0 0.717969 0.284722 0.032813 0.044444
0 0.344922 0.602083 0.091406 0.126389
0 0.577734 0.562500 0.072656 0.108333
0 0.410938 0.331250 0.031250 0.062500
0 0.271875 0.376389 0.096875 0.152778
0 0.512500 0.422222 0.960938 0.177778
0 0.504687 0.192361 0.029687 0.051389
0 0.290625 0.484028 0.067187 0.081944
0 0.244922 0.554167 0.078906 0.102778
0 0.604297 0.954861 0.136719 0.087500
0 0.512500 0.309722 0.040625 0.055556
0 0.803516 0.382639 0.103906 0.076389
0 0.714844 0.395139 0.082812 0.048611
0 0.124609 0.620139 0.035156 0.129167
0 0.645703 0.243750 0.017969 0.029167
0 0.633984 0.289583 0.028906 0.040278
0 0.319141 0.561111 0.074219 0.116667
0 0.607031 0.298611 0.025000 0.055556
0 0.389844 0.397222 0.060937 0.055556
0 0.337500 0.944444 0.135937 0.108333
0 0.912891 0.556250 0.075781 0.137500
0 0.670703 0.231250 0.016406 0.059722
0 0.509375 0.213889 0.018750 0.016667
0 0.349219 0.649306 0.085938 0.093056
0 0.215625 0.499306 0.075000 0.087500
0 0.133594 0.936806 0.178125 0.123611
0 0.876172 0.315278 0.036719 0.066667
0 0.595703 0.434028 0.066406 0.062500
0 0.763281 0.192361 0.039062 0.045833
0 0.628906 0.465278 0.051562 0.100000
0 0.851953 0.495833 0.116406 0.108333
0 0.578125 0.508333 0.076563 0.086111
0 0.847656 0.265278 0.034375 0.038889
0 0.563672 0.745139 0.097656 0.151389
0 0.487500 0.261806 0.023438 0.034722
0 0.489063 0.284722 0.026562 0.047222
0 0.477734 0.333333 0.039844 0.061111
0 0.450781 0.236111 0.045312 0.075000
0 0.714844 0.193056 0.039062 0.055556
0 0.492969 0.893056 0.156250 0.211111
0 0.511719 0.240972 0.025000 0.043056
0 0.738281 0.434722 0.039062 0.069444
0 0.519531 0.273611 0.031250 0.044444
0 0.182031 0.868750 0.142187 0.251389
0 0.725391 0.327083 0.036719 0.087500
0 0.493359 0.645833 0.086719 0.169444
0 0.703125 0.256944 0.035937 0.061111
0 0.844531 0.329861 0.060937 0.062500
0 0.527344 0.210417 0.017188 0.037500
0 0.527344 0.210417 0.017188 0.037500
0 0.844531 0.329861 0.060937 0.062500
0 0.703125 0.256944 0.035937 0.061111
0 0.493359 0.645833 0.086719 0.169444
0 0.725391 0.327083 0.036719 0.087500
0 0.182031 0.868750 0.142187 0.251389
0 0.519531 0.273611 0.031250 0.044444
0 0.738281 0.434722 0.039062 0.069444
0 0.511719 0.240972 0.025000 0.043056
0 0.492969 0.893056 0.156250 0.211111
0 0.714844 0.193056 0.039062 0.055556
0 0.450781 0.236111 0.045312 0.075000
0 0.477734 0.333333 0.039844 0.061111
0 0.489063 0.284722 0.026562 0.047222
0 0.487500 0.261806 0.023438 0.034722
0 0.563672 0.745139 0.097656 0.151389
0 0.847656 0.265278 0.034375 0.038889
0 0.578125 0.508333 0.076563 0.086111
0 0.851953 0.495833 0.116406 0.108333
0 0.628906 0.465278 0.051562 0.100000
0 0.763281 0.192361 0.039062 0.045833
0 0.595703 0.434028 0.066406 0.062500
0 0.876172 0.315278 0.036719 0.066667
0 0.133594 0.936806 0.178125 0.123611
0 0.215625 0.499306 0.075000 0.087500
0 0.349219 0.649306 0.085938 0.093056
0 0.509375 0.213889 0.018750 0.016667
0 0.670703 0.231250 0.016406 0.059722
0 0.912891 0.556250 0.075781 0.137500
0 0.337500 0.944444 0.135937 0.108333
0 0.389844 0.397222 0.060937 0.055556
0 0.607031 0.298611 0.025000 0.055556
0 0.319141 0.561111 0.074219 0.116667
0 0.633984 0.289583 0.028906 0.040278
0 0.645703 0.243750 0.017969 0.029167
0 0.124609 0.620139 0.035156 0.129167
0 0.714844 0.395139 0.082812 0.048611
0 0.803516 0.382639 0.103906 0.076389
0 0.512500 0.309722 0.040625 0.055556
0 0.604297 0.954861 0.136719 0.087500
0 0.244922 0.554167 0.078906 0.102778
0 0.290625 0.484028 0.067187 0.081944
0 0.504687 0.192361 0.029687 0.051389
0 0.512500 0.422222 0.960938 0.177778
0 0.271875 0.376389 0.096875 0.152778
0 0.410938 0.331250 0.031250 0.062500
0 0.577734 0.562500 0.072656 0.108333
0 0.344922 0.602083 0.091406 0.126389
0 0.717969 0.284722 0.032813 0.044444
0 0.887500 0.401389 0.065625 0.077778
0 0.829297 0.296528 0.047656 0.048611
0 0.241016 0.745139 0.110156 0.212500
0 0.353906 0.488194 0.062500 0.087500
0 0.382422 0.296528 0.027344 0.051389
0 0.063672 0.730556 0.127344 0.363889
0 0.419531 0.501389 0.078125 0.113889
0 0.473047 0.236806 0.022656 0.084722
0 0.588281 0.379861 0.107813 0.084722
0 0.814844 0.441667 0.117188 0.086111
0 0.503125 0.463194 0.082812 0.073611
0 0.386328 0.235417 0.063281 0.098611
0 0.176953 0.665972 0.096094 0.134722
0 0.387891 0.434028 0.061719 0.059722
0 0.690234 0.328472 0.030469 0.059722
0 0.284375 0.991667 0.076563 0.013889
0 0.446094 0.297222 0.039062 0.063889
0 0.952734 0.410417 0.092969 0.084722
0 0.955078 0.642361 0.088281 0.204167
0 0.970703 0.360417 0.057031 0.029167
0 0.697266 0.445833 0.053906 0.097222
0 0.421094 0.203472 0.021875 0.045833
0 0.810937 0.265972 0.037500 0.048611
0 0.106641 0.511111 0.157031 0.180556
0 0.340625 0.800000 0.123438 0.213889
0 0.723828 0.295139 0.028906 0.031944
0 0.498047 0.523611 0.061719 0.086111
0 0.439453 0.572917 0.094531 0.165278
0 0.439453 0.572917 0.094531 0.165278
0 0.498047 0.523611 0.061719 0.086111
0 0.723828 0.295139 0.028906 0.031944
0 0.340625 0.800000 0.123438 0.213889
0 0.106641 0.511111 0.157031 0.180556
0 0.810937 0.265972 0.037500 0.048611
0 0.421094 0.203472 0.021875 0.045833
0 0.697266 0.445833 0.053906 0.097222
0 0.970703 0.360417 0.057031 0.029167
0 0.955078 0.642361 0.088281 0.204167
0 0.952734 0.410417 0.092969 0.084722
0 0.446094 0.297222 0.039062 0.063889
0 0.284375 0.991667 0.076563 0.013889
0 0.690234 0.328472 0.030469 0.059722
0 0.387891 0.434028 0.061719 0.059722
0 0.176953 0.665972 0.096094 0.134722
0 0.386328 0.235417 0.063281 0.098611
0 0.503125 0.463194 0.082812 0.073611
0 0.814844 0.441667 0.117188 0.086111
0 0.588281 0.379861 0.107813 0.084722
0 0.473047 0.236806 0.022656 0.084722
0 0.419531 0.501389 0.078125 0.113889
0 0.063672 0.730556 0.127344 0.363889
0 0.382422 0.296528 0.027344 0.051389
0 0.353906 0.488194 0.062500 0.087500
0 0.241016 0.745139 0.110156 0.212500
0 0.829297 0.296528 0.047656 0.048611
0 0.887500 0.401389 0.065625 0.077778
0 0.717969 0.284722 0.032813 0.044444
0 0.344922 0.602083 0.091406 0.126389
0 0.577734 0.562500 0.072656 0.108333
0 0.410938 0.331250 0.031250 0.062500
0 0.271875 0.376389 0.096875 0.152778
0 0.512500 0.422222 0.960938 0.177778
0 0.504687 0.192361 0.029687 0.051389
0 0.290625 0.484028 0.067187 0.081944
0 0.244922 0.554167 0.078906 0.102778
0 0.604297 0.954861 0.136719 0.087500
0 0.512500 0.309722 0.040625 0.055556
0 0.803516 0.382639 0.103906 0.076389
0 0.714844 0.395139 0.082812 0.048611
0 0.124609 0.620139 0.035156 0.129167
0 0.645703 0.243750 0.017969 0.029167
0 0.633984 0.289583 0.028906 0.040278
0 0.319141 0.561111 0.074219 0.116667
0 0.607031 0.298611 0.025000 0.055556
0 0.389844 0.397222 0.060937 0.055556
0 0.337500 0.944444 0.135937 0.108333
0 0.912891 0.556250 0.075781 0.137500
0 0.670703 0.231250 0.016406 0.059722
0 0.509375 0.213889 0.018750 0.016667
0 0.349219 0.649306 0.085938 0.093056
0 0.215625 0.499306 0.075000 0.087500
0 0.133594 0.936806 0.178125 0.123611
0 0.876172 0.315278 0.036719 0.066667
0 0.595703 0.434028 0.066406 0.062500
0 0.763281 0.192361 0.039062 0.045833
0 0.628906 0.465278 0.051562 0.100000
0 0.851953 0.495833 0.116406 0.108333
0 0.578125 0.508333 0.076563 0.086111
0 0.847656 0.265278 0.034375 0.038889
0 0.563672 0.745139 0.097656 0.151389
0 0.487500 0.261806 0.023438 0.034722
0 0.489063 0.284722 0.026562 0.047222
0 0.477734 0.333333 0.039844 0.061111
0 0.450781 0.236111 0.045312 0.075000
0 0.714844 0.193056 0.039062 0.055556
0 0.492969 0.893056 0.156250 0.211111
0 0.511719 0.240972 0.025000 0.043056
0 0.738281 0.434722 0.039062 0.069444
0 0.519531 0.273611 0.031250 0.044444
0 0.182031 0.868750 0.142187 0.251389
0 0.725391 0.327083 0.036719 0.087500
0 0.493359 0.645833 0.086719 0.169444
0 0.703125 0.256944 0.035937 0.061111
0 0.844531 0.329861 0.060937 0.062500
0 0.527344 0.210417 0.017188 0.037500
0 0.439453 0.572917 0.094531 0.165278
0 0.498047 0.523611 0.061719 0.086111
0 0.723828 0.295139 0.028906 0.031944
0 0.340625 0.800000 0.123438 0.213889
0 0.106641 0.511111 0.157031 0.180556
0 0.810937 0.265972 0.037500 0.048611
0 0.421094 0.203472 0.021875 0.045833
0 0.697266 0.445833 0.053906 0.097222
0 0.970703 0.360417 0.057031 0.029167
0 0.955078 0.642361 0.088281 0.204167
0 0.952734 0.410417 0.092969 0.084722
0 0.446094 0.297222 0.039062 0.063889
0 0.284375 0.991667 0.076563 0.013889
0 0.690234 0.328472 0.030469 0.059722
0 0.387891 0.434028 0.061719 0.059722
0 0.176953 0.665972 0.096094 0.134722
0 0.386328 0.235417 0.063281 0.098611
0 0.503125 0.463194 0.082812 0.073611
0 0.814844 0.441667 0.117188 0.086111
0 0.588281 0.379861 0.107813 0.084722
0 0.473047 0.236806 0.022656 0.084722
0 0.419531 0.501389 0.078125 0.113889
0 0.063672 0.730556 0.127344 0.363889
0 0.382422 0.296528 0.027344 0.051389
0 0.353906 0.488194 0.062500 0.087500
0 0.241016 0.745139 0.110156 0.212500
0 0.829297 0.296528 0.047656 0.048611
0 0.887500 0.401389 0.065625 0.077778
0 0.717969 0.284722 0.032813 0.044444
0 0.344922 0.602083 0.091406 0.126389
0 0.577734 0.562500 0.072656 0.108333
0 0.410938 0.331250 0.031250 0.062500
0 0.271875 0.376389 0.096875 0.152778
0 0.512500 0.422222 0.960938 0.177778
0 0.504687 0.192361 0.029687 0.051389
0 0.290625 0.484028 0.067187 0.081944
0 0.244922 0.554167 0.078906 0.102778
0 0.604297 0.954861 0.136719 0.087500
0 0.512500 0.309722 0.040625 0.055556
0 0.803516 0.382639 0.103906 0.076389
0 0.714844 0.395139 0.082812 0.048611
0 0.124609 0.620139 0.035156 0.129167
0 0.645703 0.243750 0.017969 0.029167
0 0.633984 0.289583 0.028906 0.040278
0 0.319141 0.561111 0.074219 0.116667
0 0.607031 0.298611 0.025000 0.055556
0 0.389844 0.397222 0.060937 0.055556
0 0.337500 0.944444 0.135937 0.108333
0 0.912891 0.556250 0.075781 0.137500
0 0.670703 0.231250 0.016406 0.059722
0 0.509375 0.213889 0.018750 0.016667
0 0.349219 0.649306 0.085938 0.093056
0 0.215625 0.499306 0.075000 0.087500
0 0.133594 0.936806 0.178125 0.123611
0 0.876172 0.315278 0.036719 0.066667
0 0.595703 0.434028 0.066406 0.062500
0 0.763281 0.192361 0.039062 0.045833
0 0.628906 0.465278 0.051562 0.100000
0 0.851953 0.495833 0.116406 0.108333
0 0.578125 0.508333 0.076563 0.086111
0 0.847656 0.265278 0.034375 0.038889
