0 0.490625 0.531481 0.015625 0.018519
0 0.274740 0.556481 0.016146 0.024074
0 0.414844 0.485185 0.020313 0.018519
0 0.274740 0.556481 0.016146 0.024074
0 0.664062 0.434259 0.013542 0.012963
0 0.274740 0.556481 0.016146 0.024074
0 0.840885 0.443981 0.010937 0.012037
0 0.414844 0.485185 0.020313 0.018519
0 0.840885 0.443981 0.010937 0.012037
0 0.840885 0.443981 0.010937 0.012037
0 0.414844 0.485185 0.020313 0.018519
0 0.274740 0.556481 0.016146 0.024074
0 0.490625 0.531481 0.015625 0.018519
0 0.525521 0.443981 0.013542 0.010185
0 0.664062 0.434259 0.013542 0.012963
0 0.414844 0.485185 0.020313 0.018519
0 0.840885 0.443981 0.010937 0.012037
0 0.274740 0.556481 0.016146 0.024074
0 0.490625 0.531481 0.015625 0.018519
0 0.840885 0.443981 0.010937 0.012037
0 0.414844 0.485185 0.020313 0.018519
0 0.664062 0.434259 0.013542 0.012963
0 0.525521 0.443981 0.013542 0.010185
0 0.490625 0.531481 0.015625 0.018519
0 0.490625 0.531481 0.015625 0.018519
0 0.840885 0.443981 0.010937 0.012037
0 0.414844 0.485185 0.020313 0.018519
0 0.525521 0.443981 0.013542 0.010185
0 0.490625 0.531481 0.015625 0.018519
0 0.525521 0.443981 0.013542 0.010185
0 0.664062 0.434259 0.013542 0.012963
0 0.664062 0.434259 0.013542 0.012963
0 0.525521 0.443981 0.013542 0.010185
0 0.414844 0.485185 0.020313 0.018519
0 0.840885 0.443981 0.010937 0.012037
0 0.664062 0.434259 0.013542 0.012963
0 0.525521 0.443981 0.013542 0.010185
0 0.274740 0.556481 0.016146 0.024074
0 0.274740 0.556481 0.016146 0.024074
0 0.490625 0.531481 0.015625 0.018519
0 0.525521 0.443981 0.013542 0.010185
0 0.664062 0.434259 0.013542 0.012963
