0 0.196484 0.452083 0.160156 0.273611
0 0.342578 0.031944 0.016406 0.025000
0 0.287891 0.206944 0.032031 0.072222
0 0.514844 0.885417 0.110937 0.226389
0 0.196484 0.452083 0.160156 0.273611
0 0.156641 0.753472 0.313281 0.490278
0 0.317969 0.026389 0.015625 0.025000
0 0.370312 0.066667 0.021875 0.041667
0 0.292187 0.026389 0.014063 0.022222
0 0.291797 0.116667 0.022656 0.036111
0 0.239844 0.156944 0.029687 0.055556
0 0.239844 0.156944 0.029687 0.055556
0 0.291797 0.116667 0.022656 0.036111
0 0.292187 0.026389 0.014063 0.022222
0 0.370312 0.066667 0.021875 0.041667
0 0.317969 0.026389 0.015625 0.025000
0 0.156641 0.753472 0.313281 0.490278
0 0.196484 0.452083 0.160156 0.273611
0 0.514844 0.885417 0.110937 0.226389
0 0.287891 0.206944 0.032031 0.072222
0 0.342578 0.031944 0.016406 0.025000
0 0.514844 0.885417 0.110937 0.226389
0 0.287891 0.206944 0.032031 0.072222
0 0.342578 0.031944 0.016406 0.025000
0 0.239844 0.156944 0.029687 0.055556
0 0.342578 0.031944 0.016406 0.025000
0 0.287891 0.206944 0.032031 0.072222
0 0.514844 0.885417 0.110937 0.226389
0 0.342578 0.031944 0.016406 0.025000
0 0.287891 0.206944 0.032031 0.072222
0 0.514844 0.885417 0.110937 0.226389
0 0.196484 0.452083 0.160156 0.273611
0 0.196484 0.452083 0.160156 0.273611
0 0.156641 0.753472 0.313281 0.490278
0 0.317969 0.026389 0.015625 0.025000
0 0.370312 0.066667 0.021875 0.041667
0 0.292187 0.026389 0.014063 0.022222
0 0.156641 0.753472 0.313281 0.490278
0 0.317969 0.026389 0.015625 0.025000
0 0.370312 0.066667 0.021875 0.041667
0 0.292187 0.026389 0.014063 0.022222
0 0.291797 0.116667 0.022656 0.036111
0 0.342578 0.031944 0.016406 0.025000
0 0.287891 0.206944 0.032031 0.072222
0 0.514844 0.885417 0.110937 0.226389
0 0.196484 0.452083 0.160156 0.273611
0 0.156641 0.753472 0.313281 0.490278
0 0.317969 0.026389 0.015625 0.025000
0 0.370312 0.066667 0.021875 0.041667
0 0.292187 0.026389 0.014063 0.022222
0 0.291797 0.116667 0.022656 0.036111
0 0.239844 0.156944 0.029687 0.055556
0 0.239844 0.156944 0.029687 0.055556
0 0.291797 0.116667 0.022656 0.036111
0 0.239844 0.156944 0.029687 0.055556
0 0.342578 0.031944 0.016406 0.025000
0 0.287891 0.206944 0.032031 0.072222
0 0.514844 0.885417 0.110937 0.226389
0 0.196484 0.452083 0.160156 0.273611
0 0.156641 0.753472 0.313281 0.490278
0 0.317969 0.026389 0.015625 0.025000
0 0.370312 0.066667 0.021875 0.041667
0 0.292187 0.026389 0.014063 0.022222
0 0.291797 0.116667 0.022656 0.036111
0 0.239844 0.156944 0.029687 0.055556
0 0.291797 0.116667 0.022656 0.036111
0 0.292187 0.026389 0.014063 0.022222
0 0.370312 0.066667 0.021875 0.041667
0 0.317969 0.026389 0.015625 0.025000
0 0.156641 0.753472 0.313281 0.490278
