0 0.176563 0.300000 0.025000 0.022222
0 0.602344 0.512500 0.042188 0.047222
0 0.446875 0.404167 0.031250 0.036111
0 0.173437 0.212500 0.015625 0.013889
0 0.140625 0.300000 0.012500 0.022222
0 0.182812 0.359722 0.018750 0.025000
0 0.208594 0.344444 0.020313 0.022222
0 0.797656 0.611111 0.204687 0.200000
0 0.257812 0.209722 0.015625 0.019444
0 0.492969 0.430556 0.032813 0.038889
0 0.197656 0.209722 0.014063 0.013889
0 0.241406 0.266667 0.014063 0.016667
0 0.235937 0.248611 0.012500 0.025000
0 0.136719 0.281944 0.014063 0.019444
0 0.903906 0.794444 0.082812 0.083333
0 0.427344 0.537500 0.032813 0.047222
0 0.532031 0.506944 0.035937 0.036111
0 0.305469 0.308333 0.017188 0.022222
0 0.160938 0.277778 0.012500 0.016667
0 0.335156 0.458333 0.026562 0.033333
0 0.695312 0.940278 0.087500 0.113889
0 0.344531 0.331944 0.020313 0.030556
0 0.479687 0.409722 0.018750 0.025000
0 0.247656 0.272222 0.017188 0.022222
0 0.228125 0.363889 0.021875 0.027778
0 0.254688 0.247222 0.015625 0.016667
0 0.203125 0.488889 0.028125 0.038889
0 0.145313 0.240278 0.009375 0.013889
0 0.696875 0.548611 0.021875 0.041667
0 0.292969 0.276389 0.014063 0.019444
0 0.664844 0.605556 0.048438 0.055556
0 0.494531 0.465278 0.032813 0.041667
0 0.368750 0.379167 0.021875 0.025000
0 0.421094 0.372222 0.023438 0.027778
0 0.275000 0.243056 0.015625 0.025000
0 0.903906 0.794444 0.082812 0.083333
0 0.427344 0.537500 0.032813 0.047222
0 0.532031 0.506944 0.035937 0.036111
0 0.305469 0.308333 0.017188 0.022222
0 0.160938 0.277778 0.012500 0.016667
0 0.335156 0.458333 0.026562 0.033333
0 0.203125 0.488889 0.028125 0.038889
0 0.695312 0.940278 0.087500 0.113889
0 0.344531 0.331944 0.020313 0.030556
0 0.479687 0.409722 0.018750 0.025000
0 0.532031 0.506944 0.035937 0.036111
0 0.305469 0.308333 0.017188 0.022222
0 0.160938 0.277778 0.012500 0.016667
0 0.335156 0.458333 0.026562 0.033333
0 0.695312 0.940278 0.087500 0.113889
0 0.344531 0.331944 0.020313 0.030556
0 0.479687 0.409722 0.018750 0.025000
0 0.247656 0.272222 0.017188 0.022222
0 0.228125 0.363889 0.021875 0.027778
0 0.254688 0.247222 0.015625 0.016667
0 0.203125 0.488889 0.028125 0.038889
0 0.145313 0.240278 0.009375 0.013889
0 0.696875 0.548611 0.021875 0.041667
0 0.292969 0.276389 0.014063 0.019444
0 0.664844 0.605556 0.048438 0.055556
0 0.494531 0.465278 0.032813 0.041667
0 0.368750 0.379167 0.021875 0.025000
0 0.421094 0.372222 0.023438 0.027778
0 0.275000 0.243056 0.015625 0.025000
0 0.122656 0.133333 0.085938 0.044444
0 0.410938 0.361111 0.021875 0.022222
0 0.357812 0.320833 0.015625 0.025000
0 0.209375 0.531944 0.034375 0.058333
0 0.293750 0.318056 0.015625 0.019444
0 0.281250 0.266667 0.009375 0.016667
0 0.196875 0.623611 0.040625 0.069444
0 0.235937 0.240278 0.012500 0.019444
0 0.657813 0.519444 0.040625 0.038889
0 0.305469 0.308333 0.017188 0.022222
0 0.532031 0.506944 0.035937 0.036111
0 0.427344 0.537500 0.032813 0.047222
0 0.903906 0.794444 0.082812 0.083333
0 0.136719 0.281944 0.014063 0.019444
0 0.235937 0.248611 0.012500 0.025000
0 0.797656 0.611111 0.204687 0.200000
0 0.257812 0.209722 0.015625 0.019444
0 0.492969 0.430556 0.032813 0.038889
0 0.197656 0.209722 0.014063 0.013889
0 0.241406 0.266667 0.014063 0.016667
0 0.235937 0.248611 0.012500 0.025000
0 0.136719 0.281944 0.014063 0.019444
0 0.241406 0.266667 0.014063 0.016667
0 0.197656 0.209722 0.014063 0.013889
0 0.492969 0.430556 0.032813 0.038889
0 0.257812 0.209722 0.015625 0.019444
0 0.797656 0.611111 0.204687 0.200000
0 0.208594 0.344444 0.020313 0.022222
0 0.182812 0.359722 0.018750 0.025000
0 0.140625 0.300000 0.012500 0.022222
0 0.173437 0.212500 0.015625 0.013889
0 0.446875 0.404167 0.031250 0.036111
0 0.602344 0.512500 0.042188 0.047222
0 0.211719 0.201389 0.010937 0.013889
0 0.176563 0.300000 0.025000 0.022222
0 0.405469 0.587500 0.045312 0.058333
0 0.570312 0.443056 0.031250 0.036111
0 0.209375 0.512500 0.037500 0.030556
0 0.247656 0.272222 0.017188 0.022222
0 0.228125 0.363889 0.021875 0.027778
0 0.254688 0.247222 0.015625 0.016667
0 0.203125 0.488889 0.028125 0.038889
0 0.405469 0.587500 0.045312 0.058333
0 0.176563 0.300000 0.025000 0.022222
0 0.211719 0.201389 0.010937 0.013889
0 0.602344 0.512500 0.042188 0.047222
0 0.446875 0.404167 0.031250 0.036111
0 0.173437 0.212500 0.015625 0.013889
0 0.140625 0.300000 0.012500 0.022222
0 0.182812 0.359722 0.018750 0.025000
0 0.208594 0.344444 0.020313 0.022222
0 0.797656 0.611111 0.204687 0.200000
0 0.257812 0.209722 0.015625 0.019444
0 0.492969 0.430556 0.032813 0.038889
0 0.197656 0.209722 0.014063 0.013889
0 0.241406 0.266667 0.014063 0.016667
0 0.209375 0.512500 0.037500 0.030556
0 0.570312 0.443056 0.031250 0.036111
0 0.208594 0.344444 0.020313 0.022222
0 0.182812 0.359722 0.018750 0.025000
0 0.140625 0.300000 0.012500 0.022222
0 0.173437 0.212500 0.015625 0.013889
0 0.446875 0.404167 0.031250 0.036111
0 0.602344 0.512500 0.042188 0.047222
0 0.211719 0.201389 0.010937 0.013889
0 0.176563 0.300000 0.025000 0.022222
0 0.405469 0.587500 0.045312 0.058333
0 0.570312 0.443056 0.031250 0.036111
0 0.209375 0.512500 0.037500 0.030556
0 0.696875 0.548611 0.021875 0.041667
0 0.145313 0.240278 0.009375 0.013889
0 0.211719 0.201389 0.010937 0.013889
0 0.145313 0.240278 0.009375 0.013889
0 0.696875 0.548611 0.021875 0.041667
0 0.292969 0.276389 0.014063 0.019444
0 0.664844 0.605556 0.048438 0.055556
0 0.494531 0.465278 0.032813 0.041667
0 0.368750 0.379167 0.021875 0.025000
0 0.421094 0.372222 0.023438 0.027778
0 0.254688 0.247222 0.015625 0.016667
0 0.228125 0.363889 0.021875 0.027778
0 0.247656 0.272222 0.017188 0.022222
0 0.479687 0.409722 0.018750 0.025000
0 0.344531 0.331944 0.020313 0.030556
0 0.695312 0.940278 0.087500 0.113889
0 0.335156 0.458333 0.026562 0.033333
0 0.160938 0.277778 0.012500 0.016667
0 0.305469 0.308333 0.017188 0.022222
0 0.532031 0.506944 0.035937 0.036111
0 0.427344 0.537500 0.032813 0.047222
0 0.903906 0.794444 0.082812 0.083333
0 0.136719 0.281944 0.014063 0.019444
0 0.235937 0.248611 0.012500 0.025000
0 0.241406 0.266667 0.014063 0.016667
0 0.197656 0.209722 0.014063 0.013889
0 0.492969 0.430556 0.032813 0.038889
0 0.257812 0.209722 0.015625 0.019444
0 0.797656 0.611111 0.204687 0.200000
0 0.208594 0.344444 0.020313 0.022222
0 0.182812 0.359722 0.018750 0.025000
0 0.140625 0.300000 0.012500 0.022222
0 0.657813 0.519444 0.040625 0.038889
0 0.235937 0.240278 0.012500 0.019444
0 0.196875 0.623611 0.040625 0.069444
0 0.281250 0.266667 0.009375 0.016667
0 0.657813 0.519444 0.040625 0.038889
0 0.235937 0.240278 0.012500 0.019444
0 0.196875 0.623611 0.040625 0.069444
0 0.281250 0.266667 0.009375 0.016667
0 0.293750 0.318056 0.015625 0.019444
0 0.209375 0.531944 0.034375 0.058333
0 0.357812 0.320833 0.015625 0.025000
0 0.410938 0.361111 0.021875 0.022222
0 0.122656 0.133333 0.085938 0.044444
0 0.275000 0.243056 0.015625 0.025000
0 0.421094 0.372222 0.023438 0.027778
0 0.368750 0.379167 0.021875 0.025000
0 0.494531 0.465278 0.032813 0.041667
0 0.664844 0.605556 0.048438 0.055556
0 0.136719 0.281944 0.014063 0.019444
0 0.903906 0.794444 0.082812 0.083333
0 0.427344 0.537500 0.032813 0.047222
0 0.532031 0.506944 0.035937 0.036111
0 0.305469 0.308333 0.017188 0.022222
0 0.160938 0.277778 0.012500 0.016667
0 0.335156 0.458333 0.026562 0.033333
0 0.695312 0.940278 0.087500 0.113889
0 0.344531 0.331944 0.020313 0.030556
0 0.479687 0.409722 0.018750 0.025000
0 0.247656 0.272222 0.017188 0.022222
0 0.228125 0.363889 0.021875 0.027778
0 0.254688 0.247222 0.015625 0.016667
0 0.203125 0.488889 0.028125 0.038889
0 0.145313 0.240278 0.009375 0.013889
0 0.696875 0.548611 0.021875 0.041667
0 0.292969 0.276389 0.014063 0.019444
0 0.664844 0.605556 0.048438 0.055556
0 0.494531 0.465278 0.032813 0.041667
0 0.368750 0.379167 0.021875 0.025000
0 0.421094 0.372222 0.023438 0.027778
0 0.275000 0.243056 0.015625 0.025000
0 0.275000 0.243056 0.015625 0.025000
0 0.122656 0.133333 0.085938 0.044444
0 0.410938 0.361111 0.021875 0.022222
0 0.357812 0.320833 0.015625 0.025000
0 0.209375 0.531944 0.034375 0.058333
0 0.292969 0.276389 0.014063 0.019444
0 0.293750 0.318056 0.015625 0.019444
0 0.405469 0.587500 0.045312 0.058333
0 0.570312 0.443056 0.031250 0.036111
0 0.209375 0.512500 0.037500 0.030556
0 0.173437 0.212500 0.015625 0.013889
0 0.446875 0.404167 0.031250 0.036111
0 0.602344 0.512500 0.042188 0.047222
0 0.211719 0.201389 0.010937 0.013889
0 0.176563 0.300000 0.025000 0.022222
0 0.122656 0.133333 0.085938 0.044444
0 0.410938 0.361111 0.021875 0.022222
0 0.357812 0.320833 0.015625 0.025000
0 0.209375 0.531944 0.034375 0.058333
0 0.293750 0.318056 0.015625 0.019444
0 0.122656 0.133333 0.085938 0.044444
0 0.410938 0.361111 0.021875 0.022222
0 0.357812 0.320833 0.015625 0.025000
0 0.209375 0.531944 0.034375 0.058333
0 0.293750 0.318056 0.015625 0.019444
0 0.281250 0.266667 0.009375 0.016667
0 0.196875 0.623611 0.040625 0.069444
0 0.235937 0.240278 0.012500 0.019444
0 0.657813 0.519444 0.040625 0.038889
0 0.281250 0.266667 0.009375 0.016667
0 0.196875 0.623611 0.040625 0.069444
0 0.235937 0.240278 0.012500 0.019444
0 0.657813 0.519444 0.040625 0.038889
0 0.657813 0.519444 0.040625 0.038889
0 0.235937 0.240278 0.012500 0.019444
0 0.196875 0.623611 0.040625 0.069444
0 0.281250 0.266667 0.009375 0.016667
0 0.293750 0.318056 0.015625 0.019444
0 0.209375 0.531944 0.034375 0.058333
0 0.357812 0.320833 0.015625 0.025000
0 0.410938 0.361111 0.021875 0.022222
0 0.122656 0.133333 0.085938 0.044444
0 0.275000 0.243056 0.015625 0.025000
0 0.421094 0.372222 0.023438 0.027778
0 0.368750 0.379167 0.021875 0.025000
0 0.494531 0.465278 0.032813 0.041667
0 0.664844 0.605556 0.048438 0.055556
0 0.292969 0.276389 0.014063 0.019444
0 0.696875 0.548611 0.021875 0.041667
0 0.145313 0.240278 0.009375 0.013889
0 0.203125 0.488889 0.028125 0.038889
0 0.254688 0.247222 0.015625 0.016667
0 0.228125 0.363889 0.021875 0.027778
0 0.247656 0.272222 0.017188 0.022222
0 0.479687 0.409722 0.018750 0.025000
0 0.344531 0.331944 0.020313 0.030556
0 0.695312 0.940278 0.087500 0.113889
0 0.335156 0.458333 0.026562 0.033333
0 0.160938 0.277778 0.012500 0.016667
0 0.305469 0.308333 0.017188 0.022222
0 0.532031 0.506944 0.035937 0.036111
0 0.427344 0.537500 0.032813 0.047222
0 0.903906 0.794444 0.082812 0.083333
0 0.209375 0.512500 0.037500 0.030556
0 0.570312 0.443056 0.031250 0.036111
0 0.405469 0.587500 0.045312 0.058333
0 0.136719 0.281944 0.014063 0.019444
0 0.235937 0.248611 0.012500 0.025000
0 0.241406 0.266667 0.014063 0.016667
0 0.197656 0.209722 0.014063 0.013889
0 0.492969 0.430556 0.032813 0.038889
0 0.257812 0.209722 0.015625 0.019444
0 0.797656 0.611111 0.204687 0.200000
0 0.208594 0.344444 0.020313 0.022222
0 0.182812 0.359722 0.018750 0.025000
0 0.140625 0.300000 0.012500 0.022222
0 0.173437 0.212500 0.015625 0.013889
0 0.446875 0.404167 0.031250 0.036111
0 0.602344 0.512500 0.042188 0.047222
0 0.211719 0.201389 0.010937 0.013889
0 0.176563 0.300000 0.025000 0.022222
0 0.405469 0.587500 0.045312 0.058333
0 0.570312 0.443056 0.031250 0.036111
0 0.209375 0.512500 0.037500 0.030556
0 0.657813 0.519444 0.040625 0.038889
0 0.235937 0.240278 0.012500 0.019444
0 0.196875 0.623611 0.040625 0.069444
0 0.281250 0.266667 0.009375 0.016667
0 0.293750 0.318056 0.015625 0.019444
0 0.209375 0.531944 0.034375 0.058333
0 0.357812 0.320833 0.015625 0.025000
0 0.410938 0.361111 0.021875 0.022222
0 0.122656 0.133333 0.085938 0.044444
0 0.275000 0.243056 0.015625 0.025000
0 0.421094 0.372222 0.023438 0.027778
0 0.368750 0.379167 0.021875 0.025000
0 0.494531 0.465278 0.032813 0.041667
0 0.664844 0.605556 0.048438 0.055556
0 0.292969 0.276389 0.014063 0.019444
0 0.696875 0.548611 0.021875 0.041667
0 0.145313 0.240278 0.009375 0.013889
0 0.203125 0.488889 0.028125 0.038889
0 0.254688 0.247222 0.015625 0.016667
0 0.235937 0.248611 0.012500 0.025000
0 0.228125 0.363889 0.021875 0.027778
0 0.247656 0.272222 0.017188 0.022222
0 0.479687 0.409722 0.018750 0.025000
0 0.344531 0.331944 0.020313 0.030556
0 0.695312 0.940278 0.087500 0.113889
0 0.335156 0.458333 0.026562 0.033333
0 0.160938 0.277778 0.012500 0.016667
0 0.209375 0.512500 0.037500 0.030556
0 0.570312 0.443056 0.031250 0.036111
0 0.405469 0.587500 0.045312 0.058333
0 0.176563 0.300000 0.025000 0.022222
0 0.211719 0.201389 0.010937 0.013889
0 0.602344 0.512500 0.042188 0.047222
0 0.446875 0.404167 0.031250 0.036111
0 0.173437 0.212500 0.015625 0.013889
0 0.140625 0.300000 0.012500 0.022222
0 0.182812 0.359722 0.018750 0.025000
0 0.208594 0.344444 0.020313 0.022222
0 0.797656 0.611111 0.204687 0.200000
0 0.257812 0.209722 0.015625 0.019444
0 0.492969 0.430556 0.032813 0.038889
0 0.197656 0.209722 0.014063 0.013889
0 0.241406 0.266667 0.014063 0.016667
0 0.235937 0.248611 0.012500 0.025000
0 0.136719 0.281944 0.014063 0.019444
0 0.903906 0.794444 0.082812 0.083333
0 0.427344 0.537500 0.032813 0.047222
