0 0.529297 0.674306 0.105469 0.056944
0 0.448828 0.288194 0.021094 0.031944
0 0.724609 0.718056 0.105469 0.094444
0 0.589844 0.318056 0.025000 0.033333
0 0.506250 0.459722 0.039062 0.016667
0 0.621875 0.729861 0.103125 0.156944
0 0.441016 0.488889 0.063281 0.091667
0 0.393750 0.290278 0.018750 0.027778
0 0.537500 0.562500 0.162500 0.194444
0 0.578125 0.873611 0.120313 0.208333
0 0.673828 0.477083 0.041406 0.043056
0 0.494141 0.347222 0.064844 0.047222
0 0.659766 0.694444 0.089844 0.127778
0 0.550781 0.364583 0.051562 0.043056
0 0.209766 0.807639 0.075781 0.145833
0 0.634375 0.429167 0.037500 0.036111
0 0.463281 0.950694 0.126562 0.095833
0 0.730469 0.575694 0.082812 0.070833
0 0.468359 0.263889 0.017969 0.022222
0 0.313281 0.925000 0.123438 0.147222
0 0.408984 0.359722 0.022656 0.055556
0 0.301563 0.875000 0.121875 0.186111
0 0.450000 0.264583 0.017188 0.018056
0 0.701172 0.515972 0.053906 0.065278
0 0.458984 0.650000 0.091406 0.113889
0 0.348828 0.540278 0.028906 0.111111
0 0.617578 0.393750 0.033594 0.040278
0 0.439063 0.845833 0.115625 0.186111
0 0.612500 0.446528 0.037500 0.045833
0 0.310937 0.497917 0.117188 0.231944
0 0.501953 0.404167 0.038281 0.058333
0 0.482031 0.284028 0.014063 0.029167
0 0.322266 0.415972 0.028906 0.031944
0 0.636719 0.559722 0.039062 0.088889
0 0.384766 0.310417 0.032031 0.056944
0 0.618750 0.313194 0.023438 0.023611
0 0.405469 0.271528 0.009375 0.023611
0 0.506250 0.438194 0.040625 0.031944
0 0.364063 0.570139 0.079687 0.151389
0 0.858203 0.928472 0.158594 0.140278
0 0.388281 0.275000 0.018750 0.019444
0 0.804297 0.681944 0.094531 0.125000
0 0.402344 0.504167 0.045312 0.027778
0 0.639062 0.457639 0.034375 0.026389
0 0.373437 0.502778 0.045312 0.069444
0 0.280469 0.609722 0.051562 0.063889
0 0.566797 0.425000 0.058594 0.097222
0 0.475000 0.303472 0.023438 0.051389
0 0.445312 0.418056 0.031250 0.041667
0 0.727344 0.820139 0.153125 0.145833
0 0.389844 0.396528 0.028125 0.056944
0 0.450781 0.440972 0.042188 0.026389
0 0.841406 0.793056 0.131250 0.147222
0 0.605078 0.381250 0.028906 0.034722
0 0.628125 0.334722 0.034375 0.063889
0 0.494141 0.745833 0.085156 0.122222
0 0.770703 0.627083 0.074219 0.098611
0 0.358203 0.331250 0.021094 0.054167
0 0.611719 0.416667 0.035937 0.055556
0 0.408594 0.332639 0.021875 0.020833
0 0.276562 0.667361 0.056250 0.065278
0 0.677734 0.941667 0.116406 0.113889
0 0.454688 0.428472 0.040625 0.040278
0 0.686719 0.626389 0.093750 0.083333
0 0.657422 0.577778 0.075781 0.105556
0 0.611328 0.265972 0.060156 0.095833
0 0.512891 0.369444 0.027344 0.030556
0 0.336328 0.691667 0.080469 0.183333
0 0.632812 0.975000 0.126562 0.047222
0 0.626563 0.498611 0.065625 0.058333
0 0.577734 0.367361 0.032031 0.026389
0 0.382422 0.468750 0.052344 0.037500
0 0.406250 0.771528 0.092188 0.140278
0 0.476172 0.398611 0.025781 0.052778
0 0.282422 0.573611 0.041406 0.030556
0 0.205859 0.703472 0.057031 0.079167
0 0.147656 0.926389 0.104688 0.141667
0 0.529297 0.674306 0.105469 0.056944
0 0.717578 0.546528 0.061719 0.068056
0 0.448828 0.288194 0.021094 0.031944
0 0.724609 0.718056 0.105469 0.094444
0 0.589844 0.318056 0.025000 0.033333
0 0.506250 0.459722 0.039062 0.016667
0 0.621875 0.729861 0.103125 0.156944
0 0.441016 0.488889 0.063281 0.091667
0 0.393750 0.290278 0.018750 0.027778
0 0.537500 0.562500 0.162500 0.194444
0 0.578125 0.873611 0.120313 0.208333
0 0.673828 0.477083 0.041406 0.043056
0 0.494141 0.347222 0.064844 0.047222
0 0.659766 0.694444 0.089844 0.127778
0 0.550781 0.364583 0.051562 0.043056
0 0.209766 0.807639 0.075781 0.145833
0 0.634375 0.429167 0.037500 0.036111
0 0.463281 0.950694 0.126562 0.095833
0 0.730469 0.575694 0.082812 0.070833
0 0.468359 0.263889 0.017969 0.022222
0 0.313281 0.925000 0.123438 0.147222
0 0.408984 0.359722 0.022656 0.055556
0 0.301563 0.875000 0.121875 0.186111
0 0.450000 0.264583 0.017188 0.018056
0 0.450000 0.264583 0.017188 0.018056
0 0.301563 0.875000 0.121875 0.186111
0 0.408984 0.359722 0.022656 0.055556
0 0.313281 0.925000 0.123438 0.147222
0 0.468359 0.263889 0.017969 0.022222
0 0.730469 0.575694 0.082812 0.070833
0 0.463281 0.950694 0.126562 0.095833
0 0.634375 0.429167 0.037500 0.036111
0 0.209766 0.807639 0.075781 0.145833
0 0.550781 0.364583 0.051562 0.043056
0 0.659766 0.694444 0.089844 0.127778
0 0.494141 0.347222 0.064844 0.047222
0 0.673828 0.477083 0.041406 0.043056
0 0.578125 0.873611 0.120313 0.208333
0 0.537500 0.562500 0.162500 0.194444
0 0.393750 0.290278 0.018750 0.027778
0 0.441016 0.488889 0.063281 0.091667
0 0.621875 0.729861 0.103125 0.156944
0 0.506250 0.459722 0.039062 0.016667
0 0.589844 0.318056 0.025000 0.033333
0 0.724609 0.718056 0.105469 0.094444
0 0.448828 0.288194 0.021094 0.031944
0 0.717578 0.546528 0.061719 0.068056
0 0.529297 0.674306 0.105469 0.056944
0 0.147656 0.926389 0.104688 0.141667
0 0.205859 0.703472 0.057031 0.079167
0 0.282422 0.573611 0.041406 0.030556
0 0.476172 0.398611 0.025781 0.052778
0 0.406250 0.771528 0.092188 0.140278
0 0.382422 0.468750 0.052344 0.037500
0 0.577734 0.367361 0.032031 0.026389
0 0.626563 0.498611 0.065625 0.058333
0 0.632812 0.975000 0.126562 0.047222
0 0.336328 0.691667 0.080469 0.183333
0 0.512891 0.369444 0.027344 0.030556
0 0.611328 0.265972 0.060156 0.095833
0 0.657422 0.577778 0.075781 0.105556
0 0.686719 0.626389 0.093750 0.083333
0 0.596875 0.346528 0.039062 0.081944
0 0.322266 0.414583 0.107031 0.073611
0 0.515234 0.411111 0.042969 0.050000
0 0.457031 0.400000 0.029687 0.030556
0 0.441016 0.331250 0.028906 0.087500
0 0.065625 0.865972 0.131250 0.201389
0 0.550391 0.752778 0.061719 0.097222
0 0.384766 0.672222 0.074219 0.113889
0 0.611719 0.416667 0.035937 0.055556
0 0.454688 0.428472 0.040625 0.040278
0 0.677734 0.941667 0.116406 0.113889
0 0.276562 0.667361 0.056250 0.065278
0 0.408594 0.332639 0.021875 0.020833
0 0.596875 0.346528 0.039062 0.081944
0 0.322266 0.414583 0.107031 0.073611
0 0.515234 0.411111 0.042969 0.050000
0 0.457031 0.400000 0.029687 0.030556
0 0.441016 0.331250 0.028906 0.087500
0 0.065625 0.865972 0.131250 0.201389
0 0.550391 0.752778 0.061719 0.097222
0 0.384766 0.672222 0.074219 0.113889
0 0.701172 0.515972 0.053906 0.065278
0 0.458984 0.650000 0.091406 0.113889
0 0.348828 0.540278 0.028906 0.111111
0 0.617578 0.393750 0.033594 0.040278
0 0.439063 0.845833 0.115625 0.186111
0 0.612500 0.446528 0.037500 0.045833
0 0.310937 0.497917 0.117188 0.231944
0 0.501953 0.404167 0.038281 0.058333
0 0.450000 0.264583 0.017188 0.018056
0 0.301563 0.875000 0.121875 0.186111
0 0.408984 0.359722 0.022656 0.055556
0 0.313281 0.925000 0.123438 0.147222
0 0.468359 0.263889 0.017969 0.022222
0 0.730469 0.575694 0.082812 0.070833
0 0.463281 0.950694 0.126562 0.095833
0 0.634375 0.429167 0.037500 0.036111
0 0.209766 0.807639 0.075781 0.145833
0 0.550781 0.364583 0.051562 0.043056
0 0.659766 0.694444 0.089844 0.127778
0 0.494141 0.347222 0.064844 0.047222
0 0.673828 0.477083 0.041406 0.043056
0 0.578125 0.873611 0.120313 0.208333
0 0.537500 0.562500 0.162500 0.194444
0 0.393750 0.290278 0.018750 0.027778
0 0.441016 0.488889 0.063281 0.091667
0 0.621875 0.729861 0.103125 0.156944
0 0.506250 0.459722 0.039062 0.016667
0 0.589844 0.318056 0.025000 0.033333
0 0.724609 0.718056 0.105469 0.094444
0 0.448828 0.288194 0.021094 0.031944
0 0.717578 0.546528 0.061719 0.068056
0 0.529297 0.674306 0.105469 0.056944
0 0.147656 0.926389 0.104688 0.141667
0 0.205859 0.703472 0.057031 0.079167
0 0.282422 0.573611 0.041406 0.030556
0 0.476172 0.398611 0.025781 0.052778
0 0.406250 0.771528 0.092188 0.140278
0 0.382422 0.468750 0.052344 0.037500
0 0.577734 0.367361 0.032031 0.026389
0 0.626563 0.498611 0.065625 0.058333
0 0.632812 0.975000 0.126562 0.047222
0 0.336328 0.691667 0.080469 0.183333
0 0.512891 0.369444 0.027344 0.030556
0 0.611328 0.265972 0.060156 0.095833
0 0.657422 0.577778 0.075781 0.105556
0 0.686719 0.626389 0.093750 0.083333
0 0.454688 0.428472 0.040625 0.040278
0 0.677734 0.941667 0.116406 0.113889
0 0.276562 0.667361 0.056250 0.065278
0 0.408594 0.332639 0.021875 0.020833
0 0.596875 0.346528 0.039062 0.081944
0 0.322266 0.414583 0.107031 0.073611
0 0.515234 0.411111 0.042969 0.050000
0 0.457031 0.400000 0.029687 0.030556
0 0.441016 0.331250 0.028906 0.087500
0 0.065625 0.865972 0.131250 0.201389
0 0.550391 0.752778 0.061719 0.097222
0 0.384766 0.672222 0.074219 0.113889
0 0.611719 0.416667 0.035937 0.055556
0 0.358203 0.331250 0.021094 0.054167
0 0.770703 0.627083 0.074219 0.098611
0 0.494141 0.745833 0.085156 0.122222
0 0.628125 0.334722 0.034375 0.063889
0 0.605078 0.381250 0.028906 0.034722
0 0.841406 0.793056 0.131250 0.147222
0 0.450781 0.440972 0.042188 0.026389
0 0.389844 0.396528 0.028125 0.056944
0 0.727344 0.820139 0.153125 0.145833
0 0.445312 0.418056 0.031250 0.041667
0 0.475000 0.303472 0.023438 0.051389
0 0.566797 0.425000 0.058594 0.097222
0 0.280469 0.609722 0.051562 0.063889
0 0.373437 0.502778 0.045312 0.069444
0 0.639062 0.457639 0.034375 0.026389
0 0.402344 0.504167 0.045312 0.027778
0 0.804297 0.681944 0.094531 0.125000
0 0.388281 0.275000 0.018750 0.019444
0 0.858203 0.928472 0.158594 0.140278
0 0.364063 0.570139 0.079687 0.151389
0 0.506250 0.438194 0.040625 0.031944
0 0.405469 0.271528 0.009375 0.023611
0 0.618750 0.313194 0.023438 0.023611
0 0.384766 0.310417 0.032031 0.056944
0 0.636719 0.559722 0.039062 0.088889
0 0.322266 0.415972 0.028906 0.031944
0 0.482031 0.284028 0.014063 0.029167
0 0.501953 0.404167 0.038281 0.058333
0 0.310937 0.497917 0.117188 0.231944
0 0.612500 0.446528 0.037500 0.045833
0 0.439063 0.845833 0.115625 0.186111
0 0.617578 0.393750 0.033594 0.040278
0 0.348828 0.540278 0.028906 0.111111
0 0.458984 0.650000 0.091406 0.113889
0 0.701172 0.515972 0.053906 0.065278
0 0.358203 0.331250 0.021094 0.054167
0 0.770703 0.627083 0.074219 0.098611
0 0.494141 0.745833 0.085156 0.122222
0 0.628125 0.334722 0.034375 0.063889
0 0.605078 0.381250 0.028906 0.034722
0 0.841406 0.793056 0.131250 0.147222
0 0.450781 0.440972 0.042188 0.026389
0 0.389844 0.396528 0.028125 0.056944
0 0.727344 0.820139 0.153125 0.145833
0 0.445312 0.418056 0.031250 0.041667
0 0.475000 0.303472 0.023438 0.051389
0 0.566797 0.425000 0.058594 0.097222
0 0.280469 0.609722 0.051562 0.063889
0 0.373437 0.502778 0.045312 0.069444
0 0.639062 0.457639 0.034375 0.026389
0 0.402344 0.504167 0.045312 0.027778
0 0.804297 0.681944 0.094531 0.125000
0 0.388281 0.275000 0.018750 0.019444
0 0.858203 0.928472 0.158594 0.140278
0 0.364063 0.570139 0.079687 0.151389
0 0.506250 0.438194 0.040625 0.031944
0 0.405469 0.271528 0.009375 0.023611
0 0.618750 0.313194 0.023438 0.023611
0 0.384766 0.310417 0.032031 0.056944
0 0.636719 0.559722 0.039062 0.088889
0 0.322266 0.415972 0.028906 0.031944
0 0.482031 0.284028 0.014063 0.029167
0 0.501953 0.404167 0.038281 0.058333
0 0.310937 0.497917 0.117188 0.231944
0 0.612500 0.446528 0.037500 0.045833
0 0.439063 0.845833 0.115625 0.186111
0 0.617578 0.393750 0.033594 0.040278
0 0.348828 0.540278 0.028906 0.111111
0 0.458984 0.650000 0.091406 0.113889
0 0.701172 0.515972 0.053906 0.065278
0 0.701172 0.515972 0.053906 0.065278
0 0.458984 0.650000 0.091406 0.113889
0 0.348828 0.540278 0.028906 0.111111
0 0.617578 0.393750 0.033594 0.040278
0 0.439063 0.845833 0.115625 0.186111
0 0.612500 0.446528 0.037500 0.045833
0 0.310937 0.497917 0.117188 0.231944
0 0.501953 0.404167 0.038281 0.058333
0 0.482031 0.284028 0.014063 0.029167
0 0.322266 0.415972 0.028906 0.031944
0 0.636719 0.559722 0.039062 0.088889
0 0.384766 0.310417 0.032031 0.056944
0 0.618750 0.313194 0.023438 0.023611
0 0.405469 0.271528 0.009375 0.023611
0 0.506250 0.438194 0.040625 0.031944
0 0.364063 0.570139 0.079687 0.151389
0 0.858203 0.928472 0.158594 0.140278
0 0.388281 0.275000 0.018750 0.019444
0 0.804297 0.681944 0.094531 0.125000
0 0.402344 0.504167 0.045312 0.027778
0 0.639062 0.457639 0.034375 0.026389
0 0.373437 0.502778 0.045312 0.069444
0 0.280469 0.609722 0.051562 0.063889
0 0.566797 0.425000 0.058594 0.097222
0 0.475000 0.303472 0.023438 0.051389
0 0.445312 0.418056 0.031250 0.041667
0 0.727344 0.820139 0.153125 0.145833
0 0.389844 0.396528 0.028125 0.056944
0 0.450781 0.440972 0.042188 0.026389
0 0.841406 0.793056 0.131250 0.147222
0 0.605078 0.381250 0.028906 0.034722
0 0.628125 0.334722 0.034375 0.063889
0 0.494141 0.745833 0.085156 0.122222
0 0.770703 0.627083 0.074219 0.098611
0 0.358203 0.331250 0.021094 0.054167
0 0.611719 0.416667 0.035937 0.055556
0 0.384766 0.672222 0.074219 0.113889
0 0.550391 0.752778 0.061719 0.097222
0 0.065625 0.865972 0.131250 0.201389
0 0.441016 0.331250 0.028906 0.087500
0 0.457031 0.400000 0.029687 0.030556
0 0.515234 0.411111 0.042969 0.050000
0 0.322266 0.414583 0.107031 0.073611
0 0.596875 0.346528 0.039062 0.081944
0 0.408594 0.332639 0.021875 0.020833
0 0.276562 0.667361 0.056250 0.065278
0 0.677734 0.941667 0.116406 0.113889
0 0.454688 0.428472 0.040625 0.040278
0 0.686719 0.626389 0.093750 0.083333
0 0.657422 0.577778 0.075781 0.105556
0 0.611328 0.265972 0.060156 0.095833
0 0.512891 0.369444 0.027344 0.030556
0 0.336328 0.691667 0.080469 0.183333
0 0.632812 0.975000 0.126562 0.047222
0 0.626563 0.498611 0.065625 0.058333
0 0.577734 0.367361 0.032031 0.026389
0 0.382422 0.468750 0.052344 0.037500
0 0.406250 0.771528 0.092188 0.140278
0 0.476172 0.398611 0.025781 0.052778
0 0.282422 0.573611 0.041406 0.030556
0 0.205859 0.703472 0.057031 0.079167
0 0.147656 0.926389 0.104688 0.141667
0 0.529297 0.674306 0.105469 0.056944
0 0.717578 0.546528 0.061719 0.068056
0 0.448828 0.288194 0.021094 0.031944
0 0.724609 0.718056 0.105469 0.094444
0 0.589844 0.318056 0.025000 0.033333
0 0.506250 0.459722 0.039062 0.016667
0 0.621875 0.729861 0.103125 0.156944
0 0.441016 0.488889 0.063281 0.091667
0 0.393750 0.290278 0.018750 0.027778
0 0.537500 0.562500 0.162500 0.194444
0 0.578125 0.873611 0.120313 0.208333
0 0.673828 0.477083 0.041406 0.043056
0 0.494141 0.347222 0.064844 0.047222
0 0.659766 0.694444 0.089844 0.127778
0 0.550781 0.364583 0.051562 0.043056
0 0.209766 0.807639 0.075781 0.145833
0 0.634375 0.429167 0.037500 0.036111
0 0.463281 0.950694 0.126562 0.095833
0 0.730469 0.575694 0.082812 0.070833
0 0.468359 0.263889 0.017969 0.022222
0 0.313281 0.925000 0.123438 0.147222
0 0.408984 0.359722 0.022656 0.055556
0 0.301563 0.875000 0.121875 0.186111
0 0.450000 0.264583 0.017188 0.018056
0 0.482031 0.284028 0.014063 0.029167
0 0.322266 0.415972 0.028906 0.031944
0 0.636719 0.559722 0.039062 0.088889
0 0.701172 0.515972 0.053906 0.065278
0 0.458984 0.650000 0.091406 0.113889
0 0.348828 0.540278 0.028906 0.111111
0 0.617578 0.393750 0.033594 0.040278
0 0.439063 0.845833 0.115625 0.186111
0 0.612500 0.446528 0.037500 0.045833
0 0.310937 0.497917 0.117188 0.231944
0 0.501953 0.404167 0.038281 0.058333
0 0.482031 0.284028 0.014063 0.029167
0 0.322266 0.415972 0.028906 0.031944
0 0.636719 0.559722 0.039062 0.088889
0 0.384766 0.310417 0.032031 0.056944
0 0.618750 0.313194 0.023438 0.023611
0 0.405469 0.271528 0.009375 0.023611
0 0.506250 0.438194 0.040625 0.031944
0 0.364063 0.570139 0.079687 0.151389
0 0.858203 0.928472 0.158594 0.140278
0 0.388281 0.275000 0.018750 0.019444
0 0.804297 0.681944 0.094531 0.125000
0 0.402344 0.504167 0.045312 0.027778
0 0.384766 0.310417 0.032031 0.056944
0 0.618750 0.313194 0.023438 0.023611
0 0.405469 0.271528 0.009375 0.023611
0 0.506250 0.438194 0.040625 0.031944
0 0.364063 0.570139 0.079687 0.151389
0 0.858203 0.928472 0.158594 0.140278
0 0.388281 0.275000 0.018750 0.019444
0 0.804297 0.681944 0.094531 0.125000
0 0.402344 0.504167 0.045312 0.027778
0 0.639062 0.457639 0.034375 0.026389
0 0.373437 0.502778 0.045312 0.069444
0 0.280469 0.609722 0.051562 0.063889
0 0.566797 0.425000 0.058594 0.097222
0 0.475000 0.303472 0.023438 0.051389
0 0.445312 0.418056 0.031250 0.041667
0 0.727344 0.820139 0.153125 0.145833
0 0.389844 0.396528 0.028125 0.056944
0 0.450781 0.440972 0.042188 0.026389
0 0.841406 0.793056 0.131250 0.147222
0 0.605078 0.381250 0.028906 0.034722
0 0.628125 0.334722 0.034375 0.063889
0 0.494141 0.745833 0.085156 0.122222
0 0.770703 0.627083 0.074219 0.098611
0 0.358203 0.331250 0.021094 0.054167
0 0.611719 0.416667 0.035937 0.055556
0 0.384766 0.672222 0.074219 0.113889
0 0.550391 0.752778 0.061719 0.097222
0 0.065625 0.865972 0.131250 0.201389
0 0.441016 0.331250 0.028906 0.087500
0 0.457031 0.400000 0.029687 0.030556
0 0.515234 0.411111 0.042969 0.050000
0 0.322266 0.414583 0.107031 0.073611
0 0.596875 0.346528 0.039062 0.081944
0 0.408594 0.332639 0.021875 0.020833
0 0.276562 0.667361 0.056250 0.065278
0 0.677734 0.941667 0.116406 0.113889
0 0.454688 0.428472 0.040625 0.040278
0 0.686719 0.626389 0.093750 0.083333
0 0.657422 0.577778 0.075781 0.105556
0 0.611328 0.265972 0.060156 0.095833
0 0.639062 0.457639 0.034375 0.026389
0 0.373437 0.502778 0.045312 0.069444
0 0.280469 0.609722 0.051562 0.063889
0 0.566797 0.425000 0.058594 0.097222
0 0.475000 0.303472 0.023438 0.051389
0 0.445312 0.418056 0.031250 0.041667
0 0.727344 0.820139 0.153125 0.145833
0 0.389844 0.396528 0.028125 0.056944
0 0.450781 0.440972 0.042188 0.026389
0 0.841406 0.793056 0.131250 0.147222
0 0.605078 0.381250 0.028906 0.034722
0 0.628125 0.334722 0.034375 0.063889
0 0.701172 0.515972 0.053906 0.065278
0 0.458984 0.650000 0.091406 0.113889
0 0.348828 0.540278 0.028906 0.111111
0 0.617578 0.393750 0.033594 0.040278
0 0.439063 0.845833 0.115625 0.186111
0 0.612500 0.446528 0.037500 0.045833
0 0.310937 0.497917 0.117188 0.231944
0 0.501953 0.404167 0.038281 0.058333
0 0.482031 0.284028 0.014063 0.029167
0 0.322266 0.415972 0.028906 0.031944
0 0.636719 0.559722 0.039062 0.088889
0 0.384766 0.310417 0.032031 0.056944
0 0.618750 0.313194 0.023438 0.023611
0 0.405469 0.271528 0.009375 0.023611
0 0.506250 0.438194 0.040625 0.031944
0 0.364063 0.570139 0.079687 0.151389
0 0.858203 0.928472 0.158594 0.140278
0 0.388281 0.275000 0.018750 0.019444
0 0.804297 0.681944 0.094531 0.125000
0 0.402344 0.504167 0.045312 0.027778
0 0.639062 0.457639 0.034375 0.026389
0 0.373437 0.502778 0.045312 0.069444
0 0.280469 0.609722 0.051562 0.063889
0 0.566797 0.425000 0.058594 0.097222
0 0.475000 0.303472 0.023438 0.051389
0 0.445312 0.418056 0.031250 0.041667
0 0.727344 0.820139 0.153125 0.145833
0 0.389844 0.396528 0.028125 0.056944
0 0.450781 0.440972 0.042188 0.026389
0 0.841406 0.793056 0.131250 0.147222
0 0.605078 0.381250 0.028906 0.034722
0 0.628125 0.334722 0.034375 0.063889
0 0.494141 0.745833 0.085156 0.122222
0 0.770703 0.627083 0.074219 0.098611
0 0.358203 0.331250 0.021094 0.054167
0 0.611719 0.416667 0.035937 0.055556
0 0.384766 0.672222 0.074219 0.113889
0 0.550391 0.752778 0.061719 0.097222
0 0.065625 0.865972 0.131250 0.201389
0 0.441016 0.331250 0.028906 0.087500
0 0.457031 0.400000 0.029687 0.030556
0 0.515234 0.411111 0.042969 0.050000
0 0.322266 0.414583 0.107031 0.073611
0 0.596875 0.346528 0.039062 0.081944
0 0.408594 0.332639 0.021875 0.020833
0 0.276562 0.667361 0.056250 0.065278
0 0.677734 0.941667 0.116406 0.113889
0 0.454688 0.428472 0.040625 0.040278
0 0.686719 0.626389 0.093750 0.083333
0 0.657422 0.577778 0.075781 0.105556
0 0.611328 0.265972 0.060156 0.095833
0 0.512891 0.369444 0.027344 0.030556
0 0.336328 0.691667 0.080469 0.183333
0 0.632812 0.975000 0.126562 0.047222
0 0.626563 0.498611 0.065625 0.058333
0 0.577734 0.367361 0.032031 0.026389
0 0.382422 0.468750 0.052344 0.037500
0 0.406250 0.771528 0.092188 0.140278
0 0.476172 0.398611 0.025781 0.052778
0 0.282422 0.573611 0.041406 0.030556
0 0.205859 0.703472 0.057031 0.079167
0 0.147656 0.926389 0.104688 0.141667
0 0.529297 0.674306 0.105469 0.056944
0 0.717578 0.546528 0.061719 0.068056
0 0.448828 0.288194 0.021094 0.031944
0 0.724609 0.718056 0.105469 0.094444
0 0.589844 0.318056 0.025000 0.033333
0 0.506250 0.459722 0.039062 0.016667
0 0.621875 0.729861 0.103125 0.156944
0 0.441016 0.488889 0.063281 0.091667
0 0.393750 0.290278 0.018750 0.027778
0 0.537500 0.562500 0.162500 0.194444
0 0.578125 0.873611 0.120313 0.208333
0 0.673828 0.477083 0.041406 0.043056
0 0.494141 0.347222 0.064844 0.047222
0 0.659766 0.694444 0.089844 0.127778
0 0.550781 0.364583 0.051562 0.043056
0 0.209766 0.807639 0.075781 0.145833
0 0.634375 0.429167 0.037500 0.036111
0 0.463281 0.950694 0.126562 0.095833
0 0.730469 0.575694 0.082812 0.070833
0 0.468359 0.263889 0.017969 0.022222
0 0.313281 0.925000 0.123438 0.147222
0 0.408984 0.359722 0.022656 0.055556
0 0.301563 0.875000 0.121875 0.186111
0 0.450000 0.264583 0.017188 0.018056
0 0.494141 0.745833 0.085156 0.122222
0 0.770703 0.627083 0.074219 0.098611
0 0.358203 0.331250 0.021094 0.054167
0 0.611719 0.416667 0.035937 0.055556
0 0.384766 0.672222 0.074219 0.113889
0 0.550391 0.752778 0.061719 0.097222
0 0.065625 0.865972 0.131250 0.201389
0 0.441016 0.331250 0.028906 0.087500
0 0.457031 0.400000 0.029687 0.030556
0 0.515234 0.411111 0.042969 0.050000
0 0.322266 0.414583 0.107031 0.073611
0 0.596875 0.346528 0.039062 0.081944
0 0.408594 0.332639 0.021875 0.020833
0 0.276562 0.667361 0.056250 0.065278
0 0.677734 0.941667 0.116406 0.113889
0 0.454688 0.428472 0.040625 0.040278
0 0.686719 0.626389 0.093750 0.083333
0 0.657422 0.577778 0.075781 0.105556
0 0.611328 0.265972 0.060156 0.095833
0 0.512891 0.369444 0.027344 0.030556
0 0.336328 0.691667 0.080469 0.183333
0 0.632812 0.975000 0.126562 0.047222
0 0.626563 0.498611 0.065625 0.058333
0 0.577734 0.367361 0.032031 0.026389
0 0.382422 0.468750 0.052344 0.037500
0 0.406250 0.771528 0.092188 0.140278
0 0.476172 0.398611 0.025781 0.052778
0 0.282422 0.573611 0.041406 0.030556
0 0.205859 0.703472 0.057031 0.079167
0 0.147656 0.926389 0.104688 0.141667
0 0.529297 0.674306 0.105469 0.056944
0 0.717578 0.546528 0.061719 0.068056
0 0.448828 0.288194 0.021094 0.031944
0 0.724609 0.718056 0.105469 0.094444
0 0.589844 0.318056 0.025000 0.033333
0 0.506250 0.459722 0.039062 0.016667
0 0.621875 0.729861 0.103125 0.156944
0 0.441016 0.488889 0.063281 0.091667
0 0.393750 0.290278 0.018750 0.027778
0 0.537500 0.562500 0.162500 0.194444
0 0.578125 0.873611 0.120313 0.208333
0 0.673828 0.477083 0.041406 0.043056
0 0.494141 0.347222 0.064844 0.047222
0 0.659766 0.694444 0.089844 0.127778
0 0.550781 0.364583 0.051562 0.043056
0 0.209766 0.807639 0.075781 0.145833
0 0.634375 0.429167 0.037500 0.036111
0 0.463281 0.950694 0.126562 0.095833
0 0.730469 0.575694 0.082812 0.070833
0 0.468359 0.263889 0.017969 0.022222
0 0.313281 0.925000 0.123438 0.147222
0 0.408984 0.359722 0.022656 0.055556
0 0.301563 0.875000 0.121875 0.186111
0 0.450000 0.264583 0.017188 0.018056
0 0.512891 0.369444 0.027344 0.030556
0 0.336328 0.691667 0.080469 0.183333
0 0.632812 0.975000 0.126562 0.047222
0 0.626563 0.498611 0.065625 0.058333
0 0.577734 0.367361 0.032031 0.026389
0 0.382422 0.468750 0.052344 0.037500
0 0.406250 0.771528 0.092188 0.140278
0 0.476172 0.398611 0.025781 0.052778
0 0.282422 0.573611 0.041406 0.030556
0 0.205859 0.703472 0.057031 0.079167
0 0.147656 0.926389 0.104688 0.141667
0 0.717578 0.546528 0.061719 0.068056
