0 0.837891 0.347222 0.033594 0.041667
0 0.945703 0.465972 0.085156 0.081944
0 0.466797 0.371528 0.028906 0.051389
0 0.462891 0.287500 0.021094 0.027778
0 0.701562 0.272222 0.046875 0.052778
0 0.858203 0.572222 0.153906 0.086111
0 0.408984 0.410417 0.066406 0.140278
0 0.711328 0.418750 0.032031 0.068056
0 0.599219 0.377083 0.023438 0.054167
0 0.298828 0.543056 0.080469 0.055556
0 0.206250 0.575000 0.084375 0.047222
0 0.674219 0.302778 0.034375 0.044444
0 0.769922 0.401389 0.052344 0.066667
0 0.822266 0.437500 0.094531 0.061111
0 0.481250 0.214583 0.017188 0.026389
0 0.195312 0.579167 0.151562 0.141667
0 0.867578 0.388194 0.039844 0.059722
0 0.788672 0.340972 0.052344 0.056944
0 0.418359 0.544444 0.078906 0.097222
0 0.276172 0.479167 0.075781 0.188889
0 0.451172 0.318750 0.025781 0.037500
0 0.150391 0.803472 0.135156 0.206944
0 0.555859 0.614583 0.074219 0.143056
0 0.514453 0.712500 0.085156 0.150000
0 0.763281 0.315278 0.037500 0.038889
0 0.880859 0.484028 0.057031 0.090278
0 0.937500 0.486111 0.070312 0.094444
0 0.309375 0.493750 0.043750 0.048611
0 0.057422 0.777778 0.092969 0.119444
0 0.412500 0.292361 0.014063 0.034722
0 0.626953 0.422222 0.038281 0.072222
0 0.667578 0.486111 0.088281 0.066667
0 0.494531 0.268056 0.020313 0.030556
0 0.589844 0.523611 0.101562 0.066667
0 0.766016 0.480556 0.113281 0.055556
0 0.631250 0.428472 0.037500 0.062500
0 0.194141 0.620833 0.094531 0.102778
0 0.358984 0.598611 0.071094 0.100000
0 0.372656 0.312500 0.068750 0.102778
0 0.115234 0.688194 0.092969 0.068056
0 0.288672 0.595139 0.085156 0.084722
0 0.026562 0.696528 0.053125 0.154167
0 0.745703 0.365278 0.022656 0.052778
0 0.358984 0.886111 0.121094 0.183333
0 0.368359 0.361806 0.063281 0.109722
0 0.600000 0.697222 0.021875 0.069444
0 0.709766 0.363194 0.030469 0.040278
0 0.890625 0.640972 0.084375 0.129167
0 0.500000 0.411111 0.040625 0.075000
0 0.776172 0.522917 0.121094 0.081944
0 0.512109 0.313194 0.028906 0.056944
0 0.495703 0.338194 0.032031 0.054167
0 0.076172 0.663889 0.152344 0.197222
0 0.780078 0.412500 0.038281 0.058333
0 0.446875 0.636111 0.070312 0.113889
0 0.802734 0.357639 0.035156 0.054167
0 0.100391 0.931944 0.138281 0.133333
0 0.100391 0.931944 0.138281 0.133333
0 0.802734 0.357639 0.035156 0.054167
0 0.446875 0.636111 0.070312 0.113889
0 0.780078 0.412500 0.038281 0.058333
0 0.076172 0.663889 0.152344 0.197222
0 0.495703 0.338194 0.032031 0.054167
0 0.512109 0.313194 0.028906 0.056944
0 0.776172 0.522917 0.121094 0.081944
0 0.500000 0.411111 0.040625 0.075000
0 0.890625 0.640972 0.084375 0.129167
0 0.709766 0.363194 0.030469 0.040278
0 0.600000 0.697222 0.021875 0.069444
0 0.368359 0.361806 0.063281 0.109722
0 0.358984 0.886111 0.121094 0.183333
0 0.745703 0.365278 0.022656 0.052778
0 0.026562 0.696528 0.053125 0.154167
0 0.288672 0.595139 0.085156 0.084722
0 0.115234 0.688194 0.092969 0.068056
0 0.372656 0.312500 0.068750 0.102778
0 0.358984 0.598611 0.071094 0.100000
0 0.194141 0.620833 0.094531 0.102778
0 0.631250 0.428472 0.037500 0.062500
0 0.766016 0.480556 0.113281 0.055556
0 0.589844 0.523611 0.101562 0.066667
0 0.494531 0.268056 0.020313 0.030556
0 0.667578 0.486111 0.088281 0.066667
0 0.626953 0.422222 0.038281 0.072222
0 0.412500 0.292361 0.014063 0.034722
0 0.057422 0.777778 0.092969 0.119444
0 0.309375 0.493750 0.043750 0.048611
0 0.937500 0.486111 0.070312 0.094444
0 0.880859 0.484028 0.057031 0.090278
0 0.763281 0.315278 0.037500 0.038889
0 0.514453 0.712500 0.085156 0.150000
0 0.555859 0.614583 0.074219 0.143056
0 0.150391 0.803472 0.135156 0.206944
0 0.451172 0.318750 0.025781 0.037500
0 0.276172 0.479167 0.075781 0.188889
0 0.418359 0.544444 0.078906 0.097222
0 0.788672 0.340972 0.052344 0.056944
0 0.867578 0.388194 0.039844 0.059722
0 0.195312 0.579167 0.151562 0.141667
0 0.481250 0.214583 0.017188 0.026389
0 0.822266 0.437500 0.094531 0.061111
0 0.769922 0.401389 0.052344 0.066667
0 0.674219 0.302778 0.034375 0.044444
0 0.206250 0.575000 0.084375 0.047222
0 0.298828 0.543056 0.080469 0.055556
0 0.599219 0.377083 0.023438 0.054167
0 0.711328 0.418750 0.032031 0.068056
0 0.408984 0.410417 0.066406 0.140278
0 0.858203 0.572222 0.153906 0.086111
0 0.701562 0.272222 0.046875 0.052778
0 0.462891 0.287500 0.021094 0.027778
0 0.466797 0.371528 0.028906 0.051389
0 0.945703 0.465972 0.085156 0.081944
0 0.028516 0.885417 0.057031 0.165278
0 0.837891 0.347222 0.033594 0.041667
0 0.826953 0.395139 0.046094 0.029167
0 0.490234 0.392361 0.033594 0.068056
0 0.756250 0.272917 0.039062 0.045833
0 0.573828 0.574306 0.074219 0.079167
0 0.681641 0.397917 0.025781 0.056944
0 0.970703 0.460417 0.057031 0.087500
0 0.451953 0.472917 0.055469 0.068056
0 0.415625 0.277083 0.025000 0.043056
0 0.352734 0.684722 0.086719 0.108333
0 0.494531 0.559722 0.087500 0.119444
0 0.638672 0.352083 0.024219 0.048611
0 0.475000 0.298611 0.026562 0.038889
0 0.713672 0.560417 0.096094 0.084722
0 0.209375 0.722222 0.093750 0.130556
0 0.625391 0.389583 0.035156 0.051389
0 0.713281 0.372222 0.028125 0.030556
0 0.526172 0.851389 0.105469 0.177778
0 0.691406 0.338194 0.040625 0.062500
0 0.822656 0.382639 0.051562 0.051389
0 0.372656 0.503472 0.085938 0.090278
0 0.444141 0.272917 0.021094 0.034722
0 0.497656 0.222917 0.020313 0.070833
0 0.308984 0.783333 0.108594 0.155556
0 0.815625 0.477778 0.082812 0.072222
0 0.267188 0.650694 0.082812 0.112500
0 0.267188 0.650694 0.082812 0.112500
0 0.555859 0.614583 0.074219 0.143056
0 0.514453 0.712500 0.085156 0.150000
0 0.763281 0.315278 0.037500 0.038889
0 0.880859 0.484028 0.057031 0.090278
0 0.937500 0.486111 0.070312 0.094444
0 0.309375 0.493750 0.043750 0.048611
0 0.057422 0.777778 0.092969 0.119444
0 0.412500 0.292361 0.014063 0.034722
0 0.626953 0.422222 0.038281 0.072222
0 0.667578 0.486111 0.088281 0.066667
0 0.494531 0.268056 0.020313 0.030556
0 0.589844 0.523611 0.101562 0.066667
0 0.766016 0.480556 0.113281 0.055556
0 0.631250 0.428472 0.037500 0.062500
0 0.194141 0.620833 0.094531 0.102778
0 0.358984 0.598611 0.071094 0.100000
0 0.372656 0.312500 0.068750 0.102778
0 0.115234 0.688194 0.092969 0.068056
0 0.288672 0.595139 0.085156 0.084722
0 0.026562 0.696528 0.053125 0.154167
0 0.745703 0.365278 0.022656 0.052778
0 0.358984 0.886111 0.121094 0.183333
0 0.368359 0.361806 0.063281 0.109722
0 0.600000 0.697222 0.021875 0.069444
0 0.709766 0.363194 0.030469 0.040278
0 0.890625 0.640972 0.084375 0.129167
0 0.500000 0.411111 0.040625 0.075000
0 0.776172 0.522917 0.121094 0.081944
0 0.512109 0.313194 0.028906 0.056944
0 0.495703 0.338194 0.032031 0.054167
0 0.076172 0.663889 0.152344 0.197222
0 0.780078 0.412500 0.038281 0.058333
0 0.446875 0.636111 0.070312 0.113889
0 0.802734 0.357639 0.035156 0.054167
0 0.100391 0.931944 0.138281 0.133333
0 0.837891 0.347222 0.033594 0.041667
0 0.028516 0.885417 0.057031 0.165278
0 0.945703 0.465972 0.085156 0.081944
0 0.466797 0.371528 0.028906 0.051389
0 0.462891 0.287500 0.021094 0.027778
0 0.701562 0.272222 0.046875 0.052778
0 0.858203 0.572222 0.153906 0.086111
0 0.408984 0.410417 0.066406 0.140278
0 0.711328 0.418750 0.032031 0.068056
0 0.599219 0.377083 0.023438 0.054167
0 0.298828 0.543056 0.080469 0.055556
0 0.206250 0.575000 0.084375 0.047222
0 0.674219 0.302778 0.034375 0.044444
0 0.769922 0.401389 0.052344 0.066667
0 0.822266 0.437500 0.094531 0.061111
0 0.481250 0.214583 0.017188 0.026389
0 0.195312 0.579167 0.151562 0.141667
0 0.867578 0.388194 0.039844 0.059722
0 0.788672 0.340972 0.052344 0.056944
0 0.418359 0.544444 0.078906 0.097222
0 0.276172 0.479167 0.075781 0.188889
0 0.451172 0.318750 0.025781 0.037500
0 0.150391 0.803472 0.135156 0.206944
0 0.555859 0.614583 0.074219 0.143056
0 0.514453 0.712500 0.085156 0.150000
0 0.763281 0.315278 0.037500 0.038889
0 0.880859 0.484028 0.057031 0.090278
0 0.937500 0.486111 0.070312 0.094444
0 0.309375 0.493750 0.043750 0.048611
0 0.057422 0.777778 0.092969 0.119444
0 0.412500 0.292361 0.014063 0.034722
0 0.626953 0.422222 0.038281 0.072222
0 0.667578 0.486111 0.088281 0.066667
0 0.494531 0.268056 0.020313 0.030556
0 0.589844 0.523611 0.101562 0.066667
0 0.766016 0.480556 0.113281 0.055556
0 0.631250 0.428472 0.037500 0.062500
0 0.194141 0.620833 0.094531 0.102778
0 0.358984 0.598611 0.071094 0.100000
0 0.372656 0.312500 0.068750 0.102778
0 0.115234 0.688194 0.092969 0.068056
0 0.288672 0.595139 0.085156 0.084722
0 0.026562 0.696528 0.053125 0.154167
0 0.745703 0.365278 0.022656 0.052778
0 0.358984 0.886111 0.121094 0.183333
0 0.368359 0.361806 0.063281 0.109722
0 0.600000 0.697222 0.021875 0.069444
0 0.709766 0.363194 0.030469 0.040278
0 0.890625 0.640972 0.084375 0.129167
0 0.500000 0.411111 0.040625 0.075000
0 0.776172 0.522917 0.121094 0.081944
0 0.512109 0.313194 0.028906 0.056944
0 0.495703 0.338194 0.032031 0.054167
0 0.076172 0.663889 0.152344 0.197222
0 0.780078 0.412500 0.038281 0.058333
0 0.446875 0.636111 0.070312 0.113889
0 0.802734 0.357639 0.035156 0.054167
0 0.100391 0.931944 0.138281 0.133333
0 0.267188 0.650694 0.082812 0.112500
0 0.815625 0.477778 0.082812 0.072222
0 0.308984 0.783333 0.108594 0.155556
0 0.626953 0.422222 0.038281 0.072222
0 0.667578 0.486111 0.088281 0.066667
0 0.494531 0.268056 0.020313 0.030556
0 0.589844 0.523611 0.101562 0.066667
0 0.766016 0.480556 0.113281 0.055556
0 0.631250 0.428472 0.037500 0.062500
0 0.194141 0.620833 0.094531 0.102778
0 0.358984 0.598611 0.071094 0.100000
0 0.372656 0.312500 0.068750 0.102778
0 0.115234 0.688194 0.092969 0.068056
0 0.288672 0.595139 0.085156 0.084722
0 0.026562 0.696528 0.053125 0.154167
0 0.745703 0.365278 0.022656 0.052778
0 0.358984 0.886111 0.121094 0.183333
0 0.368359 0.361806 0.063281 0.109722
0 0.600000 0.697222 0.021875 0.069444
0 0.709766 0.363194 0.030469 0.040278
0 0.890625 0.640972 0.084375 0.129167
0 0.500000 0.411111 0.040625 0.075000
0 0.776172 0.522917 0.121094 0.081944
0 0.512109 0.313194 0.028906 0.056944
0 0.495703 0.338194 0.032031 0.054167
0 0.076172 0.663889 0.152344 0.197222
0 0.780078 0.412500 0.038281 0.058333
0 0.267188 0.650694 0.082812 0.112500
0 0.815625 0.477778 0.082812 0.072222
0 0.308984 0.783333 0.108594 0.155556
0 0.497656 0.222917 0.020313 0.070833
0 0.444141 0.272917 0.021094 0.034722
0 0.372656 0.503472 0.085938 0.090278
0 0.822656 0.382639 0.051562 0.051389
0 0.691406 0.338194 0.040625 0.062500
0 0.526172 0.851389 0.105469 0.177778
0 0.713281 0.372222 0.028125 0.030556
0 0.625391 0.389583 0.035156 0.051389
0 0.209375 0.722222 0.093750 0.130556
0 0.713672 0.560417 0.096094 0.084722
0 0.475000 0.298611 0.026562 0.038889
0 0.638672 0.352083 0.024219 0.048611
0 0.494531 0.559722 0.087500 0.119444
0 0.352734 0.684722 0.086719 0.108333
0 0.415625 0.277083 0.025000 0.043056
0 0.451953 0.472917 0.055469 0.068056
0 0.970703 0.460417 0.057031 0.087500
0 0.681641 0.397917 0.025781 0.056944
0 0.573828 0.574306 0.074219 0.079167
0 0.756250 0.272917 0.039062 0.045833
0 0.490234 0.392361 0.033594 0.068056
0 0.826953 0.395139 0.046094 0.029167
0 0.028516 0.885417 0.057031 0.165278
0 0.446875 0.636111 0.070312 0.113889
0 0.802734 0.357639 0.035156 0.054167
0 0.100391 0.931944 0.138281 0.133333
0 0.497656 0.222917 0.020313 0.070833
0 0.444141 0.272917 0.021094 0.034722
0 0.372656 0.503472 0.085938 0.090278
0 0.822656 0.382639 0.051562 0.051389
0 0.691406 0.338194 0.040625 0.062500
0 0.526172 0.851389 0.105469 0.177778
0 0.713281 0.372222 0.028125 0.030556
0 0.625391 0.389583 0.035156 0.051389
0 0.209375 0.722222 0.093750 0.130556
0 0.713672 0.560417 0.096094 0.084722
0 0.475000 0.298611 0.026562 0.038889
0 0.638672 0.352083 0.024219 0.048611
0 0.494531 0.559722 0.087500 0.119444
0 0.352734 0.684722 0.086719 0.108333
0 0.415625 0.277083 0.025000 0.043056
0 0.451953 0.472917 0.055469 0.068056
0 0.970703 0.460417 0.057031 0.087500
0 0.681641 0.397917 0.025781 0.056944
0 0.573828 0.574306 0.074219 0.079167
0 0.267188 0.650694 0.082812 0.112500
0 0.815625 0.477778 0.082812 0.072222
0 0.308984 0.783333 0.108594 0.155556
0 0.497656 0.222917 0.020313 0.070833
0 0.444141 0.272917 0.021094 0.034722
0 0.372656 0.503472 0.085938 0.090278
0 0.822656 0.382639 0.051562 0.051389
0 0.691406 0.338194 0.040625 0.062500
0 0.526172 0.851389 0.105469 0.177778
0 0.713281 0.372222 0.028125 0.030556
0 0.625391 0.389583 0.035156 0.051389
0 0.209375 0.722222 0.093750 0.130556
0 0.713672 0.560417 0.096094 0.084722
0 0.475000 0.298611 0.026562 0.038889
0 0.638672 0.352083 0.024219 0.048611
0 0.494531 0.559722 0.087500 0.119444
0 0.352734 0.684722 0.086719 0.108333
0 0.415625 0.277083 0.025000 0.043056
0 0.451953 0.472917 0.055469 0.068056
0 0.970703 0.460417 0.057031 0.087500
0 0.681641 0.397917 0.025781 0.056944
0 0.573828 0.574306 0.074219 0.079167
0 0.756250 0.272917 0.039062 0.045833
0 0.490234 0.392361 0.033594 0.068056
0 0.826953 0.395139 0.046094 0.029167
0 0.837891 0.347222 0.033594 0.041667
0 0.028516 0.885417 0.057031 0.165278
0 0.945703 0.465972 0.085156 0.081944
0 0.466797 0.371528 0.028906 0.051389
0 0.462891 0.287500 0.021094 0.027778
0 0.701562 0.272222 0.046875 0.052778
0 0.858203 0.572222 0.153906 0.086111
0 0.408984 0.410417 0.066406 0.140278
0 0.711328 0.418750 0.032031 0.068056
0 0.599219 0.377083 0.023438 0.054167
0 0.298828 0.543056 0.080469 0.055556
0 0.206250 0.575000 0.084375 0.047222
0 0.674219 0.302778 0.034375 0.044444
0 0.769922 0.401389 0.052344 0.066667
0 0.822266 0.437500 0.094531 0.061111
0 0.481250 0.214583 0.017188 0.026389
0 0.195312 0.579167 0.151562 0.141667
0 0.867578 0.388194 0.039844 0.059722
0 0.788672 0.340972 0.052344 0.056944
0 0.418359 0.544444 0.078906 0.097222
0 0.276172 0.479167 0.075781 0.188889
0 0.451172 0.318750 0.025781 0.037500
0 0.150391 0.803472 0.135156 0.206944
0 0.555859 0.614583 0.074219 0.143056
0 0.514453 0.712500 0.085156 0.150000
0 0.763281 0.315278 0.037500 0.038889
0 0.880859 0.484028 0.057031 0.090278
0 0.937500 0.486111 0.070312 0.094444
0 0.309375 0.493750 0.043750 0.048611
0 0.057422 0.777778 0.092969 0.119444
0 0.412500 0.292361 0.014063 0.034722
0 0.626953 0.422222 0.038281 0.072222
0 0.667578 0.486111 0.088281 0.066667
0 0.494531 0.268056 0.020313 0.030556
0 0.589844 0.523611 0.101562 0.066667
0 0.766016 0.480556 0.113281 0.055556
0 0.631250 0.428472 0.037500 0.062500
0 0.194141 0.620833 0.094531 0.102778
0 0.358984 0.598611 0.071094 0.100000
0 0.372656 0.312500 0.068750 0.102778
0 0.115234 0.688194 0.092969 0.068056
0 0.288672 0.595139 0.085156 0.084722
0 0.026562 0.696528 0.053125 0.154167
0 0.745703 0.365278 0.022656 0.052778
0 0.358984 0.886111 0.121094 0.183333
0 0.368359 0.361806 0.063281 0.109722
0 0.600000 0.697222 0.021875 0.069444
0 0.709766 0.363194 0.030469 0.040278
0 0.890625 0.640972 0.084375 0.129167
0 0.500000 0.411111 0.040625 0.075000
0 0.776172 0.522917 0.121094 0.081944
0 0.512109 0.313194 0.028906 0.056944
0 0.495703 0.338194 0.032031 0.054167
0 0.076172 0.663889 0.152344 0.197222
0 0.780078 0.412500 0.038281 0.058333
0 0.446875 0.636111 0.070312 0.113889
0 0.802734 0.357639 0.035156 0.054167
0 0.100391 0.931944 0.138281 0.133333
0 0.756250 0.272917 0.039062 0.045833
0 0.490234 0.392361 0.033594 0.068056
0 0.826953 0.395139 0.046094 0.029167
0 0.412500 0.292361 0.014063 0.034722
0 0.057422 0.777778 0.092969 0.119444
0 0.309375 0.493750 0.043750 0.048611
0 0.937500 0.486111 0.070312 0.094444
0 0.880859 0.484028 0.057031 0.090278
0 0.763281 0.315278 0.037500 0.038889
0 0.514453 0.712500 0.085156 0.150000
0 0.555859 0.614583 0.074219 0.143056
0 0.150391 0.803472 0.135156 0.206944
0 0.451172 0.318750 0.025781 0.037500
0 0.276172 0.479167 0.075781 0.188889
0 0.418359 0.544444 0.078906 0.097222
0 0.267188 0.650694 0.082812 0.112500
0 0.815625 0.477778 0.082812 0.072222
0 0.308984 0.783333 0.108594 0.155556
0 0.497656 0.222917 0.020313 0.070833
0 0.444141 0.272917 0.021094 0.034722
0 0.372656 0.503472 0.085938 0.090278
0 0.408984 0.410417 0.066406 0.140278
0 0.711328 0.418750 0.032031 0.068056
0 0.599219 0.377083 0.023438 0.054167
0 0.298828 0.543056 0.080469 0.055556
0 0.206250 0.575000 0.084375 0.047222
0 0.674219 0.302778 0.034375 0.044444
0 0.769922 0.401389 0.052344 0.066667
0 0.822266 0.437500 0.094531 0.061111
0 0.481250 0.214583 0.017188 0.026389
0 0.195312 0.579167 0.151562 0.141667
0 0.867578 0.388194 0.039844 0.059722
0 0.788672 0.340972 0.052344 0.056944
0 0.822656 0.382639 0.051562 0.051389
0 0.691406 0.338194 0.040625 0.062500
0 0.526172 0.851389 0.105469 0.177778
0 0.713281 0.372222 0.028125 0.030556
0 0.625391 0.389583 0.035156 0.051389
0 0.209375 0.722222 0.093750 0.130556
0 0.713672 0.560417 0.096094 0.084722
0 0.475000 0.298611 0.026562 0.038889
0 0.638672 0.352083 0.024219 0.048611
0 0.494531 0.559722 0.087500 0.119444
0 0.352734 0.684722 0.086719 0.108333
0 0.415625 0.277083 0.025000 0.043056
0 0.451953 0.472917 0.055469 0.068056
0 0.970703 0.460417 0.057031 0.087500
0 0.681641 0.397917 0.025781 0.056944
0 0.573828 0.574306 0.074219 0.079167
0 0.756250 0.272917 0.039062 0.045833
0 0.490234 0.392361 0.033594 0.068056
0 0.826953 0.395139 0.046094 0.029167
0 0.837891 0.347222 0.033594 0.041667
0 0.028516 0.885417 0.057031 0.165278
0 0.945703 0.465972 0.085156 0.081944
0 0.466797 0.371528 0.028906 0.051389
0 0.462891 0.287500 0.021094 0.027778
0 0.701562 0.272222 0.046875 0.052778
0 0.858203 0.572222 0.153906 0.086111
0 0.408984 0.410417 0.066406 0.140278
0 0.711328 0.418750 0.032031 0.068056
0 0.599219 0.377083 0.023438 0.054167
0 0.298828 0.543056 0.080469 0.055556
0 0.206250 0.575000 0.084375 0.047222
0 0.674219 0.302778 0.034375 0.044444
0 0.769922 0.401389 0.052344 0.066667
0 0.822266 0.437500 0.094531 0.061111
0 0.481250 0.214583 0.017188 0.026389
0 0.195312 0.579167 0.151562 0.141667
0 0.867578 0.388194 0.039844 0.059722
0 0.788672 0.340972 0.052344 0.056944
0 0.418359 0.544444 0.078906 0.097222
0 0.276172 0.479167 0.075781 0.188889
0 0.451172 0.318750 0.025781 0.037500
0 0.150391 0.803472 0.135156 0.206944
0 0.858203 0.572222 0.153906 0.086111
0 0.701562 0.272222 0.046875 0.052778
0 0.462891 0.287500 0.021094 0.027778
0 0.466797 0.371528 0.028906 0.051389
0 0.945703 0.465972 0.085156 0.081944
0 0.028516 0.885417 0.057031 0.165278
0 0.837891 0.347222 0.033594 0.041667
0 0.826953 0.395139 0.046094 0.029167
0 0.490234 0.392361 0.033594 0.068056
0 0.756250 0.272917 0.039062 0.045833
0 0.573828 0.574306 0.074219 0.079167
0 0.681641 0.397917 0.025781 0.056944
0 0.970703 0.460417 0.057031 0.087500
0 0.451953 0.472917 0.055469 0.068056
0 0.415625 0.277083 0.025000 0.043056
0 0.352734 0.684722 0.086719 0.108333
0 0.494531 0.559722 0.087500 0.119444
0 0.638672 0.352083 0.024219 0.048611
0 0.475000 0.298611 0.026562 0.038889
0 0.713672 0.560417 0.096094 0.084722
0 0.209375 0.722222 0.093750 0.130556
0 0.267188 0.650694 0.082812 0.112500
0 0.815625 0.477778 0.082812 0.072222
0 0.308984 0.783333 0.108594 0.155556
0 0.497656 0.222917 0.020313 0.070833
0 0.444141 0.272917 0.021094 0.034722
0 0.372656 0.503472 0.085938 0.090278
0 0.822656 0.382639 0.051562 0.051389
0 0.691406 0.338194 0.040625 0.062500
0 0.526172 0.851389 0.105469 0.177778
0 0.713281 0.372222 0.028125 0.030556
0 0.625391 0.389583 0.035156 0.051389
0 0.209375 0.722222 0.093750 0.130556
0 0.713672 0.560417 0.096094 0.084722
0 0.475000 0.298611 0.026562 0.038889
0 0.638672 0.352083 0.024219 0.048611
0 0.494531 0.559722 0.087500 0.119444
0 0.352734 0.684722 0.086719 0.108333
0 0.415625 0.277083 0.025000 0.043056
0 0.451953 0.472917 0.055469 0.068056
0 0.970703 0.460417 0.057031 0.087500
0 0.681641 0.397917 0.025781 0.056944
0 0.573828 0.574306 0.074219 0.079167
0 0.756250 0.272917 0.039062 0.045833
0 0.490234 0.392361 0.033594 0.068056
0 0.826953 0.395139 0.046094 0.029167
0 0.837891 0.347222 0.033594 0.041667
0 0.028516 0.885417 0.057031 0.165278
0 0.945703 0.465972 0.085156 0.081944
0 0.466797 0.371528 0.028906 0.051389
0 0.462891 0.287500 0.021094 0.027778
0 0.701562 0.272222 0.046875 0.052778
0 0.858203 0.572222 0.153906 0.086111
0 0.408984 0.410417 0.066406 0.140278
0 0.711328 0.418750 0.032031 0.068056
0 0.599219 0.377083 0.023438 0.054167
0 0.298828 0.543056 0.080469 0.055556
0 0.206250 0.575000 0.084375 0.047222
0 0.674219 0.302778 0.034375 0.044444
0 0.769922 0.401389 0.052344 0.066667
0 0.822266 0.437500 0.094531 0.061111
0 0.481250 0.214583 0.017188 0.026389
0 0.195312 0.579167 0.151562 0.141667
0 0.867578 0.388194 0.039844 0.059722
0 0.788672 0.340972 0.052344 0.056944
0 0.418359 0.544444 0.078906 0.097222
0 0.276172 0.479167 0.075781 0.188889
0 0.451172 0.318750 0.025781 0.037500
0 0.150391 0.803472 0.135156 0.206944
0 0.555859 0.614583 0.074219 0.143056
0 0.514453 0.712500 0.085156 0.150000
0 0.763281 0.315278 0.037500 0.038889
0 0.880859 0.484028 0.057031 0.090278
0 0.937500 0.486111 0.070312 0.094444
0 0.309375 0.493750 0.043750 0.048611
0 0.057422 0.777778 0.092969 0.119444
0 0.412500 0.292361 0.014063 0.034722
0 0.626953 0.422222 0.038281 0.072222
0 0.667578 0.486111 0.088281 0.066667
0 0.494531 0.268056 0.020313 0.030556
0 0.589844 0.523611 0.101562 0.066667
0 0.766016 0.480556 0.113281 0.055556
0 0.631250 0.428472 0.037500 0.062500
0 0.194141 0.620833 0.094531 0.102778
0 0.358984 0.598611 0.071094 0.100000
0 0.372656 0.312500 0.068750 0.102778
0 0.115234 0.688194 0.092969 0.068056
0 0.288672 0.595139 0.085156 0.084722
0 0.026562 0.696528 0.053125 0.154167
0 0.745703 0.365278 0.022656 0.052778
0 0.358984 0.886111 0.121094 0.183333
0 0.368359 0.361806 0.063281 0.109722
0 0.600000 0.697222 0.021875 0.069444
0 0.709766 0.363194 0.030469 0.040278
0 0.890625 0.640972 0.084375 0.129167
0 0.500000 0.411111 0.040625 0.075000
0 0.776172 0.522917 0.121094 0.081944
0 0.512109 0.313194 0.028906 0.056944
0 0.495703 0.338194 0.032031 0.054167
0 0.076172 0.663889 0.152344 0.197222
0 0.780078 0.412500 0.038281 0.058333
0 0.446875 0.636111 0.070312 0.113889
0 0.802734 0.357639 0.035156 0.054167
0 0.100391 0.931944 0.138281 0.133333
0 0.625391 0.389583 0.035156 0.051389
0 0.713281 0.372222 0.028125 0.030556
0 0.526172 0.851389 0.105469 0.177778
0 0.691406 0.338194 0.040625 0.062500
0 0.822656 0.382639 0.051562 0.051389
0 0.372656 0.503472 0.085938 0.090278
0 0.444141 0.272917 0.021094 0.034722
0 0.497656 0.222917 0.020313 0.070833
0 0.308984 0.783333 0.108594 0.155556
0 0.815625 0.477778 0.082812 0.072222
