0 0.508203 0.795833 0.089844 0.283333
0 0.440625 0.239583 0.040625 0.065278
0 0.508203 0.795833 0.089844 0.283333
0 0.440625 0.239583 0.040625 0.065278
0 0.331250 0.068750 0.020313 0.031944
0 0.440625 0.239583 0.040625 0.065278
0 0.508203 0.795833 0.089844 0.283333
0 0.440625 0.239583 0.040625 0.065278
0 0.508203 0.795833 0.089844 0.283333
0 0.239844 0.156250 0.029687 0.054167
0 0.291406 0.088194 0.037500 0.090278
0 0.482031 0.425000 0.051562 0.111111
0 0.275781 0.615972 0.085938 0.190278
0 0.331250 0.068750 0.020313 0.031944
0 0.239844 0.156250 0.029687 0.054167
0 0.291406 0.088194 0.037500 0.090278
0 0.440625 0.239583 0.040625 0.065278
0 0.508203 0.795833 0.089844 0.283333
0 0.239844 0.156250 0.029687 0.054167
0 0.291406 0.088194 0.037500 0.090278
0 0.482031 0.425000 0.051562 0.111111
0 0.275781 0.615972 0.085938 0.190278
0 0.331250 0.068750 0.020313 0.031944
0 0.482031 0.425000 0.051562 0.111111
0 0.275781 0.615972 0.085938 0.190278
0 0.331250 0.068750 0.020313 0.031944
0 0.275781 0.615972 0.085938 0.190278
0 0.482031 0.425000 0.051562 0.111111
0 0.291406 0.088194 0.037500 0.090278
0 0.239844 0.156250 0.029687 0.054167
0 0.508203 0.795833 0.089844 0.283333
0 0.440625 0.239583 0.040625 0.065278
0 0.291406 0.088194 0.037500 0.090278
0 0.239844 0.156250 0.029687 0.054167
0 0.440625 0.239583 0.040625 0.065278
0 0.331250 0.068750 0.020313 0.031944
0 0.275781 0.615972 0.085938 0.190278
0 0.482031 0.425000 0.051562 0.111111
0 0.508203 0.795833 0.089844 0.283333
0 0.239844 0.156250 0.029687 0.054167
0 0.291406 0.088194 0.037500 0.090278
0 0.482031 0.425000 0.051562 0.111111
0 0.275781 0.615972 0.085938 0.190278
0 0.331250 0.068750 0.020313 0.031944
0 0.331250 0.068750 0.020313 0.031944
0 0.275781 0.615972 0.085938 0.190278
0 0.482031 0.425000 0.051562 0.111111
0 0.291406 0.088194 0.037500 0.090278
0 0.239844 0.156250 0.029687 0.054167
