0 0.384115 0.581481 0.057813 0.074074
0 0.327604 0.544444 0.058333 0.062963
0 0.384115 0.581481 0.057813 0.074074
0 0.327604 0.544444 0.058333 0.062963
0 0.384115 0.581481 0.057813 0.074074
0 0.327604 0.544444 0.058333 0.062963
0 0.384115 0.581481 0.057813 0.074074
0 0.327604 0.544444 0.058333 0.062963
0 0.327604 0.544444 0.058333 0.062963
0 0.327604 0.544444 0.058333 0.062963
0 0.384115 0.581481 0.057813 0.074074
0 0.327604 0.544444 0.058333 0.062963
0 0.384115 0.581481 0.057813 0.074074
0 0.384115 0.581481 0.057813 0.074074
