0 0.415625 0.446528 0.032813 0.051389
0 0.672656 0.502778 0.042188 0.075000
0 0.539062 0.373611 0.007812 0.025000
0 0.394531 0.657639 0.046875 0.081944
0 0.693750 0.647222 0.065625 0.105556
0 0.455078 0.439583 0.019531 0.023611
0 0.437500 0.379167 0.010937 0.013889
0 0.470703 0.403472 0.013281 0.023611
0 0.549609 0.346528 0.011719 0.026389
0 0.347266 0.560417 0.041406 0.051389
0 0.437109 0.509722 0.028906 0.041667
0 0.347266 0.560417 0.041406 0.051389
0 0.437109 0.509722 0.028906 0.041667
0 0.611328 0.497222 0.033594 0.041667
0 0.339453 0.840278 0.105469 0.188889
0 0.526172 0.379861 0.011719 0.018056
0 0.550781 0.379861 0.018750 0.040278
0 0.465625 0.368750 0.009375 0.015278
0 0.453906 0.456250 0.018750 0.031944
0 0.444531 0.470833 0.026562 0.041667
0 0.416797 0.570833 0.041406 0.063889
0 0.333203 0.609028 0.053906 0.068056
0 0.457813 0.350000 0.017188 0.030556
0 0.462109 0.431944 0.016406 0.027778
0 0.217578 0.618056 0.071094 0.097222
0 0.479687 0.370833 0.010937 0.013889
0 0.439063 0.412500 0.014063 0.030556
0 0.545312 0.478472 0.026562 0.037500
0 0.388672 0.500000 0.028906 0.041667
0 0.410156 0.436806 0.017188 0.018056
0 0.451562 0.394444 0.012500 0.022222
0 0.362891 0.525000 0.039844 0.061111
0 0.378906 0.438889 0.025000 0.033333
0 0.459766 0.410417 0.014844 0.020833
0 0.455859 0.382639 0.013281 0.018056
0 0.267969 0.699306 0.075000 0.093056
0 0.394531 0.657639 0.046875 0.081944
0 0.333203 0.609028 0.053906 0.068056
0 0.426172 0.428472 0.017969 0.023611
0 0.414844 0.402778 0.014063 0.019444
0 0.575391 0.540972 0.041406 0.081944
0 0.431641 0.418056 0.016406 0.027778
0 0.456250 0.379861 0.012500 0.012500
0 0.474219 0.385417 0.014063 0.018056
0 0.450000 0.368056 0.010937 0.013889
0 0.329688 0.496528 0.034375 0.043056
0 0.415625 0.446528 0.032813 0.051389
0 0.672656 0.502778 0.042188 0.075000
0 0.539062 0.373611 0.007812 0.025000
0 0.693750 0.647222 0.065625 0.105556
0 0.455078 0.439583 0.019531 0.023611
0 0.437500 0.379167 0.010937 0.013889
0 0.470703 0.403472 0.013281 0.023611
0 0.549609 0.346528 0.011719 0.026389
0 0.347266 0.560417 0.041406 0.051389
0 0.437109 0.509722 0.028906 0.041667
0 0.437109 0.509722 0.028906 0.041667
0 0.347266 0.560417 0.041406 0.051389
0 0.549609 0.346528 0.011719 0.026389
0 0.470703 0.403472 0.013281 0.023611
0 0.437500 0.379167 0.010937 0.013889
0 0.455078 0.439583 0.019531 0.023611
0 0.693750 0.647222 0.065625 0.105556
0 0.539062 0.373611 0.007812 0.025000
0 0.672656 0.502778 0.042188 0.075000
0 0.415625 0.446528 0.032813 0.051389
0 0.329688 0.496528 0.034375 0.043056
0 0.450000 0.368056 0.010937 0.013889
0 0.474219 0.385417 0.014063 0.018056
0 0.456250 0.379861 0.012500 0.012500
0 0.431641 0.418056 0.016406 0.027778
0 0.575391 0.540972 0.041406 0.081944
0 0.414844 0.402778 0.014063 0.019444
0 0.426172 0.428472 0.017969 0.023611
0 0.333203 0.609028 0.053906 0.068056
0 0.437109 0.509722 0.028906 0.041667
0 0.347266 0.560417 0.041406 0.051389
0 0.549609 0.346528 0.011719 0.026389
0 0.470703 0.403472 0.013281 0.023611
0 0.437500 0.379167 0.010937 0.013889
0 0.455078 0.439583 0.019531 0.023611
0 0.693750 0.647222 0.065625 0.105556
0 0.539062 0.373611 0.007812 0.025000
0 0.672656 0.502778 0.042188 0.075000
0 0.415625 0.446528 0.032813 0.051389
0 0.329688 0.496528 0.034375 0.043056
0 0.450000 0.368056 0.010937 0.013889
0 0.474219 0.385417 0.014063 0.018056
0 0.456250 0.379861 0.012500 0.012500
0 0.415625 0.446528 0.032813 0.051389
0 0.672656 0.502778 0.042188 0.075000
0 0.539062 0.373611 0.007812 0.025000
0 0.693750 0.647222 0.065625 0.105556
0 0.455078 0.439583 0.019531 0.023611
0 0.437500 0.379167 0.010937 0.013889
0 0.470703 0.403472 0.013281 0.023611
0 0.549609 0.346528 0.011719 0.026389
0 0.611328 0.497222 0.033594 0.041667
0 0.339453 0.840278 0.105469 0.188889
0 0.526172 0.379861 0.011719 0.018056
0 0.550781 0.379861 0.018750 0.040278
0 0.465625 0.368750 0.009375 0.015278
0 0.453906 0.456250 0.018750 0.031944
0 0.444531 0.470833 0.026562 0.041667
0 0.416797 0.570833 0.041406 0.063889
0 0.333203 0.609028 0.053906 0.068056
0 0.457813 0.350000 0.017188 0.030556
0 0.462109 0.431944 0.016406 0.027778
0 0.217578 0.618056 0.071094 0.097222
0 0.479687 0.370833 0.010937 0.013889
0 0.439063 0.412500 0.014063 0.030556
0 0.545312 0.478472 0.026562 0.037500
0 0.388672 0.500000 0.028906 0.041667
0 0.410156 0.436806 0.017188 0.018056
0 0.451562 0.394444 0.012500 0.022222
0 0.362891 0.525000 0.039844 0.061111
0 0.378906 0.438889 0.025000 0.033333
0 0.459766 0.410417 0.014844 0.020833
0 0.455859 0.382639 0.013281 0.018056
0 0.267969 0.699306 0.075000 0.093056
0 0.394531 0.657639 0.046875 0.081944
0 0.333203 0.609028 0.053906 0.068056
0 0.611328 0.497222 0.033594 0.041667
0 0.339453 0.840278 0.105469 0.188889
0 0.526172 0.379861 0.011719 0.018056
0 0.550781 0.379861 0.018750 0.040278
0 0.465625 0.368750 0.009375 0.015278
0 0.453906 0.456250 0.018750 0.031944
0 0.444531 0.470833 0.026562 0.041667
0 0.416797 0.570833 0.041406 0.063889
0 0.333203 0.609028 0.053906 0.068056
0 0.457813 0.350000 0.017188 0.030556
0 0.462109 0.431944 0.016406 0.027778
0 0.217578 0.618056 0.071094 0.097222
0 0.479687 0.370833 0.010937 0.013889
0 0.439063 0.412500 0.014063 0.030556
0 0.545312 0.478472 0.026562 0.037500
0 0.388672 0.500000 0.028906 0.041667
0 0.410156 0.436806 0.017188 0.018056
0 0.451562 0.394444 0.012500 0.022222
0 0.362891 0.525000 0.039844 0.061111
0 0.378906 0.438889 0.025000 0.033333
0 0.459766 0.410417 0.014844 0.020833
0 0.455859 0.382639 0.013281 0.018056
0 0.267969 0.699306 0.075000 0.093056
0 0.394531 0.657639 0.046875 0.081944
0 0.333203 0.609028 0.053906 0.068056
0 0.426172 0.428472 0.017969 0.023611
0 0.414844 0.402778 0.014063 0.019444
0 0.575391 0.540972 0.041406 0.081944
0 0.431641 0.418056 0.016406 0.027778
0 0.456250 0.379861 0.012500 0.012500
0 0.474219 0.385417 0.014063 0.018056
0 0.450000 0.368056 0.010937 0.013889
0 0.329688 0.496528 0.034375 0.043056
0 0.415625 0.446528 0.032813 0.051389
0 0.672656 0.502778 0.042188 0.075000
0 0.539062 0.373611 0.007812 0.025000
0 0.693750 0.647222 0.065625 0.105556
0 0.455078 0.439583 0.019531 0.023611
0 0.437500 0.379167 0.010937 0.013889
0 0.470703 0.403472 0.013281 0.023611
0 0.549609 0.346528 0.011719 0.026389
0 0.347266 0.560417 0.041406 0.051389
0 0.437109 0.509722 0.028906 0.041667
0 0.437109 0.509722 0.028906 0.041667
0 0.347266 0.560417 0.041406 0.051389
0 0.549609 0.346528 0.011719 0.026389
0 0.470703 0.403472 0.013281 0.023611
0 0.437500 0.379167 0.010937 0.013889
0 0.455078 0.439583 0.019531 0.023611
0 0.693750 0.647222 0.065625 0.105556
0 0.539062 0.373611 0.007812 0.025000
0 0.672656 0.502778 0.042188 0.075000
0 0.415625 0.446528 0.032813 0.051389
0 0.329688 0.496528 0.034375 0.043056
0 0.450000 0.368056 0.010937 0.013889
0 0.474219 0.385417 0.014063 0.018056
0 0.456250 0.379861 0.012500 0.012500
0 0.431641 0.418056 0.016406 0.027778
0 0.575391 0.540972 0.041406 0.081944
0 0.414844 0.402778 0.014063 0.019444
0 0.426172 0.428472 0.017969 0.023611
0 0.333203 0.609028 0.053906 0.068056
0 0.394531 0.657639 0.046875 0.081944
0 0.267969 0.699306 0.075000 0.093056
0 0.455859 0.382639 0.013281 0.018056
0 0.459766 0.410417 0.014844 0.020833
0 0.378906 0.438889 0.025000 0.033333
0 0.362891 0.525000 0.039844 0.061111
0 0.451562 0.394444 0.012500 0.022222
0 0.410156 0.436806 0.017188 0.018056
0 0.388672 0.500000 0.028906 0.041667
0 0.545312 0.478472 0.026562 0.037500
0 0.439063 0.412500 0.014063 0.030556
0 0.479687 0.370833 0.010937 0.013889
0 0.217578 0.618056 0.071094 0.097222
0 0.462109 0.431944 0.016406 0.027778
0 0.457813 0.350000 0.017188 0.030556
0 0.333203 0.609028 0.053906 0.068056
0 0.416797 0.570833 0.041406 0.063889
0 0.444531 0.470833 0.026562 0.041667
0 0.453906 0.456250 0.018750 0.031944
0 0.465625 0.368750 0.009375 0.015278
0 0.550781 0.379861 0.018750 0.040278
0 0.526172 0.379861 0.011719 0.018056
0 0.339453 0.840278 0.105469 0.188889
0 0.611328 0.497222 0.033594 0.041667
0 0.426172 0.428472 0.017969 0.023611
0 0.414844 0.402778 0.014063 0.019444
0 0.575391 0.540972 0.041406 0.081944
0 0.431641 0.418056 0.016406 0.027778
0 0.456250 0.379861 0.012500 0.012500
0 0.474219 0.385417 0.014063 0.018056
0 0.450000 0.368056 0.010937 0.013889
0 0.329688 0.496528 0.034375 0.043056
0 0.611328 0.497222 0.033594 0.041667
0 0.339453 0.840278 0.105469 0.188889
0 0.526172 0.379861 0.011719 0.018056
0 0.550781 0.379861 0.018750 0.040278
0 0.465625 0.368750 0.009375 0.015278
0 0.453906 0.456250 0.018750 0.031944
0 0.444531 0.470833 0.026562 0.041667
0 0.416797 0.570833 0.041406 0.063889
0 0.333203 0.609028 0.053906 0.068056
0 0.457813 0.350000 0.017188 0.030556
0 0.462109 0.431944 0.016406 0.027778
0 0.217578 0.618056 0.071094 0.097222
0 0.479687 0.370833 0.010937 0.013889
0 0.439063 0.412500 0.014063 0.030556
0 0.545312 0.478472 0.026562 0.037500
0 0.388672 0.500000 0.028906 0.041667
0 0.410156 0.436806 0.017188 0.018056
0 0.451562 0.394444 0.012500 0.022222
0 0.362891 0.525000 0.039844 0.061111
0 0.378906 0.438889 0.025000 0.033333
0 0.459766 0.410417 0.014844 0.020833
0 0.455859 0.382639 0.013281 0.018056
0 0.267969 0.699306 0.075000 0.093056
0 0.394531 0.657639 0.046875 0.081944
0 0.333203 0.609028 0.053906 0.068056
0 0.431641 0.418056 0.016406 0.027778
0 0.575391 0.540972 0.041406 0.081944
0 0.414844 0.402778 0.014063 0.019444
0 0.426172 0.428472 0.017969 0.023611
0 0.333203 0.609028 0.053906 0.068056
0 0.394531 0.657639 0.046875 0.081944
0 0.267969 0.699306 0.075000 0.093056
0 0.455859 0.382639 0.013281 0.018056
0 0.459766 0.410417 0.014844 0.020833
0 0.378906 0.438889 0.025000 0.033333
0 0.362891 0.525000 0.039844 0.061111
0 0.451562 0.394444 0.012500 0.022222
0 0.410156 0.436806 0.017188 0.018056
0 0.388672 0.500000 0.028906 0.041667
0 0.545312 0.478472 0.026562 0.037500
0 0.439063 0.412500 0.014063 0.030556
0 0.479687 0.370833 0.010937 0.013889
0 0.217578 0.618056 0.071094 0.097222
0 0.462109 0.431944 0.016406 0.027778
0 0.457813 0.350000 0.017188 0.030556
0 0.333203 0.609028 0.053906 0.068056
0 0.416797 0.570833 0.041406 0.063889
0 0.444531 0.470833 0.026562 0.041667
0 0.453906 0.456250 0.018750 0.031944
0 0.550781 0.379861 0.018750 0.040278
0 0.465625 0.368750 0.009375 0.015278
0 0.526172 0.379861 0.011719 0.018056
0 0.339453 0.840278 0.105469 0.188889
0 0.611328 0.497222 0.033594 0.041667
0 0.611328 0.497222 0.033594 0.041667
0 0.339453 0.840278 0.105469 0.188889
0 0.526172 0.379861 0.011719 0.018056
0 0.550781 0.379861 0.018750 0.040278
0 0.465625 0.368750 0.009375 0.015278
0 0.453906 0.456250 0.018750 0.031944
0 0.444531 0.470833 0.026562 0.041667
0 0.416797 0.570833 0.041406 0.063889
0 0.333203 0.609028 0.053906 0.068056
0 0.457813 0.350000 0.017188 0.030556
0 0.462109 0.431944 0.016406 0.027778
0 0.217578 0.618056 0.071094 0.097222
0 0.479687 0.370833 0.010937 0.013889
0 0.439063 0.412500 0.014063 0.030556
0 0.545312 0.478472 0.026562 0.037500
0 0.388672 0.500000 0.028906 0.041667
0 0.410156 0.436806 0.017188 0.018056
0 0.451562 0.394444 0.012500 0.022222
0 0.362891 0.525000 0.039844 0.061111
0 0.378906 0.438889 0.025000 0.033333
0 0.459766 0.410417 0.014844 0.020833
0 0.455859 0.382639 0.013281 0.018056
0 0.267969 0.699306 0.075000 0.093056
0 0.426172 0.428472 0.017969 0.023611
0 0.414844 0.402778 0.014063 0.019444
0 0.575391 0.540972 0.041406 0.081944
0 0.431641 0.418056 0.016406 0.027778
0 0.456250 0.379861 0.012500 0.012500
0 0.474219 0.385417 0.014063 0.018056
0 0.450000 0.368056 0.010937 0.013889
0 0.329688 0.496528 0.034375 0.043056
