0 0.681250 0.262500 0.031250 0.063889
0 0.755469 0.252778 0.051562 0.061111
0 0.950000 0.198611 0.028125 0.036111
0 0.882031 0.197222 0.020313 0.027778
0 0.806250 0.273611 0.053125 0.080556
0 0.975781 0.245833 0.026562 0.058333
0 0.914844 0.247222 0.017188 0.061111
0 0.681250 0.262500 0.031250 0.063889
0 0.440625 0.362500 0.065625 0.102778
0 0.778125 0.198611 0.046875 0.075000
0 0.745313 0.268056 0.043750 0.075000
0 0.649219 0.266667 0.045312 0.077778
0 0.604688 0.454167 0.103125 0.219444
0 0.603906 0.237500 0.035937 0.025000
0 0.918750 0.200000 0.025000 0.022222
0 0.796094 0.402778 0.070312 0.100000
0 0.953125 0.270833 0.050000 0.069444
0 0.686719 0.338889 0.060937 0.088889
0 0.089844 0.858333 0.179688 0.277778
0 0.314063 0.687500 0.109375 0.158333
0 0.899219 0.218056 0.020313 0.030556
0 0.992188 0.229167 0.012500 0.091667
0 0.746094 0.236111 0.035937 0.027778
0 0.707031 0.286111 0.054688 0.077778
0 0.509375 0.286111 0.056250 0.083333
0 0.477344 0.330556 0.042188 0.077778
0 0.042969 0.601389 0.085938 0.125000
0 0.899219 0.236111 0.020313 0.066667
0 0.564063 0.275000 0.056250 0.072222
0 0.604688 0.454167 0.103125 0.219444
0 0.649219 0.266667 0.045312 0.077778
0 0.745313 0.268056 0.043750 0.075000
0 0.778125 0.198611 0.046875 0.075000
0 0.440625 0.362500 0.065625 0.102778
0 0.828906 0.255556 0.045312 0.072222
0 0.564063 0.275000 0.056250 0.072222
0 0.604688 0.454167 0.103125 0.219444
0 0.649219 0.266667 0.045312 0.077778
0 0.745313 0.268056 0.043750 0.075000
0 0.778125 0.198611 0.046875 0.075000
0 0.440625 0.362500 0.065625 0.102778
0 0.828906 0.255556 0.045312 0.072222
0 0.707031 0.286111 0.054688 0.077778
0 0.509375 0.286111 0.056250 0.083333
0 0.477344 0.330556 0.042188 0.077778
0 0.042969 0.601389 0.085938 0.125000
0 0.882031 0.197222 0.020313 0.027778
0 0.806250 0.273611 0.053125 0.080556
0 0.975781 0.245833 0.026562 0.058333
0 0.669531 0.408333 0.026562 0.088889
0 0.089844 0.858333 0.179688 0.277778
0 0.755469 0.252778 0.051562 0.061111
0 0.950000 0.198611 0.028125 0.036111
0 0.882031 0.197222 0.020313 0.027778
0 0.806250 0.273611 0.053125 0.080556
0 0.975781 0.245833 0.026562 0.058333
0 0.669531 0.408333 0.026562 0.088889
0 0.935156 0.252778 0.048438 0.072222
0 0.606250 0.272222 0.037500 0.050000
0 0.603906 0.237500 0.035937 0.025000
0 0.918750 0.200000 0.025000 0.022222
0 0.796094 0.402778 0.070312 0.100000
0 0.953125 0.270833 0.050000 0.069444
0 0.686719 0.338889 0.060937 0.088889
0 0.089844 0.858333 0.179688 0.277778
0 0.314063 0.687500 0.109375 0.158333
0 0.899219 0.218056 0.020313 0.030556
0 0.992188 0.229167 0.012500 0.091667
0 0.746094 0.236111 0.035937 0.027778
0 0.707031 0.286111 0.054688 0.077778
0 0.509375 0.286111 0.056250 0.083333
0 0.477344 0.330556 0.042188 0.077778
0 0.042969 0.601389 0.085938 0.125000
0 0.899219 0.236111 0.020313 0.066667
0 0.564063 0.275000 0.056250 0.072222
0 0.686719 0.338889 0.060937 0.088889
0 0.953125 0.270833 0.050000 0.069444
0 0.796094 0.402778 0.070312 0.100000
0 0.918750 0.200000 0.025000 0.022222
0 0.603906 0.237500 0.035937 0.025000
0 0.606250 0.272222 0.037500 0.050000
0 0.935156 0.252778 0.048438 0.072222
0 0.669531 0.408333 0.026562 0.088889
0 0.975781 0.245833 0.026562 0.058333
0 0.806250 0.273611 0.053125 0.080556
0 0.882031 0.197222 0.020313 0.027778
0 0.950000 0.198611 0.028125 0.036111
0 0.755469 0.252778 0.051562 0.061111
0 0.681250 0.262500 0.031250 0.063889
0 0.914844 0.247222 0.017188 0.061111
0 0.828906 0.255556 0.045312 0.072222
0 0.828906 0.255556 0.045312 0.072222
0 0.440625 0.362500 0.065625 0.102778
0 0.778125 0.198611 0.046875 0.075000
0 0.745313 0.268056 0.043750 0.075000
0 0.649219 0.266667 0.045312 0.077778
0 0.604688 0.454167 0.103125 0.219444
0 0.440625 0.362500 0.065625 0.102778
0 0.778125 0.198611 0.046875 0.075000
0 0.745313 0.268056 0.043750 0.075000
0 0.649219 0.266667 0.045312 0.077778
0 0.604688 0.454167 0.103125 0.219444
0 0.564063 0.275000 0.056250 0.072222
0 0.899219 0.236111 0.020313 0.066667
0 0.042969 0.601389 0.085938 0.125000
0 0.477344 0.330556 0.042188 0.077778
0 0.509375 0.286111 0.056250 0.083333
0 0.707031 0.286111 0.054688 0.077778
0 0.746094 0.236111 0.035937 0.027778
0 0.992188 0.229167 0.012500 0.091667
0 0.899219 0.218056 0.020313 0.030556
0 0.314063 0.687500 0.109375 0.158333
0 0.089844 0.858333 0.179688 0.277778
0 0.686719 0.338889 0.060937 0.088889
0 0.953125 0.270833 0.050000 0.069444
0 0.796094 0.402778 0.070312 0.100000
0 0.918750 0.200000 0.025000 0.022222
0 0.603906 0.237500 0.035937 0.025000
0 0.606250 0.272222 0.037500 0.050000
0 0.935156 0.252778 0.048438 0.072222
0 0.669531 0.408333 0.026562 0.088889
0 0.975781 0.245833 0.026562 0.058333
0 0.806250 0.273611 0.053125 0.080556
0 0.882031 0.197222 0.020313 0.027778
0 0.950000 0.198611 0.028125 0.036111
0 0.755469 0.252778 0.051562 0.061111
0 0.681250 0.262500 0.031250 0.063889
0 0.914844 0.247222 0.017188 0.061111
0 0.914844 0.247222 0.017188 0.061111
0 0.681250 0.262500 0.031250 0.063889
0 0.755469 0.252778 0.051562 0.061111
0 0.899219 0.236111 0.020313 0.066667
0 0.042969 0.601389 0.085938 0.125000
0 0.477344 0.330556 0.042188 0.077778
0 0.509375 0.286111 0.056250 0.083333
0 0.707031 0.286111 0.054688 0.077778
0 0.950000 0.198611 0.028125 0.036111
0 0.935156 0.252778 0.048438 0.072222
0 0.606250 0.272222 0.037500 0.050000
0 0.603906 0.237500 0.035937 0.025000
0 0.918750 0.200000 0.025000 0.022222
0 0.796094 0.402778 0.070312 0.100000
0 0.953125 0.270833 0.050000 0.069444
0 0.686719 0.338889 0.060937 0.088889
0 0.089844 0.858333 0.179688 0.277778
0 0.314063 0.687500 0.109375 0.158333
0 0.899219 0.236111 0.020313 0.066667
0 0.564063 0.275000 0.056250 0.072222
0 0.828906 0.255556 0.045312 0.072222
0 0.440625 0.362500 0.065625 0.102778
0 0.778125 0.198611 0.046875 0.075000
0 0.745313 0.268056 0.043750 0.075000
0 0.649219 0.266667 0.045312 0.077778
0 0.604688 0.454167 0.103125 0.219444
0 0.564063 0.275000 0.056250 0.072222
0 0.899219 0.236111 0.020313 0.066667
0 0.042969 0.601389 0.085938 0.125000
0 0.477344 0.330556 0.042188 0.077778
0 0.509375 0.286111 0.056250 0.083333
0 0.707031 0.286111 0.054688 0.077778
0 0.746094 0.236111 0.035937 0.027778
0 0.992188 0.229167 0.012500 0.091667
0 0.828906 0.255556 0.045312 0.072222
0 0.899219 0.218056 0.020313 0.030556
0 0.314063 0.687500 0.109375 0.158333
0 0.828906 0.255556 0.045312 0.072222
0 0.440625 0.362500 0.065625 0.102778
0 0.778125 0.198611 0.046875 0.075000
0 0.745313 0.268056 0.043750 0.075000
0 0.649219 0.266667 0.045312 0.077778
0 0.604688 0.454167 0.103125 0.219444
0 0.564063 0.275000 0.056250 0.072222
0 0.899219 0.236111 0.020313 0.066667
0 0.042969 0.601389 0.085938 0.125000
0 0.477344 0.330556 0.042188 0.077778
0 0.509375 0.286111 0.056250 0.083333
0 0.707031 0.286111 0.054688 0.077778
0 0.746094 0.236111 0.035937 0.027778
0 0.992188 0.229167 0.012500 0.091667
0 0.899219 0.218056 0.020313 0.030556
0 0.314063 0.687500 0.109375 0.158333
0 0.089844 0.858333 0.179688 0.277778
0 0.686719 0.338889 0.060937 0.088889
0 0.953125 0.270833 0.050000 0.069444
0 0.796094 0.402778 0.070312 0.100000
0 0.918750 0.200000 0.025000 0.022222
0 0.603906 0.237500 0.035937 0.025000
0 0.606250 0.272222 0.037500 0.050000
0 0.935156 0.252778 0.048438 0.072222
0 0.669531 0.408333 0.026562 0.088889
0 0.975781 0.245833 0.026562 0.058333
0 0.806250 0.273611 0.053125 0.080556
0 0.882031 0.197222 0.020313 0.027778
0 0.950000 0.198611 0.028125 0.036111
0 0.755469 0.252778 0.051562 0.061111
0 0.681250 0.262500 0.031250 0.063889
0 0.914844 0.247222 0.017188 0.061111
0 0.746094 0.236111 0.035937 0.027778
0 0.992188 0.229167 0.012500 0.091667
0 0.899219 0.218056 0.020313 0.030556
0 0.314063 0.687500 0.109375 0.158333
0 0.089844 0.858333 0.179688 0.277778
0 0.686719 0.338889 0.060937 0.088889
0 0.953125 0.270833 0.050000 0.069444
0 0.796094 0.402778 0.070312 0.100000
0 0.918750 0.200000 0.025000 0.022222
0 0.603906 0.237500 0.035937 0.025000
0 0.606250 0.272222 0.037500 0.050000
0 0.935156 0.252778 0.048438 0.072222
0 0.669531 0.408333 0.026562 0.088889
0 0.914844 0.247222 0.017188 0.061111
0 0.681250 0.262500 0.031250 0.063889
0 0.755469 0.252778 0.051562 0.061111
0 0.950000 0.198611 0.028125 0.036111
0 0.882031 0.197222 0.020313 0.027778
0 0.806250 0.273611 0.053125 0.080556
0 0.975781 0.245833 0.026562 0.058333
0 0.669531 0.408333 0.026562 0.088889
0 0.935156 0.252778 0.048438 0.072222
0 0.606250 0.272222 0.037500 0.050000
0 0.899219 0.218056 0.020313 0.030556
0 0.992188 0.229167 0.012500 0.091667
0 0.746094 0.236111 0.035937 0.027778
0 0.914844 0.247222 0.017188 0.061111
