0 0.246875 0.368750 0.048438 0.090278
0 0.320312 0.029167 0.014063 0.025000
0 0.336328 0.270833 0.038281 0.075000
0 0.333984 0.125000 0.025781 0.041667
0 0.296875 0.065972 0.018750 0.031944
0 0.239844 0.156250 0.029687 0.054167
0 0.483594 0.375000 0.048438 0.091667
0 0.344141 0.195139 0.032031 0.054167
0 0.291406 0.031944 0.014063 0.025000
0 0.375391 0.095833 0.022656 0.036111
0 0.353516 0.038889 0.017969 0.027778
0 0.432031 0.217361 0.037500 0.059722
0 0.239844 0.156250 0.029687 0.054167
0 0.483594 0.375000 0.048438 0.091667
0 0.344141 0.195139 0.032031 0.054167
0 0.291406 0.031944 0.014063 0.025000
0 0.375391 0.095833 0.022656 0.036111
0 0.353516 0.038889 0.017969 0.027778
0 0.432031 0.217361 0.037500 0.059722
0 0.297656 0.477778 0.067187 0.133333
0 0.483594 0.375000 0.048438 0.091667
0 0.344141 0.195139 0.032031 0.054167
0 0.291406 0.031944 0.014063 0.025000
0 0.375391 0.095833 0.022656 0.036111
0 0.353516 0.038889 0.017969 0.027778
0 0.432031 0.217361 0.037500 0.059722
0 0.297656 0.477778 0.067187 0.133333
0 0.297656 0.477778 0.067187 0.133333
0 0.432031 0.217361 0.037500 0.059722
0 0.353516 0.038889 0.017969 0.027778
0 0.375391 0.095833 0.022656 0.036111
0 0.291406 0.031944 0.014063 0.025000
0 0.344141 0.195139 0.032031 0.054167
0 0.483594 0.375000 0.048438 0.091667
0 0.333984 0.125000 0.025781 0.041667
0 0.297656 0.477778 0.067187 0.133333
0 0.246875 0.368750 0.048438 0.090278
0 0.320312 0.029167 0.014063 0.025000
0 0.336328 0.270833 0.038281 0.075000
0 0.333984 0.125000 0.025781 0.041667
0 0.296875 0.065972 0.018750 0.031944
0 0.239844 0.156250 0.029687 0.054167
0 0.483594 0.375000 0.048438 0.091667
0 0.344141 0.195139 0.032031 0.054167
0 0.291406 0.031944 0.014063 0.025000
0 0.375391 0.095833 0.022656 0.036111
0 0.353516 0.038889 0.017969 0.027778
0 0.432031 0.217361 0.037500 0.059722
0 0.297656 0.477778 0.067187 0.133333
0 0.246875 0.368750 0.048438 0.090278
0 0.320312 0.029167 0.014063 0.025000
0 0.336328 0.270833 0.038281 0.075000
0 0.333984 0.125000 0.025781 0.041667
0 0.296875 0.065972 0.018750 0.031944
0 0.239844 0.156250 0.029687 0.054167
0 0.483594 0.375000 0.048438 0.091667
0 0.239844 0.156250 0.029687 0.054167
0 0.296875 0.065972 0.018750 0.031944
0 0.333984 0.125000 0.025781 0.041667
0 0.336328 0.270833 0.038281 0.075000
0 0.320312 0.029167 0.014063 0.025000
0 0.246875 0.368750 0.048438 0.090278
0 0.296875 0.065972 0.018750 0.031944
0 0.344141 0.195139 0.032031 0.054167
0 0.291406 0.031944 0.014063 0.025000
0 0.375391 0.095833 0.022656 0.036111
0 0.353516 0.038889 0.017969 0.027778
0 0.432031 0.217361 0.037500 0.059722
0 0.297656 0.477778 0.067187 0.133333
0 0.297656 0.477778 0.067187 0.133333
0 0.432031 0.217361 0.037500 0.059722
0 0.353516 0.038889 0.017969 0.027778
0 0.375391 0.095833 0.022656 0.036111
0 0.291406 0.031944 0.014063 0.025000
0 0.344141 0.195139 0.032031 0.054167
0 0.483594 0.375000 0.048438 0.091667
0 0.239844 0.156250 0.029687 0.054167
0 0.296875 0.065972 0.018750 0.031944
0 0.333984 0.125000 0.025781 0.041667
0 0.336328 0.270833 0.038281 0.075000
0 0.320312 0.029167 0.014063 0.025000
0 0.246875 0.368750 0.048438 0.090278
0 0.246875 0.368750 0.048438 0.090278
0 0.320312 0.029167 0.014063 0.025000
0 0.336328 0.270833 0.038281 0.075000
0 0.239844 0.156250 0.029687 0.054167
0 0.246875 0.368750 0.048438 0.090278
0 0.320312 0.029167 0.014063 0.025000
0 0.336328 0.270833 0.038281 0.075000
0 0.333984 0.125000 0.025781 0.041667
0 0.296875 0.065972 0.018750 0.031944
