0 0.269792 0.550000 0.022917 0.031481
0 0.196875 0.631019 0.022917 0.036111
0 0.269792 0.550000 0.022917 0.031481
0 0.196875 0.631019 0.022917 0.036111
0 0.269792 0.550000 0.022917 0.031481
0 0.196875 0.631019 0.022917 0.036111
0 0.196875 0.631019 0.022917 0.036111
0 0.196875 0.631019 0.022917 0.036111
0 0.269792 0.550000 0.022917 0.031481
0 0.269792 0.550000 0.022917 0.031481
0 0.196875 0.631019 0.022917 0.036111
0 0.269792 0.550000 0.022917 0.031481
0 0.269792 0.550000 0.022917 0.031481
0 0.196875 0.631019 0.022917 0.036111
