0 0.498437 0.565278 0.021875 0.047222
0 0.895312 0.779167 0.171875 0.158333
0 0.498437 0.565278 0.021875 0.047222
0 0.895312 0.779167 0.171875 0.158333
0 0.358594 0.834722 0.060937 0.063889
0 0.789844 0.945833 0.070312 0.102778
0 0.550000 0.533333 0.006250 0.011111
0 0.482031 0.502778 0.017188 0.027778
0 0.192188 0.375000 0.359375 0.122222
0 0.566406 0.563889 0.010937 0.016667
0 0.608594 0.601389 0.014063 0.013889
0 0.498437 0.565278 0.021875 0.047222
0 0.895312 0.779167 0.171875 0.158333
0 0.358594 0.834722 0.060937 0.063889
0 0.789844 0.945833 0.070312 0.102778
0 0.550000 0.533333 0.006250 0.011111
0 0.482031 0.502778 0.017188 0.027778
0 0.192188 0.375000 0.359375 0.122222
0 0.566406 0.563889 0.010937 0.016667
0 0.608594 0.601389 0.014063 0.013889
0 0.576562 0.559722 0.009375 0.013889
0 0.576562 0.559722 0.009375 0.013889
0 0.498437 0.565278 0.021875 0.047222
0 0.895312 0.779167 0.171875 0.158333
0 0.358594 0.834722 0.060937 0.063889
0 0.789844 0.945833 0.070312 0.102778
0 0.576562 0.559722 0.009375 0.013889
0 0.358594 0.834722 0.060937 0.063889
0 0.789844 0.945833 0.070312 0.102778
0 0.550000 0.533333 0.006250 0.011111
0 0.482031 0.502778 0.017188 0.027778
0 0.192188 0.375000 0.359375 0.122222
0 0.566406 0.563889 0.010937 0.016667
0 0.608594 0.601389 0.014063 0.013889
0 0.576562 0.559722 0.009375 0.013889
0 0.550000 0.533333 0.006250 0.011111
0 0.482031 0.502778 0.017188 0.027778
0 0.192188 0.375000 0.359375 0.122222
0 0.566406 0.563889 0.010937 0.016667
0 0.608594 0.601389 0.014063 0.013889
0 0.576562 0.559722 0.009375 0.013889
0 0.608594 0.601389 0.014063 0.013889
0 0.566406 0.563889 0.010937 0.016667
0 0.192188 0.375000 0.359375 0.122222
0 0.482031 0.502778 0.017188 0.027778
0 0.550000 0.533333 0.006250 0.011111
0 0.789844 0.945833 0.070312 0.102778
0 0.358594 0.834722 0.060937 0.063889
0 0.895312 0.779167 0.171875 0.158333
0 0.498437 0.565278 0.021875 0.047222
0 0.576562 0.559722 0.009375 0.013889
0 0.608594 0.601389 0.014063 0.013889
0 0.566406 0.563889 0.010937 0.016667
0 0.192188 0.375000 0.359375 0.122222
0 0.482031 0.502778 0.017188 0.027778
0 0.550000 0.533333 0.006250 0.011111
0 0.789844 0.945833 0.070312 0.102778
0 0.358594 0.834722 0.060937 0.063889
0 0.895312 0.779167 0.171875 0.158333
0 0.498437 0.565278 0.021875 0.047222
0 0.498437 0.565278 0.021875 0.047222
0 0.895312 0.779167 0.171875 0.158333
0 0.358594 0.834722 0.060937 0.063889
0 0.789844 0.945833 0.070312 0.102778
0 0.550000 0.533333 0.006250 0.011111
0 0.482031 0.502778 0.017188 0.027778
0 0.192188 0.375000 0.359375 0.122222
0 0.566406 0.563889 0.010937 0.016667
0 0.608594 0.601389 0.014063 0.013889
0 0.576562 0.559722 0.009375 0.013889
