0 0.573047 0.565278 0.055469 0.094444
0 0.175391 0.979167 0.124219 0.038889
0 0.441797 0.493056 0.039844 0.083333
0 0.495703 0.463194 0.039844 0.062500
0 0.614062 0.527778 0.042188 0.063889
0 0.531641 0.410417 0.024219 0.031944
0 0.518750 0.447222 0.023438 0.050000
0 0.712500 0.878472 0.120313 0.190278
0 0.342187 0.768750 0.178125 0.423611
0 0.375391 0.504861 0.102344 0.140278
0 0.447266 0.584028 0.046094 0.098611
0 0.342187 0.768750 0.178125 0.423611
0 0.375391 0.504861 0.102344 0.140278
0 0.447266 0.584028 0.046094 0.098611
0 0.444141 0.417361 0.047656 0.101389
0 0.583984 0.756944 0.063281 0.161111
0 0.908203 0.690278 0.182031 0.363889
0 0.492578 0.413889 0.025781 0.041667
0 0.210547 0.864583 0.092969 0.173611
0 0.524219 0.384028 0.018750 0.026389
0 0.555078 0.486111 0.038281 0.072222
0 0.506641 0.606944 0.044531 0.102778
0 0.480469 0.332639 0.028125 0.045833
0 0.452344 0.523611 0.035937 0.063889
0 0.643750 0.673611 0.095312 0.188889
0 0.585547 0.501389 0.027344 0.027778
0 0.541016 0.378472 0.017969 0.023611
0 0.510547 0.375000 0.017969 0.036111
0 0.540234 0.460417 0.024219 0.070833
0 0.575000 0.418750 0.032813 0.037500
0 0.775781 0.451389 0.082812 0.130556
0 0.775781 0.451389 0.082812 0.130556
0 0.575000 0.418750 0.032813 0.037500
0 0.540234 0.460417 0.024219 0.070833
0 0.510547 0.375000 0.017969 0.036111
0 0.541016 0.378472 0.017969 0.023611
0 0.585547 0.501389 0.027344 0.027778
0 0.643750 0.673611 0.095312 0.188889
0 0.452344 0.523611 0.035937 0.063889
0 0.480469 0.332639 0.028125 0.045833
0 0.506641 0.606944 0.044531 0.102778
0 0.555078 0.486111 0.038281 0.072222
0 0.524219 0.384028 0.018750 0.026389
0 0.210547 0.864583 0.092969 0.173611
0 0.492578 0.413889 0.025781 0.041667
0 0.908203 0.690278 0.182031 0.363889
0 0.583984 0.756944 0.063281 0.161111
0 0.444141 0.417361 0.047656 0.101389
0 0.635156 0.564583 0.050000 0.029167
0 0.476953 0.363889 0.021094 0.025000
0 0.521875 0.946528 0.118750 0.104167
0 0.585938 0.462500 0.029687 0.052778
0 0.629687 0.579167 0.062500 0.061111
0 0.558984 0.406250 0.022656 0.054167
0 0.512500 0.547222 0.048438 0.116667
0 0.514453 0.724306 0.071094 0.137500
0 0.481250 0.863889 0.090625 0.188889
0 0.438281 0.634028 0.020313 0.109722
0 0.887109 0.523611 0.061719 0.055556
0 0.573047 0.565278 0.055469 0.094444
0 0.833594 0.486806 0.032813 0.040278
0 0.555859 0.527083 0.035156 0.093056
0 0.175391 0.979167 0.124219 0.038889
0 0.441797 0.493056 0.039844 0.083333
0 0.495703 0.463194 0.039844 0.062500
0 0.614062 0.527778 0.042188 0.063889
0 0.531641 0.410417 0.024219 0.031944
0 0.518750 0.447222 0.023438 0.050000
0 0.712500 0.878472 0.120313 0.190278
0 0.342187 0.768750 0.178125 0.423611
0 0.375391 0.504861 0.102344 0.140278
0 0.447266 0.584028 0.046094 0.098611
0 0.444141 0.417361 0.047656 0.101389
0 0.583984 0.756944 0.063281 0.161111
0 0.908203 0.690278 0.182031 0.363889
0 0.492578 0.413889 0.025781 0.041667
0 0.210547 0.864583 0.092969 0.173611
0 0.524219 0.384028 0.018750 0.026389
0 0.555078 0.486111 0.038281 0.072222
0 0.506641 0.606944 0.044531 0.102778
0 0.480469 0.332639 0.028125 0.045833
0 0.452344 0.523611 0.035937 0.063889
0 0.643750 0.673611 0.095312 0.188889
0 0.585547 0.501389 0.027344 0.027778
0 0.614062 0.527778 0.042188 0.063889
0 0.531641 0.410417 0.024219 0.031944
0 0.518750 0.447222 0.023438 0.050000
0 0.712500 0.878472 0.120313 0.190278
0 0.342187 0.768750 0.178125 0.423611
0 0.375391 0.504861 0.102344 0.140278
0 0.447266 0.584028 0.046094 0.098611
0 0.444141 0.417361 0.047656 0.101389
0 0.583984 0.756944 0.063281 0.161111
0 0.908203 0.690278 0.182031 0.363889
0 0.492578 0.413889 0.025781 0.041667
0 0.210547 0.864583 0.092969 0.173611
0 0.524219 0.384028 0.018750 0.026389
0 0.555078 0.486111 0.038281 0.072222
0 0.506641 0.606944 0.044531 0.102778
0 0.480469 0.332639 0.028125 0.045833
0 0.452344 0.523611 0.035937 0.063889
0 0.643750 0.673611 0.095312 0.188889
0 0.585547 0.501389 0.027344 0.027778
0 0.541016 0.378472 0.017969 0.023611
0 0.510547 0.375000 0.017969 0.036111
0 0.540234 0.460417 0.024219 0.070833
0 0.575000 0.418750 0.032813 0.037500
0 0.775781 0.451389 0.082812 0.130556
0 0.541016 0.378472 0.017969 0.023611
0 0.510547 0.375000 0.017969 0.036111
0 0.540234 0.460417 0.024219 0.070833
0 0.575000 0.418750 0.032813 0.037500
0 0.775781 0.451389 0.082812 0.130556
0 0.438281 0.634028 0.020313 0.109722
0 0.712500 0.878472 0.120313 0.190278
0 0.518750 0.447222 0.023438 0.050000
0 0.531641 0.410417 0.024219 0.031944
0 0.614062 0.527778 0.042188 0.063889
0 0.495703 0.463194 0.039844 0.062500
0 0.441797 0.493056 0.039844 0.083333
0 0.175391 0.979167 0.124219 0.038889
0 0.555859 0.527083 0.035156 0.093056
0 0.833594 0.486806 0.032813 0.040278
0 0.573047 0.565278 0.055469 0.094444
0 0.887109 0.523611 0.061719 0.055556
0 0.438281 0.634028 0.020313 0.109722
0 0.481250 0.863889 0.090625 0.188889
0 0.514453 0.724306 0.071094 0.137500
0 0.512500 0.547222 0.048438 0.116667
0 0.558984 0.406250 0.022656 0.054167
0 0.629687 0.579167 0.062500 0.061111
0 0.585938 0.462500 0.029687 0.052778
0 0.521875 0.946528 0.118750 0.104167
0 0.476953 0.363889 0.021094 0.025000
0 0.635156 0.564583 0.050000 0.029167
0 0.492578 0.413889 0.025781 0.041667
0 0.908203 0.690278 0.182031 0.363889
0 0.583984 0.756944 0.063281 0.161111
0 0.444141 0.417361 0.047656 0.101389
0 0.447266 0.584028 0.046094 0.098611
0 0.375391 0.504861 0.102344 0.140278
0 0.342187 0.768750 0.178125 0.423611
0 0.712500 0.878472 0.120313 0.190278
0 0.518750 0.447222 0.023438 0.050000
0 0.531641 0.410417 0.024219 0.031944
0 0.614062 0.527778 0.042188 0.063889
0 0.495703 0.463194 0.039844 0.062500
0 0.441797 0.493056 0.039844 0.083333
0 0.175391 0.979167 0.124219 0.038889
0 0.555859 0.527083 0.035156 0.093056
0 0.833594 0.486806 0.032813 0.040278
0 0.887109 0.523611 0.061719 0.055556
0 0.438281 0.634028 0.020313 0.109722
0 0.481250 0.863889 0.090625 0.188889
0 0.635156 0.564583 0.050000 0.029167
0 0.476953 0.363889 0.021094 0.025000
0 0.521875 0.946528 0.118750 0.104167
0 0.585938 0.462500 0.029687 0.052778
0 0.629687 0.579167 0.062500 0.061111
0 0.558984 0.406250 0.022656 0.054167
0 0.512500 0.547222 0.048438 0.116667
0 0.514453 0.724306 0.071094 0.137500
0 0.512500 0.547222 0.048438 0.116667
0 0.558984 0.406250 0.022656 0.054167
0 0.629687 0.579167 0.062500 0.061111
0 0.585938 0.462500 0.029687 0.052778
0 0.521875 0.946528 0.118750 0.104167
0 0.476953 0.363889 0.021094 0.025000
0 0.635156 0.564583 0.050000 0.029167
0 0.481250 0.863889 0.090625 0.188889
0 0.514453 0.724306 0.071094 0.137500
0 0.512500 0.547222 0.048438 0.116667
0 0.558984 0.406250 0.022656 0.054167
0 0.629687 0.579167 0.062500 0.061111
0 0.585938 0.462500 0.029687 0.052778
0 0.521875 0.946528 0.118750 0.104167
0 0.476953 0.363889 0.021094 0.025000
0 0.635156 0.564583 0.050000 0.029167
0 0.514453 0.724306 0.071094 0.137500
0 0.481250 0.863889 0.090625 0.188889
0 0.438281 0.634028 0.020313 0.109722
0 0.887109 0.523611 0.061719 0.055556
0 0.573047 0.565278 0.055469 0.094444
0 0.833594 0.486806 0.032813 0.040278
0 0.555859 0.527083 0.035156 0.093056
0 0.175391 0.979167 0.124219 0.038889
0 0.441797 0.493056 0.039844 0.083333
0 0.495703 0.463194 0.039844 0.062500
0 0.614062 0.527778 0.042188 0.063889
0 0.531641 0.410417 0.024219 0.031944
0 0.518750 0.447222 0.023438 0.050000
0 0.712500 0.878472 0.120313 0.190278
0 0.342187 0.768750 0.178125 0.423611
0 0.375391 0.504861 0.102344 0.140278
0 0.447266 0.584028 0.046094 0.098611
0 0.444141 0.417361 0.047656 0.101389
0 0.583984 0.756944 0.063281 0.161111
0 0.908203 0.690278 0.182031 0.363889
0 0.492578 0.413889 0.025781 0.041667
0 0.210547 0.864583 0.092969 0.173611
0 0.524219 0.384028 0.018750 0.026389
0 0.555078 0.486111 0.038281 0.072222
0 0.506641 0.606944 0.044531 0.102778
0 0.480469 0.332639 0.028125 0.045833
0 0.452344 0.523611 0.035937 0.063889
0 0.643750 0.673611 0.095312 0.188889
0 0.585547 0.501389 0.027344 0.027778
0 0.541016 0.378472 0.017969 0.023611
0 0.510547 0.375000 0.017969 0.036111
0 0.775781 0.451389 0.082812 0.130556
0 0.540234 0.460417 0.024219 0.070833
0 0.575000 0.418750 0.032813 0.037500
0 0.775781 0.451389 0.082812 0.130556
0 0.575000 0.418750 0.032813 0.037500
0 0.540234 0.460417 0.024219 0.070833
0 0.510547 0.375000 0.017969 0.036111
0 0.541016 0.378472 0.017969 0.023611
0 0.585547 0.501389 0.027344 0.027778
0 0.643750 0.673611 0.095312 0.188889
0 0.452344 0.523611 0.035937 0.063889
0 0.480469 0.332639 0.028125 0.045833
0 0.506641 0.606944 0.044531 0.102778
0 0.555078 0.486111 0.038281 0.072222
0 0.524219 0.384028 0.018750 0.026389
0 0.210547 0.864583 0.092969 0.173611
0 0.495703 0.463194 0.039844 0.062500
0 0.441797 0.493056 0.039844 0.083333
0 0.175391 0.979167 0.124219 0.038889
0 0.555859 0.527083 0.035156 0.093056
0 0.833594 0.486806 0.032813 0.040278
0 0.573047 0.565278 0.055469 0.094444
0 0.887109 0.523611 0.061719 0.055556
0 0.438281 0.634028 0.020313 0.109722
0 0.481250 0.863889 0.090625 0.188889
0 0.514453 0.724306 0.071094 0.137500
0 0.512500 0.547222 0.048438 0.116667
0 0.558984 0.406250 0.022656 0.054167
0 0.887109 0.523611 0.061719 0.055556
0 0.573047 0.565278 0.055469 0.094444
0 0.833594 0.486806 0.032813 0.040278
0 0.555859 0.527083 0.035156 0.093056
0 0.629687 0.579167 0.062500 0.061111
0 0.585938 0.462500 0.029687 0.052778
0 0.521875 0.946528 0.118750 0.104167
0 0.476953 0.363889 0.021094 0.025000
0 0.635156 0.564583 0.050000 0.029167
0 0.775781 0.451389 0.082812 0.130556
0 0.575000 0.418750 0.032813 0.037500
0 0.540234 0.460417 0.024219 0.070833
0 0.510547 0.375000 0.017969 0.036111
0 0.541016 0.378472 0.017969 0.023611
0 0.585547 0.501389 0.027344 0.027778
0 0.643750 0.673611 0.095312 0.188889
0 0.452344 0.523611 0.035937 0.063889
0 0.480469 0.332639 0.028125 0.045833
0 0.506641 0.606944 0.044531 0.102778
0 0.555078 0.486111 0.038281 0.072222
0 0.524219 0.384028 0.018750 0.026389
0 0.210547 0.864583 0.092969 0.173611
0 0.492578 0.413889 0.025781 0.041667
0 0.908203 0.690278 0.182031 0.363889
0 0.583984 0.756944 0.063281 0.161111
0 0.444141 0.417361 0.047656 0.101389
0 0.447266 0.584028 0.046094 0.098611
0 0.375391 0.504861 0.102344 0.140278
0 0.342187 0.768750 0.178125 0.423611
0 0.712500 0.878472 0.120313 0.190278
0 0.518750 0.447222 0.023438 0.050000
0 0.531641 0.410417 0.024219 0.031944
0 0.614062 0.527778 0.042188 0.063889
0 0.495703 0.463194 0.039844 0.062500
0 0.441797 0.493056 0.039844 0.083333
0 0.175391 0.979167 0.124219 0.038889
0 0.555859 0.527083 0.035156 0.093056
0 0.833594 0.486806 0.032813 0.040278
0 0.573047 0.565278 0.055469 0.094444
0 0.887109 0.523611 0.061719 0.055556
0 0.438281 0.634028 0.020313 0.109722
0 0.481250 0.863889 0.090625 0.188889
0 0.514453 0.724306 0.071094 0.137500
0 0.512500 0.547222 0.048438 0.116667
0 0.558984 0.406250 0.022656 0.054167
0 0.629687 0.579167 0.062500 0.061111
0 0.585938 0.462500 0.029687 0.052778
0 0.521875 0.946528 0.118750 0.104167
0 0.476953 0.363889 0.021094 0.025000
0 0.635156 0.564583 0.050000 0.029167
