0 0.459375 0.413194 0.022917 0.018056
0 0.657292 0.383333 0.014583 0.013889
0 0.581250 0.420833 0.010417 0.016667
0 0.450000 0.493056 0.031250 0.022222
0 0.672396 0.490972 0.021875 0.023611
0 0.653646 0.485417 0.021875 0.020833
0 0.294271 0.668056 0.017708 0.027778
0 0.269792 0.416667 0.016667 0.013889
0 0.356250 0.479861 0.027083 0.018056
0 0.604688 0.406944 0.011458 0.013889
0 0.459375 0.413194 0.022917 0.018056
0 0.622396 0.395139 0.015625 0.015278
0 0.701042 0.463889 0.016667 0.016667
0 0.657292 0.383333 0.014583 0.013889
0 0.581250 0.420833 0.010417 0.016667
0 0.450000 0.493056 0.031250 0.022222
0 0.672396 0.490972 0.021875 0.023611
0 0.653646 0.485417 0.021875 0.020833
0 0.294271 0.668056 0.017708 0.027778
0 0.269792 0.416667 0.016667 0.013889
0 0.356250 0.479861 0.027083 0.018056
0 0.604688 0.406944 0.011458 0.013889
0 0.459375 0.413194 0.022917 0.018056
0 0.622396 0.395139 0.015625 0.015278
0 0.701042 0.463889 0.016667 0.016667
0 0.701042 0.463889 0.016667 0.016667
0 0.622396 0.395139 0.015625 0.015278
0 0.459375 0.413194 0.022917 0.018056
0 0.604688 0.406944 0.011458 0.013889
0 0.356250 0.479861 0.027083 0.018056
0 0.269792 0.416667 0.016667 0.013889
0 0.294271 0.668056 0.017708 0.027778
0 0.653646 0.485417 0.021875 0.020833
0 0.672396 0.490972 0.021875 0.023611
0 0.450000 0.493056 0.031250 0.022222
0 0.581250 0.420833 0.010417 0.016667
0 0.657292 0.383333 0.014583 0.013889
0 0.701042 0.463889 0.016667 0.016667
0 0.622396 0.395139 0.015625 0.015278
0 0.459375 0.413194 0.022917 0.018056
0 0.604688 0.406944 0.011458 0.013889
0 0.356250 0.479861 0.027083 0.018056
0 0.269792 0.416667 0.016667 0.013889
0 0.294271 0.668056 0.017708 0.027778
0 0.653646 0.485417 0.021875 0.020833
0 0.672396 0.490972 0.021875 0.023611
0 0.450000 0.493056 0.031250 0.022222
0 0.581250 0.420833 0.010417 0.016667
0 0.657292 0.383333 0.014583 0.013889
0 0.701042 0.463889 0.016667 0.016667
0 0.622396 0.395139 0.015625 0.015278
0 0.604688 0.406944 0.011458 0.013889
0 0.356250 0.479861 0.027083 0.018056
0 0.269792 0.416667 0.016667 0.013889
0 0.294271 0.668056 0.017708 0.027778
0 0.653646 0.485417 0.021875 0.020833
0 0.672396 0.490972 0.021875 0.023611
0 0.450000 0.493056 0.031250 0.022222
0 0.581250 0.420833 0.010417 0.016667
0 0.657292 0.383333 0.014583 0.013889
0 0.657292 0.383333 0.014583 0.013889
0 0.581250 0.420833 0.010417 0.016667
0 0.450000 0.493056 0.031250 0.022222
0 0.672396 0.490972 0.021875 0.023611
0 0.653646 0.485417 0.021875 0.020833
0 0.294271 0.668056 0.017708 0.027778
0 0.269792 0.416667 0.016667 0.013889
0 0.356250 0.479861 0.027083 0.018056
0 0.604688 0.406944 0.011458 0.013889
0 0.459375 0.413194 0.022917 0.018056
0 0.622396 0.395139 0.015625 0.015278
0 0.701042 0.463889 0.016667 0.016667
0 0.657292 0.383333 0.014583 0.013889
0 0.581250 0.420833 0.010417 0.016667
0 0.450000 0.493056 0.031250 0.022222
0 0.672396 0.490972 0.021875 0.023611
0 0.653646 0.485417 0.021875 0.020833
0 0.294271 0.668056 0.017708 0.027778
0 0.269792 0.416667 0.016667 0.013889
0 0.356250 0.479861 0.027083 0.018056
0 0.604688 0.406944 0.011458 0.013889
0 0.459375 0.413194 0.022917 0.018056
0 0.622396 0.395139 0.015625 0.015278
0 0.701042 0.463889 0.016667 0.016667
