0 0.532031 0.914815 0.063021 0.077778
0 0.600781 0.983796 0.065104 0.030556
0 0.499740 0.439352 0.055729 0.104630
0 0.639583 0.715741 0.053125 0.064815
0 0.454948 0.889352 0.065104 0.078704
0 0.874740 0.327315 0.024479 0.023148
0 0.729948 0.584259 0.043229 0.072222
0 0.874479 0.277315 0.015625 0.021296
0 0.915625 0.242130 0.022917 0.049074
0 0.915625 0.242130 0.022917 0.049074
0 0.874479 0.277315 0.015625 0.021296
0 0.729948 0.584259 0.043229 0.072222
0 0.874740 0.327315 0.024479 0.023148
0 0.454948 0.889352 0.065104 0.078704
0 0.639583 0.715741 0.053125 0.064815
0 0.499740 0.439352 0.055729 0.104630
0 0.600781 0.983796 0.065104 0.030556
0 0.532031 0.914815 0.063021 0.077778
0 0.767188 0.507870 0.060417 0.063889
0 0.454688 0.988889 0.057292 0.020370
0 0.789062 0.459722 0.031250 0.049074
0 0.915625 0.242130 0.022917 0.049074
0 0.874479 0.277315 0.015625 0.021296
0 0.729948 0.584259 0.043229 0.072222
0 0.874740 0.327315 0.024479 0.023148
0 0.454948 0.889352 0.065104 0.078704
0 0.639583 0.715741 0.053125 0.064815
0 0.499740 0.439352 0.055729 0.104630
0 0.600781 0.983796 0.065104 0.030556
0 0.532031 0.914815 0.063021 0.077778
0 0.767188 0.507870 0.060417 0.063889
0 0.600781 0.983796 0.065104 0.030556
0 0.532031 0.914815 0.063021 0.077778
0 0.767188 0.507870 0.060417 0.063889
0 0.915625 0.242130 0.022917 0.049074
0 0.874479 0.277315 0.015625 0.021296
0 0.729948 0.584259 0.043229 0.072222
0 0.874740 0.327315 0.024479 0.023148
0 0.454948 0.889352 0.065104 0.078704
0 0.639583 0.715741 0.053125 0.064815
0 0.499740 0.439352 0.055729 0.104630
0 0.600781 0.983796 0.065104 0.030556
0 0.532031 0.914815 0.063021 0.077778
0 0.767188 0.507870 0.060417 0.063889
0 0.454688 0.988889 0.057292 0.020370
0 0.789062 0.459722 0.031250 0.049074
0 0.454688 0.988889 0.057292 0.020370
0 0.789062 0.459722 0.031250 0.049074
0 0.915625 0.242130 0.022917 0.049074
0 0.874479 0.277315 0.015625 0.021296
0 0.499740 0.439352 0.055729 0.104630
0 0.639583 0.715741 0.053125 0.064815
0 0.454948 0.889352 0.065104 0.078704
0 0.874740 0.327315 0.024479 0.023148
0 0.729948 0.584259 0.043229 0.072222
0 0.600781 0.983796 0.065104 0.030556
0 0.499740 0.439352 0.055729 0.104630
0 0.639583 0.715741 0.053125 0.064815
0 0.454948 0.889352 0.065104 0.078704
0 0.874740 0.327315 0.024479 0.023148
0 0.729948 0.584259 0.043229 0.072222
0 0.874479 0.277315 0.015625 0.021296
0 0.915625 0.242130 0.022917 0.049074
0 0.789062 0.459722 0.031250 0.049074
0 0.454688 0.988889 0.057292 0.020370
0 0.789062 0.459722 0.031250 0.049074
0 0.454688 0.988889 0.057292 0.020370
0 0.767188 0.507870 0.060417 0.063889
0 0.532031 0.914815 0.063021 0.077778
0 0.915625 0.242130 0.022917 0.049074
0 0.874479 0.277315 0.015625 0.021296
0 0.729948 0.584259 0.043229 0.072222
0 0.874740 0.327315 0.024479 0.023148
0 0.454948 0.889352 0.065104 0.078704
0 0.639583 0.715741 0.053125 0.064815
0 0.499740 0.439352 0.055729 0.104630
0 0.600781 0.983796 0.065104 0.030556
0 0.532031 0.914815 0.063021 0.077778
0 0.767188 0.507870 0.060417 0.063889
0 0.454688 0.988889 0.057292 0.020370
0 0.789062 0.459722 0.031250 0.049074
0 0.789062 0.459722 0.031250 0.049074
0 0.454688 0.988889 0.057292 0.020370
0 0.767188 0.507870 0.060417 0.063889
