0 0.299479 0.652083 0.028125 0.037500
0 0.623958 0.486806 0.025000 0.020833
0 0.603646 0.407639 0.013542 0.015278
0 0.460417 0.412500 0.022917 0.019444
0 0.717708 0.450000 0.014583 0.016667
0 0.581250 0.420139 0.010417 0.015278
0 0.429167 0.528472 0.027083 0.029167
0 0.722396 0.752778 0.063542 0.052778
0 0.673438 0.491667 0.021875 0.022222
0 0.620833 0.401389 0.014583 0.013889
0 0.657292 0.383333 0.014583 0.013889
0 0.673438 0.491667 0.021875 0.022222
0 0.623958 0.486806 0.025000 0.020833
0 0.603646 0.407639 0.013542 0.015278
0 0.460417 0.412500 0.022917 0.019444
0 0.717708 0.450000 0.014583 0.016667
0 0.581250 0.420139 0.010417 0.015278
0 0.429167 0.528472 0.027083 0.029167
0 0.722396 0.752778 0.063542 0.052778
0 0.657292 0.383333 0.014583 0.013889
0 0.620833 0.401389 0.014583 0.013889
0 0.673438 0.491667 0.021875 0.022222
0 0.722396 0.752778 0.063542 0.052778
0 0.429167 0.528472 0.027083 0.029167
0 0.581250 0.420139 0.010417 0.015278
0 0.717708 0.450000 0.014583 0.016667
0 0.460417 0.412500 0.022917 0.019444
0 0.603646 0.407639 0.013542 0.015278
0 0.623958 0.486806 0.025000 0.020833
0 0.622917 0.395139 0.016667 0.018056
0 0.299479 0.652083 0.028125 0.037500
0 0.647917 0.414583 0.025000 0.023611
0 0.385937 0.496528 0.030208 0.023611
0 0.344792 0.735417 0.050000 0.043056
0 0.691667 0.475000 0.018750 0.019444
0 0.691667 0.475000 0.018750 0.019444
0 0.344792 0.735417 0.050000 0.043056
0 0.385937 0.496528 0.030208 0.023611
0 0.647917 0.414583 0.025000 0.023611
0 0.622917 0.395139 0.016667 0.018056
0 0.691667 0.475000 0.018750 0.019444
0 0.344792 0.735417 0.050000 0.043056
0 0.385937 0.496528 0.030208 0.023611
0 0.647917 0.414583 0.025000 0.023611
0 0.299479 0.652083 0.028125 0.037500
0 0.622917 0.395139 0.016667 0.018056
0 0.623958 0.486806 0.025000 0.020833
0 0.603646 0.407639 0.013542 0.015278
0 0.460417 0.412500 0.022917 0.019444
0 0.717708 0.450000 0.014583 0.016667
0 0.581250 0.420139 0.010417 0.015278
0 0.429167 0.528472 0.027083 0.029167
0 0.722396 0.752778 0.063542 0.052778
0 0.673438 0.491667 0.021875 0.022222
0 0.657292 0.383333 0.014583 0.013889
0 0.620833 0.401389 0.014583 0.013889
0 0.673438 0.491667 0.021875 0.022222
0 0.722396 0.752778 0.063542 0.052778
0 0.429167 0.528472 0.027083 0.029167
0 0.581250 0.420139 0.010417 0.015278
0 0.717708 0.450000 0.014583 0.016667
0 0.460417 0.412500 0.022917 0.019444
0 0.603646 0.407639 0.013542 0.015278
0 0.623958 0.486806 0.025000 0.020833
0 0.622917 0.395139 0.016667 0.018056
0 0.299479 0.652083 0.028125 0.037500
0 0.647917 0.414583 0.025000 0.023611
0 0.385937 0.496528 0.030208 0.023611
0 0.344792 0.735417 0.050000 0.043056
0 0.691667 0.475000 0.018750 0.019444
0 0.691667 0.475000 0.018750 0.019444
0 0.344792 0.735417 0.050000 0.043056
0 0.385937 0.496528 0.030208 0.023611
0 0.647917 0.414583 0.025000 0.023611
0 0.299479 0.652083 0.028125 0.037500
0 0.622917 0.395139 0.016667 0.018056
0 0.623958 0.486806 0.025000 0.020833
0 0.603646 0.407639 0.013542 0.015278
0 0.460417 0.412500 0.022917 0.019444
0 0.717708 0.450000 0.014583 0.016667
0 0.581250 0.420139 0.010417 0.015278
0 0.429167 0.528472 0.027083 0.029167
0 0.722396 0.752778 0.063542 0.052778
0 0.673438 0.491667 0.021875 0.022222
0 0.620833 0.401389 0.014583 0.013889
0 0.657292 0.383333 0.014583 0.013889
0 0.691667 0.475000 0.018750 0.019444
0 0.344792 0.735417 0.050000 0.043056
0 0.385937 0.496528 0.030208 0.023611
0 0.647917 0.414583 0.025000 0.023611
0 0.299479 0.652083 0.028125 0.037500
0 0.622917 0.395139 0.016667 0.018056
0 0.623958 0.486806 0.025000 0.020833
0 0.603646 0.407639 0.013542 0.015278
0 0.460417 0.412500 0.022917 0.019444
0 0.717708 0.450000 0.014583 0.016667
0 0.581250 0.420139 0.010417 0.015278
0 0.429167 0.528472 0.027083 0.029167
0 0.722396 0.752778 0.063542 0.052778
0 0.673438 0.491667 0.021875 0.022222
0 0.620833 0.401389 0.014583 0.013889
0 0.657292 0.383333 0.014583 0.013889
0 0.620833 0.401389 0.014583 0.013889
0 0.657292 0.383333 0.014583 0.013889
0 0.620833 0.401389 0.014583 0.013889
0 0.657292 0.383333 0.014583 0.013889
0 0.691667 0.475000 0.018750 0.019444
0 0.344792 0.735417 0.050000 0.043056
0 0.385937 0.496528 0.030208 0.023611
0 0.647917 0.414583 0.025000 0.023611
0 0.299479 0.652083 0.028125 0.037500
0 0.622917 0.395139 0.016667 0.018056
