0 0.588672 0.438889 0.019531 0.025000
0 0.558984 0.375694 0.008594 0.018056
0 0.373047 0.518056 0.035156 0.047222
0 0.397266 0.424306 0.016406 0.023611
0 0.521875 0.353472 0.009375 0.012500
0 0.422656 0.434028 0.020313 0.026389
0 0.536719 0.368056 0.006250 0.011111
0 0.321484 0.613194 0.052344 0.070833
0 0.587891 0.414583 0.016406 0.023611
0 0.357422 0.740278 0.077344 0.108333
0 0.427734 0.502083 0.032031 0.048611
0 0.615625 0.690972 0.060937 0.106944
0 0.357422 0.740278 0.077344 0.108333
0 0.587891 0.414583 0.016406 0.023611
0 0.321484 0.613194 0.052344 0.070833
0 0.686328 0.635417 0.061719 0.084722
0 0.375781 0.443056 0.021875 0.025000
0 0.313672 0.515278 0.107031 0.125000
0 0.567187 0.384028 0.012500 0.018056
0 0.529297 0.391667 0.013281 0.019444
0 0.536719 0.368056 0.006250 0.011111
0 0.585156 0.457639 0.021875 0.031944
0 0.615625 0.690972 0.060937 0.106944
0 0.427734 0.502083 0.032031 0.048611
0 0.448437 0.457639 0.025000 0.031944
0 0.466016 0.407639 0.016406 0.020833
0 0.462891 0.427083 0.016406 0.023611
0 0.529297 0.391667 0.013281 0.019444
0 0.427734 0.502083 0.032031 0.048611
0 0.448437 0.457639 0.025000 0.031944
0 0.466016 0.407639 0.016406 0.020833
0 0.462891 0.427083 0.016406 0.023611
0 0.585156 0.457639 0.021875 0.031944
0 0.536719 0.368056 0.006250 0.011111
0 0.321484 0.613194 0.052344 0.070833
0 0.615625 0.690972 0.060937 0.106944
0 0.585156 0.457639 0.021875 0.031944
0 0.587891 0.414583 0.016406 0.023611
0 0.410938 0.407639 0.017188 0.020833
0 0.444531 0.399306 0.012500 0.018056
0 0.477734 0.382639 0.010156 0.018056
0 0.422656 0.434028 0.020313 0.026389
0 0.521875 0.353472 0.009375 0.012500
0 0.397266 0.424306 0.016406 0.023611
0 0.373047 0.518056 0.035156 0.047222
0 0.558984 0.375694 0.008594 0.018056
0 0.588672 0.438889 0.019531 0.025000
0 0.686328 0.635417 0.061719 0.084722
0 0.375781 0.443056 0.021875 0.025000
0 0.313672 0.515278 0.107031 0.125000
0 0.567187 0.384028 0.012500 0.018056
0 0.529297 0.391667 0.013281 0.019444
0 0.462891 0.427083 0.016406 0.023611
0 0.466016 0.407639 0.016406 0.020833
0 0.448437 0.457639 0.025000 0.031944
0 0.427734 0.502083 0.032031 0.048611
0 0.615625 0.690972 0.060937 0.106944
0 0.585156 0.457639 0.021875 0.031944
0 0.536719 0.368056 0.006250 0.011111
0 0.321484 0.613194 0.052344 0.070833
0 0.587891 0.414583 0.016406 0.023611
0 0.357422 0.740278 0.077344 0.108333
0 0.357422 0.740278 0.077344 0.108333
0 0.542578 0.345139 0.007031 0.012500
0 0.443359 0.361806 0.013281 0.031944
0 0.617578 0.511806 0.033594 0.043056
0 0.473047 0.395139 0.013281 0.020833
0 0.466016 0.407639 0.016406 0.020833
0 0.448437 0.457639 0.025000 0.031944
0 0.357422 0.740278 0.077344 0.108333
0 0.587891 0.414583 0.016406 0.023611
0 0.321484 0.613194 0.052344 0.070833
0 0.536719 0.368056 0.006250 0.011111
0 0.585156 0.457639 0.021875 0.031944
0 0.615625 0.690972 0.060937 0.106944
0 0.427734 0.502083 0.032031 0.048611
0 0.448437 0.457639 0.025000 0.031944
0 0.466016 0.407639 0.016406 0.020833
0 0.462891 0.427083 0.016406 0.023611
0 0.522656 0.372222 0.010937 0.016667
0 0.615625 0.690972 0.060937 0.106944
0 0.585156 0.457639 0.021875 0.031944
0 0.536719 0.368056 0.006250 0.011111
0 0.321484 0.613194 0.052344 0.070833
0 0.587891 0.414583 0.016406 0.023611
0 0.357422 0.740278 0.077344 0.108333
0 0.529297 0.391667 0.013281 0.019444
0 0.567187 0.384028 0.012500 0.018056
0 0.544922 0.381250 0.011719 0.015278
0 0.542578 0.345139 0.007031 0.012500
0 0.443359 0.361806 0.013281 0.031944
0 0.617578 0.511806 0.033594 0.043056
0 0.473047 0.395139 0.013281 0.020833
0 0.398047 0.472917 0.025781 0.034722
0 0.453516 0.384722 0.013281 0.016667
0 0.541797 0.367361 0.007031 0.009722
0 0.435937 0.410417 0.014063 0.020833
0 0.360156 0.468056 0.028125 0.033333
0 0.522656 0.372222 0.010937 0.016667
0 0.152344 0.703472 0.093750 0.093056
0 0.425781 0.385417 0.017188 0.029167
0 0.646875 0.483333 0.029687 0.038889
0 0.569141 0.543056 0.035156 0.055556
0 0.410938 0.407639 0.017188 0.020833
0 0.444531 0.399306 0.012500 0.018056
0 0.477734 0.382639 0.010156 0.018056
0 0.422656 0.434028 0.020313 0.026389
0 0.521875 0.353472 0.009375 0.012500
0 0.397266 0.424306 0.016406 0.023611
0 0.373047 0.518056 0.035156 0.047222
0 0.558984 0.375694 0.008594 0.018056
0 0.588672 0.438889 0.019531 0.025000
0 0.686328 0.635417 0.061719 0.084722
0 0.375781 0.443056 0.021875 0.025000
0 0.313672 0.515278 0.107031 0.125000
0 0.567187 0.384028 0.012500 0.018056
0 0.529297 0.391667 0.013281 0.019444
0 0.462891 0.427083 0.016406 0.023611
0 0.466016 0.407639 0.016406 0.020833
0 0.448437 0.457639 0.025000 0.031944
0 0.427734 0.502083 0.032031 0.048611
0 0.615625 0.690972 0.060937 0.106944
0 0.585156 0.457639 0.021875 0.031944
0 0.536719 0.368056 0.006250 0.011111
0 0.321484 0.613194 0.052344 0.070833
0 0.587891 0.414583 0.016406 0.023611
0 0.357422 0.740278 0.077344 0.108333
0 0.313672 0.515278 0.107031 0.125000
0 0.375781 0.443056 0.021875 0.025000
0 0.686328 0.635417 0.061719 0.084722
0 0.588672 0.438889 0.019531 0.025000
0 0.558984 0.375694 0.008594 0.018056
0 0.373047 0.518056 0.035156 0.047222
0 0.397266 0.424306 0.016406 0.023611
0 0.521875 0.353472 0.009375 0.012500
0 0.422656 0.434028 0.020313 0.026389
0 0.152344 0.703472 0.093750 0.093056
0 0.477734 0.382639 0.010156 0.018056
0 0.444531 0.399306 0.012500 0.018056
0 0.410938 0.407639 0.017188 0.020833
0 0.569141 0.543056 0.035156 0.055556
0 0.646875 0.483333 0.029687 0.038889
0 0.425781 0.385417 0.017188 0.029167
0 0.152344 0.703472 0.093750 0.093056
0 0.425781 0.385417 0.017188 0.029167
0 0.646875 0.483333 0.029687 0.038889
0 0.544922 0.381250 0.011719 0.015278
0 0.569141 0.543056 0.035156 0.055556
0 0.410938 0.407639 0.017188 0.020833
0 0.444531 0.399306 0.012500 0.018056
0 0.477734 0.382639 0.010156 0.018056
0 0.422656 0.434028 0.020313 0.026389
0 0.521875 0.353472 0.009375 0.012500
0 0.410938 0.407639 0.017188 0.020833
0 0.569141 0.543056 0.035156 0.055556
0 0.646875 0.483333 0.029687 0.038889
0 0.425781 0.385417 0.017188 0.029167
0 0.152344 0.703472 0.093750 0.093056
0 0.522656 0.372222 0.010937 0.016667
0 0.360156 0.468056 0.028125 0.033333
0 0.435937 0.410417 0.014063 0.020833
0 0.541797 0.367361 0.007031 0.009722
0 0.477734 0.382639 0.010156 0.018056
0 0.444531 0.399306 0.012500 0.018056
0 0.410938 0.407639 0.017188 0.020833
0 0.569141 0.543056 0.035156 0.055556
0 0.646875 0.483333 0.029687 0.038889
0 0.425781 0.385417 0.017188 0.029167
0 0.152344 0.703472 0.093750 0.093056
0 0.522656 0.372222 0.010937 0.016667
0 0.360156 0.468056 0.028125 0.033333
0 0.435937 0.410417 0.014063 0.020833
0 0.541797 0.367361 0.007031 0.009722
0 0.453516 0.384722 0.013281 0.016667
0 0.398047 0.472917 0.025781 0.034722
0 0.473047 0.395139 0.013281 0.020833
0 0.617578 0.511806 0.033594 0.043056
0 0.443359 0.361806 0.013281 0.031944
0 0.542578 0.345139 0.007031 0.012500
0 0.544922 0.381250 0.011719 0.015278
0 0.544922 0.381250 0.011719 0.015278
0 0.542578 0.345139 0.007031 0.012500
0 0.443359 0.361806 0.013281 0.031944
0 0.617578 0.511806 0.033594 0.043056
0 0.473047 0.395139 0.013281 0.020833
0 0.398047 0.472917 0.025781 0.034722
0 0.453516 0.384722 0.013281 0.016667
0 0.541797 0.367361 0.007031 0.009722
0 0.435937 0.410417 0.014063 0.020833
0 0.360156 0.468056 0.028125 0.033333
0 0.522656 0.372222 0.010937 0.016667
0 0.152344 0.703472 0.093750 0.093056
0 0.425781 0.385417 0.017188 0.029167
0 0.646875 0.483333 0.029687 0.038889
0 0.569141 0.543056 0.035156 0.055556
0 0.410938 0.407639 0.017188 0.020833
0 0.444531 0.399306 0.012500 0.018056
0 0.477734 0.382639 0.010156 0.018056
0 0.422656 0.434028 0.020313 0.026389
0 0.521875 0.353472 0.009375 0.012500
0 0.397266 0.424306 0.016406 0.023611
0 0.373047 0.518056 0.035156 0.047222
0 0.558984 0.375694 0.008594 0.018056
0 0.588672 0.438889 0.019531 0.025000
0 0.686328 0.635417 0.061719 0.084722
0 0.375781 0.443056 0.021875 0.025000
0 0.313672 0.515278 0.107031 0.125000
0 0.567187 0.384028 0.012500 0.018056
0 0.529297 0.391667 0.013281 0.019444
0 0.462891 0.427083 0.016406 0.023611
0 0.466016 0.407639 0.016406 0.020833
0 0.448437 0.457639 0.025000 0.031944
0 0.427734 0.502083 0.032031 0.048611
0 0.453516 0.384722 0.013281 0.016667
0 0.398047 0.472917 0.025781 0.034722
0 0.473047 0.395139 0.013281 0.020833
0 0.617578 0.511806 0.033594 0.043056
0 0.443359 0.361806 0.013281 0.031944
0 0.542578 0.345139 0.007031 0.012500
0 0.544922 0.381250 0.011719 0.015278
0 0.522656 0.372222 0.010937 0.016667
0 0.360156 0.468056 0.028125 0.033333
0 0.435937 0.410417 0.014063 0.020833
0 0.453516 0.384722 0.013281 0.016667
0 0.541797 0.367361 0.007031 0.009722
0 0.398047 0.472917 0.025781 0.034722
0 0.473047 0.395139 0.013281 0.020833
0 0.617578 0.511806 0.033594 0.043056
0 0.443359 0.361806 0.013281 0.031944
0 0.397266 0.424306 0.016406 0.023611
0 0.373047 0.518056 0.035156 0.047222
0 0.558984 0.375694 0.008594 0.018056
0 0.588672 0.438889 0.019531 0.025000
0 0.686328 0.635417 0.061719 0.084722
0 0.375781 0.443056 0.021875 0.025000
0 0.313672 0.515278 0.107031 0.125000
0 0.567187 0.384028 0.012500 0.018056
0 0.569141 0.543056 0.035156 0.055556
0 0.646875 0.483333 0.029687 0.038889
0 0.425781 0.385417 0.017188 0.029167
0 0.152344 0.703472 0.093750 0.093056
0 0.522656 0.372222 0.010937 0.016667
0 0.360156 0.468056 0.028125 0.033333
0 0.435937 0.410417 0.014063 0.020833
0 0.541797 0.367361 0.007031 0.009722
0 0.453516 0.384722 0.013281 0.016667
0 0.398047 0.472917 0.025781 0.034722
0 0.473047 0.395139 0.013281 0.020833
0 0.617578 0.511806 0.033594 0.043056
0 0.443359 0.361806 0.013281 0.031944
0 0.542578 0.345139 0.007031 0.012500
0 0.544922 0.381250 0.011719 0.015278
0 0.542578 0.345139 0.007031 0.012500
0 0.544922 0.381250 0.011719 0.015278
0 0.462891 0.427083 0.016406 0.023611
0 0.398047 0.472917 0.025781 0.034722
0 0.453516 0.384722 0.013281 0.016667
0 0.541797 0.367361 0.007031 0.009722
0 0.435937 0.410417 0.014063 0.020833
0 0.360156 0.468056 0.028125 0.033333
0 0.444531 0.399306 0.012500 0.018056
0 0.477734 0.382639 0.010156 0.018056
0 0.422656 0.434028 0.020313 0.026389
0 0.521875 0.353472 0.009375 0.012500
0 0.397266 0.424306 0.016406 0.023611
0 0.373047 0.518056 0.035156 0.047222
0 0.558984 0.375694 0.008594 0.018056
0 0.588672 0.438889 0.019531 0.025000
0 0.529297 0.391667 0.013281 0.019444
0 0.567187 0.384028 0.012500 0.018056
0 0.313672 0.515278 0.107031 0.125000
0 0.375781 0.443056 0.021875 0.025000
0 0.686328 0.635417 0.061719 0.084722
