0 0.237500 0.387500 0.065625 0.119444
0 0.317188 0.010417 0.014063 0.015278
0 0.187109 0.887500 0.133594 0.222222
0 0.304297 0.005556 0.013281 0.011111
0 0.314453 0.151389 0.027344 0.044444
0 0.496484 0.545139 0.064844 0.170833
0 0.405078 0.168750 0.030469 0.048611
0 0.286719 0.058333 0.031250 0.080556
0 0.237500 0.387500 0.065625 0.119444
0 0.317188 0.010417 0.014063 0.015278
0 0.187109 0.887500 0.133594 0.222222
0 0.304297 0.005556 0.013281 0.011111
0 0.314453 0.151389 0.027344 0.044444
0 0.341797 0.226389 0.030469 0.061111
0 0.337500 0.004861 0.014063 0.009722
0 0.347266 0.032639 0.016406 0.026389
0 0.239844 0.156944 0.029687 0.055556
0 0.312109 0.429167 0.061719 0.125000
0 0.496484 0.545139 0.064844 0.170833
0 0.405078 0.168750 0.030469 0.048611
0 0.286719 0.058333 0.031250 0.080556
0 0.237500 0.387500 0.065625 0.119444
0 0.317188 0.010417 0.014063 0.015278
0 0.187109 0.887500 0.133594 0.222222
0 0.304297 0.005556 0.013281 0.011111
0 0.314453 0.151389 0.027344 0.044444
0 0.341797 0.226389 0.030469 0.061111
0 0.337500 0.004861 0.014063 0.009722
0 0.347266 0.032639 0.016406 0.026389
0 0.239844 0.156944 0.029687 0.055556
0 0.312109 0.429167 0.061719 0.125000
0 0.341797 0.226389 0.030469 0.061111
0 0.337500 0.004861 0.014063 0.009722
0 0.496484 0.545139 0.064844 0.170833
0 0.405078 0.168750 0.030469 0.048611
0 0.286719 0.058333 0.031250 0.080556
0 0.237500 0.387500 0.065625 0.119444
0 0.317188 0.010417 0.014063 0.015278
0 0.187109 0.887500 0.133594 0.222222
0 0.304297 0.005556 0.013281 0.011111
0 0.314453 0.151389 0.027344 0.044444
0 0.341797 0.226389 0.030469 0.061111
0 0.337500 0.004861 0.014063 0.009722
0 0.347266 0.032639 0.016406 0.026389
0 0.239844 0.156944 0.029687 0.055556
0 0.312109 0.429167 0.061719 0.125000
0 0.347266 0.032639 0.016406 0.026389
0 0.239844 0.156944 0.029687 0.055556
0 0.312109 0.429167 0.061719 0.125000
0 0.312109 0.429167 0.061719 0.125000
0 0.239844 0.156944 0.029687 0.055556
0 0.347266 0.032639 0.016406 0.026389
0 0.337500 0.004861 0.014063 0.009722
0 0.341797 0.226389 0.030469 0.061111
0 0.314453 0.151389 0.027344 0.044444
0 0.304297 0.005556 0.013281 0.011111
0 0.187109 0.887500 0.133594 0.222222
0 0.317188 0.010417 0.014063 0.015278
0 0.237500 0.387500 0.065625 0.119444
0 0.286719 0.058333 0.031250 0.080556
0 0.405078 0.168750 0.030469 0.048611
0 0.496484 0.545139 0.064844 0.170833
0 0.496484 0.545139 0.064844 0.170833
0 0.405078 0.168750 0.030469 0.048611
0 0.286719 0.058333 0.031250 0.080556
0 0.237500 0.387500 0.065625 0.119444
0 0.317188 0.010417 0.014063 0.015278
0 0.187109 0.887500 0.133594 0.222222
0 0.304297 0.005556 0.013281 0.011111
0 0.314453 0.151389 0.027344 0.044444
0 0.341797 0.226389 0.030469 0.061111
0 0.337500 0.004861 0.014063 0.009722
0 0.347266 0.032639 0.016406 0.026389
0 0.239844 0.156944 0.029687 0.055556
0 0.312109 0.429167 0.061719 0.125000
0 0.496484 0.545139 0.064844 0.170833
0 0.405078 0.168750 0.030469 0.048611
0 0.286719 0.058333 0.031250 0.080556
0 0.237500 0.387500 0.065625 0.119444
0 0.317188 0.010417 0.014063 0.015278
0 0.187109 0.887500 0.133594 0.222222
0 0.304297 0.005556 0.013281 0.011111
0 0.314453 0.151389 0.027344 0.044444
0 0.341797 0.226389 0.030469 0.061111
0 0.337500 0.004861 0.014063 0.009722
0 0.347266 0.032639 0.016406 0.026389
0 0.239844 0.156944 0.029687 0.055556
0 0.312109 0.429167 0.061719 0.125000
0 0.496484 0.545139 0.064844 0.170833
0 0.405078 0.168750 0.030469 0.048611
0 0.286719 0.058333 0.031250 0.080556
