0 0.258984 0.342361 0.014844 0.043056
0 0.238281 0.809028 0.125000 0.287500
0 0.259766 0.327778 0.024219 0.072222
0 0.239844 0.156944 0.029687 0.055556
0 0.290234 0.041667 0.024219 0.038889
0 0.321094 0.044444 0.015625 0.027778
0 0.258984 0.342361 0.014844 0.043056
0 0.238281 0.809028 0.125000 0.287500
0 0.259766 0.327778 0.024219 0.072222
0 0.239844 0.156944 0.029687 0.055556
0 0.337891 0.179167 0.028906 0.050000
0 0.337891 0.179167 0.028906 0.050000
0 0.290234 0.041667 0.024219 0.038889
0 0.344531 0.021528 0.014063 0.020833
0 0.287891 0.108333 0.038281 0.094444
0 0.287891 0.108333 0.038281 0.094444
0 0.344531 0.021528 0.014063 0.020833
0 0.337891 0.179167 0.028906 0.050000
0 0.344531 0.021528 0.014063 0.020833
0 0.287891 0.108333 0.038281 0.094444
0 0.239844 0.156944 0.029687 0.055556
0 0.259766 0.327778 0.024219 0.072222
0 0.238281 0.809028 0.125000 0.287500
0 0.258984 0.342361 0.014844 0.043056
0 0.321094 0.044444 0.015625 0.027778
0 0.290234 0.041667 0.024219 0.038889
0 0.259766 0.327778 0.024219 0.072222
0 0.239844 0.156944 0.029687 0.055556
0 0.337891 0.179167 0.028906 0.050000
0 0.344531 0.021528 0.014063 0.020833
0 0.287891 0.108333 0.038281 0.094444
0 0.287891 0.108333 0.038281 0.094444
0 0.344531 0.021528 0.014063 0.020833
0 0.337891 0.179167 0.028906 0.050000
0 0.239844 0.156944 0.029687 0.055556
0 0.259766 0.327778 0.024219 0.072222
0 0.238281 0.809028 0.125000 0.287500
0 0.258984 0.342361 0.014844 0.043056
0 0.321094 0.044444 0.015625 0.027778
0 0.290234 0.041667 0.024219 0.038889
0 0.290234 0.041667 0.024219 0.038889
0 0.321094 0.044444 0.015625 0.027778
0 0.258984 0.342361 0.014844 0.043056
0 0.238281 0.809028 0.125000 0.287500
0 0.259766 0.327778 0.024219 0.072222
0 0.239844 0.156944 0.029687 0.055556
0 0.290234 0.041667 0.024219 0.038889
0 0.321094 0.044444 0.015625 0.027778
0 0.258984 0.342361 0.014844 0.043056
0 0.238281 0.809028 0.125000 0.287500
0 0.290234 0.041667 0.024219 0.038889
0 0.321094 0.044444 0.015625 0.027778
0 0.287891 0.108333 0.038281 0.094444
0 0.344531 0.021528 0.014063 0.020833
0 0.337891 0.179167 0.028906 0.050000
0 0.239844 0.156944 0.029687 0.055556
0 0.259766 0.327778 0.024219 0.072222
0 0.238281 0.809028 0.125000 0.287500
0 0.258984 0.342361 0.014844 0.043056
0 0.321094 0.044444 0.015625 0.027778
0 0.287891 0.108333 0.038281 0.094444
0 0.344531 0.021528 0.014063 0.020833
0 0.337891 0.179167 0.028906 0.050000
