0 0.553516 0.364583 0.008594 0.015278
0 0.586328 0.413194 0.014844 0.020833
0 0.234375 0.602778 0.060937 0.066667
0 0.313281 0.523611 0.035937 0.047222
0 0.419141 0.382639 0.017969 0.043056
0 0.526953 0.383333 0.011719 0.016667
0 0.348438 0.477778 0.029687 0.036111
0 0.549609 0.391667 0.013281 0.016667
0 0.560937 0.461111 0.020313 0.033333
0 0.549609 0.391667 0.013281 0.016667
0 0.560937 0.461111 0.020313 0.033333
0 0.459766 0.435417 0.019531 0.029167
0 0.443750 0.485417 0.031250 0.059722
0 0.418750 0.570833 0.040625 0.061111
0 0.247266 0.968056 0.122656 0.061111
0 0.348438 0.477778 0.029687 0.036111
0 0.549609 0.391667 0.013281 0.016667
0 0.560937 0.461111 0.020313 0.033333
0 0.459766 0.435417 0.019531 0.029167
0 0.443750 0.485417 0.031250 0.059722
0 0.437109 0.370139 0.019531 0.037500
0 0.464453 0.403472 0.014844 0.018056
0 0.465625 0.353472 0.018750 0.031944
0 0.461719 0.418750 0.017188 0.015278
0 0.553516 0.364583 0.008594 0.015278
0 0.586328 0.413194 0.014844 0.020833
0 0.234375 0.602778 0.060937 0.066667
0 0.437109 0.370139 0.019531 0.037500
0 0.464453 0.403472 0.014844 0.018056
0 0.465625 0.353472 0.018750 0.031944
0 0.461719 0.418750 0.017188 0.015278
0 0.553516 0.364583 0.008594 0.015278
0 0.586328 0.413194 0.014844 0.020833
0 0.234375 0.602778 0.060937 0.066667
0 0.313281 0.523611 0.035937 0.047222
0 0.419141 0.382639 0.017969 0.043056
0 0.435547 0.411806 0.017969 0.023611
0 0.736719 0.924306 0.128125 0.148611
0 0.476172 0.383333 0.013281 0.019444
0 0.450781 0.388194 0.018750 0.026389
0 0.348438 0.477778 0.029687 0.036111
0 0.549609 0.391667 0.013281 0.016667
0 0.560937 0.461111 0.020313 0.033333
0 0.459766 0.435417 0.019531 0.029167
0 0.443750 0.485417 0.031250 0.059722
0 0.437109 0.370139 0.019531 0.037500
0 0.464453 0.403472 0.014844 0.018056
0 0.465625 0.353472 0.018750 0.031944
0 0.461719 0.418750 0.017188 0.015278
0 0.553516 0.364583 0.008594 0.015278
0 0.586328 0.413194 0.014844 0.020833
0 0.234375 0.602778 0.060937 0.066667
0 0.313281 0.523611 0.035937 0.047222
0 0.419141 0.382639 0.017969 0.043056
0 0.526953 0.383333 0.011719 0.016667
0 0.398828 0.472222 0.025781 0.033333
0 0.465625 0.353472 0.018750 0.031944
0 0.464453 0.403472 0.014844 0.018056
0 0.437109 0.370139 0.019531 0.037500
0 0.443750 0.485417 0.031250 0.059722
0 0.459766 0.435417 0.019531 0.029167
0 0.560937 0.461111 0.020313 0.033333
0 0.549609 0.391667 0.013281 0.016667
0 0.348438 0.477778 0.029687 0.036111
0 0.187891 0.829167 0.108594 0.133333
0 0.449609 0.459028 0.024219 0.034722
0 0.334375 0.581944 0.048438 0.058333
0 0.864453 0.750694 0.092969 0.123611
0 0.387891 0.423611 0.025781 0.047222
0 0.126562 0.748611 0.104688 0.108333
0 0.455859 0.379167 0.011719 0.016667
0 0.682813 0.531250 0.042188 0.059722
0 0.541406 0.373611 0.010937 0.019444
0 0.418750 0.570833 0.040625 0.061111
0 0.247266 0.968056 0.122656 0.061111
0 0.417578 0.440972 0.021094 0.026389
0 0.435547 0.411806 0.017969 0.023611
0 0.736719 0.924306 0.128125 0.148611
0 0.476172 0.383333 0.013281 0.019444
0 0.450781 0.388194 0.018750 0.026389
0 0.187891 0.829167 0.108594 0.133333
0 0.449609 0.459028 0.024219 0.034722
0 0.334375 0.581944 0.048438 0.058333
0 0.864453 0.750694 0.092969 0.123611
0 0.387891 0.423611 0.025781 0.047222
0 0.126562 0.748611 0.104688 0.108333
0 0.313281 0.523611 0.035937 0.047222
0 0.419141 0.382639 0.017969 0.043056
0 0.526953 0.383333 0.011719 0.016667
0 0.398828 0.472222 0.025781 0.033333
0 0.417578 0.440972 0.021094 0.026389
0 0.435547 0.411806 0.017969 0.023611
0 0.736719 0.924306 0.128125 0.148611
0 0.476172 0.383333 0.013281 0.019444
0 0.450781 0.388194 0.018750 0.026389
0 0.187891 0.829167 0.108594 0.133333
0 0.449609 0.459028 0.024219 0.034722
0 0.334375 0.581944 0.048438 0.058333
0 0.864453 0.750694 0.092969 0.123611
0 0.387891 0.423611 0.025781 0.047222
0 0.126562 0.748611 0.104688 0.108333
0 0.455859 0.379167 0.011719 0.016667
0 0.682813 0.531250 0.042188 0.059722
0 0.541406 0.373611 0.010937 0.019444
0 0.418750 0.570833 0.040625 0.061111
0 0.247266 0.968056 0.122656 0.061111
0 0.417578 0.440972 0.021094 0.026389
0 0.398828 0.472222 0.025781 0.033333
0 0.526953 0.383333 0.011719 0.016667
0 0.419141 0.382639 0.017969 0.043056
0 0.313281 0.523611 0.035937 0.047222
0 0.234375 0.602778 0.060937 0.066667
0 0.586328 0.413194 0.014844 0.020833
0 0.553516 0.364583 0.008594 0.015278
0 0.461719 0.418750 0.017188 0.015278
0 0.465625 0.353472 0.018750 0.031944
0 0.464453 0.403472 0.014844 0.018056
0 0.437109 0.370139 0.019531 0.037500
0 0.247266 0.968056 0.122656 0.061111
0 0.418750 0.570833 0.040625 0.061111
0 0.541406 0.373611 0.010937 0.019444
0 0.682813 0.531250 0.042188 0.059722
0 0.126562 0.748611 0.104688 0.108333
0 0.387891 0.423611 0.025781 0.047222
0 0.864453 0.750694 0.092969 0.123611
0 0.334375 0.581944 0.048438 0.058333
0 0.449609 0.459028 0.024219 0.034722
0 0.187891 0.829167 0.108594 0.133333
0 0.450781 0.388194 0.018750 0.026389
0 0.476172 0.383333 0.013281 0.019444
0 0.736719 0.924306 0.128125 0.148611
0 0.435547 0.411806 0.017969 0.023611
0 0.417578 0.440972 0.021094 0.026389
0 0.398828 0.472222 0.025781 0.033333
0 0.526953 0.383333 0.011719 0.016667
0 0.443750 0.485417 0.031250 0.059722
0 0.459766 0.435417 0.019531 0.029167
0 0.560937 0.461111 0.020313 0.033333
0 0.549609 0.391667 0.013281 0.016667
0 0.348438 0.477778 0.029687 0.036111
0 0.455859 0.379167 0.011719 0.016667
0 0.398828 0.472222 0.025781 0.033333
0 0.417578 0.440972 0.021094 0.026389
0 0.435547 0.411806 0.017969 0.023611
0 0.247266 0.968056 0.122656 0.061111
0 0.418750 0.570833 0.040625 0.061111
0 0.541406 0.373611 0.010937 0.019444
0 0.682813 0.531250 0.042188 0.059722
0 0.455859 0.379167 0.011719 0.016667
0 0.126562 0.748611 0.104688 0.108333
0 0.387891 0.423611 0.025781 0.047222
0 0.864453 0.750694 0.092969 0.123611
0 0.334375 0.581944 0.048438 0.058333
0 0.449609 0.459028 0.024219 0.034722
0 0.187891 0.829167 0.108594 0.133333
0 0.450781 0.388194 0.018750 0.026389
0 0.476172 0.383333 0.013281 0.019444
0 0.736719 0.924306 0.128125 0.148611
0 0.435547 0.411806 0.017969 0.023611
0 0.417578 0.440972 0.021094 0.026389
0 0.398828 0.472222 0.025781 0.033333
0 0.526953 0.383333 0.011719 0.016667
0 0.419141 0.382639 0.017969 0.043056
0 0.313281 0.523611 0.035937 0.047222
0 0.234375 0.602778 0.060937 0.066667
0 0.586328 0.413194 0.014844 0.020833
0 0.736719 0.924306 0.128125 0.148611
0 0.476172 0.383333 0.013281 0.019444
0 0.461719 0.418750 0.017188 0.015278
0 0.553516 0.364583 0.008594 0.015278
0 0.586328 0.413194 0.014844 0.020833
0 0.234375 0.602778 0.060937 0.066667
0 0.313281 0.523611 0.035937 0.047222
0 0.419141 0.382639 0.017969 0.043056
0 0.526953 0.383333 0.011719 0.016667
0 0.398828 0.472222 0.025781 0.033333
0 0.417578 0.440972 0.021094 0.026389
0 0.435547 0.411806 0.017969 0.023611
0 0.736719 0.924306 0.128125 0.148611
0 0.348438 0.477778 0.029687 0.036111
0 0.247266 0.968056 0.122656 0.061111
0 0.418750 0.570833 0.040625 0.061111
0 0.541406 0.373611 0.010937 0.019444
0 0.682813 0.531250 0.042188 0.059722
0 0.455859 0.379167 0.011719 0.016667
0 0.476172 0.383333 0.013281 0.019444
0 0.450781 0.388194 0.018750 0.026389
0 0.187891 0.829167 0.108594 0.133333
0 0.348438 0.477778 0.029687 0.036111
0 0.549609 0.391667 0.013281 0.016667
0 0.560937 0.461111 0.020313 0.033333
0 0.459766 0.435417 0.019531 0.029167
0 0.443750 0.485417 0.031250 0.059722
0 0.437109 0.370139 0.019531 0.037500
0 0.464453 0.403472 0.014844 0.018056
0 0.465625 0.353472 0.018750 0.031944
0 0.461719 0.418750 0.017188 0.015278
0 0.553516 0.364583 0.008594 0.015278
0 0.449609 0.459028 0.024219 0.034722
0 0.334375 0.581944 0.048438 0.058333
0 0.864453 0.750694 0.092969 0.123611
0 0.387891 0.423611 0.025781 0.047222
0 0.126562 0.748611 0.104688 0.108333
0 0.455859 0.379167 0.011719 0.016667
0 0.682813 0.531250 0.042188 0.059722
0 0.541406 0.373611 0.010937 0.019444
0 0.418750 0.570833 0.040625 0.061111
0 0.247266 0.968056 0.122656 0.061111
0 0.450781 0.388194 0.018750 0.026389
0 0.187891 0.829167 0.108594 0.133333
0 0.449609 0.459028 0.024219 0.034722
0 0.334375 0.581944 0.048438 0.058333
0 0.864453 0.750694 0.092969 0.123611
0 0.387891 0.423611 0.025781 0.047222
0 0.126562 0.748611 0.104688 0.108333
0 0.455859 0.379167 0.011719 0.016667
0 0.682813 0.531250 0.042188 0.059722
0 0.541406 0.373611 0.010937 0.019444
0 0.459766 0.435417 0.019531 0.029167
0 0.443750 0.485417 0.031250 0.059722
0 0.437109 0.370139 0.019531 0.037500
0 0.464453 0.403472 0.014844 0.018056
0 0.465625 0.353472 0.018750 0.031944
0 0.461719 0.418750 0.017188 0.015278
