0 0.845833 0.368519 0.028125 0.037037
0 0.845833 0.368519 0.028125 0.037037
0 0.801562 0.339352 0.039583 0.039815
0 0.846615 0.470370 0.029687 0.037037
0 0.952344 0.275926 0.018229 0.022222
0 0.878906 0.317593 0.021354 0.033333
0 0.809375 0.418056 0.034375 0.050926
0 0.388542 0.537963 0.053125 0.064815
0 0.728906 0.561111 0.036979 0.050000
0 0.940625 0.320833 0.031250 0.036111
0 0.902865 0.359259 0.031771 0.029630
0 0.797135 0.589352 0.045312 0.060185
0 0.877083 0.405093 0.030208 0.039815
0 0.905729 0.346296 0.037500 0.053704
0 0.717187 0.492130 0.030208 0.037963
0 0.553125 0.875000 0.070833 0.092593
0 0.801562 0.339352 0.039583 0.039815
0 0.846615 0.470370 0.029687 0.037037
0 0.952344 0.275926 0.018229 0.022222
0 0.878906 0.317593 0.021354 0.033333
0 0.809375 0.418056 0.034375 0.050926
0 0.388542 0.537963 0.053125 0.064815
0 0.728906 0.561111 0.036979 0.050000
0 0.940625 0.320833 0.031250 0.036111
0 0.902865 0.359259 0.031771 0.029630
0 0.797135 0.589352 0.045312 0.060185
0 0.877083 0.405093 0.030208 0.039815
0 0.717187 0.492130 0.030208 0.037963
0 0.553125 0.875000 0.070833 0.092593
0 0.845833 0.368519 0.028125 0.037037
0 0.801562 0.339352 0.039583 0.039815
0 0.846615 0.470370 0.029687 0.037037
0 0.952344 0.275926 0.018229 0.022222
0 0.878906 0.317593 0.021354 0.033333
0 0.809375 0.418056 0.034375 0.050926
0 0.388542 0.537963 0.053125 0.064815
0 0.728906 0.561111 0.036979 0.050000
0 0.553125 0.875000 0.070833 0.092593
0 0.717187 0.492130 0.030208 0.037963
0 0.905729 0.346296 0.037500 0.053704
0 0.877083 0.405093 0.030208 0.039815
0 0.797135 0.589352 0.045312 0.060185
0 0.902865 0.359259 0.031771 0.029630
0 0.940625 0.320833 0.031250 0.036111
0 0.728906 0.561111 0.036979 0.050000
0 0.388542 0.537963 0.053125 0.064815
0 0.809375 0.418056 0.034375 0.050926
0 0.878906 0.317593 0.021354 0.033333
0 0.952344 0.275926 0.018229 0.022222
0 0.846615 0.470370 0.029687 0.037037
0 0.801562 0.339352 0.039583 0.039815
0 0.845833 0.368519 0.028125 0.037037
0 0.905729 0.346296 0.037500 0.053704
0 0.728906 0.561111 0.036979 0.050000
0 0.940625 0.320833 0.031250 0.036111
0 0.902865 0.359259 0.031771 0.029630
0 0.797135 0.589352 0.045312 0.060185
0 0.877083 0.405093 0.030208 0.039815
0 0.905729 0.346296 0.037500 0.053704
0 0.717187 0.492130 0.030208 0.037963
0 0.553125 0.875000 0.070833 0.092593
0 0.845833 0.368519 0.028125 0.037037
0 0.952344 0.275926 0.018229 0.022222
0 0.878906 0.317593 0.021354 0.033333
0 0.809375 0.418056 0.034375 0.050926
0 0.388542 0.537963 0.053125 0.064815
0 0.728906 0.561111 0.036979 0.050000
0 0.940625 0.320833 0.031250 0.036111
0 0.902865 0.359259 0.031771 0.029630
0 0.797135 0.589352 0.045312 0.060185
0 0.877083 0.405093 0.030208 0.039815
0 0.905729 0.346296 0.037500 0.053704
0 0.717187 0.492130 0.030208 0.037963
0 0.553125 0.875000 0.070833 0.092593
0 0.845833 0.368519 0.028125 0.037037
0 0.845833 0.368519 0.028125 0.037037
0 0.801562 0.339352 0.039583 0.039815
0 0.846615 0.470370 0.029687 0.037037
0 0.801562 0.339352 0.039583 0.039815
0 0.846615 0.470370 0.029687 0.037037
0 0.952344 0.275926 0.018229 0.022222
0 0.878906 0.317593 0.021354 0.033333
0 0.809375 0.418056 0.034375 0.050926
0 0.388542 0.537963 0.053125 0.064815
0 0.801562 0.339352 0.039583 0.039815
0 0.846615 0.470370 0.029687 0.037037
0 0.952344 0.275926 0.018229 0.022222
0 0.878906 0.317593 0.021354 0.033333
0 0.809375 0.418056 0.034375 0.050926
0 0.388542 0.537963 0.053125 0.064815
0 0.728906 0.561111 0.036979 0.050000
0 0.940625 0.320833 0.031250 0.036111
0 0.902865 0.359259 0.031771 0.029630
0 0.797135 0.589352 0.045312 0.060185
0 0.877083 0.405093 0.030208 0.039815
0 0.905729 0.346296 0.037500 0.053704
0 0.717187 0.492130 0.030208 0.037963
0 0.553125 0.875000 0.070833 0.092593
0 0.940625 0.320833 0.031250 0.036111
0 0.902865 0.359259 0.031771 0.029630
0 0.797135 0.589352 0.045312 0.060185
0 0.877083 0.405093 0.030208 0.039815
0 0.905729 0.346296 0.037500 0.053704
0 0.717187 0.492130 0.030208 0.037963
0 0.553125 0.875000 0.070833 0.092593
