0 0.458854 0.412500 0.021875 0.019444
0 0.374479 0.461806 0.019792 0.018056
0 0.401562 0.459028 0.028125 0.023611
0 0.275000 0.477778 0.025000 0.022222
0 0.427604 0.660417 0.046875 0.043056
0 0.458854 0.412500 0.021875 0.019444
0 0.434896 0.475000 0.023958 0.019444
0 0.397396 0.473611 0.023958 0.019444
0 0.602083 0.408333 0.016667 0.016667
0 0.678125 0.361111 0.012500 0.008333
0 0.655729 0.383333 0.015625 0.016667
0 0.425000 0.481250 0.031250 0.026389
0 0.773438 0.355556 0.007292 0.005556
0 0.580729 0.421528 0.011458 0.015278
0 0.340104 0.447917 0.021875 0.018056
0 0.367708 0.439583 0.047917 0.029167
0 0.621354 0.396528 0.019792 0.015278
0 0.374479 0.461806 0.019792 0.018056
0 0.401562 0.459028 0.028125 0.023611
0 0.275000 0.477778 0.025000 0.022222
0 0.427604 0.660417 0.046875 0.043056
0 0.458854 0.412500 0.021875 0.019444
0 0.434896 0.475000 0.023958 0.019444
0 0.397396 0.473611 0.023958 0.019444
0 0.602083 0.408333 0.016667 0.016667
0 0.678125 0.361111 0.012500 0.008333
0 0.655729 0.383333 0.015625 0.016667
0 0.425000 0.481250 0.031250 0.026389
0 0.773438 0.355556 0.007292 0.005556
0 0.580729 0.421528 0.011458 0.015278
0 0.340104 0.447917 0.021875 0.018056
0 0.367708 0.439583 0.047917 0.029167
0 0.621354 0.396528 0.019792 0.015278
0 0.374479 0.461806 0.019792 0.018056
0 0.401562 0.459028 0.028125 0.023611
0 0.275000 0.477778 0.025000 0.022222
0 0.427604 0.660417 0.046875 0.043056
0 0.458854 0.412500 0.021875 0.019444
0 0.434896 0.475000 0.023958 0.019444
0 0.397396 0.473611 0.023958 0.019444
0 0.602083 0.408333 0.016667 0.016667
0 0.678125 0.361111 0.012500 0.008333
0 0.655729 0.383333 0.015625 0.016667
0 0.425000 0.481250 0.031250 0.026389
0 0.773438 0.355556 0.007292 0.005556
0 0.580729 0.421528 0.011458 0.015278
0 0.340104 0.447917 0.021875 0.018056
0 0.367708 0.439583 0.047917 0.029167
0 0.621354 0.396528 0.019792 0.015278
0 0.374479 0.461806 0.019792 0.018056
0 0.401562 0.459028 0.028125 0.023611
0 0.275000 0.477778 0.025000 0.022222
0 0.427604 0.660417 0.046875 0.043056
0 0.458854 0.412500 0.021875 0.019444
0 0.434896 0.475000 0.023958 0.019444
0 0.397396 0.473611 0.023958 0.019444
0 0.602083 0.408333 0.016667 0.016667
0 0.340104 0.447917 0.021875 0.018056
0 0.367708 0.439583 0.047917 0.029167
0 0.621354 0.396528 0.019792 0.015278
0 0.678125 0.361111 0.012500 0.008333
0 0.655729 0.383333 0.015625 0.016667
0 0.425000 0.481250 0.031250 0.026389
0 0.773438 0.355556 0.007292 0.005556
0 0.580729 0.421528 0.011458 0.015278
0 0.602083 0.408333 0.016667 0.016667
0 0.397396 0.473611 0.023958 0.019444
0 0.434896 0.475000 0.023958 0.019444
0 0.621354 0.396528 0.019792 0.015278
0 0.427604 0.660417 0.046875 0.043056
0 0.275000 0.477778 0.025000 0.022222
0 0.401562 0.459028 0.028125 0.023611
0 0.374479 0.461806 0.019792 0.018056
0 0.621354 0.396528 0.019792 0.015278
0 0.367708 0.439583 0.047917 0.029167
0 0.340104 0.447917 0.021875 0.018056
0 0.580729 0.421528 0.011458 0.015278
0 0.773438 0.355556 0.007292 0.005556
0 0.425000 0.481250 0.031250 0.026389
0 0.655729 0.383333 0.015625 0.016667
0 0.678125 0.361111 0.012500 0.008333
0 0.678125 0.361111 0.012500 0.008333
0 0.655729 0.383333 0.015625 0.016667
0 0.425000 0.481250 0.031250 0.026389
0 0.773438 0.355556 0.007292 0.005556
0 0.580729 0.421528 0.011458 0.015278
0 0.340104 0.447917 0.021875 0.018056
0 0.367708 0.439583 0.047917 0.029167
0 0.621354 0.396528 0.019792 0.015278
0 0.374479 0.461806 0.019792 0.018056
0 0.401562 0.459028 0.028125 0.023611
0 0.275000 0.477778 0.025000 0.022222
0 0.427604 0.660417 0.046875 0.043056
0 0.458854 0.412500 0.021875 0.019444
0 0.434896 0.475000 0.023958 0.019444
0 0.397396 0.473611 0.023958 0.019444
0 0.602083 0.408333 0.016667 0.016667
0 0.374479 0.461806 0.019792 0.018056
0 0.401562 0.459028 0.028125 0.023611
0 0.275000 0.477778 0.025000 0.022222
0 0.427604 0.660417 0.046875 0.043056
0 0.458854 0.412500 0.021875 0.019444
0 0.434896 0.475000 0.023958 0.019444
0 0.397396 0.473611 0.023958 0.019444
0 0.602083 0.408333 0.016667 0.016667
0 0.678125 0.361111 0.012500 0.008333
0 0.655729 0.383333 0.015625 0.016667
0 0.425000 0.481250 0.031250 0.026389
0 0.773438 0.355556 0.007292 0.005556
0 0.580729 0.421528 0.011458 0.015278
0 0.340104 0.447917 0.021875 0.018056
0 0.367708 0.439583 0.047917 0.029167
