0 0.464062 0.368056 0.010937 0.016667
0 0.523438 0.362500 0.009375 0.013889
0 0.552344 0.353472 0.012500 0.023611
0 0.578906 0.399306 0.014063 0.018056
0 0.485547 0.365278 0.010156 0.016667
0 0.403516 0.467361 0.027344 0.031944
0 0.202734 0.643750 0.066406 0.076389
0 0.444922 0.360417 0.017969 0.034722
0 0.006641 0.925694 0.013281 0.070833
0 0.395703 0.420139 0.017969 0.023611
0 0.376563 0.517361 0.035937 0.051389
0 0.658594 0.503472 0.034375 0.043056
0 0.405859 0.622222 0.047656 0.072222
0 0.115234 0.925000 0.178906 0.147222
0 0.450391 0.397917 0.013281 0.020833
0 0.477734 0.377778 0.010156 0.013889
0 0.467969 0.354861 0.012500 0.026389
0 0.350391 0.472222 0.033594 0.047222
0 0.275781 0.708333 0.076563 0.094444
0 0.315234 0.615972 0.058594 0.073611
0 0.470313 0.402083 0.014063 0.020833
0 0.431250 0.420833 0.018750 0.022222
0 0.349609 0.828472 0.082031 0.137500
0 0.450781 0.387500 0.012500 0.011111
0 0.282422 0.550694 0.047656 0.054167
0 0.458984 0.425694 0.021094 0.026389
0 0.451953 0.452778 0.021094 0.030556
0 0.423047 0.531250 0.053906 0.131944
0 0.440625 0.482639 0.028125 0.040278
0 0.562500 0.378472 0.010937 0.015278
0 0.542969 0.352778 0.006250 0.013889
0 0.294141 0.944444 0.113281 0.108333
0 0.294141 0.944444 0.113281 0.108333
0 0.542969 0.352778 0.006250 0.013889
0 0.562500 0.378472 0.010937 0.015278
0 0.440625 0.482639 0.028125 0.040278
0 0.423047 0.531250 0.053906 0.131944
0 0.451953 0.452778 0.021094 0.030556
0 0.458984 0.425694 0.021094 0.026389
0 0.282422 0.550694 0.047656 0.054167
0 0.450781 0.387500 0.012500 0.011111
0 0.349609 0.828472 0.082031 0.137500
0 0.431250 0.420833 0.018750 0.022222
0 0.470313 0.402083 0.014063 0.020833
0 0.315234 0.615972 0.058594 0.073611
0 0.275781 0.708333 0.076563 0.094444
0 0.350391 0.472222 0.033594 0.047222
0 0.467969 0.354861 0.012500 0.026389
0 0.477734 0.377778 0.010156 0.013889
0 0.450391 0.397917 0.013281 0.020833
0 0.115234 0.925000 0.178906 0.147222
0 0.405859 0.622222 0.047656 0.072222
0 0.658594 0.503472 0.034375 0.043056
0 0.376563 0.517361 0.035937 0.051389
0 0.395703 0.420139 0.017969 0.023611
0 0.006641 0.925694 0.013281 0.070833
0 0.444922 0.360417 0.017969 0.034722
0 0.202734 0.643750 0.066406 0.076389
0 0.403516 0.467361 0.027344 0.031944
0 0.485547 0.365278 0.010156 0.016667
0 0.578906 0.399306 0.014063 0.018056
0 0.552344 0.353472 0.012500 0.023611
0 0.523438 0.362500 0.009375 0.013889
0 0.464062 0.368056 0.010937 0.016667
0 0.365625 0.705556 0.067187 0.094444
0 0.432031 0.527083 0.028125 0.048611
0 0.294141 0.944444 0.113281 0.108333
0 0.542969 0.352778 0.006250 0.013889
0 0.562500 0.378472 0.010937 0.015278
0 0.440625 0.482639 0.028125 0.040278
0 0.423047 0.531250 0.053906 0.131944
0 0.451953 0.452778 0.021094 0.030556
0 0.458984 0.425694 0.021094 0.026389
0 0.282422 0.550694 0.047656 0.054167
0 0.450781 0.387500 0.012500 0.011111
0 0.349609 0.828472 0.082031 0.137500
0 0.431250 0.420833 0.018750 0.022222
0 0.470313 0.402083 0.014063 0.020833
0 0.315234 0.615972 0.058594 0.073611
0 0.275781 0.708333 0.076563 0.094444
0 0.350391 0.472222 0.033594 0.047222
0 0.467969 0.354861 0.012500 0.026389
0 0.477734 0.377778 0.010156 0.013889
0 0.450391 0.397917 0.013281 0.020833
0 0.115234 0.925000 0.178906 0.147222
0 0.405859 0.622222 0.047656 0.072222
0 0.658594 0.503472 0.034375 0.043056
0 0.376563 0.517361 0.035937 0.051389
0 0.395703 0.420139 0.017969 0.023611
0 0.006641 0.925694 0.013281 0.070833
0 0.444922 0.360417 0.017969 0.034722
0 0.202734 0.643750 0.066406 0.076389
0 0.403516 0.467361 0.027344 0.031944
0 0.485547 0.365278 0.010156 0.016667
0 0.578906 0.399306 0.014063 0.018056
0 0.552344 0.353472 0.012500 0.023611
0 0.523438 0.362500 0.009375 0.013889
0 0.464062 0.368056 0.010937 0.016667
0 0.365625 0.705556 0.067187 0.094444
0 0.432031 0.527083 0.028125 0.048611
0 0.432031 0.527083 0.028125 0.048611
0 0.365625 0.705556 0.067187 0.094444
0 0.294141 0.944444 0.113281 0.108333
0 0.542969 0.352778 0.006250 0.013889
0 0.562500 0.378472 0.010937 0.015278
0 0.440625 0.482639 0.028125 0.040278
0 0.423047 0.531250 0.053906 0.131944
0 0.451953 0.452778 0.021094 0.030556
0 0.458984 0.425694 0.021094 0.026389
0 0.282422 0.550694 0.047656 0.054167
0 0.450781 0.387500 0.012500 0.011111
0 0.349609 0.828472 0.082031 0.137500
0 0.431250 0.420833 0.018750 0.022222
0 0.470313 0.402083 0.014063 0.020833
0 0.315234 0.615972 0.058594 0.073611
0 0.275781 0.708333 0.076563 0.094444
0 0.350391 0.472222 0.033594 0.047222
0 0.467969 0.354861 0.012500 0.026389
0 0.477734 0.377778 0.010156 0.013889
0 0.450391 0.397917 0.013281 0.020833
0 0.115234 0.925000 0.178906 0.147222
0 0.405859 0.622222 0.047656 0.072222
0 0.658594 0.503472 0.034375 0.043056
0 0.376563 0.517361 0.035937 0.051389
0 0.395703 0.420139 0.017969 0.023611
0 0.006641 0.925694 0.013281 0.070833
0 0.444922 0.360417 0.017969 0.034722
0 0.202734 0.643750 0.066406 0.076389
0 0.403516 0.467361 0.027344 0.031944
0 0.485547 0.365278 0.010156 0.016667
0 0.578906 0.399306 0.014063 0.018056
0 0.552344 0.353472 0.012500 0.023611
0 0.523438 0.362500 0.009375 0.013889
0 0.464062 0.368056 0.010937 0.016667
0 0.294141 0.944444 0.113281 0.108333
0 0.542969 0.352778 0.006250 0.013889
0 0.562500 0.378472 0.010937 0.015278
0 0.440625 0.482639 0.028125 0.040278
0 0.423047 0.531250 0.053906 0.131944
0 0.451953 0.452778 0.021094 0.030556
0 0.458984 0.425694 0.021094 0.026389
0 0.282422 0.550694 0.047656 0.054167
0 0.450781 0.387500 0.012500 0.011111
0 0.349609 0.828472 0.082031 0.137500
0 0.431250 0.420833 0.018750 0.022222
0 0.470313 0.402083 0.014063 0.020833
0 0.315234 0.615972 0.058594 0.073611
0 0.275781 0.708333 0.076563 0.094444
0 0.350391 0.472222 0.033594 0.047222
0 0.467969 0.354861 0.012500 0.026389
0 0.477734 0.377778 0.010156 0.013889
0 0.450391 0.397917 0.013281 0.020833
0 0.115234 0.925000 0.178906 0.147222
0 0.405859 0.622222 0.047656 0.072222
0 0.658594 0.503472 0.034375 0.043056
0 0.376563 0.517361 0.035937 0.051389
0 0.395703 0.420139 0.017969 0.023611
0 0.006641 0.925694 0.013281 0.070833
0 0.444922 0.360417 0.017969 0.034722
0 0.202734 0.643750 0.066406 0.076389
0 0.403516 0.467361 0.027344 0.031944
0 0.485547 0.365278 0.010156 0.016667
0 0.578906 0.399306 0.014063 0.018056
0 0.552344 0.353472 0.012500 0.023611
0 0.523438 0.362500 0.009375 0.013889
0 0.464062 0.368056 0.010937 0.016667
0 0.365625 0.705556 0.067187 0.094444
0 0.432031 0.527083 0.028125 0.048611
0 0.432031 0.527083 0.028125 0.048611
0 0.365625 0.705556 0.067187 0.094444
0 0.464062 0.368056 0.010937 0.016667
0 0.523438 0.362500 0.009375 0.013889
0 0.552344 0.353472 0.012500 0.023611
0 0.578906 0.399306 0.014063 0.018056
0 0.485547 0.365278 0.010156 0.016667
0 0.403516 0.467361 0.027344 0.031944
0 0.202734 0.643750 0.066406 0.076389
0 0.444922 0.360417 0.017969 0.034722
0 0.006641 0.925694 0.013281 0.070833
0 0.395703 0.420139 0.017969 0.023611
0 0.376563 0.517361 0.035937 0.051389
0 0.658594 0.503472 0.034375 0.043056
0 0.405859 0.622222 0.047656 0.072222
0 0.115234 0.925000 0.178906 0.147222
0 0.450391 0.397917 0.013281 0.020833
0 0.477734 0.377778 0.010156 0.013889
0 0.467969 0.354861 0.012500 0.026389
0 0.350391 0.472222 0.033594 0.047222
0 0.275781 0.708333 0.076563 0.094444
0 0.315234 0.615972 0.058594 0.073611
0 0.470313 0.402083 0.014063 0.020833
0 0.431250 0.420833 0.018750 0.022222
0 0.349609 0.828472 0.082031 0.137500
0 0.450781 0.387500 0.012500 0.011111
0 0.282422 0.550694 0.047656 0.054167
0 0.458984 0.425694 0.021094 0.026389
0 0.451953 0.452778 0.021094 0.030556
0 0.423047 0.531250 0.053906 0.131944
0 0.440625 0.482639 0.028125 0.040278
0 0.562500 0.378472 0.010937 0.015278
0 0.542969 0.352778 0.006250 0.013889
0 0.294141 0.944444 0.113281 0.108333
0 0.432031 0.527083 0.028125 0.048611
0 0.365625 0.705556 0.067187 0.094444
0 0.464062 0.368056 0.010937 0.016667
0 0.523438 0.362500 0.009375 0.013889
0 0.552344 0.353472 0.012500 0.023611
0 0.578906 0.399306 0.014063 0.018056
0 0.485547 0.365278 0.010156 0.016667
0 0.403516 0.467361 0.027344 0.031944
0 0.202734 0.643750 0.066406 0.076389
0 0.444922 0.360417 0.017969 0.034722
0 0.006641 0.925694 0.013281 0.070833
0 0.395703 0.420139 0.017969 0.023611
0 0.376563 0.517361 0.035937 0.051389
0 0.658594 0.503472 0.034375 0.043056
0 0.405859 0.622222 0.047656 0.072222
0 0.115234 0.925000 0.178906 0.147222
0 0.450391 0.397917 0.013281 0.020833
0 0.477734 0.377778 0.010156 0.013889
0 0.467969 0.354861 0.012500 0.026389
0 0.350391 0.472222 0.033594 0.047222
0 0.275781 0.708333 0.076563 0.094444
0 0.315234 0.615972 0.058594 0.073611
0 0.470313 0.402083 0.014063 0.020833
0 0.431250 0.420833 0.018750 0.022222
0 0.349609 0.828472 0.082031 0.137500
0 0.450781 0.387500 0.012500 0.011111
0 0.282422 0.550694 0.047656 0.054167
0 0.458984 0.425694 0.021094 0.026389
0 0.451953 0.452778 0.021094 0.030556
0 0.423047 0.531250 0.053906 0.131944
0 0.440625 0.482639 0.028125 0.040278
0 0.562500 0.378472 0.010937 0.015278
0 0.542969 0.352778 0.006250 0.013889
0 0.294141 0.944444 0.113281 0.108333
0 0.432031 0.527083 0.028125 0.048611
0 0.365625 0.705556 0.067187 0.094444
