0 0.883984 0.555556 0.100781 0.108333
0 0.669531 0.808333 0.092188 0.175000
0 0.570312 0.658333 0.054688 0.091667
0 0.963672 0.960417 0.060156 0.076389
0 0.461719 0.946528 0.107813 0.104167
0 0.973828 0.738889 0.050781 0.150000
0 0.578906 0.871528 0.078125 0.204167
0 0.190625 0.900000 0.093750 0.197222
0 0.323047 0.820833 0.174219 0.355556
0 0.621875 0.609722 0.054688 0.088889
0 0.596875 0.534722 0.035937 0.050000
0 0.669531 0.808333 0.092188 0.175000
0 0.570312 0.658333 0.054688 0.091667
0 0.883984 0.555556 0.100781 0.108333
0 0.498437 0.780556 0.096875 0.166667
0 0.883984 0.555556 0.100781 0.108333
0 0.621875 0.609722 0.054688 0.088889
0 0.323047 0.820833 0.174219 0.355556
0 0.190625 0.900000 0.093750 0.197222
0 0.578906 0.871528 0.078125 0.204167
0 0.843750 0.561111 0.060937 0.066667
0 0.803516 0.500000 0.052344 0.061111
0 0.963672 0.960417 0.060156 0.076389
0 0.461719 0.946528 0.107813 0.104167
0 0.843750 0.561111 0.060937 0.066667
0 0.803516 0.500000 0.052344 0.061111
0 0.596875 0.534722 0.035937 0.050000
0 0.621875 0.609722 0.054688 0.088889
0 0.323047 0.820833 0.174219 0.355556
0 0.190625 0.900000 0.093750 0.197222
0 0.578906 0.871528 0.078125 0.204167
0 0.973828 0.738889 0.050781 0.150000
0 0.461719 0.946528 0.107813 0.104167
0 0.963672 0.960417 0.060156 0.076389
0 0.570312 0.658333 0.054688 0.091667
0 0.669531 0.808333 0.092188 0.175000
0 0.498437 0.780556 0.096875 0.166667
0 0.883984 0.555556 0.100781 0.108333
0 0.973828 0.738889 0.050781 0.150000
0 0.578906 0.871528 0.078125 0.204167
0 0.190625 0.900000 0.093750 0.197222
0 0.323047 0.820833 0.174219 0.355556
0 0.621875 0.609722 0.054688 0.088889
0 0.596875 0.534722 0.035937 0.050000
0 0.803516 0.500000 0.052344 0.061111
0 0.843750 0.561111 0.060937 0.066667
0 0.596875 0.534722 0.035937 0.050000
0 0.843750 0.561111 0.060937 0.066667
0 0.803516 0.500000 0.052344 0.061111
0 0.596875 0.534722 0.035937 0.050000
0 0.498437 0.780556 0.096875 0.166667
0 0.669531 0.808333 0.092188 0.175000
0 0.570312 0.658333 0.054688 0.091667
0 0.963672 0.960417 0.060156 0.076389
0 0.461719 0.946528 0.107813 0.104167
0 0.973828 0.738889 0.050781 0.150000
0 0.578906 0.871528 0.078125 0.204167
0 0.190625 0.900000 0.093750 0.197222
0 0.323047 0.820833 0.174219 0.355556
0 0.621875 0.609722 0.054688 0.088889
0 0.596875 0.534722 0.035937 0.050000
0 0.803516 0.500000 0.052344 0.061111
0 0.843750 0.561111 0.060937 0.066667
0 0.621875 0.609722 0.054688 0.088889
0 0.323047 0.820833 0.174219 0.355556
0 0.190625 0.900000 0.093750 0.197222
0 0.578906 0.871528 0.078125 0.204167
0 0.973828 0.738889 0.050781 0.150000
0 0.461719 0.946528 0.107813 0.104167
0 0.963672 0.960417 0.060156 0.076389
0 0.570312 0.658333 0.054688 0.091667
0 0.669531 0.808333 0.092188 0.175000
0 0.498437 0.780556 0.096875 0.166667
0 0.883984 0.555556 0.100781 0.108333
0 0.973828 0.738889 0.050781 0.150000
0 0.461719 0.946528 0.107813 0.104167
0 0.963672 0.960417 0.060156 0.076389
0 0.570312 0.658333 0.054688 0.091667
0 0.669531 0.808333 0.092188 0.175000
0 0.498437 0.780556 0.096875 0.166667
0 0.883984 0.555556 0.100781 0.108333
0 0.843750 0.561111 0.060937 0.066667
0 0.803516 0.500000 0.052344 0.061111
0 0.883984 0.555556 0.100781 0.108333
0 0.498437 0.780556 0.096875 0.166667
0 0.669531 0.808333 0.092188 0.175000
0 0.570312 0.658333 0.054688 0.091667
0 0.963672 0.960417 0.060156 0.076389
0 0.461719 0.946528 0.107813 0.104167
0 0.973828 0.738889 0.050781 0.150000
0 0.578906 0.871528 0.078125 0.204167
0 0.190625 0.900000 0.093750 0.197222
0 0.323047 0.820833 0.174219 0.355556
0 0.621875 0.609722 0.054688 0.088889
0 0.596875 0.534722 0.035937 0.050000
0 0.803516 0.500000 0.052344 0.061111
0 0.843750 0.561111 0.060937 0.066667
0 0.498437 0.780556 0.096875 0.166667
