0 0.787109 0.552778 0.094531 0.072222
0 0.401953 0.714583 0.074219 0.101389
0 0.388672 0.781944 0.078906 0.133333
0 0.800000 0.518750 0.110937 0.023611
0 0.101953 0.670139 0.083594 0.065278
0 0.569141 0.500000 0.038281 0.055556
0 0.541016 0.463889 0.025781 0.052778
0 0.936719 0.508333 0.060937 0.044444
0 0.741797 0.437500 0.036719 0.044444
0 0.761328 0.606250 0.130469 0.087500
0 0.517578 0.621528 0.082031 0.059722
0 0.768750 0.491667 0.048438 0.047222
0 0.927734 0.621528 0.088281 0.123611
0 0.403906 0.961111 0.126562 0.075000
0 0.084375 0.722917 0.056250 0.101389
0 0.257422 0.656250 0.050781 0.101389
0 0.176953 0.706250 0.072656 0.093056
0 0.318750 0.402778 0.062500 0.102778
0 0.687891 0.409028 0.025781 0.026389
0 0.907813 0.748611 0.076563 0.136111
0 0.572266 0.513889 0.036719 0.069444
0 0.778906 0.432639 0.035937 0.037500
0 0.707812 0.582639 0.095312 0.093056
0 0.044922 0.895833 0.089844 0.138889
0 0.307422 0.550000 0.060156 0.088889
0 0.355859 0.669444 0.069531 0.097222
0 0.177734 0.574306 0.044531 0.084722
0 0.296094 0.848611 0.092188 0.113889
0 0.691797 0.440972 0.033594 0.040278
0 0.512500 0.708333 0.067187 0.122222
0 0.139063 0.884722 0.107813 0.125000
0 0.317969 0.720139 0.078125 0.112500
0 0.247266 0.520833 0.083594 0.141667
0 0.224219 0.743750 0.081250 0.115278
0 0.869141 0.915278 0.111719 0.166667
0 0.437109 0.482639 0.035156 0.062500
0 0.726562 0.498611 0.039062 0.063889
0 0.694922 0.360417 0.039844 0.054167
0 0.156641 0.616667 0.069531 0.108333
0 0.567578 0.447222 0.027344 0.022222
0 0.620313 0.464583 0.026562 0.029167
0 0.620313 0.381250 0.023438 0.031944
0 0.751172 0.464583 0.033594 0.048611
0 0.648828 0.596528 0.091406 0.068056
0 0.385937 0.550694 0.054688 0.068056
0 0.969141 0.700000 0.060156 0.102778
0 0.658984 0.411806 0.019531 0.045833
0 0.357031 0.597917 0.062500 0.070833
0 0.920312 0.574306 0.098437 0.081944
0 0.114453 0.777083 0.107031 0.151389
0 0.166016 0.954861 0.164844 0.087500
0 0.771875 0.470139 0.042188 0.045833
0 0.982812 0.838194 0.032813 0.109722
0 0.519141 0.670833 0.077344 0.091667
0 0.864453 0.547222 0.066406 0.061111
0 0.621875 0.498611 0.029687 0.055556
0 0.391406 0.440972 0.081250 0.129167
0 0.953906 0.543750 0.090625 0.054167
0 0.487109 0.756250 0.057031 0.143056
0 0.435156 0.665278 0.090625 0.119444
0 0.391797 0.354167 0.024219 0.038889
0 0.401953 0.865972 0.096094 0.126389
0 0.708203 0.402778 0.027344 0.044444
0 0.649609 0.452083 0.033594 0.043056
0 0.514453 0.852778 0.089844 0.150000
0 0.635938 0.423611 0.034375 0.061111
0 0.648438 0.634028 0.082812 0.081944
0 0.602734 0.395139 0.017969 0.054167
0 0.567969 0.472917 0.035937 0.045833
0 0.808594 0.479861 0.039062 0.056944
0 0.653906 0.499306 0.031250 0.051389
0 0.258594 0.625694 0.068750 0.090278
0 0.283984 0.941667 0.119531 0.113889
0 0.984375 0.608333 0.029687 0.077778
0 0.417187 0.384028 0.020313 0.037500
0 0.787109 0.552778 0.094531 0.072222
0 0.233203 0.799306 0.083594 0.112500
0 0.444922 0.374306 0.030469 0.043056
0 0.444922 0.374306 0.030469 0.043056
0 0.233203 0.799306 0.083594 0.112500
0 0.787109 0.552778 0.094531 0.072222
0 0.417187 0.384028 0.020313 0.037500
0 0.984375 0.608333 0.029687 0.077778
0 0.283984 0.941667 0.119531 0.113889
0 0.258594 0.625694 0.068750 0.090278
0 0.653906 0.499306 0.031250 0.051389
0 0.808594 0.479861 0.039062 0.056944
0 0.567969 0.472917 0.035937 0.045833
0 0.602734 0.395139 0.017969 0.054167
0 0.648438 0.634028 0.082812 0.081944
0 0.635938 0.423611 0.034375 0.061111
0 0.514453 0.852778 0.089844 0.150000
0 0.649609 0.452083 0.033594 0.043056
0 0.708203 0.402778 0.027344 0.044444
0 0.401953 0.865972 0.096094 0.126389
0 0.391797 0.354167 0.024219 0.038889
0 0.435156 0.665278 0.090625 0.119444
0 0.487109 0.756250 0.057031 0.143056
0 0.953906 0.543750 0.090625 0.054167
0 0.391406 0.440972 0.081250 0.129167
0 0.621875 0.498611 0.029687 0.055556
0 0.864453 0.547222 0.066406 0.061111
0 0.519141 0.670833 0.077344 0.091667
0 0.982812 0.838194 0.032813 0.109722
0 0.771875 0.470139 0.042188 0.045833
0 0.166016 0.954861 0.164844 0.087500
0 0.114453 0.777083 0.107031 0.151389
0 0.920312 0.574306 0.098437 0.081944
0 0.357031 0.597917 0.062500 0.070833
0 0.658984 0.411806 0.019531 0.045833
0 0.969141 0.700000 0.060156 0.102778
0 0.385937 0.550694 0.054688 0.068056
0 0.648828 0.596528 0.091406 0.068056
0 0.751172 0.464583 0.033594 0.048611
0 0.620313 0.381250 0.023438 0.031944
0 0.620313 0.464583 0.026562 0.029167
0 0.567578 0.447222 0.027344 0.022222
0 0.156641 0.616667 0.069531 0.108333
0 0.694922 0.360417 0.039844 0.054167
0 0.726562 0.498611 0.039062 0.063889
0 0.437109 0.482639 0.035156 0.062500
0 0.869141 0.915278 0.111719 0.166667
0 0.224219 0.743750 0.081250 0.115278
0 0.247266 0.520833 0.083594 0.141667
0 0.317969 0.720139 0.078125 0.112500
0 0.139063 0.884722 0.107813 0.125000
0 0.512500 0.708333 0.067187 0.122222
0 0.691797 0.440972 0.033594 0.040278
0 0.296094 0.848611 0.092188 0.113889
0 0.177734 0.574306 0.044531 0.084722
0 0.355859 0.669444 0.069531 0.097222
0 0.307422 0.550000 0.060156 0.088889
0 0.044922 0.895833 0.089844 0.138889
0 0.707812 0.582639 0.095312 0.093056
0 0.778906 0.432639 0.035937 0.037500
0 0.572266 0.513889 0.036719 0.069444
0 0.907813 0.748611 0.076563 0.136111
0 0.687891 0.409028 0.025781 0.026389
0 0.318750 0.402778 0.062500 0.102778
0 0.176953 0.706250 0.072656 0.093056
0 0.257422 0.656250 0.050781 0.101389
0 0.084375 0.722917 0.056250 0.101389
0 0.403906 0.961111 0.126562 0.075000
0 0.927734 0.621528 0.088281 0.123611
0 0.768750 0.491667 0.048438 0.047222
0 0.517578 0.621528 0.082031 0.059722
0 0.761328 0.606250 0.130469 0.087500
0 0.741797 0.437500 0.036719 0.044444
0 0.936719 0.508333 0.060937 0.044444
0 0.541016 0.463889 0.025781 0.052778
0 0.569141 0.500000 0.038281 0.055556
0 0.101953 0.670139 0.083594 0.065278
0 0.800000 0.518750 0.110937 0.023611
0 0.388672 0.781944 0.078906 0.133333
0 0.401953 0.714583 0.074219 0.101389
0 0.401953 0.714583 0.074219 0.101389
0 0.388672 0.781944 0.078906 0.133333
0 0.800000 0.518750 0.110937 0.023611
0 0.101953 0.670139 0.083594 0.065278
0 0.569141 0.500000 0.038281 0.055556
0 0.541016 0.463889 0.025781 0.052778
0 0.936719 0.508333 0.060937 0.044444
0 0.741797 0.437500 0.036719 0.044444
0 0.761328 0.606250 0.130469 0.087500
0 0.517578 0.621528 0.082031 0.059722
0 0.768750 0.491667 0.048438 0.047222
0 0.927734 0.621528 0.088281 0.123611
0 0.403906 0.961111 0.126562 0.075000
0 0.084375 0.722917 0.056250 0.101389
0 0.257422 0.656250 0.050781 0.101389
0 0.176953 0.706250 0.072656 0.093056
0 0.318750 0.402778 0.062500 0.102778
0 0.687891 0.409028 0.025781 0.026389
0 0.907813 0.748611 0.076563 0.136111
0 0.572266 0.513889 0.036719 0.069444
0 0.778906 0.432639 0.035937 0.037500
0 0.707812 0.582639 0.095312 0.093056
0 0.044922 0.895833 0.089844 0.138889
0 0.307422 0.550000 0.060156 0.088889
0 0.355859 0.669444 0.069531 0.097222
0 0.177734 0.574306 0.044531 0.084722
0 0.296094 0.848611 0.092188 0.113889
0 0.691797 0.440972 0.033594 0.040278
0 0.512500 0.708333 0.067187 0.122222
0 0.139063 0.884722 0.107813 0.125000
0 0.317969 0.720139 0.078125 0.112500
0 0.247266 0.520833 0.083594 0.141667
0 0.224219 0.743750 0.081250 0.115278
0 0.869141 0.915278 0.111719 0.166667
0 0.437109 0.482639 0.035156 0.062500
0 0.726562 0.498611 0.039062 0.063889
0 0.694922 0.360417 0.039844 0.054167
0 0.156641 0.616667 0.069531 0.108333
0 0.567578 0.447222 0.027344 0.022222
0 0.620313 0.464583 0.026562 0.029167
0 0.620313 0.381250 0.023438 0.031944
0 0.751172 0.464583 0.033594 0.048611
0 0.648828 0.596528 0.091406 0.068056
0 0.385937 0.550694 0.054688 0.068056
0 0.969141 0.700000 0.060156 0.102778
0 0.658984 0.411806 0.019531 0.045833
0 0.357031 0.597917 0.062500 0.070833
0 0.920312 0.574306 0.098437 0.081944
0 0.114453 0.777083 0.107031 0.151389
0 0.166016 0.954861 0.164844 0.087500
0 0.771875 0.470139 0.042188 0.045833
0 0.982812 0.838194 0.032813 0.109722
0 0.519141 0.670833 0.077344 0.091667
0 0.864453 0.547222 0.066406 0.061111
0 0.621875 0.498611 0.029687 0.055556
0 0.391406 0.440972 0.081250 0.129167
0 0.953906 0.543750 0.090625 0.054167
0 0.487109 0.756250 0.057031 0.143056
0 0.435156 0.665278 0.090625 0.119444
0 0.391797 0.354167 0.024219 0.038889
0 0.401953 0.865972 0.096094 0.126389
0 0.708203 0.402778 0.027344 0.044444
0 0.649609 0.452083 0.033594 0.043056
0 0.514453 0.852778 0.089844 0.150000
0 0.635938 0.423611 0.034375 0.061111
0 0.648438 0.634028 0.082812 0.081944
0 0.602734 0.395139 0.017969 0.054167
0 0.567969 0.472917 0.035937 0.045833
0 0.808594 0.479861 0.039062 0.056944
0 0.653906 0.499306 0.031250 0.051389
0 0.258594 0.625694 0.068750 0.090278
0 0.283984 0.941667 0.119531 0.113889
0 0.984375 0.608333 0.029687 0.077778
0 0.417187 0.384028 0.020313 0.037500
0 0.787109 0.552778 0.094531 0.072222
0 0.233203 0.799306 0.083594 0.112500
0 0.444922 0.374306 0.030469 0.043056
0 0.444922 0.374306 0.030469 0.043056
0 0.233203 0.799306 0.083594 0.112500
0 0.417187 0.384028 0.020313 0.037500
0 0.984375 0.608333 0.029687 0.077778
0 0.283984 0.941667 0.119531 0.113889
0 0.258594 0.625694 0.068750 0.090278
0 0.653906 0.499306 0.031250 0.051389
0 0.808594 0.479861 0.039062 0.056944
0 0.567969 0.472917 0.035937 0.045833
0 0.602734 0.395139 0.017969 0.054167
0 0.648438 0.634028 0.082812 0.081944
0 0.635938 0.423611 0.034375 0.061111
0 0.514453 0.852778 0.089844 0.150000
0 0.649609 0.452083 0.033594 0.043056
0 0.708203 0.402778 0.027344 0.044444
0 0.401953 0.865972 0.096094 0.126389
0 0.391797 0.354167 0.024219 0.038889
0 0.435156 0.665278 0.090625 0.119444
0 0.487109 0.756250 0.057031 0.143056
0 0.953906 0.543750 0.090625 0.054167
0 0.391406 0.440972 0.081250 0.129167
0 0.621875 0.498611 0.029687 0.055556
0 0.864453 0.547222 0.066406 0.061111
0 0.519141 0.670833 0.077344 0.091667
0 0.982812 0.838194 0.032813 0.109722
0 0.771875 0.470139 0.042188 0.045833
0 0.166016 0.954861 0.164844 0.087500
0 0.114453 0.777083 0.107031 0.151389
0 0.920312 0.574306 0.098437 0.081944
0 0.357031 0.597917 0.062500 0.070833
0 0.658984 0.411806 0.019531 0.045833
0 0.969141 0.700000 0.060156 0.102778
0 0.385937 0.550694 0.054688 0.068056
0 0.648828 0.596528 0.091406 0.068056
0 0.751172 0.464583 0.033594 0.048611
0 0.620313 0.381250 0.023438 0.031944
0 0.620313 0.464583 0.026562 0.029167
0 0.567578 0.447222 0.027344 0.022222
0 0.156641 0.616667 0.069531 0.108333
0 0.694922 0.360417 0.039844 0.054167
0 0.726562 0.498611 0.039062 0.063889
0 0.437109 0.482639 0.035156 0.062500
0 0.869141 0.915278 0.111719 0.166667
0 0.224219 0.743750 0.081250 0.115278
0 0.247266 0.520833 0.083594 0.141667
0 0.317969 0.720139 0.078125 0.112500
0 0.139063 0.884722 0.107813 0.125000
0 0.512500 0.708333 0.067187 0.122222
0 0.691797 0.440972 0.033594 0.040278
0 0.296094 0.848611 0.092188 0.113889
0 0.177734 0.574306 0.044531 0.084722
0 0.355859 0.669444 0.069531 0.097222
0 0.307422 0.550000 0.060156 0.088889
0 0.044922 0.895833 0.089844 0.138889
0 0.707812 0.582639 0.095312 0.093056
0 0.778906 0.432639 0.035937 0.037500
0 0.572266 0.513889 0.036719 0.069444
0 0.907813 0.748611 0.076563 0.136111
0 0.687891 0.409028 0.025781 0.026389
0 0.318750 0.402778 0.062500 0.102778
0 0.176953 0.706250 0.072656 0.093056
0 0.257422 0.656250 0.050781 0.101389
0 0.084375 0.722917 0.056250 0.101389
0 0.403906 0.961111 0.126562 0.075000
0 0.927734 0.621528 0.088281 0.123611
0 0.768750 0.491667 0.048438 0.047222
0 0.517578 0.621528 0.082031 0.059722
0 0.761328 0.606250 0.130469 0.087500
0 0.741797 0.437500 0.036719 0.044444
0 0.936719 0.508333 0.060937 0.044444
0 0.541016 0.463889 0.025781 0.052778
0 0.569141 0.500000 0.038281 0.055556
0 0.101953 0.670139 0.083594 0.065278
0 0.800000 0.518750 0.110937 0.023611
0 0.388672 0.781944 0.078906 0.133333
0 0.401953 0.714583 0.074219 0.101389
0 0.401953 0.714583 0.074219 0.101389
0 0.388672 0.781944 0.078906 0.133333
0 0.800000 0.518750 0.110937 0.023611
0 0.101953 0.670139 0.083594 0.065278
0 0.569141 0.500000 0.038281 0.055556
0 0.541016 0.463889 0.025781 0.052778
0 0.936719 0.508333 0.060937 0.044444
0 0.741797 0.437500 0.036719 0.044444
0 0.761328 0.606250 0.130469 0.087500
0 0.517578 0.621528 0.082031 0.059722
0 0.768750 0.491667 0.048438 0.047222
0 0.927734 0.621528 0.088281 0.123611
0 0.403906 0.961111 0.126562 0.075000
0 0.084375 0.722917 0.056250 0.101389
0 0.257422 0.656250 0.050781 0.101389
0 0.176953 0.706250 0.072656 0.093056
0 0.318750 0.402778 0.062500 0.102778
0 0.687891 0.409028 0.025781 0.026389
0 0.907813 0.748611 0.076563 0.136111
0 0.572266 0.513889 0.036719 0.069444
0 0.778906 0.432639 0.035937 0.037500
0 0.707812 0.582639 0.095312 0.093056
0 0.044922 0.895833 0.089844 0.138889
0 0.307422 0.550000 0.060156 0.088889
0 0.355859 0.669444 0.069531 0.097222
0 0.177734 0.574306 0.044531 0.084722
0 0.296094 0.848611 0.092188 0.113889
0 0.691797 0.440972 0.033594 0.040278
0 0.512500 0.708333 0.067187 0.122222
0 0.139063 0.884722 0.107813 0.125000
0 0.317969 0.720139 0.078125 0.112500
0 0.247266 0.520833 0.083594 0.141667
0 0.224219 0.743750 0.081250 0.115278
0 0.869141 0.915278 0.111719 0.166667
0 0.437109 0.482639 0.035156 0.062500
0 0.726562 0.498611 0.039062 0.063889
0 0.694922 0.360417 0.039844 0.054167
0 0.156641 0.616667 0.069531 0.108333
0 0.567578 0.447222 0.027344 0.022222
0 0.620313 0.464583 0.026562 0.029167
0 0.620313 0.381250 0.023438 0.031944
0 0.751172 0.464583 0.033594 0.048611
0 0.648828 0.596528 0.091406 0.068056
0 0.385937 0.550694 0.054688 0.068056
0 0.969141 0.700000 0.060156 0.102778
0 0.658984 0.411806 0.019531 0.045833
0 0.357031 0.597917 0.062500 0.070833
0 0.920312 0.574306 0.098437 0.081944
0 0.114453 0.777083 0.107031 0.151389
0 0.166016 0.954861 0.164844 0.087500
0 0.771875 0.470139 0.042188 0.045833
0 0.982812 0.838194 0.032813 0.109722
0 0.519141 0.670833 0.077344 0.091667
0 0.864453 0.547222 0.066406 0.061111
0 0.621875 0.498611 0.029687 0.055556
0 0.391406 0.440972 0.081250 0.129167
0 0.953906 0.543750 0.090625 0.054167
0 0.487109 0.756250 0.057031 0.143056
0 0.435156 0.665278 0.090625 0.119444
0 0.391797 0.354167 0.024219 0.038889
0 0.401953 0.865972 0.096094 0.126389
0 0.708203 0.402778 0.027344 0.044444
0 0.649609 0.452083 0.033594 0.043056
0 0.514453 0.852778 0.089844 0.150000
0 0.635938 0.423611 0.034375 0.061111
0 0.648438 0.634028 0.082812 0.081944
0 0.602734 0.395139 0.017969 0.054167
0 0.567969 0.472917 0.035937 0.045833
0 0.808594 0.479861 0.039062 0.056944
0 0.653906 0.499306 0.031250 0.051389
0 0.258594 0.625694 0.068750 0.090278
0 0.283984 0.941667 0.119531 0.113889
0 0.984375 0.608333 0.029687 0.077778
0 0.417187 0.384028 0.020313 0.037500
0 0.787109 0.552778 0.094531 0.072222
0 0.233203 0.799306 0.083594 0.112500
0 0.444922 0.374306 0.030469 0.043056
0 0.444922 0.374306 0.030469 0.043056
0 0.233203 0.799306 0.083594 0.112500
0 0.787109 0.552778 0.094531 0.072222
0 0.417187 0.384028 0.020313 0.037500
0 0.984375 0.608333 0.029687 0.077778
0 0.283984 0.941667 0.119531 0.113889
0 0.258594 0.625694 0.068750 0.090278
0 0.653906 0.499306 0.031250 0.051389
0 0.808594 0.479861 0.039062 0.056944
0 0.567969 0.472917 0.035937 0.045833
0 0.602734 0.395139 0.017969 0.054167
0 0.648438 0.634028 0.082812 0.081944
0 0.635938 0.423611 0.034375 0.061111
0 0.514453 0.852778 0.089844 0.150000
0 0.649609 0.452083 0.033594 0.043056
0 0.708203 0.402778 0.027344 0.044444
0 0.401953 0.865972 0.096094 0.126389
0 0.391797 0.354167 0.024219 0.038889
0 0.435156 0.665278 0.090625 0.119444
0 0.487109 0.756250 0.057031 0.143056
0 0.953906 0.543750 0.090625 0.054167
0 0.391406 0.440972 0.081250 0.129167
0 0.621875 0.498611 0.029687 0.055556
0 0.864453 0.547222 0.066406 0.061111
0 0.519141 0.670833 0.077344 0.091667
0 0.982812 0.838194 0.032813 0.109722
0 0.771875 0.470139 0.042188 0.045833
0 0.166016 0.954861 0.164844 0.087500
0 0.114453 0.777083 0.107031 0.151389
0 0.920312 0.574306 0.098437 0.081944
0 0.357031 0.597917 0.062500 0.070833
0 0.658984 0.411806 0.019531 0.045833
0 0.969141 0.700000 0.060156 0.102778
0 0.385937 0.550694 0.054688 0.068056
0 0.648828 0.596528 0.091406 0.068056
0 0.751172 0.464583 0.033594 0.048611
0 0.620313 0.381250 0.023438 0.031944
0 0.620313 0.464583 0.026562 0.029167
0 0.567578 0.447222 0.027344 0.022222
0 0.156641 0.616667 0.069531 0.108333
0 0.694922 0.360417 0.039844 0.054167
0 0.726562 0.498611 0.039062 0.063889
0 0.437109 0.482639 0.035156 0.062500
0 0.869141 0.915278 0.111719 0.166667
0 0.224219 0.743750 0.081250 0.115278
0 0.247266 0.520833 0.083594 0.141667
0 0.317969 0.720139 0.078125 0.112500
0 0.139063 0.884722 0.107813 0.125000
0 0.512500 0.708333 0.067187 0.122222
0 0.691797 0.440972 0.033594 0.040278
0 0.296094 0.848611 0.092188 0.113889
0 0.177734 0.574306 0.044531 0.084722
0 0.355859 0.669444 0.069531 0.097222
0 0.307422 0.550000 0.060156 0.088889
0 0.044922 0.895833 0.089844 0.138889
0 0.707812 0.582639 0.095312 0.093056
0 0.778906 0.432639 0.035937 0.037500
0 0.572266 0.513889 0.036719 0.069444
0 0.907813 0.748611 0.076563 0.136111
0 0.687891 0.409028 0.025781 0.026389
0 0.318750 0.402778 0.062500 0.102778
0 0.176953 0.706250 0.072656 0.093056
0 0.257422 0.656250 0.050781 0.101389
0 0.084375 0.722917 0.056250 0.101389
0 0.403906 0.961111 0.126562 0.075000
0 0.927734 0.621528 0.088281 0.123611
0 0.768750 0.491667 0.048438 0.047222
0 0.517578 0.621528 0.082031 0.059722
0 0.761328 0.606250 0.130469 0.087500
0 0.741797 0.437500 0.036719 0.044444
0 0.936719 0.508333 0.060937 0.044444
0 0.541016 0.463889 0.025781 0.052778
0 0.569141 0.500000 0.038281 0.055556
0 0.101953 0.670139 0.083594 0.065278
0 0.800000 0.518750 0.110937 0.023611
0 0.388672 0.781944 0.078906 0.133333
0 0.401953 0.714583 0.074219 0.101389
0 0.444922 0.374306 0.030469 0.043056
0 0.233203 0.799306 0.083594 0.112500
0 0.787109 0.552778 0.094531 0.072222
0 0.417187 0.384028 0.020313 0.037500
0 0.984375 0.608333 0.029687 0.077778
0 0.283984 0.941667 0.119531 0.113889
0 0.258594 0.625694 0.068750 0.090278
0 0.653906 0.499306 0.031250 0.051389
0 0.808594 0.479861 0.039062 0.056944
0 0.567969 0.472917 0.035937 0.045833
0 0.602734 0.395139 0.017969 0.054167
0 0.648438 0.634028 0.082812 0.081944
0 0.635938 0.423611 0.034375 0.061111
0 0.514453 0.852778 0.089844 0.150000
0 0.649609 0.452083 0.033594 0.043056
0 0.708203 0.402778 0.027344 0.044444
0 0.401953 0.865972 0.096094 0.126389
0 0.391797 0.354167 0.024219 0.038889
0 0.435156 0.665278 0.090625 0.119444
0 0.487109 0.756250 0.057031 0.143056
0 0.953906 0.543750 0.090625 0.054167
0 0.391406 0.440972 0.081250 0.129167
0 0.621875 0.498611 0.029687 0.055556
0 0.864453 0.547222 0.066406 0.061111
0 0.519141 0.670833 0.077344 0.091667
0 0.982812 0.838194 0.032813 0.109722
0 0.771875 0.470139 0.042188 0.045833
0 0.166016 0.954861 0.164844 0.087500
0 0.114453 0.777083 0.107031 0.151389
0 0.920312 0.574306 0.098437 0.081944
0 0.357031 0.597917 0.062500 0.070833
0 0.658984 0.411806 0.019531 0.045833
0 0.969141 0.700000 0.060156 0.102778
0 0.385937 0.550694 0.054688 0.068056
0 0.648828 0.596528 0.091406 0.068056
0 0.751172 0.464583 0.033594 0.048611
0 0.620313 0.381250 0.023438 0.031944
0 0.620313 0.464583 0.026562 0.029167
0 0.567578 0.447222 0.027344 0.022222
0 0.156641 0.616667 0.069531 0.108333
0 0.694922 0.360417 0.039844 0.054167
0 0.726562 0.498611 0.039062 0.063889
0 0.437109 0.482639 0.035156 0.062500
0 0.869141 0.915278 0.111719 0.166667
0 0.224219 0.743750 0.081250 0.115278
0 0.247266 0.520833 0.083594 0.141667
0 0.317969 0.720139 0.078125 0.112500
0 0.139063 0.884722 0.107813 0.125000
0 0.512500 0.708333 0.067187 0.122222
0 0.691797 0.440972 0.033594 0.040278
0 0.296094 0.848611 0.092188 0.113889
0 0.177734 0.574306 0.044531 0.084722
0 0.355859 0.669444 0.069531 0.097222
0 0.307422 0.550000 0.060156 0.088889
0 0.044922 0.895833 0.089844 0.138889
0 0.707812 0.582639 0.095312 0.093056
0 0.778906 0.432639 0.035937 0.037500
0 0.572266 0.513889 0.036719 0.069444
0 0.907813 0.748611 0.076563 0.136111
0 0.687891 0.409028 0.025781 0.026389
0 0.318750 0.402778 0.062500 0.102778
0 0.176953 0.706250 0.072656 0.093056
0 0.257422 0.656250 0.050781 0.101389
0 0.084375 0.722917 0.056250 0.101389
0 0.403906 0.961111 0.126562 0.075000
0 0.927734 0.621528 0.088281 0.123611
0 0.768750 0.491667 0.048438 0.047222
0 0.517578 0.621528 0.082031 0.059722
0 0.761328 0.606250 0.130469 0.087500
0 0.741797 0.437500 0.036719 0.044444
0 0.936719 0.508333 0.060937 0.044444
0 0.541016 0.463889 0.025781 0.052778
0 0.569141 0.500000 0.038281 0.055556
0 0.101953 0.670139 0.083594 0.065278
0 0.800000 0.518750 0.110937 0.023611
0 0.388672 0.781944 0.078906 0.133333
0 0.401953 0.714583 0.074219 0.101389
