0 0.232813 0.748611 0.087500 0.105556
0 0.707422 0.550000 0.042969 0.055556
0 0.003906 0.941667 0.007812 0.069444
0 0.476172 0.384722 0.011719 0.016667
0 0.425000 0.430556 0.020313 0.025000
0 0.488281 0.361806 0.010937 0.015278
0 0.408203 0.410417 0.014844 0.020833
0 0.468750 0.364583 0.010937 0.012500
0 0.482031 0.374306 0.010937 0.015278
0 0.473438 0.402778 0.010937 0.016667
0 0.363281 0.777778 0.071875 0.122222
0 0.562109 0.375000 0.008594 0.013889
0 0.381641 0.440972 0.019531 0.026389
0 0.466016 0.355556 0.007031 0.008333
0 0.535937 0.360417 0.009375 0.015278
0 0.441016 0.372917 0.011719 0.018056
0 0.426563 0.390972 0.014063 0.018056
0 0.464844 0.411111 0.018750 0.027778
0 0.453125 0.452083 0.021875 0.029167
0 0.220312 0.637500 0.064062 0.069444
0 0.381641 0.440972 0.019531 0.026389
0 0.521875 0.364583 0.009375 0.012500
0 0.340625 0.576389 0.046875 0.058333
0 0.543359 0.379861 0.010156 0.015278
0 0.438281 0.409722 0.017188 0.022222
0 0.326562 0.468750 0.081250 0.131944
0 0.475781 0.356250 0.009375 0.012500
0 0.457813 0.379167 0.010937 0.016667
0 0.232813 0.748611 0.087500 0.105556
0 0.403125 0.470139 0.026562 0.034722
0 0.557813 0.393056 0.014063 0.022222
0 0.295312 0.944444 0.112500 0.108333
0 0.466016 0.355556 0.007031 0.008333
0 0.535937 0.360417 0.009375 0.015278
0 0.441016 0.372917 0.011719 0.018056
0 0.426563 0.390972 0.014063 0.018056
0 0.464844 0.411111 0.018750 0.027778
0 0.453125 0.452083 0.021875 0.029167
0 0.220312 0.637500 0.064062 0.069444
0 0.381641 0.440972 0.019531 0.026389
0 0.521875 0.364583 0.009375 0.012500
0 0.340625 0.576389 0.046875 0.058333
0 0.543359 0.379861 0.010156 0.015278
0 0.438281 0.409722 0.017188 0.022222
0 0.326562 0.468750 0.081250 0.131944
0 0.475781 0.356250 0.009375 0.012500
0 0.457813 0.379167 0.010937 0.016667
0 0.429688 0.511111 0.032813 0.044444
0 0.403125 0.470139 0.026562 0.034722
0 0.557813 0.393056 0.014063 0.022222
0 0.295312 0.944444 0.112500 0.108333
0 0.466016 0.355556 0.007031 0.008333
0 0.535937 0.360417 0.009375 0.015278
0 0.441016 0.372917 0.011719 0.018056
0 0.426563 0.390972 0.014063 0.018056
0 0.464844 0.411111 0.018750 0.027778
0 0.453125 0.452083 0.021875 0.029167
0 0.220312 0.637500 0.064062 0.069444
0 0.381641 0.440972 0.019531 0.026389
0 0.521875 0.364583 0.009375 0.012500
0 0.340625 0.576389 0.046875 0.058333
0 0.543359 0.379861 0.010156 0.015278
0 0.438281 0.409722 0.017188 0.022222
0 0.326562 0.468750 0.081250 0.131944
0 0.475781 0.356250 0.009375 0.012500
0 0.457813 0.379167 0.010937 0.016667
0 0.232813 0.748611 0.087500 0.105556
0 0.429688 0.511111 0.032813 0.044444
0 0.707422 0.550000 0.042969 0.055556
0 0.003906 0.941667 0.007812 0.069444
0 0.476172 0.384722 0.011719 0.016667
0 0.425000 0.430556 0.020313 0.025000
0 0.488281 0.361806 0.010937 0.015278
0 0.408203 0.410417 0.014844 0.020833
0 0.468750 0.364583 0.010937 0.012500
0 0.482031 0.374306 0.010937 0.015278
0 0.473438 0.402778 0.010937 0.016667
0 0.363281 0.777778 0.071875 0.122222
0 0.562109 0.375000 0.008594 0.013889
0 0.521875 0.364583 0.009375 0.012500
0 0.340625 0.576389 0.046875 0.058333
0 0.543359 0.379861 0.010156 0.015278
0 0.438281 0.409722 0.017188 0.022222
0 0.326562 0.468750 0.081250 0.131944
0 0.475781 0.356250 0.009375 0.012500
0 0.457813 0.379167 0.010937 0.016667
0 0.232813 0.748611 0.087500 0.105556
0 0.403125 0.470139 0.026562 0.034722
0 0.557813 0.393056 0.014063 0.022222
0 0.295312 0.944444 0.112500 0.108333
0 0.466016 0.355556 0.007031 0.008333
0 0.535937 0.360417 0.009375 0.015278
0 0.441016 0.372917 0.011719 0.018056
0 0.426563 0.390972 0.014063 0.018056
0 0.464844 0.411111 0.018750 0.027778
0 0.453125 0.452083 0.021875 0.029167
0 0.220312 0.637500 0.064062 0.069444
0 0.429688 0.511111 0.032813 0.044444
0 0.707422 0.550000 0.042969 0.055556
0 0.003906 0.941667 0.007812 0.069444
0 0.476172 0.384722 0.011719 0.016667
0 0.425000 0.430556 0.020313 0.025000
0 0.488281 0.361806 0.010937 0.015278
0 0.408203 0.410417 0.014844 0.020833
0 0.468750 0.364583 0.010937 0.012500
0 0.482031 0.374306 0.010937 0.015278
0 0.473438 0.402778 0.010937 0.016667
0 0.363281 0.777778 0.071875 0.122222
0 0.562109 0.375000 0.008594 0.013889
0 0.562109 0.375000 0.008594 0.013889
0 0.363281 0.777778 0.071875 0.122222
0 0.473438 0.402778 0.010937 0.016667
0 0.482031 0.374306 0.010937 0.015278
0 0.468750 0.364583 0.010937 0.012500
0 0.408203 0.410417 0.014844 0.020833
0 0.488281 0.361806 0.010937 0.015278
0 0.425000 0.430556 0.020313 0.025000
0 0.476172 0.384722 0.011719 0.016667
0 0.003906 0.941667 0.007812 0.069444
0 0.707422 0.550000 0.042969 0.055556
0 0.429688 0.511111 0.032813 0.044444
0 0.232813 0.748611 0.087500 0.105556
0 0.457813 0.379167 0.010937 0.016667
0 0.475781 0.356250 0.009375 0.012500
0 0.429688 0.511111 0.032813 0.044444
0 0.707422 0.550000 0.042969 0.055556
0 0.003906 0.941667 0.007812 0.069444
0 0.476172 0.384722 0.011719 0.016667
0 0.425000 0.430556 0.020313 0.025000
0 0.488281 0.361806 0.010937 0.015278
0 0.408203 0.410417 0.014844 0.020833
0 0.326562 0.468750 0.081250 0.131944
0 0.438281 0.409722 0.017188 0.022222
0 0.562109 0.375000 0.008594 0.013889
0 0.363281 0.777778 0.071875 0.122222
0 0.473438 0.402778 0.010937 0.016667
0 0.482031 0.374306 0.010937 0.015278
0 0.468750 0.364583 0.010937 0.012500
0 0.408203 0.410417 0.014844 0.020833
0 0.488281 0.361806 0.010937 0.015278
0 0.425000 0.430556 0.020313 0.025000
0 0.468750 0.364583 0.010937 0.012500
0 0.482031 0.374306 0.010937 0.015278
0 0.473438 0.402778 0.010937 0.016667
0 0.363281 0.777778 0.071875 0.122222
0 0.403125 0.470139 0.026562 0.034722
0 0.557813 0.393056 0.014063 0.022222
0 0.295312 0.944444 0.112500 0.108333
0 0.707422 0.550000 0.042969 0.055556
0 0.476172 0.384722 0.011719 0.016667
0 0.003906 0.941667 0.007812 0.069444
0 0.707422 0.550000 0.042969 0.055556
0 0.429688 0.511111 0.032813 0.044444
0 0.232813 0.748611 0.087500 0.105556
0 0.457813 0.379167 0.010937 0.016667
0 0.475781 0.356250 0.009375 0.012500
0 0.535937 0.360417 0.009375 0.015278
0 0.466016 0.355556 0.007031 0.008333
0 0.295312 0.944444 0.112500 0.108333
0 0.557813 0.393056 0.014063 0.022222
0 0.403125 0.470139 0.026562 0.034722
0 0.562109 0.375000 0.008594 0.013889
0 0.429688 0.511111 0.032813 0.044444
0 0.232813 0.748611 0.087500 0.105556
0 0.457813 0.379167 0.010937 0.016667
0 0.475781 0.356250 0.009375 0.012500
0 0.326562 0.468750 0.081250 0.131944
0 0.438281 0.409722 0.017188 0.022222
0 0.543359 0.379861 0.010156 0.015278
0 0.340625 0.576389 0.046875 0.058333
0 0.521875 0.364583 0.009375 0.012500
0 0.381641 0.440972 0.019531 0.026389
0 0.220312 0.637500 0.064062 0.069444
0 0.326562 0.468750 0.081250 0.131944
0 0.438281 0.409722 0.017188 0.022222
0 0.543359 0.379861 0.010156 0.015278
0 0.340625 0.576389 0.046875 0.058333
0 0.521875 0.364583 0.009375 0.012500
0 0.381641 0.440972 0.019531 0.026389
0 0.220312 0.637500 0.064062 0.069444
0 0.453125 0.452083 0.021875 0.029167
0 0.464844 0.411111 0.018750 0.027778
0 0.426563 0.390972 0.014063 0.018056
0 0.441016 0.372917 0.011719 0.018056
0 0.535937 0.360417 0.009375 0.015278
0 0.466016 0.355556 0.007031 0.008333
0 0.295312 0.944444 0.112500 0.108333
0 0.557813 0.393056 0.014063 0.022222
0 0.403125 0.470139 0.026562 0.034722
0 0.381641 0.440972 0.019531 0.026389
0 0.521875 0.364583 0.009375 0.012500
0 0.340625 0.576389 0.046875 0.058333
0 0.543359 0.379861 0.010156 0.015278
0 0.453125 0.452083 0.021875 0.029167
0 0.464844 0.411111 0.018750 0.027778
0 0.426563 0.390972 0.014063 0.018056
0 0.441016 0.372917 0.011719 0.018056
0 0.535937 0.360417 0.009375 0.015278
0 0.003906 0.941667 0.007812 0.069444
0 0.476172 0.384722 0.011719 0.016667
0 0.425000 0.430556 0.020313 0.025000
0 0.488281 0.361806 0.010937 0.015278
0 0.408203 0.410417 0.014844 0.020833
0 0.468750 0.364583 0.010937 0.012500
0 0.482031 0.374306 0.010937 0.015278
0 0.473438 0.402778 0.010937 0.016667
0 0.363281 0.777778 0.071875 0.122222
0 0.562109 0.375000 0.008594 0.013889
0 0.466016 0.355556 0.007031 0.008333
0 0.441016 0.372917 0.011719 0.018056
0 0.426563 0.390972 0.014063 0.018056
0 0.464844 0.411111 0.018750 0.027778
0 0.453125 0.452083 0.021875 0.029167
0 0.220312 0.637500 0.064062 0.069444
0 0.403125 0.470139 0.026562 0.034722
0 0.557813 0.393056 0.014063 0.022222
0 0.295312 0.944444 0.112500 0.108333
