0 0.568750 0.426389 0.018750 0.025000
0 0.461719 0.399306 0.014063 0.018056
0 0.423438 0.431250 0.021875 0.034722
0 0.442188 0.492361 0.025000 0.040278
0 0.349609 0.879861 0.082031 0.237500
0 0.767578 0.740972 0.088281 0.137500
0 0.400781 0.462500 0.021875 0.016667
0 0.032422 0.870139 0.064844 0.154167
0 0.416016 0.394444 0.019531 0.030556
0 0.461719 0.376389 0.010937 0.013889
0 0.313281 0.613889 0.057813 0.066667
0 0.107422 0.771528 0.214844 0.287500
0 0.523047 0.365972 0.011719 0.023611
0 0.439063 0.375694 0.010937 0.018056
0 0.401172 0.486806 0.030469 0.034722
0 0.620313 0.453472 0.023438 0.034722
0 0.552344 0.368750 0.018750 0.045833
0 0.366016 0.705556 0.066406 0.094444
0 0.431641 0.515278 0.030469 0.044444
0 0.431641 0.515278 0.030469 0.044444
0 0.366016 0.705556 0.066406 0.094444
0 0.552344 0.368750 0.018750 0.045833
0 0.620313 0.453472 0.023438 0.034722
0 0.401172 0.486806 0.030469 0.034722
0 0.439063 0.375694 0.010937 0.018056
0 0.523047 0.365972 0.011719 0.023611
0 0.107422 0.771528 0.214844 0.287500
0 0.313281 0.613889 0.057813 0.066667
0 0.461719 0.376389 0.010937 0.013889
0 0.416016 0.394444 0.019531 0.030556
0 0.032422 0.870139 0.064844 0.154167
0 0.400781 0.462500 0.021875 0.016667
0 0.767578 0.740972 0.088281 0.137500
0 0.349609 0.879861 0.082031 0.237500
0 0.442188 0.492361 0.025000 0.040278
0 0.423438 0.431250 0.021875 0.034722
0 0.461719 0.399306 0.014063 0.018056
0 0.358594 0.470833 0.028125 0.036111
0 0.282422 0.688194 0.074219 0.101389
0 0.700781 0.934028 0.114062 0.129167
0 0.479297 0.372917 0.011719 0.018056
0 0.374609 0.525000 0.038281 0.047222
0 0.474609 0.389583 0.013281 0.020833
0 0.464844 0.422917 0.017188 0.026389
0 0.446484 0.396528 0.013281 0.020833
0 0.500781 0.339583 0.009375 0.012500
0 0.381250 0.416667 0.048438 0.080556
0 0.448047 0.449306 0.032031 0.048611
0 0.457031 0.434722 0.018750 0.022222
0 0.557813 0.488194 0.032813 0.059722
0 0.405469 0.622222 0.048438 0.072222
0 0.418359 0.561806 0.044531 0.073611
0 0.445703 0.463194 0.027344 0.031944
0 0.487109 0.356250 0.010156 0.015278
0 0.465625 0.408333 0.015625 0.013889
0 0.466797 0.350694 0.008594 0.012500
0 0.294141 0.944444 0.113281 0.108333
0 0.453125 0.363194 0.009375 0.012500
0 0.453125 0.363194 0.009375 0.012500
0 0.568750 0.426389 0.018750 0.025000
0 0.294141 0.944444 0.113281 0.108333
0 0.466797 0.350694 0.008594 0.012500
0 0.465625 0.408333 0.015625 0.013889
0 0.487109 0.356250 0.010156 0.015278
0 0.445703 0.463194 0.027344 0.031944
0 0.418359 0.561806 0.044531 0.073611
0 0.405469 0.622222 0.048438 0.072222
0 0.557813 0.488194 0.032813 0.059722
0 0.457031 0.434722 0.018750 0.022222
0 0.448047 0.449306 0.032031 0.048611
0 0.381250 0.416667 0.048438 0.080556
0 0.500781 0.339583 0.009375 0.012500
0 0.446484 0.396528 0.013281 0.020833
0 0.464844 0.422917 0.017188 0.026389
0 0.474609 0.389583 0.013281 0.020833
0 0.374609 0.525000 0.038281 0.047222
0 0.479297 0.372917 0.011719 0.018056
0 0.700781 0.934028 0.114062 0.129167
0 0.282422 0.688194 0.074219 0.101389
0 0.358594 0.470833 0.028125 0.036111
0 0.461719 0.399306 0.014063 0.018056
0 0.423438 0.431250 0.021875 0.034722
0 0.442188 0.492361 0.025000 0.040278
0 0.349609 0.879861 0.082031 0.237500
0 0.767578 0.740972 0.088281 0.137500
0 0.400781 0.462500 0.021875 0.016667
0 0.032422 0.870139 0.064844 0.154167
0 0.416016 0.394444 0.019531 0.030556
0 0.461719 0.376389 0.010937 0.013889
0 0.313281 0.613889 0.057813 0.066667
0 0.107422 0.771528 0.214844 0.287500
0 0.523047 0.365972 0.011719 0.023611
0 0.439063 0.375694 0.010937 0.018056
0 0.401172 0.486806 0.030469 0.034722
0 0.620313 0.453472 0.023438 0.034722
0 0.552344 0.368750 0.018750 0.045833
0 0.366016 0.705556 0.066406 0.094444
0 0.431641 0.515278 0.030469 0.044444
0 0.358594 0.470833 0.028125 0.036111
0 0.282422 0.688194 0.074219 0.101389
0 0.700781 0.934028 0.114062 0.129167
0 0.479297 0.372917 0.011719 0.018056
0 0.374609 0.525000 0.038281 0.047222
0 0.474609 0.389583 0.013281 0.020833
0 0.464844 0.422917 0.017188 0.026389
0 0.446484 0.396528 0.013281 0.020833
0 0.500781 0.339583 0.009375 0.012500
0 0.381250 0.416667 0.048438 0.080556
0 0.448047 0.449306 0.032031 0.048611
0 0.457031 0.434722 0.018750 0.022222
0 0.557813 0.488194 0.032813 0.059722
0 0.405469 0.622222 0.048438 0.072222
0 0.418359 0.561806 0.044531 0.073611
0 0.445703 0.463194 0.027344 0.031944
0 0.487109 0.356250 0.010156 0.015278
0 0.465625 0.408333 0.015625 0.013889
0 0.466797 0.350694 0.008594 0.012500
0 0.294141 0.944444 0.113281 0.108333
0 0.568750 0.426389 0.018750 0.025000
0 0.453125 0.363194 0.009375 0.012500
0 0.453125 0.363194 0.009375 0.012500
0 0.568750 0.426389 0.018750 0.025000
0 0.294141 0.944444 0.113281 0.108333
0 0.466797 0.350694 0.008594 0.012500
0 0.465625 0.408333 0.015625 0.013889
0 0.487109 0.356250 0.010156 0.015278
0 0.445703 0.463194 0.027344 0.031944
0 0.418359 0.561806 0.044531 0.073611
0 0.405469 0.622222 0.048438 0.072222
0 0.557813 0.488194 0.032813 0.059722
0 0.457031 0.434722 0.018750 0.022222
0 0.448047 0.449306 0.032031 0.048611
0 0.381250 0.416667 0.048438 0.080556
0 0.500781 0.339583 0.009375 0.012500
0 0.446484 0.396528 0.013281 0.020833
0 0.464844 0.422917 0.017188 0.026389
0 0.474609 0.389583 0.013281 0.020833
0 0.374609 0.525000 0.038281 0.047222
0 0.479297 0.372917 0.011719 0.018056
0 0.700781 0.934028 0.114062 0.129167
0 0.282422 0.688194 0.074219 0.101389
0 0.358594 0.470833 0.028125 0.036111
0 0.461719 0.399306 0.014063 0.018056
0 0.423438 0.431250 0.021875 0.034722
0 0.442188 0.492361 0.025000 0.040278
0 0.349609 0.879861 0.082031 0.237500
0 0.767578 0.740972 0.088281 0.137500
0 0.400781 0.462500 0.021875 0.016667
0 0.032422 0.870139 0.064844 0.154167
0 0.416016 0.394444 0.019531 0.030556
0 0.461719 0.376389 0.010937 0.013889
0 0.313281 0.613889 0.057813 0.066667
0 0.107422 0.771528 0.214844 0.287500
0 0.523047 0.365972 0.011719 0.023611
0 0.439063 0.375694 0.010937 0.018056
0 0.401172 0.486806 0.030469 0.034722
0 0.620313 0.453472 0.023438 0.034722
0 0.552344 0.368750 0.018750 0.045833
0 0.366016 0.705556 0.066406 0.094444
0 0.431641 0.515278 0.030469 0.044444
0 0.431641 0.515278 0.030469 0.044444
0 0.366016 0.705556 0.066406 0.094444
0 0.552344 0.368750 0.018750 0.045833
0 0.620313 0.453472 0.023438 0.034722
0 0.401172 0.486806 0.030469 0.034722
0 0.439063 0.375694 0.010937 0.018056
0 0.523047 0.365972 0.011719 0.023611
0 0.107422 0.771528 0.214844 0.287500
0 0.313281 0.613889 0.057813 0.066667
0 0.461719 0.376389 0.010937 0.013889
0 0.416016 0.394444 0.019531 0.030556
0 0.032422 0.870139 0.064844 0.154167
0 0.400781 0.462500 0.021875 0.016667
0 0.767578 0.740972 0.088281 0.137500
0 0.349609 0.879861 0.082031 0.237500
0 0.442188 0.492361 0.025000 0.040278
0 0.423438 0.431250 0.021875 0.034722
0 0.461719 0.399306 0.014063 0.018056
0 0.358594 0.470833 0.028125 0.036111
0 0.282422 0.688194 0.074219 0.101389
0 0.700781 0.934028 0.114062 0.129167
0 0.479297 0.372917 0.011719 0.018056
0 0.374609 0.525000 0.038281 0.047222
0 0.474609 0.389583 0.013281 0.020833
0 0.464844 0.422917 0.017188 0.026389
0 0.446484 0.396528 0.013281 0.020833
0 0.500781 0.339583 0.009375 0.012500
0 0.381250 0.416667 0.048438 0.080556
0 0.448047 0.449306 0.032031 0.048611
0 0.457031 0.434722 0.018750 0.022222
0 0.557813 0.488194 0.032813 0.059722
0 0.405469 0.622222 0.048438 0.072222
0 0.418359 0.561806 0.044531 0.073611
0 0.445703 0.463194 0.027344 0.031944
0 0.487109 0.356250 0.010156 0.015278
0 0.465625 0.408333 0.015625 0.013889
0 0.466797 0.350694 0.008594 0.012500
0 0.294141 0.944444 0.113281 0.108333
0 0.568750 0.426389 0.018750 0.025000
0 0.453125 0.363194 0.009375 0.012500
0 0.431641 0.515278 0.030469 0.044444
0 0.366016 0.705556 0.066406 0.094444
0 0.552344 0.368750 0.018750 0.045833
0 0.620313 0.453472 0.023438 0.034722
0 0.401172 0.486806 0.030469 0.034722
0 0.439063 0.375694 0.010937 0.018056
0 0.523047 0.365972 0.011719 0.023611
0 0.107422 0.771528 0.214844 0.287500
0 0.313281 0.613889 0.057813 0.066667
0 0.461719 0.376389 0.010937 0.013889
0 0.416016 0.394444 0.019531 0.030556
0 0.032422 0.870139 0.064844 0.154167
0 0.400781 0.462500 0.021875 0.016667
0 0.767578 0.740972 0.088281 0.137500
0 0.349609 0.879861 0.082031 0.237500
0 0.442188 0.492361 0.025000 0.040278
0 0.423438 0.431250 0.021875 0.034722
0 0.461719 0.399306 0.014063 0.018056
0 0.358594 0.470833 0.028125 0.036111
0 0.282422 0.688194 0.074219 0.101389
0 0.700781 0.934028 0.114062 0.129167
0 0.479297 0.372917 0.011719 0.018056
0 0.374609 0.525000 0.038281 0.047222
0 0.474609 0.389583 0.013281 0.020833
0 0.464844 0.422917 0.017188 0.026389
0 0.446484 0.396528 0.013281 0.020833
0 0.500781 0.339583 0.009375 0.012500
0 0.381250 0.416667 0.048438 0.080556
0 0.448047 0.449306 0.032031 0.048611
0 0.457031 0.434722 0.018750 0.022222
0 0.557813 0.488194 0.032813 0.059722
0 0.405469 0.622222 0.048438 0.072222
0 0.418359 0.561806 0.044531 0.073611
0 0.445703 0.463194 0.027344 0.031944
0 0.487109 0.356250 0.010156 0.015278
0 0.465625 0.408333 0.015625 0.013889
0 0.466797 0.350694 0.008594 0.012500
0 0.294141 0.944444 0.113281 0.108333
0 0.568750 0.426389 0.018750 0.025000
0 0.453125 0.363194 0.009375 0.012500
0 0.431641 0.515278 0.030469 0.044444
0 0.366016 0.705556 0.066406 0.094444
0 0.552344 0.368750 0.018750 0.045833
0 0.620313 0.453472 0.023438 0.034722
0 0.401172 0.486806 0.030469 0.034722
0 0.439063 0.375694 0.010937 0.018056
0 0.523047 0.365972 0.011719 0.023611
0 0.107422 0.771528 0.214844 0.287500
0 0.313281 0.613889 0.057813 0.066667
0 0.461719 0.376389 0.010937 0.013889
0 0.416016 0.394444 0.019531 0.030556
0 0.032422 0.870139 0.064844 0.154167
0 0.400781 0.462500 0.021875 0.016667
0 0.767578 0.740972 0.088281 0.137500
0 0.349609 0.879861 0.082031 0.237500
0 0.442188 0.492361 0.025000 0.040278
0 0.423438 0.431250 0.021875 0.034722
0 0.461719 0.399306 0.014063 0.018056
0 0.358594 0.470833 0.028125 0.036111
0 0.282422 0.688194 0.074219 0.101389
0 0.700781 0.934028 0.114062 0.129167
0 0.479297 0.372917 0.011719 0.018056
0 0.374609 0.525000 0.038281 0.047222
0 0.474609 0.389583 0.013281 0.020833
0 0.464844 0.422917 0.017188 0.026389
0 0.446484 0.396528 0.013281 0.020833
0 0.500781 0.339583 0.009375 0.012500
0 0.381250 0.416667 0.048438 0.080556
0 0.448047 0.449306 0.032031 0.048611
0 0.457031 0.434722 0.018750 0.022222
0 0.557813 0.488194 0.032813 0.059722
0 0.405469 0.622222 0.048438 0.072222
0 0.418359 0.561806 0.044531 0.073611
0 0.445703 0.463194 0.027344 0.031944
0 0.487109 0.356250 0.010156 0.015278
0 0.465625 0.408333 0.015625 0.013889
0 0.466797 0.350694 0.008594 0.012500
0 0.294141 0.944444 0.113281 0.108333
0 0.568750 0.426389 0.018750 0.025000
0 0.453125 0.363194 0.009375 0.012500
