0 0.317188 0.011111 0.014063 0.019444
0 0.363281 0.062500 0.020313 0.030556
0 0.317188 0.011111 0.014063 0.019444
0 0.332813 0.155556 0.026562 0.047222
0 0.292187 0.032639 0.015625 0.026389
0 0.173828 0.472222 0.236719 0.463889
0 0.320703 0.034028 0.014844 0.023611
0 0.342578 0.009722 0.014844 0.019444
0 0.291406 0.097222 0.020313 0.033333
0 0.324219 0.061806 0.018750 0.029167
0 0.290234 0.141667 0.024219 0.041667
0 0.392578 0.127778 0.028906 0.044444
0 0.239844 0.156944 0.029687 0.055556
0 0.157812 0.526389 0.201563 0.355556
0 0.330078 0.099306 0.021094 0.034722
0 0.340625 0.200694 0.032813 0.056944
0 0.503516 0.866667 0.103906 0.263889
0 0.348828 0.033333 0.016406 0.025000
0 0.448828 0.259028 0.041406 0.076389
0 0.237891 0.336806 0.110156 0.193056
0 0.237891 0.336806 0.110156 0.193056
0 0.448828 0.259028 0.041406 0.076389
0 0.348828 0.033333 0.016406 0.025000
0 0.503516 0.866667 0.103906 0.263889
0 0.340625 0.200694 0.032813 0.056944
0 0.330078 0.099306 0.021094 0.034722
0 0.157812 0.526389 0.201563 0.355556
0 0.239844 0.156944 0.029687 0.055556
0 0.392578 0.127778 0.028906 0.044444
0 0.290234 0.141667 0.024219 0.041667
0 0.324219 0.061806 0.018750 0.029167
0 0.291406 0.097222 0.020313 0.033333
0 0.342578 0.009722 0.014844 0.019444
0 0.320703 0.034028 0.014844 0.023611
0 0.173828 0.472222 0.236719 0.463889
0 0.292187 0.032639 0.015625 0.026389
0 0.332813 0.155556 0.026562 0.047222
0 0.317188 0.011111 0.014063 0.019444
0 0.363281 0.062500 0.020313 0.030556
0 0.237891 0.336806 0.110156 0.193056
0 0.448828 0.259028 0.041406 0.076389
0 0.348828 0.033333 0.016406 0.025000
0 0.503516 0.866667 0.103906 0.263889
0 0.340625 0.200694 0.032813 0.056944
0 0.330078 0.099306 0.021094 0.034722
0 0.157812 0.526389 0.201563 0.355556
0 0.239844 0.156944 0.029687 0.055556
0 0.392578 0.127778 0.028906 0.044444
0 0.290234 0.141667 0.024219 0.041667
0 0.324219 0.061806 0.018750 0.029167
0 0.291406 0.097222 0.020313 0.033333
0 0.342578 0.009722 0.014844 0.019444
0 0.320703 0.034028 0.014844 0.023611
0 0.173828 0.472222 0.236719 0.463889
0 0.292187 0.032639 0.015625 0.026389
0 0.332813 0.155556 0.026562 0.047222
0 0.363281 0.062500 0.020313 0.030556
0 0.363281 0.062500 0.020313 0.030556
0 0.317188 0.011111 0.014063 0.019444
0 0.332813 0.155556 0.026562 0.047222
0 0.292187 0.032639 0.015625 0.026389
0 0.173828 0.472222 0.236719 0.463889
0 0.320703 0.034028 0.014844 0.023611
0 0.237891 0.336806 0.110156 0.193056
0 0.448828 0.259028 0.041406 0.076389
0 0.348828 0.033333 0.016406 0.025000
0 0.363281 0.062500 0.020313 0.030556
0 0.317188 0.011111 0.014063 0.019444
0 0.332813 0.155556 0.026562 0.047222
0 0.292187 0.032639 0.015625 0.026389
0 0.173828 0.472222 0.236719 0.463889
0 0.320703 0.034028 0.014844 0.023611
0 0.342578 0.009722 0.014844 0.019444
0 0.291406 0.097222 0.020313 0.033333
0 0.324219 0.061806 0.018750 0.029167
0 0.290234 0.141667 0.024219 0.041667
0 0.392578 0.127778 0.028906 0.044444
0 0.239844 0.156944 0.029687 0.055556
0 0.157812 0.526389 0.201563 0.355556
0 0.330078 0.099306 0.021094 0.034722
0 0.340625 0.200694 0.032813 0.056944
0 0.503516 0.866667 0.103906 0.263889
0 0.348828 0.033333 0.016406 0.025000
0 0.448828 0.259028 0.041406 0.076389
0 0.237891 0.336806 0.110156 0.193056
0 0.342578 0.009722 0.014844 0.019444
0 0.291406 0.097222 0.020313 0.033333
0 0.324219 0.061806 0.018750 0.029167
0 0.290234 0.141667 0.024219 0.041667
0 0.392578 0.127778 0.028906 0.044444
0 0.239844 0.156944 0.029687 0.055556
0 0.157812 0.526389 0.201563 0.355556
0 0.330078 0.099306 0.021094 0.034722
0 0.340625 0.200694 0.032813 0.056944
0 0.503516 0.866667 0.103906 0.263889
0 0.348828 0.033333 0.016406 0.025000
0 0.448828 0.259028 0.041406 0.076389
0 0.237891 0.336806 0.110156 0.193056
0 0.363281 0.062500 0.020313 0.030556
0 0.317188 0.011111 0.014063 0.019444
0 0.332813 0.155556 0.026562 0.047222
0 0.292187 0.032639 0.015625 0.026389
0 0.173828 0.472222 0.236719 0.463889
0 0.320703 0.034028 0.014844 0.023611
0 0.342578 0.009722 0.014844 0.019444
0 0.291406 0.097222 0.020313 0.033333
0 0.324219 0.061806 0.018750 0.029167
0 0.290234 0.141667 0.024219 0.041667
0 0.392578 0.127778 0.028906 0.044444
0 0.239844 0.156944 0.029687 0.055556
0 0.157812 0.526389 0.201563 0.355556
0 0.330078 0.099306 0.021094 0.034722
0 0.340625 0.200694 0.032813 0.056944
0 0.503516 0.866667 0.103906 0.263889
0 0.348828 0.033333 0.016406 0.025000
0 0.448828 0.259028 0.041406 0.076389
0 0.237891 0.336806 0.110156 0.193056
0 0.503516 0.866667 0.103906 0.263889
0 0.340625 0.200694 0.032813 0.056944
0 0.330078 0.099306 0.021094 0.034722
0 0.157812 0.526389 0.201563 0.355556
0 0.239844 0.156944 0.029687 0.055556
0 0.392578 0.127778 0.028906 0.044444
0 0.290234 0.141667 0.024219 0.041667
0 0.324219 0.061806 0.018750 0.029167
0 0.291406 0.097222 0.020313 0.033333
0 0.342578 0.009722 0.014844 0.019444
0 0.320703 0.034028 0.014844 0.023611
0 0.173828 0.472222 0.236719 0.463889
0 0.292187 0.032639 0.015625 0.026389
0 0.332813 0.155556 0.026562 0.047222
0 0.317188 0.011111 0.014063 0.019444
0 0.363281 0.062500 0.020313 0.030556
