0 0.926562 0.248611 0.031250 0.063889
0 0.959375 0.202778 0.028125 0.027778
0 0.837500 0.188889 0.025000 0.022222
0 0.811719 0.263889 0.045312 0.066667
0 0.957031 0.265278 0.048438 0.075000
0 0.025781 0.505556 0.023438 0.027778
0 0.496094 0.426389 0.101562 0.163889
0 0.025781 0.747222 0.051562 0.116667
0 0.966406 0.336111 0.064062 0.111111
0 0.858594 0.193056 0.020313 0.025000
0 0.587500 0.265278 0.034375 0.069444
0 0.507812 0.373611 0.118750 0.091667
0 0.990625 0.236111 0.015625 0.055556
0 0.324219 0.595833 0.201563 0.369444
0 0.669531 0.256944 0.010937 0.052778
0 0.699219 0.268056 0.057813 0.141667
0 0.557813 0.272222 0.050000 0.072222
0 0.447656 0.362500 0.054688 0.069444
0 0.979688 0.450000 0.037500 0.116667
0 0.904687 0.240278 0.021875 0.047222
0 0.769531 0.247222 0.029687 0.050000
0 0.742969 0.262500 0.035937 0.069444
0 0.958594 0.238889 0.051562 0.044444
0 0.625781 0.261111 0.042188 0.055556
0 0.651563 0.251389 0.028125 0.052778
0 0.788281 0.194444 0.035937 0.050000
0 0.381250 0.856944 0.171875 0.247222
0 0.834375 0.252778 0.034375 0.061111
0 0.957031 0.265278 0.048438 0.075000
0 0.811719 0.263889 0.045312 0.066667
0 0.837500 0.188889 0.025000 0.022222
0 0.959375 0.202778 0.028125 0.027778
0 0.926562 0.248611 0.031250 0.063889
0 0.966406 0.336111 0.064062 0.111111
0 0.025781 0.747222 0.051562 0.116667
0 0.496094 0.426389 0.101562 0.163889
0 0.025781 0.505556 0.023438 0.027778
0 0.957031 0.265278 0.048438 0.075000
0 0.811719 0.263889 0.045312 0.066667
0 0.990625 0.236111 0.015625 0.055556
0 0.324219 0.595833 0.201563 0.369444
0 0.669531 0.256944 0.010937 0.052778
0 0.699219 0.268056 0.057813 0.141667
0 0.557813 0.272222 0.050000 0.072222
0 0.447656 0.362500 0.054688 0.069444
0 0.979688 0.450000 0.037500 0.116667
0 0.904687 0.240278 0.021875 0.047222
0 0.769531 0.247222 0.029687 0.050000
0 0.742969 0.262500 0.035937 0.069444
0 0.958594 0.238889 0.051562 0.044444
0 0.625781 0.261111 0.042188 0.055556
0 0.651563 0.251389 0.028125 0.052778
0 0.788281 0.194444 0.035937 0.050000
0 0.837500 0.188889 0.025000 0.022222
0 0.959375 0.202778 0.028125 0.027778
0 0.926562 0.248611 0.031250 0.063889
0 0.324219 0.595833 0.201563 0.369444
0 0.990625 0.236111 0.015625 0.055556
0 0.507812 0.373611 0.118750 0.091667
0 0.587500 0.265278 0.034375 0.069444
0 0.858594 0.193056 0.020313 0.025000
0 0.926562 0.248611 0.031250 0.063889
0 0.959375 0.202778 0.028125 0.027778
0 0.837500 0.188889 0.025000 0.022222
0 0.811719 0.263889 0.045312 0.066667
0 0.957031 0.265278 0.048438 0.075000
0 0.025781 0.505556 0.023438 0.027778
0 0.496094 0.426389 0.101562 0.163889
0 0.025781 0.747222 0.051562 0.116667
0 0.966406 0.336111 0.064062 0.111111
0 0.858594 0.193056 0.020313 0.025000
0 0.587500 0.265278 0.034375 0.069444
0 0.507812 0.373611 0.118750 0.091667
0 0.990625 0.236111 0.015625 0.055556
0 0.324219 0.595833 0.201563 0.369444
0 0.669531 0.256944 0.010937 0.052778
0 0.699219 0.268056 0.057813 0.141667
0 0.557813 0.272222 0.050000 0.072222
0 0.447656 0.362500 0.054688 0.069444
0 0.979688 0.450000 0.037500 0.116667
0 0.904687 0.240278 0.021875 0.047222
0 0.769531 0.247222 0.029687 0.050000
0 0.926562 0.248611 0.031250 0.063889
0 0.959375 0.202778 0.028125 0.027778
0 0.837500 0.188889 0.025000 0.022222
0 0.811719 0.263889 0.045312 0.066667
0 0.926562 0.248611 0.031250 0.063889
0 0.959375 0.202778 0.028125 0.027778
0 0.837500 0.188889 0.025000 0.022222
0 0.811719 0.263889 0.045312 0.066667
0 0.957031 0.265278 0.048438 0.075000
0 0.025781 0.505556 0.023438 0.027778
0 0.496094 0.426389 0.101562 0.163889
0 0.025781 0.747222 0.051562 0.116667
0 0.966406 0.336111 0.064062 0.111111
0 0.858594 0.193056 0.020313 0.025000
0 0.587500 0.265278 0.034375 0.069444
0 0.507812 0.373611 0.118750 0.091667
0 0.990625 0.236111 0.015625 0.055556
0 0.324219 0.595833 0.201563 0.369444
0 0.669531 0.256944 0.010937 0.052778
0 0.699219 0.268056 0.057813 0.141667
0 0.557813 0.272222 0.050000 0.072222
0 0.447656 0.362500 0.054688 0.069444
0 0.979688 0.450000 0.037500 0.116667
0 0.904687 0.240278 0.021875 0.047222
0 0.769531 0.247222 0.029687 0.050000
0 0.742969 0.262500 0.035937 0.069444
0 0.958594 0.238889 0.051562 0.044444
0 0.625781 0.261111 0.042188 0.055556
0 0.651563 0.251389 0.028125 0.052778
0 0.788281 0.194444 0.035937 0.050000
0 0.381250 0.856944 0.171875 0.247222
0 0.834375 0.252778 0.034375 0.061111
0 0.957031 0.265278 0.048438 0.075000
0 0.669531 0.256944 0.010937 0.052778
0 0.699219 0.268056 0.057813 0.141667
0 0.557813 0.272222 0.050000 0.072222
0 0.447656 0.362500 0.054688 0.069444
0 0.979688 0.450000 0.037500 0.116667
0 0.904687 0.240278 0.021875 0.047222
0 0.769531 0.247222 0.029687 0.050000
0 0.742969 0.262500 0.035937 0.069444
0 0.958594 0.238889 0.051562 0.044444
0 0.625781 0.261111 0.042188 0.055556
0 0.651563 0.251389 0.028125 0.052778
0 0.788281 0.194444 0.035937 0.050000
0 0.381250 0.856944 0.171875 0.247222
0 0.834375 0.252778 0.034375 0.061111
0 0.381250 0.856944 0.171875 0.247222
0 0.834375 0.252778 0.034375 0.061111
0 0.025781 0.505556 0.023438 0.027778
0 0.496094 0.426389 0.101562 0.163889
0 0.025781 0.747222 0.051562 0.116667
0 0.966406 0.336111 0.064062 0.111111
0 0.858594 0.193056 0.020313 0.025000
0 0.587500 0.265278 0.034375 0.069444
0 0.507812 0.373611 0.118750 0.091667
0 0.990625 0.236111 0.015625 0.055556
0 0.324219 0.595833 0.201563 0.369444
0 0.669531 0.256944 0.010937 0.052778
0 0.699219 0.268056 0.057813 0.141667
0 0.557813 0.272222 0.050000 0.072222
0 0.447656 0.362500 0.054688 0.069444
0 0.979688 0.450000 0.037500 0.116667
0 0.904687 0.240278 0.021875 0.047222
0 0.769531 0.247222 0.029687 0.050000
0 0.742969 0.262500 0.035937 0.069444
0 0.958594 0.238889 0.051562 0.044444
0 0.625781 0.261111 0.042188 0.055556
0 0.651563 0.251389 0.028125 0.052778
0 0.788281 0.194444 0.035937 0.050000
0 0.381250 0.856944 0.171875 0.247222
0 0.834375 0.252778 0.034375 0.061111
0 0.742969 0.262500 0.035937 0.069444
0 0.958594 0.238889 0.051562 0.044444
0 0.625781 0.261111 0.042188 0.055556
0 0.651563 0.251389 0.028125 0.052778
0 0.788281 0.194444 0.035937 0.050000
0 0.381250 0.856944 0.171875 0.247222
0 0.834375 0.252778 0.034375 0.061111
0 0.834375 0.252778 0.034375 0.061111
0 0.381250 0.856944 0.171875 0.247222
0 0.788281 0.194444 0.035937 0.050000
0 0.651563 0.251389 0.028125 0.052778
0 0.507812 0.373611 0.118750 0.091667
0 0.587500 0.265278 0.034375 0.069444
0 0.858594 0.193056 0.020313 0.025000
0 0.966406 0.336111 0.064062 0.111111
0 0.025781 0.747222 0.051562 0.116667
0 0.496094 0.426389 0.101562 0.163889
0 0.025781 0.505556 0.023438 0.027778
0 0.957031 0.265278 0.048438 0.075000
0 0.811719 0.263889 0.045312 0.066667
0 0.837500 0.188889 0.025000 0.022222
0 0.959375 0.202778 0.028125 0.027778
0 0.926562 0.248611 0.031250 0.063889
0 0.625781 0.261111 0.042188 0.055556
0 0.958594 0.238889 0.051562 0.044444
0 0.742969 0.262500 0.035937 0.069444
0 0.769531 0.247222 0.029687 0.050000
0 0.904687 0.240278 0.021875 0.047222
0 0.979688 0.450000 0.037500 0.116667
0 0.447656 0.362500 0.054688 0.069444
0 0.557813 0.272222 0.050000 0.072222
0 0.699219 0.268056 0.057813 0.141667
0 0.669531 0.256944 0.010937 0.052778
0 0.324219 0.595833 0.201563 0.369444
0 0.990625 0.236111 0.015625 0.055556
0 0.507812 0.373611 0.118750 0.091667
0 0.587500 0.265278 0.034375 0.069444
0 0.858594 0.193056 0.020313 0.025000
0 0.966406 0.336111 0.064062 0.111111
0 0.025781 0.747222 0.051562 0.116667
0 0.496094 0.426389 0.101562 0.163889
0 0.025781 0.505556 0.023438 0.027778
