0 0.689063 0.511111 0.021875 0.025000
0 0.624479 0.395833 0.015625 0.016667
0 0.404167 0.506250 0.027083 0.023611
0 0.603125 0.408333 0.014583 0.013889
0 0.229167 0.409028 0.010417 0.009722
0 0.869792 0.833333 0.033333 0.038889
0 0.325521 0.465972 0.021875 0.018056
0 0.289062 0.479861 0.021875 0.020833
0 0.361979 0.468056 0.023958 0.019444
0 0.343750 0.398611 0.016667 0.019444
0 0.889583 0.834722 0.072917 0.041667
0 0.581250 0.421528 0.010417 0.015278
0 0.678646 0.479861 0.048958 0.056944
0 0.458854 0.413194 0.021875 0.018056
0 0.603125 0.408333 0.014583 0.013889
0 0.404167 0.506250 0.027083 0.023611
0 0.624479 0.395833 0.015625 0.016667
0 0.689063 0.511111 0.021875 0.025000
0 0.657292 0.384028 0.014583 0.015278
0 0.229167 0.409028 0.010417 0.009722
0 0.603125 0.408333 0.014583 0.013889
0 0.404167 0.506250 0.027083 0.023611
0 0.624479 0.395833 0.015625 0.016667
0 0.689063 0.511111 0.021875 0.025000
0 0.657292 0.384028 0.014583 0.015278
0 0.458854 0.413194 0.021875 0.018056
0 0.678646 0.479861 0.048958 0.056944
0 0.581250 0.421528 0.010417 0.015278
0 0.889583 0.834722 0.072917 0.041667
0 0.343750 0.398611 0.016667 0.019444
0 0.361979 0.468056 0.023958 0.019444
0 0.289062 0.479861 0.021875 0.020833
0 0.325521 0.465972 0.021875 0.018056
0 0.869792 0.833333 0.033333 0.038889
0 0.229167 0.409028 0.010417 0.009722
0 0.603125 0.408333 0.014583 0.013889
0 0.404167 0.506250 0.027083 0.023611
0 0.624479 0.395833 0.015625 0.016667
0 0.689063 0.511111 0.021875 0.025000
0 0.657292 0.384028 0.014583 0.015278
0 0.458854 0.413194 0.021875 0.018056
0 0.678646 0.479861 0.048958 0.056944
0 0.581250 0.421528 0.010417 0.015278
0 0.889583 0.834722 0.072917 0.041667
0 0.343750 0.398611 0.016667 0.019444
0 0.361979 0.468056 0.023958 0.019444
0 0.289062 0.479861 0.021875 0.020833
0 0.325521 0.465972 0.021875 0.018056
0 0.869792 0.833333 0.033333 0.038889
0 0.229167 0.409028 0.010417 0.009722
0 0.603125 0.408333 0.014583 0.013889
0 0.404167 0.506250 0.027083 0.023611
0 0.624479 0.395833 0.015625 0.016667
0 0.689063 0.511111 0.021875 0.025000
0 0.657292 0.384028 0.014583 0.015278
0 0.657292 0.384028 0.014583 0.015278
0 0.689063 0.511111 0.021875 0.025000
0 0.624479 0.395833 0.015625 0.016667
0 0.404167 0.506250 0.027083 0.023611
0 0.603125 0.408333 0.014583 0.013889
0 0.229167 0.409028 0.010417 0.009722
0 0.869792 0.833333 0.033333 0.038889
0 0.325521 0.465972 0.021875 0.018056
0 0.289062 0.479861 0.021875 0.020833
0 0.361979 0.468056 0.023958 0.019444
0 0.343750 0.398611 0.016667 0.019444
0 0.889583 0.834722 0.072917 0.041667
0 0.581250 0.421528 0.010417 0.015278
0 0.678646 0.479861 0.048958 0.056944
0 0.458854 0.413194 0.021875 0.018056
0 0.458854 0.413194 0.021875 0.018056
0 0.678646 0.479861 0.048958 0.056944
0 0.581250 0.421528 0.010417 0.015278
0 0.889583 0.834722 0.072917 0.041667
0 0.343750 0.398611 0.016667 0.019444
0 0.361979 0.468056 0.023958 0.019444
0 0.289062 0.479861 0.021875 0.020833
0 0.325521 0.465972 0.021875 0.018056
0 0.869792 0.833333 0.033333 0.038889
0 0.458854 0.413194 0.021875 0.018056
0 0.678646 0.479861 0.048958 0.056944
0 0.581250 0.421528 0.010417 0.015278
0 0.889583 0.834722 0.072917 0.041667
0 0.657292 0.384028 0.014583 0.015278
0 0.343750 0.398611 0.016667 0.019444
0 0.361979 0.468056 0.023958 0.019444
0 0.289062 0.479861 0.021875 0.020833
0 0.657292 0.384028 0.014583 0.015278
0 0.689063 0.511111 0.021875 0.025000
0 0.624479 0.395833 0.015625 0.016667
0 0.404167 0.506250 0.027083 0.023611
0 0.603125 0.408333 0.014583 0.013889
0 0.229167 0.409028 0.010417 0.009722
0 0.869792 0.833333 0.033333 0.038889
0 0.325521 0.465972 0.021875 0.018056
0 0.289062 0.479861 0.021875 0.020833
0 0.361979 0.468056 0.023958 0.019444
0 0.343750 0.398611 0.016667 0.019444
0 0.889583 0.834722 0.072917 0.041667
0 0.581250 0.421528 0.010417 0.015278
0 0.678646 0.479861 0.048958 0.056944
0 0.458854 0.413194 0.021875 0.018056
0 0.325521 0.465972 0.021875 0.018056
0 0.869792 0.833333 0.033333 0.038889
0 0.229167 0.409028 0.010417 0.009722
