0 0.115625 0.797222 0.032292 0.062963
0 0.115625 0.797222 0.032292 0.062963
0 0.173177 0.727315 0.038021 0.058333
0 0.173177 0.727315 0.038021 0.058333
0 0.115625 0.797222 0.032292 0.062963
0 0.173177 0.727315 0.038021 0.058333
0 0.115625 0.797222 0.032292 0.062963
0 0.115625 0.797222 0.032292 0.062963
0 0.173177 0.727315 0.038021 0.058333
0 0.173177 0.727315 0.038021 0.058333
0 0.115625 0.797222 0.032292 0.062963
0 0.115625 0.797222 0.032292 0.062963
0 0.173177 0.727315 0.038021 0.058333
0 0.173177 0.727315 0.038021 0.058333
