0 0.277865 0.322222 0.010937 0.020370
0 0.250260 0.437963 0.027604 0.044444
0 0.259115 0.196296 0.005729 0.011111
0 0.554948 0.470833 0.033854 0.045370
0 0.271615 0.185648 0.007812 0.013889
0 0.518750 0.975463 0.082292 0.047222
0 0.352083 0.202315 0.009375 0.013889
0 0.318229 0.174074 0.007292 0.011111
0 0.259115 0.507407 0.034896 0.066667
0 0.268490 0.163889 0.004687 0.009259
0 0.325000 0.862963 0.088542 0.150000
0 0.248177 0.180556 0.007812 0.012963
0 0.277865 0.322222 0.010937 0.020370
0 0.250260 0.437963 0.027604 0.044444
0 0.259115 0.196296 0.005729 0.011111
0 0.554948 0.470833 0.033854 0.045370
0 0.271615 0.185648 0.007812 0.013889
0 0.325000 0.862963 0.088542 0.150000
0 0.248177 0.180556 0.007812 0.012963
0 0.277865 0.322222 0.010937 0.020370
0 0.250260 0.437963 0.027604 0.044444
0 0.259115 0.196296 0.005729 0.011111
0 0.554948 0.470833 0.033854 0.045370
0 0.271615 0.185648 0.007812 0.013889
0 0.518750 0.975463 0.082292 0.047222
0 0.352083 0.202315 0.009375 0.013889
0 0.318229 0.174074 0.007292 0.011111
0 0.259115 0.507407 0.034896 0.066667
0 0.268490 0.163889 0.004687 0.009259
0 0.518750 0.975463 0.082292 0.047222
0 0.352083 0.202315 0.009375 0.013889
0 0.318229 0.174074 0.007292 0.011111
0 0.259115 0.507407 0.034896 0.066667
0 0.268490 0.163889 0.004687 0.009259
0 0.554948 0.470833 0.033854 0.045370
0 0.271615 0.185648 0.007812 0.013889
0 0.325000 0.862963 0.088542 0.150000
0 0.248177 0.180556 0.007812 0.012963
0 0.277865 0.322222 0.010937 0.020370
0 0.250260 0.437963 0.027604 0.044444
0 0.259115 0.196296 0.005729 0.011111
0 0.554948 0.470833 0.033854 0.045370
0 0.271615 0.185648 0.007812 0.013889
0 0.518750 0.975463 0.082292 0.047222
0 0.352083 0.202315 0.009375 0.013889
0 0.318229 0.174074 0.007292 0.011111
0 0.259115 0.507407 0.034896 0.066667
0 0.268490 0.163889 0.004687 0.009259
0 0.325000 0.862963 0.088542 0.150000
0 0.248177 0.180556 0.007812 0.012963
0 0.268490 0.163889 0.004687 0.009259
0 0.259115 0.507407 0.034896 0.066667
0 0.318229 0.174074 0.007292 0.011111
0 0.352083 0.202315 0.009375 0.013889
0 0.518750 0.975463 0.082292 0.047222
0 0.271615 0.185648 0.007812 0.013889
0 0.554948 0.470833 0.033854 0.045370
0 0.259115 0.196296 0.005729 0.011111
0 0.250260 0.437963 0.027604 0.044444
0 0.277865 0.322222 0.010937 0.020370
0 0.248177 0.180556 0.007812 0.012963
0 0.325000 0.862963 0.088542 0.150000
0 0.518750 0.975463 0.082292 0.047222
0 0.352083 0.202315 0.009375 0.013889
0 0.318229 0.174074 0.007292 0.011111
0 0.259115 0.507407 0.034896 0.066667
0 0.268490 0.163889 0.004687 0.009259
0 0.325000 0.862963 0.088542 0.150000
0 0.248177 0.180556 0.007812 0.012963
0 0.277865 0.322222 0.010937 0.020370
0 0.250260 0.437963 0.027604 0.044444
0 0.259115 0.196296 0.005729 0.011111
0 0.325000 0.862963 0.088542 0.150000
0 0.248177 0.180556 0.007812 0.012963
0 0.277865 0.322222 0.010937 0.020370
0 0.250260 0.437963 0.027604 0.044444
0 0.259115 0.196296 0.005729 0.011111
0 0.554948 0.470833 0.033854 0.045370
0 0.271615 0.185648 0.007812 0.013889
0 0.518750 0.975463 0.082292 0.047222
0 0.352083 0.202315 0.009375 0.013889
0 0.318229 0.174074 0.007292 0.011111
0 0.259115 0.507407 0.034896 0.066667
0 0.268490 0.163889 0.004687 0.009259
