0 0.339844 0.202083 0.035937 0.079167
0 0.319531 0.038194 0.017188 0.026389
0 0.239844 0.156944 0.029687 0.055556
0 0.125000 0.688194 0.250000 0.620833
0 0.335156 0.128472 0.023438 0.040278
0 0.339844 0.202083 0.035937 0.079167
0 0.319531 0.038194 0.017188 0.026389
0 0.239844 0.156944 0.029687 0.055556
0 0.125000 0.688194 0.250000 0.620833
0 0.335156 0.128472 0.023438 0.040278
0 0.335156 0.128472 0.023438 0.040278
0 0.125000 0.688194 0.250000 0.620833
0 0.239844 0.156944 0.029687 0.055556
0 0.319531 0.038194 0.017188 0.026389
0 0.339844 0.202083 0.035937 0.079167
0 0.339844 0.202083 0.035937 0.079167
0 0.319531 0.038194 0.017188 0.026389
0 0.239844 0.156944 0.029687 0.055556
0 0.125000 0.688194 0.250000 0.620833
0 0.335156 0.128472 0.023438 0.040278
0 0.335156 0.128472 0.023438 0.040278
0 0.125000 0.688194 0.250000 0.620833
0 0.239844 0.156944 0.029687 0.055556
0 0.319531 0.038194 0.017188 0.026389
0 0.339844 0.202083 0.035937 0.079167
0 0.335156 0.128472 0.023438 0.040278
0 0.339844 0.202083 0.035937 0.079167
0 0.319531 0.038194 0.017188 0.026389
0 0.339844 0.202083 0.035937 0.079167
0 0.319531 0.038194 0.017188 0.026389
0 0.239844 0.156944 0.029687 0.055556
0 0.335156 0.128472 0.023438 0.040278
0 0.125000 0.688194 0.250000 0.620833
0 0.239844 0.156944 0.029687 0.055556
0 0.125000 0.688194 0.250000 0.620833
