0 0.607031 0.266667 0.045312 0.061111
0 0.734375 0.265278 0.037500 0.075000
0 0.921875 0.247222 0.028125 0.061111
0 0.921875 0.247222 0.028125 0.061111
0 0.921875 0.247222 0.028125 0.061111
0 0.734375 0.265278 0.037500 0.075000
0 0.956250 0.204167 0.028125 0.030556
0 0.607031 0.266667 0.045312 0.061111
0 0.970313 0.368056 0.056250 0.097222
0 0.556250 0.277778 0.028125 0.066667
0 0.417969 0.518056 0.135937 0.213889
0 0.952344 0.287500 0.057813 0.091667
0 0.132812 0.777778 0.265625 0.433333
0 0.636719 0.254167 0.026562 0.058333
0 0.903125 0.244444 0.018750 0.050000
0 0.821094 0.256944 0.045312 0.063889
0 0.764844 0.251389 0.035937 0.058333
0 0.738281 0.184722 0.035937 0.019444
0 0.382031 0.413889 0.067187 0.094444
0 0.718750 0.281944 0.028125 0.091667
0 0.564844 0.268056 0.045312 0.069444
0 0.946875 0.255556 0.053125 0.066667
0 0.807813 0.281944 0.050000 0.075000
0 0.674219 0.313889 0.070312 0.161111
0 0.492188 0.444444 0.062500 0.105556
0 0.675781 0.215278 0.048438 0.036111
0 0.676562 0.337500 0.065625 0.113889
0 0.684375 0.212500 0.031250 0.036111
0 0.841406 0.251389 0.020313 0.058333
0 0.724219 0.268056 0.035937 0.069444
0 0.782031 0.202778 0.039062 0.061111
0 0.522656 0.284722 0.054688 0.080556
0 0.522656 0.284722 0.054688 0.080556
0 0.782031 0.202778 0.039062 0.061111
0 0.724219 0.268056 0.035937 0.069444
0 0.841406 0.251389 0.020313 0.058333
0 0.684375 0.212500 0.031250 0.036111
0 0.676562 0.337500 0.065625 0.113889
0 0.675781 0.215278 0.048438 0.036111
0 0.492188 0.444444 0.062500 0.105556
0 0.674219 0.313889 0.070312 0.161111
0 0.807813 0.281944 0.050000 0.075000
0 0.946875 0.255556 0.053125 0.066667
0 0.564844 0.268056 0.045312 0.069444
0 0.718750 0.281944 0.028125 0.091667
0 0.382031 0.413889 0.067187 0.094444
0 0.738281 0.184722 0.035937 0.019444
0 0.764844 0.251389 0.035937 0.058333
0 0.821094 0.256944 0.045312 0.063889
0 0.903125 0.244444 0.018750 0.050000
0 0.636719 0.254167 0.026562 0.058333
0 0.132812 0.777778 0.265625 0.433333
0 0.952344 0.287500 0.057813 0.091667
0 0.417969 0.518056 0.135937 0.213889
0 0.556250 0.277778 0.028125 0.066667
0 0.970313 0.368056 0.056250 0.097222
0 0.607031 0.266667 0.045312 0.061111
0 0.956250 0.204167 0.028125 0.030556
0 0.734375 0.265278 0.037500 0.075000
0 0.921875 0.247222 0.028125 0.061111
0 0.921875 0.247222 0.028125 0.061111
0 0.734375 0.265278 0.037500 0.075000
0 0.956250 0.204167 0.028125 0.030556
0 0.607031 0.266667 0.045312 0.061111
0 0.970313 0.368056 0.056250 0.097222
0 0.556250 0.277778 0.028125 0.066667
0 0.417969 0.518056 0.135937 0.213889
0 0.952344 0.287500 0.057813 0.091667
0 0.132812 0.777778 0.265625 0.433333
0 0.636719 0.254167 0.026562 0.058333
0 0.903125 0.244444 0.018750 0.050000
0 0.821094 0.256944 0.045312 0.063889
0 0.764844 0.251389 0.035937 0.058333
0 0.738281 0.184722 0.035937 0.019444
0 0.382031 0.413889 0.067187 0.094444
0 0.718750 0.281944 0.028125 0.091667
0 0.564844 0.268056 0.045312 0.069444
0 0.946875 0.255556 0.053125 0.066667
0 0.807813 0.281944 0.050000 0.075000
0 0.674219 0.313889 0.070312 0.161111
0 0.492188 0.444444 0.062500 0.105556
0 0.675781 0.215278 0.048438 0.036111
0 0.676562 0.337500 0.065625 0.113889
0 0.684375 0.212500 0.031250 0.036111
0 0.841406 0.251389 0.020313 0.058333
0 0.724219 0.268056 0.035937 0.069444
0 0.782031 0.202778 0.039062 0.061111
0 0.522656 0.284722 0.054688 0.080556
0 0.807813 0.281944 0.050000 0.075000
0 0.946875 0.255556 0.053125 0.066667
0 0.564844 0.268056 0.045312 0.069444
0 0.718750 0.281944 0.028125 0.091667
0 0.382031 0.413889 0.067187 0.094444
0 0.738281 0.184722 0.035937 0.019444
0 0.764844 0.251389 0.035937 0.058333
0 0.821094 0.256944 0.045312 0.063889
0 0.903125 0.244444 0.018750 0.050000
0 0.636719 0.254167 0.026562 0.058333
0 0.132812 0.777778 0.265625 0.433333
0 0.952344 0.287500 0.057813 0.091667
0 0.417969 0.518056 0.135937 0.213889
0 0.556250 0.277778 0.028125 0.066667
0 0.970313 0.368056 0.056250 0.097222
0 0.607031 0.266667 0.045312 0.061111
0 0.956250 0.204167 0.028125 0.030556
0 0.734375 0.265278 0.037500 0.075000
0 0.921875 0.247222 0.028125 0.061111
0 0.674219 0.313889 0.070312 0.161111
0 0.522656 0.284722 0.054688 0.080556
0 0.782031 0.202778 0.039062 0.061111
0 0.724219 0.268056 0.035937 0.069444
0 0.841406 0.251389 0.020313 0.058333
0 0.684375 0.212500 0.031250 0.036111
0 0.676562 0.337500 0.065625 0.113889
0 0.675781 0.215278 0.048438 0.036111
0 0.492188 0.444444 0.062500 0.105556
0 0.674219 0.313889 0.070312 0.161111
0 0.807813 0.281944 0.050000 0.075000
0 0.946875 0.255556 0.053125 0.066667
0 0.564844 0.268056 0.045312 0.069444
0 0.718750 0.281944 0.028125 0.091667
0 0.382031 0.413889 0.067187 0.094444
0 0.738281 0.184722 0.035937 0.019444
0 0.764844 0.251389 0.035937 0.058333
0 0.821094 0.256944 0.045312 0.063889
0 0.903125 0.244444 0.018750 0.050000
0 0.636719 0.254167 0.026562 0.058333
0 0.132812 0.777778 0.265625 0.433333
0 0.952344 0.287500 0.057813 0.091667
0 0.417969 0.518056 0.135937 0.213889
0 0.556250 0.277778 0.028125 0.066667
0 0.970313 0.368056 0.056250 0.097222
0 0.607031 0.266667 0.045312 0.061111
0 0.956250 0.204167 0.028125 0.030556
0 0.734375 0.265278 0.037500 0.075000
0 0.492188 0.444444 0.062500 0.105556
0 0.675781 0.215278 0.048438 0.036111
0 0.676562 0.337500 0.065625 0.113889
0 0.921875 0.247222 0.028125 0.061111
0 0.734375 0.265278 0.037500 0.075000
0 0.956250 0.204167 0.028125 0.030556
0 0.607031 0.266667 0.045312 0.061111
0 0.970313 0.368056 0.056250 0.097222
0 0.556250 0.277778 0.028125 0.066667
0 0.417969 0.518056 0.135937 0.213889
0 0.952344 0.287500 0.057813 0.091667
0 0.132812 0.777778 0.265625 0.433333
0 0.636719 0.254167 0.026562 0.058333
0 0.903125 0.244444 0.018750 0.050000
0 0.821094 0.256944 0.045312 0.063889
0 0.764844 0.251389 0.035937 0.058333
0 0.738281 0.184722 0.035937 0.019444
0 0.382031 0.413889 0.067187 0.094444
0 0.718750 0.281944 0.028125 0.091667
0 0.564844 0.268056 0.045312 0.069444
0 0.946875 0.255556 0.053125 0.066667
0 0.807813 0.281944 0.050000 0.075000
0 0.674219 0.313889 0.070312 0.161111
0 0.492188 0.444444 0.062500 0.105556
0 0.675781 0.215278 0.048438 0.036111
0 0.676562 0.337500 0.065625 0.113889
0 0.684375 0.212500 0.031250 0.036111
0 0.841406 0.251389 0.020313 0.058333
0 0.724219 0.268056 0.035937 0.069444
0 0.782031 0.202778 0.039062 0.061111
0 0.522656 0.284722 0.054688 0.080556
0 0.684375 0.212500 0.031250 0.036111
0 0.841406 0.251389 0.020313 0.058333
0 0.724219 0.268056 0.035937 0.069444
0 0.782031 0.202778 0.039062 0.061111
0 0.522656 0.284722 0.054688 0.080556
0 0.522656 0.284722 0.054688 0.080556
0 0.782031 0.202778 0.039062 0.061111
0 0.724219 0.268056 0.035937 0.069444
0 0.841406 0.251389 0.020313 0.058333
0 0.684375 0.212500 0.031250 0.036111
0 0.676562 0.337500 0.065625 0.113889
0 0.675781 0.215278 0.048438 0.036111
0 0.492188 0.444444 0.062500 0.105556
0 0.674219 0.313889 0.070312 0.161111
0 0.807813 0.281944 0.050000 0.075000
0 0.946875 0.255556 0.053125 0.066667
0 0.564844 0.268056 0.045312 0.069444
0 0.718750 0.281944 0.028125 0.091667
0 0.382031 0.413889 0.067187 0.094444
0 0.738281 0.184722 0.035937 0.019444
0 0.764844 0.251389 0.035937 0.058333
0 0.821094 0.256944 0.045312 0.063889
0 0.903125 0.244444 0.018750 0.050000
0 0.636719 0.254167 0.026562 0.058333
0 0.132812 0.777778 0.265625 0.433333
0 0.952344 0.287500 0.057813 0.091667
0 0.417969 0.518056 0.135937 0.213889
0 0.556250 0.277778 0.028125 0.066667
0 0.970313 0.368056 0.056250 0.097222
0 0.956250 0.204167 0.028125 0.030556
