0 0.696875 0.638889 0.065625 0.072222
0 0.516406 0.573611 0.010937 0.013889
0 0.543750 0.538889 0.006250 0.011111
0 0.839063 0.729167 0.034375 0.036111
0 0.478906 0.547222 0.007812 0.011111
0 0.482031 0.502778 0.014063 0.027778
0 0.152344 0.363889 0.304688 0.116667
0 0.558594 0.559722 0.007812 0.013889
0 0.530469 0.616667 0.035937 0.077778
0 0.543750 0.538889 0.006250 0.011111
0 0.839063 0.729167 0.034375 0.036111
0 0.478906 0.547222 0.007812 0.011111
0 0.482031 0.502778 0.014063 0.027778
0 0.152344 0.363889 0.304688 0.116667
0 0.558594 0.559722 0.007812 0.013889
0 0.482031 0.502778 0.014063 0.027778
0 0.152344 0.363889 0.304688 0.116667
0 0.558594 0.559722 0.007812 0.013889
0 0.530469 0.616667 0.035937 0.077778
0 0.696875 0.638889 0.065625 0.072222
0 0.516406 0.573611 0.010937 0.013889
0 0.543750 0.538889 0.006250 0.011111
0 0.839063 0.729167 0.034375 0.036111
0 0.478906 0.547222 0.007812 0.011111
0 0.482031 0.502778 0.014063 0.027778
0 0.152344 0.363889 0.304688 0.116667
0 0.558594 0.559722 0.007812 0.013889
0 0.478906 0.547222 0.007812 0.011111
0 0.839063 0.729167 0.034375 0.036111
0 0.530469 0.616667 0.035937 0.077778
0 0.516406 0.573611 0.010937 0.013889
0 0.530469 0.616667 0.035937 0.077778
0 0.530469 0.616667 0.035937 0.077778
0 0.696875 0.638889 0.065625 0.072222
0 0.516406 0.573611 0.010937 0.013889
0 0.482031 0.502778 0.014063 0.027778
0 0.152344 0.363889 0.304688 0.116667
0 0.558594 0.559722 0.007812 0.013889
0 0.530469 0.616667 0.035937 0.077778
0 0.543750 0.538889 0.006250 0.011111
0 0.839063 0.729167 0.034375 0.036111
0 0.478906 0.547222 0.007812 0.011111
0 0.482031 0.502778 0.014063 0.027778
0 0.152344 0.363889 0.304688 0.116667
0 0.558594 0.559722 0.007812 0.013889
0 0.530469 0.616667 0.035937 0.077778
0 0.696875 0.638889 0.065625 0.072222
0 0.543750 0.538889 0.006250 0.011111
0 0.516406 0.573611 0.010937 0.013889
0 0.696875 0.638889 0.065625 0.072222
0 0.516406 0.573611 0.010937 0.013889
0 0.543750 0.538889 0.006250 0.011111
0 0.839063 0.729167 0.034375 0.036111
0 0.478906 0.547222 0.007812 0.011111
0 0.696875 0.638889 0.065625 0.072222
0 0.558594 0.559722 0.007812 0.013889
0 0.152344 0.363889 0.304688 0.116667
0 0.482031 0.502778 0.014063 0.027778
0 0.478906 0.547222 0.007812 0.011111
0 0.839063 0.729167 0.034375 0.036111
0 0.543750 0.538889 0.006250 0.011111
0 0.516406 0.573611 0.010937 0.013889
0 0.696875 0.638889 0.065625 0.072222
