0 0.622917 0.396528 0.016667 0.015278
0 0.316146 0.420833 0.036458 0.025000
0 0.390625 0.470139 0.025000 0.018056
0 0.647396 0.486111 0.015625 0.019444
0 0.435417 0.474306 0.025000 0.018056
0 0.656250 0.384028 0.014583 0.015278
0 0.581250 0.420139 0.010417 0.015278
0 0.678646 0.480556 0.048958 0.055556
0 0.343229 0.399306 0.017708 0.020833
0 0.621875 0.403472 0.014583 0.012500
0 0.708854 0.487500 0.019792 0.022222
0 0.426042 0.480556 0.033333 0.027778
0 0.622917 0.396528 0.016667 0.015278
0 0.401042 0.459028 0.029167 0.020833
0 0.714063 0.452083 0.015625 0.020833
0 0.602604 0.408333 0.013542 0.016667
0 0.459375 0.412500 0.022917 0.019444
0 0.708854 0.487500 0.019792 0.022222
0 0.426042 0.480556 0.033333 0.027778
0 0.622917 0.396528 0.016667 0.015278
0 0.401042 0.459028 0.029167 0.020833
0 0.714063 0.452083 0.015625 0.020833
0 0.621875 0.403472 0.014583 0.012500
0 0.343229 0.399306 0.017708 0.020833
0 0.678646 0.480556 0.048958 0.055556
0 0.581250 0.420139 0.010417 0.015278
0 0.656250 0.384028 0.014583 0.015278
0 0.435417 0.474306 0.025000 0.018056
0 0.647396 0.486111 0.015625 0.019444
0 0.390625 0.470139 0.025000 0.018056
0 0.316146 0.420833 0.036458 0.025000
0 0.689063 0.509722 0.021875 0.027778
0 0.325000 0.438194 0.020833 0.015278
0 0.602604 0.408333 0.013542 0.016667
0 0.459375 0.412500 0.022917 0.019444
0 0.708854 0.487500 0.019792 0.022222
0 0.426042 0.480556 0.033333 0.027778
0 0.689063 0.509722 0.021875 0.027778
0 0.401042 0.459028 0.029167 0.020833
0 0.714063 0.452083 0.015625 0.020833
0 0.621875 0.403472 0.014583 0.012500
0 0.343229 0.399306 0.017708 0.020833
0 0.678646 0.480556 0.048958 0.055556
0 0.581250 0.420139 0.010417 0.015278
0 0.656250 0.384028 0.014583 0.015278
0 0.435417 0.474306 0.025000 0.018056
0 0.647396 0.486111 0.015625 0.019444
0 0.390625 0.470139 0.025000 0.018056
0 0.316146 0.420833 0.036458 0.025000
0 0.689063 0.509722 0.021875 0.027778
0 0.325000 0.438194 0.020833 0.015278
0 0.602604 0.408333 0.013542 0.016667
0 0.459375 0.412500 0.022917 0.019444
0 0.708854 0.487500 0.019792 0.022222
0 0.426042 0.480556 0.033333 0.027778
0 0.622917 0.396528 0.016667 0.015278
0 0.401042 0.459028 0.029167 0.020833
0 0.714063 0.452083 0.015625 0.020833
0 0.714063 0.452083 0.015625 0.020833
0 0.401042 0.459028 0.029167 0.020833
0 0.622917 0.396528 0.016667 0.015278
0 0.426042 0.480556 0.033333 0.027778
0 0.708854 0.487500 0.019792 0.022222
0 0.459375 0.412500 0.022917 0.019444
0 0.602604 0.408333 0.013542 0.016667
0 0.325000 0.438194 0.020833 0.015278
0 0.714063 0.452083 0.015625 0.020833
0 0.401042 0.459028 0.029167 0.020833
0 0.622917 0.396528 0.016667 0.015278
0 0.426042 0.480556 0.033333 0.027778
0 0.708854 0.487500 0.019792 0.022222
0 0.459375 0.412500 0.022917 0.019444
0 0.602604 0.408333 0.013542 0.016667
0 0.390625 0.470139 0.025000 0.018056
0 0.316146 0.420833 0.036458 0.025000
0 0.689063 0.509722 0.021875 0.027778
0 0.621875 0.403472 0.014583 0.012500
0 0.343229 0.399306 0.017708 0.020833
0 0.678646 0.480556 0.048958 0.055556
0 0.581250 0.420139 0.010417 0.015278
0 0.656250 0.384028 0.014583 0.015278
0 0.435417 0.474306 0.025000 0.018056
0 0.647396 0.486111 0.015625 0.019444
0 0.714063 0.452083 0.015625 0.020833
0 0.401042 0.459028 0.029167 0.020833
0 0.622917 0.396528 0.016667 0.015278
0 0.426042 0.480556 0.033333 0.027778
0 0.708854 0.487500 0.019792 0.022222
0 0.459375 0.412500 0.022917 0.019444
0 0.602604 0.408333 0.013542 0.016667
0 0.325000 0.438194 0.020833 0.015278
0 0.689063 0.509722 0.021875 0.027778
0 0.316146 0.420833 0.036458 0.025000
0 0.390625 0.470139 0.025000 0.018056
0 0.647396 0.486111 0.015625 0.019444
0 0.435417 0.474306 0.025000 0.018056
0 0.656250 0.384028 0.014583 0.015278
0 0.581250 0.420139 0.010417 0.015278
0 0.678646 0.480556 0.048958 0.055556
0 0.343229 0.399306 0.017708 0.020833
0 0.621875 0.403472 0.014583 0.012500
0 0.621875 0.403472 0.014583 0.012500
0 0.343229 0.399306 0.017708 0.020833
0 0.678646 0.480556 0.048958 0.055556
0 0.581250 0.420139 0.010417 0.015278
0 0.656250 0.384028 0.014583 0.015278
0 0.435417 0.474306 0.025000 0.018056
0 0.647396 0.486111 0.015625 0.019444
0 0.390625 0.470139 0.025000 0.018056
0 0.316146 0.420833 0.036458 0.025000
0 0.689063 0.509722 0.021875 0.027778
0 0.325000 0.438194 0.020833 0.015278
0 0.325000 0.438194 0.020833 0.015278
0 0.621875 0.403472 0.014583 0.012500
0 0.343229 0.399306 0.017708 0.020833
0 0.678646 0.480556 0.048958 0.055556
0 0.581250 0.420139 0.010417 0.015278
0 0.656250 0.384028 0.014583 0.015278
0 0.435417 0.474306 0.025000 0.018056
0 0.647396 0.486111 0.015625 0.019444
0 0.390625 0.470139 0.025000 0.018056
0 0.316146 0.420833 0.036458 0.025000
0 0.689063 0.509722 0.021875 0.027778
0 0.325000 0.438194 0.020833 0.015278
0 0.602604 0.408333 0.013542 0.016667
0 0.459375 0.412500 0.022917 0.019444
