0 0.328906 0.304167 0.010937 0.019444
0 0.412500 0.363889 0.012500 0.022222
0 0.569531 0.493056 0.035937 0.041667
0 0.332031 0.359722 0.017188 0.052778
0 0.210938 0.308333 0.015625 0.022222
0 0.175000 0.354167 0.018750 0.025000
0 0.047656 0.941667 0.095312 0.111111
0 0.418750 0.416667 0.025000 0.033333
0 0.457031 0.384722 0.082812 0.091667
0 0.454688 0.444444 0.028125 0.033333
0 0.028125 0.118056 0.056250 0.041667
0 0.163281 0.252778 0.010937 0.016667
0 0.578906 0.538889 0.039062 0.050000
0 0.506250 0.481944 0.031250 0.036111
0 0.276562 0.218056 0.012500 0.025000
0 0.213281 0.494444 0.026562 0.038889
0 0.159375 0.794444 0.062500 0.088889
0 0.607031 0.483333 0.035937 0.038889
0 0.506250 0.481944 0.031250 0.036111
0 0.578906 0.538889 0.039062 0.050000
0 0.163281 0.252778 0.010937 0.016667
0 0.028125 0.118056 0.056250 0.041667
0 0.454688 0.444444 0.028125 0.033333
0 0.457031 0.384722 0.082812 0.091667
0 0.418750 0.416667 0.025000 0.033333
0 0.047656 0.941667 0.095312 0.111111
0 0.175000 0.354167 0.018750 0.025000
0 0.210938 0.308333 0.015625 0.022222
0 0.332031 0.359722 0.017188 0.052778
0 0.569531 0.493056 0.035937 0.041667
0 0.412500 0.363889 0.012500 0.022222
0 0.328906 0.304167 0.010937 0.019444
0 0.238281 0.261111 0.010937 0.016667
0 0.246875 0.368056 0.043750 0.086111
0 0.278906 0.251389 0.010937 0.019444
0 0.310156 0.306944 0.017188 0.030556
0 0.267188 0.270833 0.012500 0.019444
0 0.376563 0.550000 0.037500 0.050000
0 0.379688 0.383333 0.021875 0.027778
0 0.304688 0.488889 0.031250 0.038889
0 0.916406 0.704167 0.117188 0.136111
0 0.136719 0.251389 0.014063 0.019444
0 0.332031 0.345833 0.017188 0.030556
0 0.260937 0.293056 0.015625 0.013889
0 0.209375 0.341667 0.021875 0.027778
0 0.194531 0.290278 0.017188 0.013889
0 0.288281 0.275000 0.014063 0.016667
0 0.255469 0.237500 0.010937 0.025000
0 0.270313 0.244444 0.009375 0.016667
0 0.196094 0.386111 0.020313 0.027778
0 0.139844 0.276389 0.010937 0.013889
0 0.256250 0.255556 0.009375 0.016667
0 0.831250 0.627778 0.062500 0.061111
0 0.205469 0.208333 0.010937 0.011111
0 0.833594 0.744444 0.076563 0.066667
0 0.378906 0.356944 0.023438 0.025000
0 0.237500 0.236111 0.009375 0.016667
0 0.353125 0.320833 0.015625 0.019444
0 0.343750 0.320833 0.031250 0.025000
0 0.351562 0.340278 0.018750 0.025000
0 0.174219 0.298611 0.017188 0.019444
0 0.388281 0.337500 0.017188 0.025000
0 0.164062 0.277778 0.015625 0.022222
0 0.164062 0.277778 0.015625 0.022222
0 0.388281 0.337500 0.017188 0.025000
0 0.174219 0.298611 0.017188 0.019444
0 0.351562 0.340278 0.018750 0.025000
0 0.343750 0.320833 0.031250 0.025000
0 0.353125 0.320833 0.015625 0.019444
0 0.237500 0.236111 0.009375 0.016667
0 0.378906 0.356944 0.023438 0.025000
0 0.833594 0.744444 0.076563 0.066667
0 0.205469 0.208333 0.010937 0.011111
0 0.831250 0.627778 0.062500 0.061111
0 0.256250 0.255556 0.009375 0.016667
0 0.139844 0.276389 0.010937 0.013889
0 0.196094 0.386111 0.020313 0.027778
0 0.270313 0.244444 0.009375 0.016667
0 0.255469 0.237500 0.010937 0.025000
0 0.288281 0.275000 0.014063 0.016667
0 0.194531 0.290278 0.017188 0.013889
0 0.209375 0.341667 0.021875 0.027778
0 0.260937 0.293056 0.015625 0.013889
0 0.332031 0.345833 0.017188 0.030556
0 0.136719 0.251389 0.014063 0.019444
0 0.916406 0.704167 0.117188 0.136111
0 0.304688 0.488889 0.031250 0.038889
0 0.379688 0.383333 0.021875 0.027778
0 0.376563 0.550000 0.037500 0.050000
0 0.267188 0.270833 0.012500 0.019444
0 0.310156 0.306944 0.017188 0.030556
0 0.278906 0.251389 0.010937 0.019444
0 0.246875 0.368056 0.043750 0.086111
0 0.238281 0.261111 0.010937 0.016667
0 0.328906 0.304167 0.010937 0.019444
0 0.412500 0.363889 0.012500 0.022222
0 0.569531 0.493056 0.035937 0.041667
0 0.332031 0.359722 0.017188 0.052778
0 0.210938 0.308333 0.015625 0.022222
0 0.175000 0.354167 0.018750 0.025000
0 0.047656 0.941667 0.095312 0.111111
0 0.418750 0.416667 0.025000 0.033333
0 0.457031 0.384722 0.082812 0.091667
0 0.454688 0.444444 0.028125 0.033333
0 0.028125 0.118056 0.056250 0.041667
0 0.276562 0.218056 0.012500 0.025000
0 0.213281 0.494444 0.026562 0.038889
0 0.159375 0.794444 0.062500 0.088889
0 0.607031 0.483333 0.035937 0.038889
0 0.506250 0.481944 0.031250 0.036111
0 0.578906 0.538889 0.039062 0.050000
0 0.163281 0.252778 0.010937 0.016667
0 0.028125 0.118056 0.056250 0.041667
0 0.454688 0.444444 0.028125 0.033333
0 0.457031 0.384722 0.082812 0.091667
0 0.418750 0.416667 0.025000 0.033333
0 0.047656 0.941667 0.095312 0.111111
0 0.175000 0.354167 0.018750 0.025000
0 0.210938 0.308333 0.015625 0.022222
0 0.332031 0.359722 0.017188 0.052778
0 0.569531 0.493056 0.035937 0.041667
0 0.412500 0.363889 0.012500 0.022222
0 0.328906 0.304167 0.010937 0.019444
0 0.238281 0.261111 0.010937 0.016667
0 0.246875 0.368056 0.043750 0.086111
0 0.278906 0.251389 0.010937 0.019444
0 0.310156 0.306944 0.017188 0.030556
0 0.267188 0.270833 0.012500 0.019444
0 0.376563 0.550000 0.037500 0.050000
0 0.379688 0.383333 0.021875 0.027778
0 0.304688 0.488889 0.031250 0.038889
0 0.916406 0.704167 0.117188 0.136111
0 0.454688 0.444444 0.028125 0.033333
0 0.457031 0.384722 0.082812 0.091667
0 0.418750 0.416667 0.025000 0.033333
0 0.047656 0.941667 0.095312 0.111111
0 0.175000 0.354167 0.018750 0.025000
0 0.210938 0.308333 0.015625 0.022222
0 0.332031 0.359722 0.017188 0.052778
0 0.569531 0.493056 0.035937 0.041667
0 0.412500 0.363889 0.012500 0.022222
0 0.328906 0.304167 0.010937 0.019444
0 0.238281 0.261111 0.010937 0.016667
0 0.246875 0.368056 0.043750 0.086111
0 0.278906 0.251389 0.010937 0.019444
0 0.310156 0.306944 0.017188 0.030556
0 0.267188 0.270833 0.012500 0.019444
0 0.376563 0.550000 0.037500 0.050000
0 0.833594 0.744444 0.076563 0.066667
0 0.205469 0.208333 0.010937 0.011111
0 0.831250 0.627778 0.062500 0.061111
0 0.256250 0.255556 0.009375 0.016667
0 0.139844 0.276389 0.010937 0.013889
0 0.196094 0.386111 0.020313 0.027778
0 0.270313 0.244444 0.009375 0.016667
0 0.255469 0.237500 0.010937 0.025000
0 0.288281 0.275000 0.014063 0.016667
0 0.194531 0.290278 0.017188 0.013889
0 0.209375 0.341667 0.021875 0.027778
0 0.260937 0.293056 0.015625 0.013889
0 0.332031 0.345833 0.017188 0.030556
0 0.136719 0.251389 0.014063 0.019444
0 0.916406 0.704167 0.117188 0.136111
0 0.304688 0.488889 0.031250 0.038889
0 0.164062 0.277778 0.015625 0.022222
0 0.388281 0.337500 0.017188 0.025000
0 0.174219 0.298611 0.017188 0.019444
0 0.351562 0.340278 0.018750 0.025000
0 0.343750 0.320833 0.031250 0.025000
0 0.353125 0.320833 0.015625 0.019444
0 0.237500 0.236111 0.009375 0.016667
0 0.378906 0.356944 0.023438 0.025000
0 0.164062 0.277778 0.015625 0.022222
0 0.388281 0.337500 0.017188 0.025000
0 0.174219 0.298611 0.017188 0.019444
0 0.351562 0.340278 0.018750 0.025000
0 0.343750 0.320833 0.031250 0.025000
0 0.353125 0.320833 0.015625 0.019444
0 0.237500 0.236111 0.009375 0.016667
0 0.378906 0.356944 0.023438 0.025000
0 0.833594 0.744444 0.076563 0.066667
0 0.205469 0.208333 0.010937 0.011111
0 0.831250 0.627778 0.062500 0.061111
0 0.256250 0.255556 0.009375 0.016667
0 0.139844 0.276389 0.010937 0.013889
0 0.196094 0.386111 0.020313 0.027778
0 0.270313 0.244444 0.009375 0.016667
0 0.255469 0.237500 0.010937 0.025000
0 0.288281 0.275000 0.014063 0.016667
0 0.194531 0.290278 0.017188 0.013889
0 0.209375 0.341667 0.021875 0.027778
0 0.260937 0.293056 0.015625 0.013889
0 0.332031 0.345833 0.017188 0.030556
0 0.136719 0.251389 0.014063 0.019444
0 0.916406 0.704167 0.117188 0.136111
0 0.304688 0.488889 0.031250 0.038889
0 0.379688 0.383333 0.021875 0.027778
0 0.376563 0.550000 0.037500 0.050000
0 0.267188 0.270833 0.012500 0.019444
0 0.310156 0.306944 0.017188 0.030556
0 0.278906 0.251389 0.010937 0.019444
0 0.246875 0.368056 0.043750 0.086111
0 0.238281 0.261111 0.010937 0.016667
0 0.328906 0.304167 0.010937 0.019444
0 0.412500 0.363889 0.012500 0.022222
0 0.569531 0.493056 0.035937 0.041667
0 0.332031 0.359722 0.017188 0.052778
0 0.210938 0.308333 0.015625 0.022222
0 0.175000 0.354167 0.018750 0.025000
0 0.047656 0.941667 0.095312 0.111111
0 0.418750 0.416667 0.025000 0.033333
0 0.457031 0.384722 0.082812 0.091667
0 0.454688 0.444444 0.028125 0.033333
0 0.028125 0.118056 0.056250 0.041667
0 0.163281 0.252778 0.010937 0.016667
0 0.578906 0.538889 0.039062 0.050000
0 0.506250 0.481944 0.031250 0.036111
0 0.607031 0.483333 0.035937 0.038889
0 0.159375 0.794444 0.062500 0.088889
0 0.213281 0.494444 0.026562 0.038889
0 0.276562 0.218056 0.012500 0.025000
0 0.136719 0.251389 0.014063 0.019444
0 0.332031 0.345833 0.017188 0.030556
0 0.164062 0.277778 0.015625 0.022222
0 0.260937 0.293056 0.015625 0.013889
0 0.209375 0.341667 0.021875 0.027778
0 0.194531 0.290278 0.017188 0.013889
0 0.288281 0.275000 0.014063 0.016667
0 0.255469 0.237500 0.010937 0.025000
0 0.270313 0.244444 0.009375 0.016667
0 0.163281 0.252778 0.010937 0.016667
0 0.578906 0.538889 0.039062 0.050000
0 0.506250 0.481944 0.031250 0.036111
0 0.607031 0.483333 0.035937 0.038889
0 0.159375 0.794444 0.062500 0.088889
0 0.213281 0.494444 0.026562 0.038889
0 0.276562 0.218056 0.012500 0.025000
0 0.196094 0.386111 0.020313 0.027778
0 0.139844 0.276389 0.010937 0.013889
0 0.256250 0.255556 0.009375 0.016667
0 0.831250 0.627778 0.062500 0.061111
0 0.205469 0.208333 0.010937 0.011111
0 0.833594 0.744444 0.076563 0.066667
0 0.378906 0.356944 0.023438 0.025000
0 0.237500 0.236111 0.009375 0.016667
0 0.353125 0.320833 0.015625 0.019444
0 0.343750 0.320833 0.031250 0.025000
0 0.351562 0.340278 0.018750 0.025000
0 0.174219 0.298611 0.017188 0.019444
0 0.388281 0.337500 0.017188 0.025000
0 0.164062 0.277778 0.015625 0.022222
0 0.379688 0.383333 0.021875 0.027778
0 0.607031 0.483333 0.035937 0.038889
0 0.159375 0.794444 0.062500 0.088889
0 0.213281 0.494444 0.026562 0.038889
0 0.276562 0.218056 0.012500 0.025000
0 0.276562 0.218056 0.012500 0.025000
0 0.213281 0.494444 0.026562 0.038889
0 0.159375 0.794444 0.062500 0.088889
0 0.607031 0.483333 0.035937 0.038889
0 0.506250 0.481944 0.031250 0.036111
0 0.578906 0.538889 0.039062 0.050000
0 0.163281 0.252778 0.010937 0.016667
0 0.028125 0.118056 0.056250 0.041667
0 0.164062 0.277778 0.015625 0.022222
0 0.388281 0.337500 0.017188 0.025000
0 0.174219 0.298611 0.017188 0.019444
0 0.351562 0.340278 0.018750 0.025000
0 0.343750 0.320833 0.031250 0.025000
0 0.353125 0.320833 0.015625 0.019444
0 0.237500 0.236111 0.009375 0.016667
0 0.378906 0.356944 0.023438 0.025000
0 0.833594 0.744444 0.076563 0.066667
0 0.205469 0.208333 0.010937 0.011111
0 0.831250 0.627778 0.062500 0.061111
0 0.256250 0.255556 0.009375 0.016667
0 0.139844 0.276389 0.010937 0.013889
0 0.196094 0.386111 0.020313 0.027778
0 0.270313 0.244444 0.009375 0.016667
0 0.255469 0.237500 0.010937 0.025000
0 0.288281 0.275000 0.014063 0.016667
0 0.194531 0.290278 0.017188 0.013889
0 0.209375 0.341667 0.021875 0.027778
0 0.260937 0.293056 0.015625 0.013889
0 0.332031 0.345833 0.017188 0.030556
0 0.136719 0.251389 0.014063 0.019444
0 0.916406 0.704167 0.117188 0.136111
0 0.304688 0.488889 0.031250 0.038889
0 0.379688 0.383333 0.021875 0.027778
0 0.376563 0.550000 0.037500 0.050000
0 0.267188 0.270833 0.012500 0.019444
0 0.310156 0.306944 0.017188 0.030556
0 0.278906 0.251389 0.010937 0.019444
0 0.246875 0.368056 0.043750 0.086111
0 0.238281 0.261111 0.010937 0.016667
0 0.328906 0.304167 0.010937 0.019444
0 0.412500 0.363889 0.012500 0.022222
0 0.569531 0.493056 0.035937 0.041667
0 0.332031 0.359722 0.017188 0.052778
0 0.210938 0.308333 0.015625 0.022222
0 0.175000 0.354167 0.018750 0.025000
0 0.047656 0.941667 0.095312 0.111111
0 0.418750 0.416667 0.025000 0.033333
0 0.457031 0.384722 0.082812 0.091667
0 0.454688 0.444444 0.028125 0.033333
0 0.028125 0.118056 0.056250 0.041667
0 0.163281 0.252778 0.010937 0.016667
0 0.578906 0.538889 0.039062 0.050000
0 0.506250 0.481944 0.031250 0.036111
0 0.607031 0.483333 0.035937 0.038889
0 0.159375 0.794444 0.062500 0.088889
0 0.213281 0.494444 0.026562 0.038889
0 0.276562 0.218056 0.012500 0.025000
0 0.388281 0.337500 0.017188 0.025000
0 0.174219 0.298611 0.017188 0.019444
0 0.351562 0.340278 0.018750 0.025000
0 0.343750 0.320833 0.031250 0.025000
0 0.353125 0.320833 0.015625 0.019444
0 0.237500 0.236111 0.009375 0.016667
0 0.378906 0.356944 0.023438 0.025000
0 0.833594 0.744444 0.076563 0.066667
0 0.205469 0.208333 0.010937 0.011111
0 0.831250 0.627778 0.062500 0.061111
0 0.256250 0.255556 0.009375 0.016667
0 0.139844 0.276389 0.010937 0.013889
0 0.196094 0.386111 0.020313 0.027778
0 0.270313 0.244444 0.009375 0.016667
0 0.255469 0.237500 0.010937 0.025000
0 0.288281 0.275000 0.014063 0.016667
0 0.194531 0.290278 0.017188 0.013889
0 0.209375 0.341667 0.021875 0.027778
0 0.260937 0.293056 0.015625 0.013889
0 0.332031 0.345833 0.017188 0.030556
0 0.136719 0.251389 0.014063 0.019444
0 0.916406 0.704167 0.117188 0.136111
0 0.304688 0.488889 0.031250 0.038889
0 0.379688 0.383333 0.021875 0.027778
0 0.376563 0.550000 0.037500 0.050000
0 0.267188 0.270833 0.012500 0.019444
0 0.310156 0.306944 0.017188 0.030556
0 0.278906 0.251389 0.010937 0.019444
0 0.246875 0.368056 0.043750 0.086111
0 0.238281 0.261111 0.010937 0.016667
