0 0.453516 0.387500 0.013281 0.016667
0 0.355469 0.803472 0.084375 0.126389
0 0.334375 0.487500 0.034375 0.052778
0 0.475391 0.384028 0.014844 0.018056
0 0.401562 0.414583 0.017188 0.029167
0 0.613672 0.441667 0.021094 0.027778
0 0.418359 0.442361 0.017969 0.031944
0 0.433594 0.391667 0.012500 0.016667
0 0.755469 0.608333 0.059375 0.080556
0 0.341797 0.593056 0.050781 0.061111
0 0.446094 0.463889 0.026562 0.033333
0 0.411328 0.584722 0.047656 0.083333
0 0.197266 0.816667 0.114844 0.130556
0 0.436328 0.409722 0.016406 0.022222
0 0.553906 0.371528 0.010937 0.015278
0 0.373437 0.444444 0.020313 0.030556
0 0.382031 0.497222 0.034375 0.052778
0 0.548438 0.389583 0.010937 0.018056
0 0.349609 0.552083 0.041406 0.045833
0 0.562500 0.418750 0.018750 0.023611
0 0.429297 0.423611 0.016406 0.025000
0 0.242969 0.581944 0.079687 0.113889
0 0.098437 0.975694 0.139063 0.045833
0 0.455078 0.446528 0.017969 0.034722
0 0.466016 0.359722 0.011719 0.013889
0 0.530469 0.404861 0.015625 0.020833
0 0.463281 0.372917 0.012500 0.018056
0 0.579688 0.568750 0.039062 0.068056
0 0.427734 0.543750 0.030469 0.048611
0 0.536719 0.345833 0.012500 0.025000
0 0.463281 0.428472 0.017188 0.031944
0 0.523047 0.364583 0.010156 0.015278
0 0.283594 0.672917 0.068750 0.084722
0 0.598437 0.421528 0.015625 0.023611
0 0.418359 0.442361 0.017969 0.031944
0 0.613672 0.441667 0.021094 0.027778
0 0.401562 0.414583 0.017188 0.029167
0 0.475391 0.384028 0.014844 0.018056
0 0.334375 0.487500 0.034375 0.052778
0 0.355469 0.803472 0.084375 0.126389
0 0.453516 0.387500 0.013281 0.016667
0 0.407422 0.463194 0.024219 0.031944
0 0.574219 0.377778 0.025000 0.050000
0 0.749219 0.712500 0.082812 0.122222
0 0.471094 0.401389 0.012500 0.022222
0 0.438281 0.378472 0.010937 0.015278
0 0.482031 0.369444 0.012500 0.022222
0 0.459766 0.409028 0.014844 0.018056
0 0.531250 0.381250 0.012500 0.018056
0 0.441797 0.494444 0.025781 0.036111
0 0.432031 0.512500 0.029687 0.038889
0 0.432031 0.512500 0.029687 0.038889
0 0.441797 0.494444 0.025781 0.036111
0 0.531250 0.381250 0.012500 0.018056
0 0.459766 0.409028 0.014844 0.018056
0 0.482031 0.369444 0.012500 0.022222
0 0.438281 0.378472 0.010937 0.015278
0 0.471094 0.401389 0.012500 0.022222
0 0.749219 0.712500 0.082812 0.122222
0 0.574219 0.377778 0.025000 0.050000
0 0.407422 0.463194 0.024219 0.031944
0 0.453516 0.387500 0.013281 0.016667
0 0.355469 0.803472 0.084375 0.126389
0 0.334375 0.487500 0.034375 0.052778
0 0.475391 0.384028 0.014844 0.018056
0 0.401562 0.414583 0.017188 0.029167
0 0.613672 0.441667 0.021094 0.027778
0 0.418359 0.442361 0.017969 0.031944
0 0.433594 0.391667 0.012500 0.016667
0 0.755469 0.608333 0.059375 0.080556
0 0.341797 0.593056 0.050781 0.061111
0 0.446094 0.463889 0.026562 0.033333
0 0.411328 0.584722 0.047656 0.083333
0 0.197266 0.816667 0.114844 0.130556
0 0.436328 0.409722 0.016406 0.022222
0 0.553906 0.371528 0.010937 0.015278
0 0.373437 0.444444 0.020313 0.030556
0 0.382031 0.497222 0.034375 0.052778
0 0.548438 0.389583 0.010937 0.018056
0 0.349609 0.552083 0.041406 0.045833
0 0.562500 0.418750 0.018750 0.023611
0 0.429297 0.423611 0.016406 0.025000
0 0.242969 0.581944 0.079687 0.113889
0 0.098437 0.975694 0.139063 0.045833
0 0.455078 0.446528 0.017969 0.034722
0 0.466016 0.359722 0.011719 0.013889
0 0.530469 0.404861 0.015625 0.020833
0 0.463281 0.372917 0.012500 0.018056
0 0.579688 0.568750 0.039062 0.068056
0 0.427734 0.543750 0.030469 0.048611
0 0.536719 0.345833 0.012500 0.025000
0 0.463281 0.428472 0.017188 0.031944
0 0.523047 0.364583 0.010156 0.015278
0 0.283594 0.672917 0.068750 0.084722
0 0.598437 0.421528 0.015625 0.023611
0 0.598437 0.421528 0.015625 0.023611
0 0.283594 0.672917 0.068750 0.084722
0 0.523047 0.364583 0.010156 0.015278
0 0.463281 0.428472 0.017188 0.031944
0 0.536719 0.345833 0.012500 0.025000
0 0.427734 0.543750 0.030469 0.048611
0 0.579688 0.568750 0.039062 0.068056
0 0.463281 0.372917 0.012500 0.018056
0 0.530469 0.404861 0.015625 0.020833
0 0.466016 0.359722 0.011719 0.013889
0 0.455078 0.446528 0.017969 0.034722
0 0.098437 0.975694 0.139063 0.045833
0 0.242969 0.581944 0.079687 0.113889
0 0.429297 0.423611 0.016406 0.025000
0 0.562500 0.418750 0.018750 0.023611
0 0.349609 0.552083 0.041406 0.045833
0 0.548438 0.389583 0.010937 0.018056
0 0.382031 0.497222 0.034375 0.052778
0 0.373437 0.444444 0.020313 0.030556
0 0.553906 0.371528 0.010937 0.015278
0 0.436328 0.409722 0.016406 0.022222
0 0.197266 0.816667 0.114844 0.130556
0 0.411328 0.584722 0.047656 0.083333
0 0.446094 0.463889 0.026562 0.033333
0 0.341797 0.593056 0.050781 0.061111
0 0.755469 0.608333 0.059375 0.080556
0 0.433594 0.391667 0.012500 0.016667
0 0.418359 0.442361 0.017969 0.031944
0 0.613672 0.441667 0.021094 0.027778
0 0.401562 0.414583 0.017188 0.029167
0 0.475391 0.384028 0.014844 0.018056
0 0.334375 0.487500 0.034375 0.052778
0 0.355469 0.803472 0.084375 0.126389
0 0.453516 0.387500 0.013281 0.016667
0 0.407422 0.463194 0.024219 0.031944
0 0.574219 0.377778 0.025000 0.050000
0 0.749219 0.712500 0.082812 0.122222
0 0.471094 0.401389 0.012500 0.022222
0 0.438281 0.378472 0.010937 0.015278
0 0.482031 0.369444 0.012500 0.022222
0 0.459766 0.409028 0.014844 0.018056
0 0.531250 0.381250 0.012500 0.018056
0 0.441797 0.494444 0.025781 0.036111
0 0.432031 0.512500 0.029687 0.038889
0 0.598437 0.421528 0.015625 0.023611
0 0.283594 0.672917 0.068750 0.084722
0 0.523047 0.364583 0.010156 0.015278
0 0.463281 0.428472 0.017188 0.031944
0 0.536719 0.345833 0.012500 0.025000
0 0.427734 0.543750 0.030469 0.048611
0 0.579688 0.568750 0.039062 0.068056
0 0.463281 0.372917 0.012500 0.018056
0 0.530469 0.404861 0.015625 0.020833
0 0.466016 0.359722 0.011719 0.013889
0 0.455078 0.446528 0.017969 0.034722
0 0.098437 0.975694 0.139063 0.045833
0 0.242969 0.581944 0.079687 0.113889
0 0.429297 0.423611 0.016406 0.025000
0 0.562500 0.418750 0.018750 0.023611
0 0.349609 0.552083 0.041406 0.045833
0 0.548438 0.389583 0.010937 0.018056
0 0.382031 0.497222 0.034375 0.052778
0 0.373437 0.444444 0.020313 0.030556
0 0.553906 0.371528 0.010937 0.015278
0 0.436328 0.409722 0.016406 0.022222
0 0.197266 0.816667 0.114844 0.130556
0 0.411328 0.584722 0.047656 0.083333
0 0.446094 0.463889 0.026562 0.033333
0 0.341797 0.593056 0.050781 0.061111
0 0.755469 0.608333 0.059375 0.080556
0 0.433594 0.391667 0.012500 0.016667
0 0.598437 0.421528 0.015625 0.023611
0 0.283594 0.672917 0.068750 0.084722
0 0.523047 0.364583 0.010156 0.015278
0 0.463281 0.428472 0.017188 0.031944
0 0.536719 0.345833 0.012500 0.025000
0 0.427734 0.543750 0.030469 0.048611
0 0.579688 0.568750 0.039062 0.068056
0 0.463281 0.372917 0.012500 0.018056
0 0.598437 0.421528 0.015625 0.023611
0 0.283594 0.672917 0.068750 0.084722
0 0.523047 0.364583 0.010156 0.015278
0 0.463281 0.428472 0.017188 0.031944
0 0.536719 0.345833 0.012500 0.025000
0 0.427734 0.543750 0.030469 0.048611
0 0.579688 0.568750 0.039062 0.068056
0 0.463281 0.372917 0.012500 0.018056
0 0.530469 0.404861 0.015625 0.020833
0 0.466016 0.359722 0.011719 0.013889
0 0.455078 0.446528 0.017969 0.034722
0 0.098437 0.975694 0.139063 0.045833
0 0.242969 0.581944 0.079687 0.113889
0 0.429297 0.423611 0.016406 0.025000
0 0.562500 0.418750 0.018750 0.023611
0 0.349609 0.552083 0.041406 0.045833
0 0.548438 0.389583 0.010937 0.018056
0 0.382031 0.497222 0.034375 0.052778
0 0.373437 0.444444 0.020313 0.030556
0 0.553906 0.371528 0.010937 0.015278
0 0.436328 0.409722 0.016406 0.022222
0 0.197266 0.816667 0.114844 0.130556
0 0.411328 0.584722 0.047656 0.083333
0 0.446094 0.463889 0.026562 0.033333
0 0.341797 0.593056 0.050781 0.061111
0 0.755469 0.608333 0.059375 0.080556
0 0.433594 0.391667 0.012500 0.016667
0 0.418359 0.442361 0.017969 0.031944
0 0.613672 0.441667 0.021094 0.027778
0 0.401562 0.414583 0.017188 0.029167
0 0.475391 0.384028 0.014844 0.018056
0 0.334375 0.487500 0.034375 0.052778
0 0.355469 0.803472 0.084375 0.126389
0 0.453516 0.387500 0.013281 0.016667
0 0.407422 0.463194 0.024219 0.031944
0 0.574219 0.377778 0.025000 0.050000
0 0.749219 0.712500 0.082812 0.122222
0 0.471094 0.401389 0.012500 0.022222
0 0.438281 0.378472 0.010937 0.015278
0 0.482031 0.369444 0.012500 0.022222
0 0.459766 0.409028 0.014844 0.018056
0 0.531250 0.381250 0.012500 0.018056
0 0.441797 0.494444 0.025781 0.036111
0 0.432031 0.512500 0.029687 0.038889
0 0.598437 0.421528 0.015625 0.023611
0 0.283594 0.672917 0.068750 0.084722
0 0.523047 0.364583 0.010156 0.015278
0 0.463281 0.428472 0.017188 0.031944
0 0.536719 0.345833 0.012500 0.025000
0 0.427734 0.543750 0.030469 0.048611
0 0.579688 0.568750 0.039062 0.068056
0 0.463281 0.372917 0.012500 0.018056
0 0.530469 0.404861 0.015625 0.020833
0 0.466016 0.359722 0.011719 0.013889
0 0.455078 0.446528 0.017969 0.034722
0 0.098437 0.975694 0.139063 0.045833
0 0.242969 0.581944 0.079687 0.113889
0 0.429297 0.423611 0.016406 0.025000
0 0.562500 0.418750 0.018750 0.023611
0 0.349609 0.552083 0.041406 0.045833
0 0.548438 0.389583 0.010937 0.018056
0 0.382031 0.497222 0.034375 0.052778
0 0.373437 0.444444 0.020313 0.030556
0 0.553906 0.371528 0.010937 0.015278
0 0.436328 0.409722 0.016406 0.022222
0 0.197266 0.816667 0.114844 0.130556
0 0.411328 0.584722 0.047656 0.083333
0 0.446094 0.463889 0.026562 0.033333
0 0.341797 0.593056 0.050781 0.061111
0 0.755469 0.608333 0.059375 0.080556
0 0.433594 0.391667 0.012500 0.016667
0 0.418359 0.442361 0.017969 0.031944
0 0.613672 0.441667 0.021094 0.027778
0 0.401562 0.414583 0.017188 0.029167
0 0.475391 0.384028 0.014844 0.018056
0 0.334375 0.487500 0.034375 0.052778
0 0.355469 0.803472 0.084375 0.126389
0 0.453516 0.387500 0.013281 0.016667
0 0.407422 0.463194 0.024219 0.031944
0 0.574219 0.377778 0.025000 0.050000
0 0.749219 0.712500 0.082812 0.122222
0 0.471094 0.401389 0.012500 0.022222
0 0.438281 0.378472 0.010937 0.015278
0 0.482031 0.369444 0.012500 0.022222
0 0.459766 0.409028 0.014844 0.018056
0 0.531250 0.381250 0.012500 0.018056
0 0.441797 0.494444 0.025781 0.036111
0 0.432031 0.512500 0.029687 0.038889
0 0.432031 0.512500 0.029687 0.038889
0 0.441797 0.494444 0.025781 0.036111
0 0.531250 0.381250 0.012500 0.018056
0 0.459766 0.409028 0.014844 0.018056
0 0.482031 0.369444 0.012500 0.022222
0 0.438281 0.378472 0.010937 0.015278
0 0.471094 0.401389 0.012500 0.022222
0 0.749219 0.712500 0.082812 0.122222
0 0.574219 0.377778 0.025000 0.050000
0 0.407422 0.463194 0.024219 0.031944
0 0.453516 0.387500 0.013281 0.016667
0 0.355469 0.803472 0.084375 0.126389
0 0.334375 0.487500 0.034375 0.052778
0 0.475391 0.384028 0.014844 0.018056
0 0.401562 0.414583 0.017188 0.029167
0 0.613672 0.441667 0.021094 0.027778
0 0.418359 0.442361 0.017969 0.031944
0 0.433594 0.391667 0.012500 0.016667
0 0.755469 0.608333 0.059375 0.080556
0 0.341797 0.593056 0.050781 0.061111
0 0.446094 0.463889 0.026562 0.033333
0 0.411328 0.584722 0.047656 0.083333
0 0.197266 0.816667 0.114844 0.130556
0 0.436328 0.409722 0.016406 0.022222
0 0.553906 0.371528 0.010937 0.015278
0 0.373437 0.444444 0.020313 0.030556
0 0.382031 0.497222 0.034375 0.052778
0 0.548438 0.389583 0.010937 0.018056
0 0.349609 0.552083 0.041406 0.045833
0 0.562500 0.418750 0.018750 0.023611
0 0.429297 0.423611 0.016406 0.025000
0 0.242969 0.581944 0.079687 0.113889
0 0.098437 0.975694 0.139063 0.045833
0 0.455078 0.446528 0.017969 0.034722
0 0.466016 0.359722 0.011719 0.013889
0 0.530469 0.404861 0.015625 0.020833
0 0.432031 0.512500 0.029687 0.038889
0 0.441797 0.494444 0.025781 0.036111
0 0.531250 0.381250 0.012500 0.018056
0 0.459766 0.409028 0.014844 0.018056
0 0.482031 0.369444 0.012500 0.022222
0 0.438281 0.378472 0.010937 0.015278
0 0.471094 0.401389 0.012500 0.022222
0 0.749219 0.712500 0.082812 0.122222
0 0.574219 0.377778 0.025000 0.050000
0 0.407422 0.463194 0.024219 0.031944
