0 0.481250 0.312500 0.026562 0.050000
0 0.215625 0.849306 0.090625 0.170833
0 0.455078 0.495833 0.033594 0.052778
0 0.718359 0.855556 0.121094 0.188889
0 0.519922 0.420833 0.024219 0.041667
0 0.647656 0.648611 0.095312 0.188889
0 0.510156 0.354167 0.015625 0.038889
0 0.823438 0.461111 0.101562 0.144444
0 0.339062 0.988889 0.100000 0.019444
0 0.902344 0.504861 0.057813 0.070833
0 0.441406 0.618056 0.020313 0.105556
0 0.498047 0.441667 0.041406 0.063889
0 0.485547 0.842361 0.089844 0.190278
0 0.514453 0.529167 0.050781 0.113889
0 0.588281 0.440278 0.029687 0.050000
0 0.526953 0.946528 0.121094 0.104167
0 0.573828 0.396528 0.038281 0.037500
0 0.991797 0.588889 0.014844 0.091667
0 0.477734 0.339583 0.021094 0.034722
0 0.503906 0.306250 0.017188 0.026389
0 0.339062 0.988889 0.100000 0.019444
0 0.823438 0.461111 0.101562 0.144444
0 0.510156 0.354167 0.015625 0.038889
0 0.647656 0.648611 0.095312 0.188889
0 0.519922 0.420833 0.024219 0.041667
0 0.718359 0.855556 0.121094 0.188889
0 0.455078 0.495833 0.033594 0.052778
0 0.215625 0.849306 0.090625 0.170833
0 0.481250 0.312500 0.026562 0.050000
0 0.557422 0.481944 0.036719 0.069444
0 0.502344 0.333333 0.015625 0.027778
0 0.455078 0.336111 0.024219 0.027778
0 0.638281 0.540972 0.051562 0.031944
0 0.153516 0.897917 0.035156 0.084722
0 0.494141 0.393750 0.027344 0.045833
0 0.549219 0.329167 0.015625 0.025000
0 0.505078 0.602778 0.042969 0.100000
0 0.517578 0.702083 0.069531 0.140278
0 0.588672 0.734028 0.061719 0.159722
0 0.177344 0.970833 0.137500 0.055556
0 0.444531 0.393056 0.050000 0.088889
0 0.532813 0.388889 0.025000 0.030556
0 0.501563 0.491667 0.035937 0.063889
0 0.450781 0.556250 0.045312 0.081944
0 0.377734 0.491667 0.102344 0.152778
0 0.346094 0.748611 0.176563 0.427778
0 0.588281 0.478472 0.029687 0.034722
0 0.541406 0.354167 0.017188 0.027778
0 0.615234 0.500694 0.044531 0.059722
0 0.946094 0.676389 0.043750 0.116667
0 0.560547 0.358333 0.021094 0.027778
0 0.440234 0.460417 0.050781 0.106944
0 0.962109 0.862500 0.074219 0.200000
0 0.578125 0.545139 0.054688 0.093056
0 0.541797 0.436111 0.027344 0.061111
0 0.902344 0.504861 0.057813 0.070833
0 0.441406 0.618056 0.020313 0.105556
0 0.498047 0.441667 0.041406 0.063889
0 0.485547 0.842361 0.089844 0.190278
0 0.514453 0.529167 0.050781 0.113889
0 0.588281 0.440278 0.029687 0.050000
0 0.526953 0.946528 0.121094 0.104167
0 0.573828 0.396528 0.038281 0.037500
0 0.991797 0.588889 0.014844 0.091667
0 0.477734 0.339583 0.021094 0.034722
0 0.503906 0.306250 0.017188 0.026389
0 0.444531 0.393056 0.050000 0.088889
0 0.532813 0.388889 0.025000 0.030556
0 0.501563 0.491667 0.035937 0.063889
0 0.450781 0.556250 0.045312 0.081944
0 0.377734 0.491667 0.102344 0.152778
0 0.346094 0.748611 0.176563 0.427778
0 0.588281 0.478472 0.029687 0.034722
0 0.541406 0.354167 0.017188 0.027778
0 0.615234 0.500694 0.044531 0.059722
0 0.946094 0.676389 0.043750 0.116667
0 0.560547 0.358333 0.021094 0.027778
0 0.440234 0.460417 0.050781 0.106944
0 0.962109 0.862500 0.074219 0.200000
0 0.578125 0.545139 0.054688 0.093056
0 0.541797 0.436111 0.027344 0.061111
0 0.902344 0.504861 0.057813 0.070833
0 0.441406 0.618056 0.020313 0.105556
0 0.498047 0.441667 0.041406 0.063889
0 0.485547 0.842361 0.089844 0.190278
0 0.541406 0.354167 0.017188 0.027778
0 0.514453 0.529167 0.050781 0.113889
0 0.588281 0.440278 0.029687 0.050000
0 0.526953 0.946528 0.121094 0.104167
0 0.573828 0.396528 0.038281 0.037500
0 0.991797 0.588889 0.014844 0.091667
0 0.477734 0.339583 0.021094 0.034722
0 0.503906 0.306250 0.017188 0.026389
0 0.615234 0.500694 0.044531 0.059722
0 0.946094 0.676389 0.043750 0.116667
0 0.560547 0.358333 0.021094 0.027778
0 0.440234 0.460417 0.050781 0.106944
0 0.962109 0.862500 0.074219 0.200000
0 0.578125 0.545139 0.054688 0.093056
0 0.541797 0.436111 0.027344 0.061111
0 0.902344 0.504861 0.057813 0.070833
0 0.441406 0.618056 0.020313 0.105556
0 0.498047 0.441667 0.041406 0.063889
0 0.541797 0.436111 0.027344 0.061111
0 0.485547 0.842361 0.089844 0.190278
0 0.514453 0.529167 0.050781 0.113889
0 0.588281 0.440278 0.029687 0.050000
0 0.526953 0.946528 0.121094 0.104167
0 0.573828 0.396528 0.038281 0.037500
0 0.991797 0.588889 0.014844 0.091667
0 0.477734 0.339583 0.021094 0.034722
0 0.503906 0.306250 0.017188 0.026389
0 0.588281 0.478472 0.029687 0.034722
0 0.346094 0.748611 0.176563 0.427778
0 0.377734 0.491667 0.102344 0.152778
0 0.450781 0.556250 0.045312 0.081944
0 0.501563 0.491667 0.035937 0.063889
0 0.532813 0.388889 0.025000 0.030556
0 0.444531 0.393056 0.050000 0.088889
0 0.177344 0.970833 0.137500 0.055556
0 0.588672 0.734028 0.061719 0.159722
0 0.517578 0.702083 0.069531 0.140278
0 0.505078 0.602778 0.042969 0.100000
0 0.549219 0.329167 0.015625 0.025000
0 0.494141 0.393750 0.027344 0.045833
0 0.153516 0.897917 0.035156 0.084722
0 0.638281 0.540972 0.051562 0.031944
0 0.455078 0.336111 0.024219 0.027778
0 0.502344 0.333333 0.015625 0.027778
0 0.557422 0.481944 0.036719 0.069444
0 0.481250 0.312500 0.026562 0.050000
0 0.215625 0.849306 0.090625 0.170833
0 0.455078 0.495833 0.033594 0.052778
0 0.718359 0.855556 0.121094 0.188889
0 0.503906 0.306250 0.017188 0.026389
0 0.477734 0.339583 0.021094 0.034722
0 0.991797 0.588889 0.014844 0.091667
0 0.573828 0.396528 0.038281 0.037500
0 0.526953 0.946528 0.121094 0.104167
0 0.588281 0.440278 0.029687 0.050000
0 0.514453 0.529167 0.050781 0.113889
0 0.485547 0.842361 0.089844 0.190278
0 0.498047 0.441667 0.041406 0.063889
0 0.441406 0.618056 0.020313 0.105556
0 0.902344 0.504861 0.057813 0.070833
0 0.541797 0.436111 0.027344 0.061111
0 0.578125 0.545139 0.054688 0.093056
0 0.962109 0.862500 0.074219 0.200000
0 0.440234 0.460417 0.050781 0.106944
0 0.560547 0.358333 0.021094 0.027778
0 0.946094 0.676389 0.043750 0.116667
0 0.615234 0.500694 0.044531 0.059722
0 0.541406 0.354167 0.017188 0.027778
0 0.588281 0.478472 0.029687 0.034722
0 0.346094 0.748611 0.176563 0.427778
0 0.377734 0.491667 0.102344 0.152778
0 0.450781 0.556250 0.045312 0.081944
0 0.501563 0.491667 0.035937 0.063889
0 0.532813 0.388889 0.025000 0.030556
0 0.444531 0.393056 0.050000 0.088889
0 0.177344 0.970833 0.137500 0.055556
0 0.588672 0.734028 0.061719 0.159722
0 0.517578 0.702083 0.069531 0.140278
0 0.505078 0.602778 0.042969 0.100000
0 0.549219 0.329167 0.015625 0.025000
0 0.494141 0.393750 0.027344 0.045833
0 0.153516 0.897917 0.035156 0.084722
0 0.638281 0.540972 0.051562 0.031944
0 0.455078 0.336111 0.024219 0.027778
0 0.502344 0.333333 0.015625 0.027778
0 0.557422 0.481944 0.036719 0.069444
0 0.441406 0.618056 0.020313 0.105556
0 0.498047 0.441667 0.041406 0.063889
0 0.485547 0.842361 0.089844 0.190278
0 0.477734 0.339583 0.021094 0.034722
0 0.503906 0.306250 0.017188 0.026389
0 0.339062 0.988889 0.100000 0.019444
0 0.823438 0.461111 0.101562 0.144444
0 0.510156 0.354167 0.015625 0.038889
0 0.647656 0.648611 0.095312 0.188889
0 0.519922 0.420833 0.024219 0.041667
0 0.718359 0.855556 0.121094 0.188889
0 0.455078 0.495833 0.033594 0.052778
0 0.215625 0.849306 0.090625 0.170833
0 0.481250 0.312500 0.026562 0.050000
0 0.557422 0.481944 0.036719 0.069444
0 0.502344 0.333333 0.015625 0.027778
0 0.455078 0.336111 0.024219 0.027778
0 0.638281 0.540972 0.051562 0.031944
0 0.153516 0.897917 0.035156 0.084722
0 0.494141 0.393750 0.027344 0.045833
0 0.549219 0.329167 0.015625 0.025000
0 0.505078 0.602778 0.042969 0.100000
0 0.517578 0.702083 0.069531 0.140278
0 0.514453 0.529167 0.050781 0.113889
0 0.588281 0.440278 0.029687 0.050000
0 0.526953 0.946528 0.121094 0.104167
0 0.573828 0.396528 0.038281 0.037500
0 0.991797 0.588889 0.014844 0.091667
0 0.477734 0.339583 0.021094 0.034722
0 0.503906 0.306250 0.017188 0.026389
0 0.441406 0.618056 0.020313 0.105556
0 0.902344 0.504861 0.057813 0.070833
0 0.541797 0.436111 0.027344 0.061111
0 0.578125 0.545139 0.054688 0.093056
0 0.962109 0.862500 0.074219 0.200000
0 0.440234 0.460417 0.050781 0.106944
0 0.560547 0.358333 0.021094 0.027778
0 0.946094 0.676389 0.043750 0.116667
0 0.615234 0.500694 0.044531 0.059722
0 0.541406 0.354167 0.017188 0.027778
0 0.588281 0.478472 0.029687 0.034722
0 0.346094 0.748611 0.176563 0.427778
0 0.377734 0.491667 0.102344 0.152778
0 0.450781 0.556250 0.045312 0.081944
0 0.501563 0.491667 0.035937 0.063889
0 0.532813 0.388889 0.025000 0.030556
0 0.444531 0.393056 0.050000 0.088889
0 0.177344 0.970833 0.137500 0.055556
0 0.588672 0.734028 0.061719 0.159722
0 0.498047 0.441667 0.041406 0.063889
0 0.485547 0.842361 0.089844 0.190278
0 0.514453 0.529167 0.050781 0.113889
0 0.588281 0.440278 0.029687 0.050000
0 0.339062 0.988889 0.100000 0.019444
0 0.823438 0.461111 0.101562 0.144444
0 0.510156 0.354167 0.015625 0.038889
0 0.647656 0.648611 0.095312 0.188889
0 0.519922 0.420833 0.024219 0.041667
0 0.718359 0.855556 0.121094 0.188889
0 0.455078 0.495833 0.033594 0.052778
0 0.215625 0.849306 0.090625 0.170833
0 0.481250 0.312500 0.026562 0.050000
0 0.557422 0.481944 0.036719 0.069444
0 0.502344 0.333333 0.015625 0.027778
0 0.455078 0.336111 0.024219 0.027778
0 0.638281 0.540972 0.051562 0.031944
0 0.153516 0.897917 0.035156 0.084722
0 0.494141 0.393750 0.027344 0.045833
0 0.549219 0.329167 0.015625 0.025000
0 0.505078 0.602778 0.042969 0.100000
0 0.517578 0.702083 0.069531 0.140278
0 0.588672 0.734028 0.061719 0.159722
0 0.177344 0.970833 0.137500 0.055556
0 0.444531 0.393056 0.050000 0.088889
0 0.532813 0.388889 0.025000 0.030556
0 0.501563 0.491667 0.035937 0.063889
0 0.450781 0.556250 0.045312 0.081944
0 0.377734 0.491667 0.102344 0.152778
0 0.346094 0.748611 0.176563 0.427778
0 0.588281 0.478472 0.029687 0.034722
0 0.541406 0.354167 0.017188 0.027778
0 0.615234 0.500694 0.044531 0.059722
0 0.946094 0.676389 0.043750 0.116667
0 0.560547 0.358333 0.021094 0.027778
0 0.440234 0.460417 0.050781 0.106944
0 0.962109 0.862500 0.074219 0.200000
0 0.578125 0.545139 0.054688 0.093056
0 0.339062 0.988889 0.100000 0.019444
0 0.823438 0.461111 0.101562 0.144444
0 0.510156 0.354167 0.015625 0.038889
0 0.647656 0.648611 0.095312 0.188889
0 0.519922 0.420833 0.024219 0.041667
0 0.339062 0.988889 0.100000 0.019444
0 0.823438 0.461111 0.101562 0.144444
0 0.510156 0.354167 0.015625 0.038889
0 0.647656 0.648611 0.095312 0.188889
0 0.519922 0.420833 0.024219 0.041667
0 0.718359 0.855556 0.121094 0.188889
0 0.455078 0.495833 0.033594 0.052778
0 0.215625 0.849306 0.090625 0.170833
0 0.481250 0.312500 0.026562 0.050000
0 0.557422 0.481944 0.036719 0.069444
0 0.502344 0.333333 0.015625 0.027778
0 0.455078 0.336111 0.024219 0.027778
0 0.638281 0.540972 0.051562 0.031944
0 0.153516 0.897917 0.035156 0.084722
0 0.494141 0.393750 0.027344 0.045833
0 0.549219 0.329167 0.015625 0.025000
0 0.505078 0.602778 0.042969 0.100000
0 0.517578 0.702083 0.069531 0.140278
0 0.588672 0.734028 0.061719 0.159722
0 0.177344 0.970833 0.137500 0.055556
0 0.339062 0.988889 0.100000 0.019444
0 0.823438 0.461111 0.101562 0.144444
0 0.510156 0.354167 0.015625 0.038889
0 0.647656 0.648611 0.095312 0.188889
0 0.519922 0.420833 0.024219 0.041667
0 0.718359 0.855556 0.121094 0.188889
0 0.455078 0.495833 0.033594 0.052778
0 0.215625 0.849306 0.090625 0.170833
0 0.526953 0.946528 0.121094 0.104167
0 0.573828 0.396528 0.038281 0.037500
0 0.991797 0.588889 0.014844 0.091667
0 0.481250 0.312500 0.026562 0.050000
0 0.557422 0.481944 0.036719 0.069444
0 0.502344 0.333333 0.015625 0.027778
0 0.455078 0.336111 0.024219 0.027778
0 0.638281 0.540972 0.051562 0.031944
0 0.153516 0.897917 0.035156 0.084722
0 0.494141 0.393750 0.027344 0.045833
0 0.549219 0.329167 0.015625 0.025000
0 0.505078 0.602778 0.042969 0.100000
0 0.517578 0.702083 0.069531 0.140278
0 0.588672 0.734028 0.061719 0.159722
0 0.177344 0.970833 0.137500 0.055556
0 0.444531 0.393056 0.050000 0.088889
0 0.532813 0.388889 0.025000 0.030556
0 0.501563 0.491667 0.035937 0.063889
0 0.450781 0.556250 0.045312 0.081944
0 0.377734 0.491667 0.102344 0.152778
0 0.346094 0.748611 0.176563 0.427778
0 0.588281 0.478472 0.029687 0.034722
0 0.541406 0.354167 0.017188 0.027778
0 0.615234 0.500694 0.044531 0.059722
0 0.946094 0.676389 0.043750 0.116667
0 0.560547 0.358333 0.021094 0.027778
0 0.440234 0.460417 0.050781 0.106944
0 0.962109 0.862500 0.074219 0.200000
0 0.578125 0.545139 0.054688 0.093056
0 0.541797 0.436111 0.027344 0.061111
0 0.902344 0.504861 0.057813 0.070833
