0 0.685937 0.438194 0.015625 0.012500
0 0.636458 0.717361 0.027083 0.026389
0 0.657292 0.384028 0.014583 0.015278
0 0.623437 0.395139 0.015625 0.015278
0 0.343750 0.398611 0.016667 0.019444
0 0.605208 0.407639 0.010417 0.012500
0 0.459896 0.413194 0.021875 0.018056
0 0.301042 0.662500 0.047917 0.041667
0 0.671354 0.493750 0.021875 0.023611
0 0.645312 0.490972 0.023958 0.020833
0 0.701562 0.500000 0.026042 0.030556
0 0.690625 0.474306 0.018750 0.020833
0 0.640104 0.472222 0.019792 0.016667
0 0.343750 0.398611 0.016667 0.019444
0 0.581250 0.420833 0.010417 0.016667
0 0.678125 0.361111 0.012500 0.011111
0 0.692187 0.448611 0.015625 0.016667
0 0.717187 0.479861 0.021875 0.023611
0 0.713542 0.422222 0.012500 0.011111
0 0.666667 0.470833 0.020833 0.022222
0 0.718229 0.445833 0.015625 0.016667
0 0.685937 0.438194 0.015625 0.012500
0 0.623437 0.395139 0.015625 0.015278
0 0.657292 0.384028 0.014583 0.015278
0 0.636458 0.717361 0.027083 0.026389
0 0.706250 0.461806 0.014583 0.018056
0 0.718229 0.445833 0.015625 0.016667
0 0.666667 0.470833 0.020833 0.022222
0 0.713542 0.422222 0.012500 0.011111
0 0.717187 0.479861 0.021875 0.023611
0 0.692187 0.448611 0.015625 0.016667
0 0.678125 0.361111 0.012500 0.011111
0 0.581250 0.420833 0.010417 0.016667
0 0.701562 0.500000 0.026042 0.030556
0 0.690625 0.474306 0.018750 0.020833
0 0.343750 0.398611 0.016667 0.019444
0 0.605208 0.407639 0.010417 0.012500
0 0.459896 0.413194 0.021875 0.018056
0 0.301042 0.662500 0.047917 0.041667
0 0.671354 0.493750 0.021875 0.023611
0 0.645312 0.490972 0.023958 0.020833
0 0.623437 0.395139 0.015625 0.015278
0 0.657292 0.384028 0.014583 0.015278
0 0.636458 0.717361 0.027083 0.026389
0 0.706250 0.461806 0.014583 0.018056
0 0.706250 0.461806 0.014583 0.018056
0 0.640104 0.472222 0.019792 0.016667
0 0.640104 0.472222 0.019792 0.016667
0 0.690625 0.474306 0.018750 0.020833
0 0.701562 0.500000 0.026042 0.030556
0 0.645312 0.490972 0.023958 0.020833
0 0.706250 0.461806 0.014583 0.018056
0 0.636458 0.717361 0.027083 0.026389
0 0.657292 0.384028 0.014583 0.015278
0 0.623437 0.395139 0.015625 0.015278
0 0.685937 0.438194 0.015625 0.012500
0 0.718229 0.445833 0.015625 0.016667
0 0.666667 0.470833 0.020833 0.022222
0 0.713542 0.422222 0.012500 0.011111
0 0.717187 0.479861 0.021875 0.023611
0 0.692187 0.448611 0.015625 0.016667
0 0.678125 0.361111 0.012500 0.011111
0 0.581250 0.420833 0.010417 0.016667
0 0.343750 0.398611 0.016667 0.019444
0 0.605208 0.407639 0.010417 0.012500
0 0.459896 0.413194 0.021875 0.018056
0 0.301042 0.662500 0.047917 0.041667
0 0.671354 0.493750 0.021875 0.023611
0 0.645312 0.490972 0.023958 0.020833
0 0.701562 0.500000 0.026042 0.030556
0 0.690625 0.474306 0.018750 0.020833
0 0.640104 0.472222 0.019792 0.016667
0 0.640104 0.472222 0.019792 0.016667
0 0.690625 0.474306 0.018750 0.020833
0 0.701562 0.500000 0.026042 0.030556
0 0.645312 0.490972 0.023958 0.020833
0 0.671354 0.493750 0.021875 0.023611
0 0.301042 0.662500 0.047917 0.041667
0 0.459896 0.413194 0.021875 0.018056
0 0.605208 0.407639 0.010417 0.012500
0 0.671354 0.493750 0.021875 0.023611
0 0.685937 0.438194 0.015625 0.012500
0 0.301042 0.662500 0.047917 0.041667
0 0.459896 0.413194 0.021875 0.018056
0 0.605208 0.407639 0.010417 0.012500
0 0.640104 0.472222 0.019792 0.016667
0 0.690625 0.474306 0.018750 0.020833
0 0.701562 0.500000 0.026042 0.030556
0 0.645312 0.490972 0.023958 0.020833
0 0.671354 0.493750 0.021875 0.023611
0 0.301042 0.662500 0.047917 0.041667
0 0.459896 0.413194 0.021875 0.018056
0 0.605208 0.407639 0.010417 0.012500
0 0.343750 0.398611 0.016667 0.019444
0 0.581250 0.420833 0.010417 0.016667
0 0.706250 0.461806 0.014583 0.018056
0 0.713542 0.422222 0.012500 0.011111
0 0.718229 0.445833 0.015625 0.016667
0 0.666667 0.470833 0.020833 0.022222
0 0.685937 0.438194 0.015625 0.012500
0 0.623437 0.395139 0.015625 0.015278
0 0.657292 0.384028 0.014583 0.015278
0 0.636458 0.717361 0.027083 0.026389
0 0.706250 0.461806 0.014583 0.018056
0 0.678125 0.361111 0.012500 0.011111
0 0.692187 0.448611 0.015625 0.016667
0 0.717187 0.479861 0.021875 0.023611
0 0.713542 0.422222 0.012500 0.011111
0 0.666667 0.470833 0.020833 0.022222
0 0.718229 0.445833 0.015625 0.016667
0 0.685937 0.438194 0.015625 0.012500
0 0.623437 0.395139 0.015625 0.015278
0 0.657292 0.384028 0.014583 0.015278
0 0.636458 0.717361 0.027083 0.026389
0 0.706250 0.461806 0.014583 0.018056
0 0.717187 0.479861 0.021875 0.023611
0 0.692187 0.448611 0.015625 0.016667
0 0.678125 0.361111 0.012500 0.011111
0 0.581250 0.420833 0.010417 0.016667
0 0.343750 0.398611 0.016667 0.019444
0 0.581250 0.420833 0.010417 0.016667
0 0.678125 0.361111 0.012500 0.011111
0 0.692187 0.448611 0.015625 0.016667
0 0.717187 0.479861 0.021875 0.023611
0 0.713542 0.422222 0.012500 0.011111
0 0.666667 0.470833 0.020833 0.022222
0 0.718229 0.445833 0.015625 0.016667
0 0.685937 0.438194 0.015625 0.012500
0 0.623437 0.395139 0.015625 0.015278
0 0.657292 0.384028 0.014583 0.015278
0 0.636458 0.717361 0.027083 0.026389
0 0.640104 0.472222 0.019792 0.016667
0 0.690625 0.474306 0.018750 0.020833
0 0.701562 0.500000 0.026042 0.030556
0 0.645312 0.490972 0.023958 0.020833
0 0.671354 0.493750 0.021875 0.023611
0 0.301042 0.662500 0.047917 0.041667
0 0.459896 0.413194 0.021875 0.018056
0 0.605208 0.407639 0.010417 0.012500
0 0.343750 0.398611 0.016667 0.019444
0 0.581250 0.420833 0.010417 0.016667
0 0.678125 0.361111 0.012500 0.011111
0 0.692187 0.448611 0.015625 0.016667
0 0.717187 0.479861 0.021875 0.023611
0 0.713542 0.422222 0.012500 0.011111
0 0.666667 0.470833 0.020833 0.022222
0 0.718229 0.445833 0.015625 0.016667
