0 0.456250 0.379861 0.012500 0.018056
0 0.412891 0.457639 0.014844 0.034722
0 0.378516 0.438889 0.022656 0.036111
0 0.381250 0.504167 0.031250 0.038889
0 0.591406 0.411806 0.015625 0.023611
0 0.523438 0.361111 0.010937 0.016667
0 0.541406 0.431944 0.018750 0.036111
0 0.427734 0.418750 0.014844 0.023611
0 0.428906 0.534028 0.028125 0.037500
0 0.335547 0.481250 0.042969 0.068056
0 0.178125 0.606944 0.221875 0.277778
0 0.103906 0.969444 0.145313 0.058333
0 0.445703 0.463194 0.025781 0.031944
0 0.542969 0.374306 0.012500 0.020833
0 0.463281 0.428472 0.017188 0.031944
0 0.456250 0.379861 0.012500 0.018056
0 0.369922 0.540278 0.038281 0.050000
0 0.425391 0.388889 0.014844 0.022222
0 0.418750 0.555556 0.048438 0.102778
0 0.487109 0.365278 0.011719 0.019444
0 0.575781 0.431944 0.017188 0.027778
0 0.483203 0.375000 0.010156 0.016667
0 0.579297 0.402083 0.013281 0.018056
0 0.398047 0.468750 0.027344 0.045833
0 0.483203 0.331944 0.010156 0.016667
0 0.340625 0.788889 0.082812 0.122222
0 0.630469 0.467361 0.026562 0.034722
0 0.467969 0.365278 0.009375 0.013889
0 0.467969 0.365278 0.009375 0.013889
0 0.630469 0.467361 0.026562 0.034722
0 0.340625 0.788889 0.082812 0.122222
0 0.483203 0.331944 0.010156 0.016667
0 0.398047 0.468750 0.027344 0.045833
0 0.579297 0.402083 0.013281 0.018056
0 0.483203 0.375000 0.010156 0.016667
0 0.575781 0.431944 0.017188 0.027778
0 0.487109 0.365278 0.011719 0.019444
0 0.418750 0.555556 0.048438 0.102778
0 0.425391 0.388889 0.014844 0.022222
0 0.369922 0.540278 0.038281 0.050000
0 0.456250 0.379861 0.012500 0.018056
0 0.463281 0.428472 0.017188 0.031944
0 0.542969 0.374306 0.012500 0.020833
0 0.445703 0.463194 0.025781 0.031944
0 0.103906 0.969444 0.145313 0.058333
0 0.178125 0.606944 0.221875 0.277778
0 0.335547 0.481250 0.042969 0.068056
0 0.428906 0.534028 0.028125 0.037500
0 0.427734 0.418750 0.014844 0.023611
0 0.541406 0.431944 0.018750 0.036111
0 0.523438 0.361111 0.010937 0.016667
0 0.591406 0.411806 0.015625 0.023611
0 0.381250 0.504167 0.031250 0.038889
0 0.378516 0.438889 0.022656 0.036111
0 0.412891 0.457639 0.014844 0.034722
0 0.471094 0.400000 0.012500 0.025000
0 0.401562 0.415278 0.018750 0.025000
0 0.228125 0.762500 0.098437 0.111111
0 0.546484 0.457639 0.024219 0.040278
0 0.400781 0.639583 0.051562 0.079167
0 0.603906 0.635417 0.051562 0.090278
0 0.446484 0.392361 0.013281 0.018056
0 0.548828 0.359722 0.008594 0.011111
0 0.477734 0.356944 0.008594 0.013889
0 0.843359 0.672222 0.252344 0.375000
0 0.454297 0.448611 0.019531 0.041667
0 0.455078 0.363889 0.011719 0.013889
0 0.296484 0.652083 0.063281 0.079167
0 0.420703 0.433333 0.022656 0.044444
0 0.476562 0.383333 0.014063 0.019444
0 0.460938 0.408333 0.017188 0.019444
0 0.528125 0.391667 0.014063 0.019444
0 0.558984 0.388194 0.022656 0.045833
0 0.441406 0.493750 0.026562 0.037500
0 0.431641 0.511806 0.030469 0.037500
0 0.431641 0.511806 0.030469 0.037500
0 0.441406 0.493750 0.026562 0.037500
0 0.558984 0.388194 0.022656 0.045833
0 0.528125 0.391667 0.014063 0.019444
0 0.460938 0.408333 0.017188 0.019444
0 0.476562 0.383333 0.014063 0.019444
0 0.420703 0.433333 0.022656 0.044444
0 0.296484 0.652083 0.063281 0.079167
0 0.455078 0.363889 0.011719 0.013889
0 0.454297 0.448611 0.019531 0.041667
0 0.843359 0.672222 0.252344 0.375000
0 0.477734 0.356944 0.008594 0.013889
0 0.548828 0.359722 0.008594 0.011111
0 0.446484 0.392361 0.013281 0.018056
0 0.603906 0.635417 0.051562 0.090278
0 0.400781 0.639583 0.051562 0.079167
0 0.546484 0.457639 0.024219 0.040278
0 0.228125 0.762500 0.098437 0.111111
0 0.401562 0.415278 0.018750 0.025000
0 0.471094 0.400000 0.012500 0.025000
0 0.412891 0.457639 0.014844 0.034722
0 0.378516 0.438889 0.022656 0.036111
0 0.381250 0.504167 0.031250 0.038889
0 0.591406 0.411806 0.015625 0.023611
0 0.523438 0.361111 0.010937 0.016667
0 0.541406 0.431944 0.018750 0.036111
0 0.427734 0.418750 0.014844 0.023611
0 0.428906 0.534028 0.028125 0.037500
0 0.335547 0.481250 0.042969 0.068056
0 0.178125 0.606944 0.221875 0.277778
0 0.103906 0.969444 0.145313 0.058333
0 0.445703 0.463194 0.025781 0.031944
0 0.542969 0.374306 0.012500 0.020833
0 0.463281 0.428472 0.017188 0.031944
0 0.456250 0.379861 0.012500 0.018056
0 0.369922 0.540278 0.038281 0.050000
0 0.425391 0.388889 0.014844 0.022222
0 0.418750 0.555556 0.048438 0.102778
0 0.487109 0.365278 0.011719 0.019444
0 0.575781 0.431944 0.017188 0.027778
0 0.483203 0.375000 0.010156 0.016667
0 0.579297 0.402083 0.013281 0.018056
0 0.398047 0.468750 0.027344 0.045833
0 0.483203 0.331944 0.010156 0.016667
0 0.340625 0.788889 0.082812 0.122222
0 0.630469 0.467361 0.026562 0.034722
0 0.467969 0.365278 0.009375 0.013889
0 0.467969 0.365278 0.009375 0.013889
0 0.630469 0.467361 0.026562 0.034722
0 0.340625 0.788889 0.082812 0.122222
0 0.483203 0.331944 0.010156 0.016667
0 0.398047 0.468750 0.027344 0.045833
0 0.579297 0.402083 0.013281 0.018056
0 0.483203 0.375000 0.010156 0.016667
0 0.575781 0.431944 0.017188 0.027778
0 0.487109 0.365278 0.011719 0.019444
0 0.418750 0.555556 0.048438 0.102778
0 0.425391 0.388889 0.014844 0.022222
0 0.369922 0.540278 0.038281 0.050000
0 0.456250 0.379861 0.012500 0.018056
0 0.463281 0.428472 0.017188 0.031944
0 0.542969 0.374306 0.012500 0.020833
0 0.445703 0.463194 0.025781 0.031944
0 0.103906 0.969444 0.145313 0.058333
0 0.178125 0.606944 0.221875 0.277778
0 0.335547 0.481250 0.042969 0.068056
0 0.428906 0.534028 0.028125 0.037500
0 0.427734 0.418750 0.014844 0.023611
0 0.541406 0.431944 0.018750 0.036111
0 0.523438 0.361111 0.010937 0.016667
0 0.591406 0.411806 0.015625 0.023611
0 0.381250 0.504167 0.031250 0.038889
0 0.378516 0.438889 0.022656 0.036111
0 0.412891 0.457639 0.014844 0.034722
0 0.471094 0.400000 0.012500 0.025000
0 0.401562 0.415278 0.018750 0.025000
0 0.228125 0.762500 0.098437 0.111111
0 0.546484 0.457639 0.024219 0.040278
0 0.400781 0.639583 0.051562 0.079167
0 0.603906 0.635417 0.051562 0.090278
0 0.446484 0.392361 0.013281 0.018056
0 0.548828 0.359722 0.008594 0.011111
0 0.477734 0.356944 0.008594 0.013889
0 0.843359 0.672222 0.252344 0.375000
0 0.454297 0.448611 0.019531 0.041667
0 0.455078 0.363889 0.011719 0.013889
0 0.296484 0.652083 0.063281 0.079167
0 0.420703 0.433333 0.022656 0.044444
0 0.476562 0.383333 0.014063 0.019444
0 0.460938 0.408333 0.017188 0.019444
0 0.528125 0.391667 0.014063 0.019444
0 0.558984 0.388194 0.022656 0.045833
0 0.441406 0.493750 0.026562 0.037500
0 0.431641 0.511806 0.030469 0.037500
0 0.431641 0.511806 0.030469 0.037500
0 0.441406 0.493750 0.026562 0.037500
0 0.558984 0.388194 0.022656 0.045833
0 0.528125 0.391667 0.014063 0.019444
0 0.460938 0.408333 0.017188 0.019444
0 0.476562 0.383333 0.014063 0.019444
0 0.420703 0.433333 0.022656 0.044444
0 0.296484 0.652083 0.063281 0.079167
0 0.455078 0.363889 0.011719 0.013889
0 0.454297 0.448611 0.019531 0.041667
0 0.843359 0.672222 0.252344 0.375000
0 0.477734 0.356944 0.008594 0.013889
0 0.548828 0.359722 0.008594 0.011111
0 0.446484 0.392361 0.013281 0.018056
0 0.603906 0.635417 0.051562 0.090278
0 0.400781 0.639583 0.051562 0.079167
0 0.546484 0.457639 0.024219 0.040278
0 0.228125 0.762500 0.098437 0.111111
0 0.401562 0.415278 0.018750 0.025000
0 0.471094 0.400000 0.012500 0.025000
0 0.412891 0.457639 0.014844 0.034722
0 0.378516 0.438889 0.022656 0.036111
0 0.381250 0.504167 0.031250 0.038889
0 0.591406 0.411806 0.015625 0.023611
0 0.523438 0.361111 0.010937 0.016667
0 0.541406 0.431944 0.018750 0.036111
0 0.427734 0.418750 0.014844 0.023611
0 0.428906 0.534028 0.028125 0.037500
0 0.335547 0.481250 0.042969 0.068056
0 0.178125 0.606944 0.221875 0.277778
0 0.103906 0.969444 0.145313 0.058333
0 0.445703 0.463194 0.025781 0.031944
0 0.542969 0.374306 0.012500 0.020833
0 0.463281 0.428472 0.017188 0.031944
0 0.456250 0.379861 0.012500 0.018056
0 0.369922 0.540278 0.038281 0.050000
0 0.425391 0.388889 0.014844 0.022222
0 0.418750 0.555556 0.048438 0.102778
0 0.487109 0.365278 0.011719 0.019444
0 0.575781 0.431944 0.017188 0.027778
0 0.483203 0.375000 0.010156 0.016667
0 0.579297 0.402083 0.013281 0.018056
0 0.398047 0.468750 0.027344 0.045833
0 0.483203 0.331944 0.010156 0.016667
0 0.340625 0.788889 0.082812 0.122222
0 0.630469 0.467361 0.026562 0.034722
0 0.467969 0.365278 0.009375 0.013889
0 0.431641 0.511806 0.030469 0.037500
0 0.441406 0.493750 0.026562 0.037500
0 0.558984 0.388194 0.022656 0.045833
0 0.528125 0.391667 0.014063 0.019444
0 0.460938 0.408333 0.017188 0.019444
0 0.476562 0.383333 0.014063 0.019444
0 0.420703 0.433333 0.022656 0.044444
0 0.296484 0.652083 0.063281 0.079167
0 0.455078 0.363889 0.011719 0.013889
0 0.454297 0.448611 0.019531 0.041667
0 0.843359 0.672222 0.252344 0.375000
0 0.477734 0.356944 0.008594 0.013889
0 0.548828 0.359722 0.008594 0.011111
0 0.446484 0.392361 0.013281 0.018056
0 0.603906 0.635417 0.051562 0.090278
0 0.400781 0.639583 0.051562 0.079167
0 0.546484 0.457639 0.024219 0.040278
0 0.228125 0.762500 0.098437 0.111111
0 0.401562 0.415278 0.018750 0.025000
0 0.471094 0.400000 0.012500 0.025000
0 0.412891 0.457639 0.014844 0.034722
0 0.378516 0.438889 0.022656 0.036111
0 0.381250 0.504167 0.031250 0.038889
0 0.591406 0.411806 0.015625 0.023611
0 0.523438 0.361111 0.010937 0.016667
0 0.541406 0.431944 0.018750 0.036111
0 0.427734 0.418750 0.014844 0.023611
0 0.428906 0.534028 0.028125 0.037500
0 0.335547 0.481250 0.042969 0.068056
0 0.178125 0.606944 0.221875 0.277778
0 0.103906 0.969444 0.145313 0.058333
0 0.445703 0.463194 0.025781 0.031944
0 0.542969 0.374306 0.012500 0.020833
0 0.463281 0.428472 0.017188 0.031944
0 0.456250 0.379861 0.012500 0.018056
0 0.369922 0.540278 0.038281 0.050000
0 0.425391 0.388889 0.014844 0.022222
0 0.418750 0.555556 0.048438 0.102778
0 0.487109 0.365278 0.011719 0.019444
0 0.575781 0.431944 0.017188 0.027778
0 0.483203 0.375000 0.010156 0.016667
0 0.579297 0.402083 0.013281 0.018056
0 0.398047 0.468750 0.027344 0.045833
0 0.483203 0.331944 0.010156 0.016667
0 0.340625 0.788889 0.082812 0.122222
0 0.630469 0.467361 0.026562 0.034722
0 0.467969 0.365278 0.009375 0.013889
0 0.431641 0.511806 0.030469 0.037500
0 0.441406 0.493750 0.026562 0.037500
0 0.558984 0.388194 0.022656 0.045833
0 0.528125 0.391667 0.014063 0.019444
0 0.460938 0.408333 0.017188 0.019444
0 0.476562 0.383333 0.014063 0.019444
0 0.420703 0.433333 0.022656 0.044444
0 0.296484 0.652083 0.063281 0.079167
0 0.455078 0.363889 0.011719 0.013889
0 0.454297 0.448611 0.019531 0.041667
0 0.843359 0.672222 0.252344 0.375000
0 0.477734 0.356944 0.008594 0.013889
0 0.548828 0.359722 0.008594 0.011111
0 0.446484 0.392361 0.013281 0.018056
0 0.603906 0.635417 0.051562 0.090278
0 0.400781 0.639583 0.051562 0.079167
0 0.546484 0.457639 0.024219 0.040278
0 0.228125 0.762500 0.098437 0.111111
0 0.401562 0.415278 0.018750 0.025000
0 0.471094 0.400000 0.012500 0.025000
0 0.412891 0.457639 0.014844 0.034722
0 0.378516 0.438889 0.022656 0.036111
0 0.381250 0.504167 0.031250 0.038889
0 0.591406 0.411806 0.015625 0.023611
0 0.523438 0.361111 0.010937 0.016667
0 0.541406 0.431944 0.018750 0.036111
0 0.427734 0.418750 0.014844 0.023611
0 0.428906 0.534028 0.028125 0.037500
0 0.335547 0.481250 0.042969 0.068056
0 0.178125 0.606944 0.221875 0.277778
0 0.103906 0.969444 0.145313 0.058333
0 0.445703 0.463194 0.025781 0.031944
0 0.542969 0.374306 0.012500 0.020833
0 0.463281 0.428472 0.017188 0.031944
0 0.471094 0.400000 0.012500 0.025000
0 0.369922 0.540278 0.038281 0.050000
0 0.425391 0.388889 0.014844 0.022222
0 0.418750 0.555556 0.048438 0.102778
0 0.487109 0.365278 0.011719 0.019444
0 0.575781 0.431944 0.017188 0.027778
0 0.483203 0.375000 0.010156 0.016667
0 0.579297 0.402083 0.013281 0.018056
0 0.398047 0.468750 0.027344 0.045833
0 0.483203 0.331944 0.010156 0.016667
0 0.340625 0.788889 0.082812 0.122222
0 0.630469 0.467361 0.026562 0.034722
0 0.467969 0.365278 0.009375 0.013889
0 0.431641 0.511806 0.030469 0.037500
0 0.441406 0.493750 0.026562 0.037500
0 0.558984 0.388194 0.022656 0.045833
0 0.528125 0.391667 0.014063 0.019444
0 0.460938 0.408333 0.017188 0.019444
0 0.476562 0.383333 0.014063 0.019444
0 0.420703 0.433333 0.022656 0.044444
0 0.296484 0.652083 0.063281 0.079167
0 0.455078 0.363889 0.011719 0.013889
0 0.454297 0.448611 0.019531 0.041667
0 0.843359 0.672222 0.252344 0.375000
0 0.477734 0.356944 0.008594 0.013889
0 0.548828 0.359722 0.008594 0.011111
0 0.446484 0.392361 0.013281 0.018056
0 0.603906 0.635417 0.051562 0.090278
0 0.400781 0.639583 0.051562 0.079167
0 0.546484 0.457639 0.024219 0.040278
0 0.228125 0.762500 0.098437 0.111111
0 0.401562 0.415278 0.018750 0.025000
