0 0.415234 0.383333 0.032031 0.058333
0 0.394922 0.487500 0.025781 0.036111
0 0.430469 0.428472 0.018750 0.026389
0 0.397656 0.428472 0.020313 0.029167
0 0.521875 0.368750 0.009375 0.015278
0 0.452734 0.445139 0.019531 0.029167
0 0.450000 0.390278 0.015625 0.019444
0 0.462500 0.369444 0.010937 0.016667
0 0.474609 0.359722 0.010156 0.013889
0 0.385937 0.438889 0.021875 0.027778
0 0.351172 0.545833 0.044531 0.072222
0 0.590234 0.429861 0.047656 0.101389
0 0.526172 0.390972 0.011719 0.018056
0 0.443359 0.406250 0.014844 0.026389
0 0.418750 0.439583 0.020313 0.026389
0 0.392578 0.464583 0.021094 0.020833
0 0.267578 0.580556 0.144531 0.133333
0 0.097266 0.976389 0.117969 0.044444
0 0.465625 0.416667 0.015625 0.025000
0 0.555469 0.370139 0.009375 0.012500
0 0.464844 0.356944 0.006250 0.011111
0 0.435156 0.509722 0.026562 0.044444
0 0.450000 0.470833 0.023438 0.030556
0 0.377734 0.516667 0.030469 0.044444
0 0.416406 0.577778 0.040625 0.061111
0 0.545703 0.440278 0.021094 0.036111
0 0.487109 0.336806 0.017969 0.020833
0 0.544141 0.375000 0.011719 0.016667
0 0.317188 0.918056 0.107813 0.161111
0 0.317188 0.918056 0.107813 0.161111
0 0.544141 0.375000 0.011719 0.016667
0 0.487109 0.336806 0.017969 0.020833
0 0.545703 0.440278 0.021094 0.036111
0 0.416406 0.577778 0.040625 0.061111
0 0.377734 0.516667 0.030469 0.044444
0 0.450000 0.470833 0.023438 0.030556
0 0.435156 0.509722 0.026562 0.044444
0 0.464844 0.356944 0.006250 0.011111
0 0.555469 0.370139 0.009375 0.012500
0 0.465625 0.416667 0.015625 0.025000
0 0.097266 0.976389 0.117969 0.044444
0 0.267578 0.580556 0.144531 0.133333
0 0.392578 0.464583 0.021094 0.020833
0 0.418750 0.439583 0.020313 0.026389
0 0.443359 0.406250 0.014844 0.026389
0 0.526172 0.390972 0.011719 0.018056
0 0.590234 0.429861 0.047656 0.101389
0 0.351172 0.545833 0.044531 0.072222
0 0.385937 0.438889 0.021875 0.027778
0 0.474609 0.359722 0.010156 0.013889
0 0.462500 0.369444 0.010937 0.016667
0 0.450000 0.390278 0.015625 0.019444
0 0.452734 0.445139 0.019531 0.029167
0 0.521875 0.368750 0.009375 0.015278
0 0.397656 0.428472 0.020313 0.029167
0 0.430469 0.428472 0.018750 0.026389
0 0.394922 0.487500 0.025781 0.036111
0 0.415234 0.383333 0.032031 0.058333
0 0.333984 0.490972 0.030469 0.037500
0 0.434766 0.379861 0.008594 0.015278
0 0.410547 0.456944 0.021094 0.030556
0 0.663672 0.486806 0.185156 0.206944
0 0.789844 0.883333 0.117188 0.188889
0 0.451953 0.427083 0.016406 0.023611
0 0.468750 0.396528 0.014063 0.018056
0 0.560937 0.390972 0.010937 0.026389
0 0.389844 0.672222 0.062500 0.100000
0 0.536328 0.361806 0.008594 0.012500
0 0.576172 0.369444 0.017969 0.016667
0 0.576172 0.369444 0.017969 0.016667
0 0.536328 0.361806 0.008594 0.012500
0 0.389844 0.672222 0.062500 0.100000
0 0.560937 0.390972 0.010937 0.026389
0 0.468750 0.396528 0.014063 0.018056
0 0.451953 0.427083 0.016406 0.023611
0 0.789844 0.883333 0.117188 0.188889
0 0.663672 0.486806 0.185156 0.206944
0 0.410547 0.456944 0.021094 0.030556
0 0.434766 0.379861 0.008594 0.015278
0 0.333984 0.490972 0.030469 0.037500
0 0.415234 0.383333 0.032031 0.058333
0 0.394922 0.487500 0.025781 0.036111
0 0.430469 0.428472 0.018750 0.026389
0 0.397656 0.428472 0.020313 0.029167
0 0.521875 0.368750 0.009375 0.015278
0 0.452734 0.445139 0.019531 0.029167
0 0.450000 0.390278 0.015625 0.019444
0 0.462500 0.369444 0.010937 0.016667
0 0.474609 0.359722 0.010156 0.013889
0 0.385937 0.438889 0.021875 0.027778
0 0.351172 0.545833 0.044531 0.072222
0 0.590234 0.429861 0.047656 0.101389
0 0.526172 0.390972 0.011719 0.018056
0 0.443359 0.406250 0.014844 0.026389
0 0.418750 0.439583 0.020313 0.026389
0 0.392578 0.464583 0.021094 0.020833
0 0.267578 0.580556 0.144531 0.133333
0 0.097266 0.976389 0.117969 0.044444
0 0.465625 0.416667 0.015625 0.025000
0 0.555469 0.370139 0.009375 0.012500
0 0.464844 0.356944 0.006250 0.011111
0 0.435156 0.509722 0.026562 0.044444
0 0.450000 0.470833 0.023438 0.030556
0 0.377734 0.516667 0.030469 0.044444
0 0.416406 0.577778 0.040625 0.061111
0 0.545703 0.440278 0.021094 0.036111
0 0.487109 0.336806 0.017969 0.020833
0 0.544141 0.375000 0.011719 0.016667
0 0.317188 0.918056 0.107813 0.161111
0 0.430469 0.428472 0.018750 0.026389
0 0.576172 0.369444 0.017969 0.016667
0 0.536328 0.361806 0.008594 0.012500
0 0.389844 0.672222 0.062500 0.100000
0 0.560937 0.390972 0.010937 0.026389
0 0.468750 0.396528 0.014063 0.018056
0 0.451953 0.427083 0.016406 0.023611
0 0.789844 0.883333 0.117188 0.188889
0 0.663672 0.486806 0.185156 0.206944
0 0.410547 0.456944 0.021094 0.030556
0 0.434766 0.379861 0.008594 0.015278
0 0.333984 0.490972 0.030469 0.037500
0 0.415234 0.383333 0.032031 0.058333
0 0.394922 0.487500 0.025781 0.036111
0 0.430469 0.428472 0.018750 0.026389
0 0.397656 0.428472 0.020313 0.029167
0 0.521875 0.368750 0.009375 0.015278
0 0.452734 0.445139 0.019531 0.029167
0 0.450000 0.390278 0.015625 0.019444
0 0.462500 0.369444 0.010937 0.016667
0 0.474609 0.359722 0.010156 0.013889
0 0.385937 0.438889 0.021875 0.027778
0 0.351172 0.545833 0.044531 0.072222
0 0.590234 0.429861 0.047656 0.101389
0 0.526172 0.390972 0.011719 0.018056
0 0.443359 0.406250 0.014844 0.026389
0 0.418750 0.439583 0.020313 0.026389
0 0.392578 0.464583 0.021094 0.020833
0 0.267578 0.580556 0.144531 0.133333
0 0.097266 0.976389 0.117969 0.044444
0 0.465625 0.416667 0.015625 0.025000
0 0.555469 0.370139 0.009375 0.012500
0 0.464844 0.356944 0.006250 0.011111
0 0.435156 0.509722 0.026562 0.044444
0 0.450000 0.470833 0.023438 0.030556
0 0.377734 0.516667 0.030469 0.044444
0 0.462500 0.369444 0.010937 0.016667
0 0.474609 0.359722 0.010156 0.013889
0 0.385937 0.438889 0.021875 0.027778
0 0.351172 0.545833 0.044531 0.072222
0 0.590234 0.429861 0.047656 0.101389
0 0.526172 0.390972 0.011719 0.018056
0 0.443359 0.406250 0.014844 0.026389
0 0.418750 0.439583 0.020313 0.026389
0 0.392578 0.464583 0.021094 0.020833
0 0.267578 0.580556 0.144531 0.133333
0 0.097266 0.976389 0.117969 0.044444
0 0.465625 0.416667 0.015625 0.025000
0 0.555469 0.370139 0.009375 0.012500
0 0.464844 0.356944 0.006250 0.011111
0 0.435156 0.509722 0.026562 0.044444
0 0.450000 0.470833 0.023438 0.030556
0 0.377734 0.516667 0.030469 0.044444
0 0.416406 0.577778 0.040625 0.061111
0 0.545703 0.440278 0.021094 0.036111
0 0.487109 0.336806 0.017969 0.020833
0 0.544141 0.375000 0.011719 0.016667
0 0.317188 0.918056 0.107813 0.161111
0 0.397656 0.428472 0.020313 0.029167
0 0.521875 0.368750 0.009375 0.015278
0 0.452734 0.445139 0.019531 0.029167
0 0.450000 0.390278 0.015625 0.019444
0 0.394922 0.487500 0.025781 0.036111
0 0.415234 0.383333 0.032031 0.058333
0 0.333984 0.490972 0.030469 0.037500
0 0.434766 0.379861 0.008594 0.015278
0 0.317188 0.918056 0.107813 0.161111
0 0.544141 0.375000 0.011719 0.016667
0 0.487109 0.336806 0.017969 0.020833
0 0.545703 0.440278 0.021094 0.036111
0 0.416406 0.577778 0.040625 0.061111
0 0.377734 0.516667 0.030469 0.044444
0 0.450000 0.470833 0.023438 0.030556
0 0.435156 0.509722 0.026562 0.044444
0 0.464844 0.356944 0.006250 0.011111
0 0.555469 0.370139 0.009375 0.012500
0 0.465625 0.416667 0.015625 0.025000
0 0.097266 0.976389 0.117969 0.044444
0 0.267578 0.580556 0.144531 0.133333
0 0.392578 0.464583 0.021094 0.020833
0 0.418750 0.439583 0.020313 0.026389
0 0.443359 0.406250 0.014844 0.026389
0 0.526172 0.390972 0.011719 0.018056
0 0.590234 0.429861 0.047656 0.101389
0 0.351172 0.545833 0.044531 0.072222
0 0.385937 0.438889 0.021875 0.027778
0 0.474609 0.359722 0.010156 0.013889
0 0.462500 0.369444 0.010937 0.016667
0 0.450000 0.390278 0.015625 0.019444
0 0.452734 0.445139 0.019531 0.029167
0 0.521875 0.368750 0.009375 0.015278
0 0.397656 0.428472 0.020313 0.029167
0 0.430469 0.428472 0.018750 0.026389
0 0.394922 0.487500 0.025781 0.036111
0 0.415234 0.383333 0.032031 0.058333
0 0.333984 0.490972 0.030469 0.037500
0 0.434766 0.379861 0.008594 0.015278
0 0.410547 0.456944 0.021094 0.030556
0 0.663672 0.486806 0.185156 0.206944
0 0.789844 0.883333 0.117188 0.188889
0 0.451953 0.427083 0.016406 0.023611
0 0.468750 0.396528 0.014063 0.018056
0 0.560937 0.390972 0.010937 0.026389
0 0.389844 0.672222 0.062500 0.100000
0 0.536328 0.361806 0.008594 0.012500
0 0.576172 0.369444 0.017969 0.016667
0 0.416406 0.577778 0.040625 0.061111
0 0.545703 0.440278 0.021094 0.036111
0 0.487109 0.336806 0.017969 0.020833
0 0.544141 0.375000 0.011719 0.016667
0 0.317188 0.918056 0.107813 0.161111
0 0.576172 0.369444 0.017969 0.016667
0 0.536328 0.361806 0.008594 0.012500
0 0.389844 0.672222 0.062500 0.100000
0 0.560937 0.390972 0.010937 0.026389
0 0.468750 0.396528 0.014063 0.018056
0 0.451953 0.427083 0.016406 0.023611
0 0.789844 0.883333 0.117188 0.188889
0 0.663672 0.486806 0.185156 0.206944
0 0.410547 0.456944 0.021094 0.030556
0 0.434766 0.379861 0.008594 0.015278
0 0.333984 0.490972 0.030469 0.037500
0 0.415234 0.383333 0.032031 0.058333
0 0.394922 0.487500 0.025781 0.036111
0 0.430469 0.428472 0.018750 0.026389
0 0.397656 0.428472 0.020313 0.029167
0 0.521875 0.368750 0.009375 0.015278
0 0.452734 0.445139 0.019531 0.029167
0 0.450000 0.390278 0.015625 0.019444
0 0.462500 0.369444 0.010937 0.016667
0 0.474609 0.359722 0.010156 0.013889
0 0.385937 0.438889 0.021875 0.027778
0 0.351172 0.545833 0.044531 0.072222
0 0.590234 0.429861 0.047656 0.101389
0 0.526172 0.390972 0.011719 0.018056
0 0.443359 0.406250 0.014844 0.026389
0 0.418750 0.439583 0.020313 0.026389
0 0.392578 0.464583 0.021094 0.020833
0 0.267578 0.580556 0.144531 0.133333
0 0.097266 0.976389 0.117969 0.044444
0 0.465625 0.416667 0.015625 0.025000
0 0.555469 0.370139 0.009375 0.012500
0 0.464844 0.356944 0.006250 0.011111
0 0.435156 0.509722 0.026562 0.044444
0 0.450000 0.470833 0.023438 0.030556
0 0.377734 0.516667 0.030469 0.044444
0 0.416406 0.577778 0.040625 0.061111
0 0.545703 0.440278 0.021094 0.036111
0 0.487109 0.336806 0.017969 0.020833
0 0.544141 0.375000 0.011719 0.016667
0 0.317188 0.918056 0.107813 0.161111
0 0.410547 0.456944 0.021094 0.030556
0 0.663672 0.486806 0.185156 0.206944
0 0.789844 0.883333 0.117188 0.188889
0 0.451953 0.427083 0.016406 0.023611
0 0.468750 0.396528 0.014063 0.018056
0 0.560937 0.390972 0.010937 0.026389
0 0.389844 0.672222 0.062500 0.100000
0 0.536328 0.361806 0.008594 0.012500
0 0.576172 0.369444 0.017969 0.016667
0 0.576172 0.369444 0.017969 0.016667
0 0.536328 0.361806 0.008594 0.012500
0 0.389844 0.672222 0.062500 0.100000
0 0.560937 0.390972 0.010937 0.026389
0 0.468750 0.396528 0.014063 0.018056
0 0.451953 0.427083 0.016406 0.023611
0 0.789844 0.883333 0.117188 0.188889
0 0.663672 0.486806 0.185156 0.206944
0 0.410547 0.456944 0.021094 0.030556
0 0.434766 0.379861 0.008594 0.015278
0 0.333984 0.490972 0.030469 0.037500
