0 0.333203 0.159722 0.025781 0.047222
0 0.360938 0.059722 0.018750 0.027778
0 0.290625 0.045833 0.014063 0.025000
0 0.102344 0.706944 0.204687 0.450000
0 0.322266 0.038194 0.016406 0.026389
0 0.433984 0.241667 0.036719 0.061111
0 0.290625 0.045833 0.014063 0.025000
0 0.102344 0.706944 0.204687 0.450000
0 0.322266 0.038194 0.016406 0.026389
0 0.433984 0.241667 0.036719 0.061111
0 0.239844 0.156944 0.029687 0.055556
0 0.239844 0.156944 0.029687 0.055556
0 0.317969 0.018750 0.015625 0.023611
0 0.312109 0.008333 0.013281 0.016667
0 0.346875 0.015972 0.014063 0.026389
0 0.291797 0.120139 0.024219 0.043056
0 0.333203 0.159722 0.025781 0.047222
0 0.360938 0.059722 0.018750 0.027778
0 0.290625 0.045833 0.014063 0.025000
0 0.102344 0.706944 0.204687 0.450000
0 0.322266 0.038194 0.016406 0.026389
0 0.433984 0.241667 0.036719 0.061111
0 0.239844 0.156944 0.029687 0.055556
0 0.317969 0.018750 0.015625 0.023611
0 0.312109 0.008333 0.013281 0.016667
0 0.346875 0.015972 0.014063 0.026389
0 0.291797 0.120139 0.024219 0.043056
0 0.333203 0.159722 0.025781 0.047222
0 0.360938 0.059722 0.018750 0.027778
0 0.290625 0.045833 0.014063 0.025000
0 0.102344 0.706944 0.204687 0.450000
0 0.322266 0.038194 0.016406 0.026389
0 0.433984 0.241667 0.036719 0.061111
0 0.239844 0.156944 0.029687 0.055556
0 0.317969 0.018750 0.015625 0.023611
0 0.312109 0.008333 0.013281 0.016667
0 0.346875 0.015972 0.014063 0.026389
0 0.291797 0.120139 0.024219 0.043056
0 0.291797 0.120139 0.024219 0.043056
0 0.291797 0.120139 0.024219 0.043056
0 0.346875 0.015972 0.014063 0.026389
0 0.312109 0.008333 0.013281 0.016667
0 0.317969 0.018750 0.015625 0.023611
0 0.239844 0.156944 0.029687 0.055556
0 0.433984 0.241667 0.036719 0.061111
0 0.322266 0.038194 0.016406 0.026389
0 0.102344 0.706944 0.204687 0.450000
0 0.290625 0.045833 0.014063 0.025000
0 0.360938 0.059722 0.018750 0.027778
0 0.333203 0.159722 0.025781 0.047222
0 0.346875 0.015972 0.014063 0.026389
0 0.312109 0.008333 0.013281 0.016667
0 0.317969 0.018750 0.015625 0.023611
0 0.239844 0.156944 0.029687 0.055556
0 0.433984 0.241667 0.036719 0.061111
0 0.322266 0.038194 0.016406 0.026389
0 0.333203 0.159722 0.025781 0.047222
0 0.333203 0.159722 0.025781 0.047222
0 0.360938 0.059722 0.018750 0.027778
0 0.290625 0.045833 0.014063 0.025000
0 0.102344 0.706944 0.204687 0.450000
0 0.322266 0.038194 0.016406 0.026389
0 0.433984 0.241667 0.036719 0.061111
0 0.239844 0.156944 0.029687 0.055556
0 0.317969 0.018750 0.015625 0.023611
0 0.312109 0.008333 0.013281 0.016667
0 0.346875 0.015972 0.014063 0.026389
0 0.291797 0.120139 0.024219 0.043056
0 0.102344 0.706944 0.204687 0.450000
0 0.290625 0.045833 0.014063 0.025000
0 0.360938 0.059722 0.018750 0.027778
0 0.317969 0.018750 0.015625 0.023611
0 0.312109 0.008333 0.013281 0.016667
0 0.346875 0.015972 0.014063 0.026389
0 0.291797 0.120139 0.024219 0.043056
0 0.333203 0.159722 0.025781 0.047222
0 0.360938 0.059722 0.018750 0.027778
