0 0.522656 0.368750 0.010937 0.015278
0 0.458984 0.377083 0.011719 0.018056
0 0.423047 0.434028 0.019531 0.026389
0 0.453516 0.437500 0.021094 0.027778
0 0.543359 0.446528 0.019531 0.031944
0 0.138281 0.644444 0.264062 0.338889
0 0.441406 0.409722 0.014063 0.022222
0 0.433203 0.383333 0.013281 0.016667
0 0.465234 0.350000 0.019531 0.025000
0 0.367188 0.526389 0.039062 0.047222
0 0.487891 0.363194 0.010156 0.020833
0 0.568750 0.422222 0.017188 0.030556
0 0.446875 0.395139 0.015625 0.020833
0 0.478125 0.354861 0.007812 0.015278
0 0.403906 0.415972 0.018750 0.020833
0 0.085547 0.968056 0.138281 0.061111
0 0.478125 0.386806 0.010937 0.015278
0 0.602734 0.426389 0.017969 0.025000
0 0.343750 0.696528 0.065625 0.095833
0 0.433203 0.417361 0.017969 0.023611
0 0.532813 0.400694 0.014063 0.020833
0 0.335156 0.582639 0.046875 0.059722
0 0.429297 0.526389 0.036719 0.058333
0 0.403906 0.613889 0.048438 0.080556
0 0.478125 0.386806 0.010937 0.015278
0 0.085547 0.968056 0.138281 0.061111
0 0.403906 0.415972 0.018750 0.020833
0 0.478125 0.354861 0.007812 0.015278
0 0.446875 0.395139 0.015625 0.020833
0 0.568750 0.422222 0.017188 0.030556
0 0.487891 0.363194 0.010156 0.020833
0 0.367188 0.526389 0.039062 0.047222
0 0.465234 0.350000 0.019531 0.025000
0 0.433203 0.383333 0.013281 0.016667
0 0.441406 0.409722 0.014063 0.022222
0 0.138281 0.644444 0.264062 0.338889
0 0.543359 0.446528 0.019531 0.031944
0 0.453516 0.437500 0.021094 0.027778
0 0.423047 0.434028 0.019531 0.026389
0 0.458984 0.377083 0.011719 0.018056
0 0.522656 0.368750 0.010937 0.015278
0 0.757031 0.608333 0.062500 0.075000
0 0.439063 0.375000 0.014063 0.013889
0 0.441797 0.403472 0.017969 0.026389
0 0.542969 0.379167 0.010937 0.013889
0 0.405078 0.470139 0.027344 0.034722
0 0.566016 0.382639 0.010156 0.015278
0 0.467187 0.400694 0.014063 0.020833
0 0.413672 0.402083 0.013281 0.020833
0 0.544531 0.339583 0.012500 0.029167
0 0.478906 0.370833 0.010937 0.013889
0 0.330078 0.496528 0.035156 0.040278
0 0.478125 0.386806 0.010937 0.015278
0 0.403906 0.613889 0.048438 0.080556
0 0.429297 0.526389 0.036719 0.058333
0 0.335156 0.582639 0.046875 0.059722
0 0.403906 0.613889 0.048438 0.080556
0 0.429297 0.526389 0.036719 0.058333
0 0.335156 0.582639 0.046875 0.059722
0 0.532813 0.400694 0.014063 0.020833
0 0.433203 0.417361 0.017969 0.023611
0 0.343750 0.696528 0.065625 0.095833
0 0.602734 0.426389 0.017969 0.025000
0 0.403906 0.613889 0.048438 0.080556
0 0.429297 0.526389 0.036719 0.058333
0 0.335156 0.582639 0.046875 0.059722
0 0.532813 0.400694 0.014063 0.020833
0 0.433203 0.417361 0.017969 0.023611
0 0.343750 0.696528 0.065625 0.095833
0 0.602734 0.426389 0.017969 0.025000
0 0.478125 0.386806 0.010937 0.015278
0 0.403906 0.613889 0.048438 0.080556
0 0.429297 0.526389 0.036719 0.058333
0 0.335156 0.582639 0.046875 0.059722
0 0.433203 0.383333 0.013281 0.016667
0 0.441406 0.409722 0.014063 0.022222
0 0.138281 0.644444 0.264062 0.338889
0 0.543359 0.446528 0.019531 0.031944
0 0.367188 0.526389 0.039062 0.047222
0 0.487891 0.363194 0.010156 0.020833
0 0.568750 0.422222 0.017188 0.030556
0 0.446875 0.395139 0.015625 0.020833
0 0.478125 0.354861 0.007812 0.015278
0 0.403906 0.415972 0.018750 0.020833
0 0.085547 0.968056 0.138281 0.061111
0 0.405078 0.470139 0.027344 0.034722
0 0.566016 0.382639 0.010156 0.015278
0 0.467187 0.400694 0.014063 0.020833
0 0.532813 0.400694 0.014063 0.020833
0 0.433203 0.417361 0.017969 0.023611
0 0.343750 0.696528 0.065625 0.095833
0 0.602734 0.426389 0.017969 0.025000
0 0.465234 0.350000 0.019531 0.025000
0 0.413672 0.402083 0.013281 0.020833
0 0.544531 0.339583 0.012500 0.029167
0 0.478906 0.370833 0.010937 0.013889
0 0.330078 0.496528 0.035156 0.040278
0 0.330078 0.496528 0.035156 0.040278
0 0.478906 0.370833 0.010937 0.013889
0 0.544531 0.339583 0.012500 0.029167
0 0.413672 0.402083 0.013281 0.020833
0 0.467187 0.400694 0.014063 0.020833
0 0.566016 0.382639 0.010156 0.015278
0 0.405078 0.470139 0.027344 0.034722
0 0.542969 0.379167 0.010937 0.013889
0 0.441797 0.403472 0.017969 0.026389
0 0.439063 0.375000 0.014063 0.013889
0 0.757031 0.608333 0.062500 0.075000
0 0.522656 0.368750 0.010937 0.015278
0 0.458984 0.377083 0.011719 0.018056
0 0.423047 0.434028 0.019531 0.026389
0 0.453516 0.437500 0.021094 0.027778
0 0.543359 0.446528 0.019531 0.031944
0 0.138281 0.644444 0.264062 0.338889
0 0.441406 0.409722 0.014063 0.022222
0 0.433203 0.383333 0.013281 0.016667
0 0.465234 0.350000 0.019531 0.025000
0 0.367188 0.526389 0.039062 0.047222
0 0.487891 0.363194 0.010156 0.020833
0 0.568750 0.422222 0.017188 0.030556
0 0.446875 0.395139 0.015625 0.020833
0 0.478125 0.354861 0.007812 0.015278
0 0.403906 0.415972 0.018750 0.020833
0 0.085547 0.968056 0.138281 0.061111
0 0.478125 0.386806 0.010937 0.015278
0 0.403906 0.613889 0.048438 0.080556
0 0.429297 0.526389 0.036719 0.058333
0 0.335156 0.582639 0.046875 0.059722
0 0.532813 0.400694 0.014063 0.020833
0 0.433203 0.417361 0.017969 0.023611
0 0.343750 0.696528 0.065625 0.095833
0 0.602734 0.426389 0.017969 0.025000
0 0.532813 0.400694 0.014063 0.020833
0 0.433203 0.417361 0.017969 0.023611
0 0.343750 0.696528 0.065625 0.095833
0 0.602734 0.426389 0.017969 0.025000
0 0.439063 0.375000 0.014063 0.013889
0 0.441797 0.403472 0.017969 0.026389
0 0.542969 0.379167 0.010937 0.013889
0 0.757031 0.608333 0.062500 0.075000
0 0.522656 0.368750 0.010937 0.015278
0 0.458984 0.377083 0.011719 0.018056
0 0.330078 0.496528 0.035156 0.040278
0 0.478906 0.370833 0.010937 0.013889
0 0.544531 0.339583 0.012500 0.029167
0 0.413672 0.402083 0.013281 0.020833
0 0.566016 0.382639 0.010156 0.015278
0 0.602734 0.426389 0.017969 0.025000
0 0.343750 0.696528 0.065625 0.095833
0 0.433203 0.417361 0.017969 0.023611
0 0.532813 0.400694 0.014063 0.020833
0 0.335156 0.582639 0.046875 0.059722
0 0.429297 0.526389 0.036719 0.058333
0 0.403906 0.613889 0.048438 0.080556
0 0.478125 0.386806 0.010937 0.015278
0 0.085547 0.968056 0.138281 0.061111
0 0.403906 0.415972 0.018750 0.020833
0 0.478125 0.354861 0.007812 0.015278
0 0.446875 0.395139 0.015625 0.020833
0 0.568750 0.422222 0.017188 0.030556
0 0.487891 0.363194 0.010156 0.020833
0 0.367188 0.526389 0.039062 0.047222
0 0.465234 0.350000 0.019531 0.025000
0 0.433203 0.383333 0.013281 0.016667
0 0.441406 0.409722 0.014063 0.022222
0 0.138281 0.644444 0.264062 0.338889
0 0.543359 0.446528 0.019531 0.031944
0 0.453516 0.437500 0.021094 0.027778
0 0.423047 0.434028 0.019531 0.026389
0 0.458984 0.377083 0.011719 0.018056
0 0.522656 0.368750 0.010937 0.015278
0 0.757031 0.608333 0.062500 0.075000
0 0.439063 0.375000 0.014063 0.013889
0 0.441797 0.403472 0.017969 0.026389
0 0.542969 0.379167 0.010937 0.013889
0 0.405078 0.470139 0.027344 0.034722
0 0.566016 0.382639 0.010156 0.015278
0 0.467187 0.400694 0.014063 0.020833
0 0.413672 0.402083 0.013281 0.020833
0 0.544531 0.339583 0.012500 0.029167
0 0.478906 0.370833 0.010937 0.013889
0 0.330078 0.496528 0.035156 0.040278
0 0.467187 0.400694 0.014063 0.020833
0 0.405078 0.470139 0.027344 0.034722
0 0.542969 0.379167 0.010937 0.013889
0 0.441797 0.403472 0.017969 0.026389
0 0.423047 0.434028 0.019531 0.026389
0 0.453516 0.437500 0.021094 0.027778
0 0.439063 0.375000 0.014063 0.013889
0 0.757031 0.608333 0.062500 0.075000
0 0.522656 0.368750 0.010937 0.015278
0 0.458984 0.377083 0.011719 0.018056
0 0.423047 0.434028 0.019531 0.026389
0 0.453516 0.437500 0.021094 0.027778
0 0.543359 0.446528 0.019531 0.031944
0 0.138281 0.644444 0.264062 0.338889
0 0.441406 0.409722 0.014063 0.022222
0 0.433203 0.383333 0.013281 0.016667
0 0.465234 0.350000 0.019531 0.025000
0 0.543359 0.446528 0.019531 0.031944
0 0.138281 0.644444 0.264062 0.338889
0 0.367188 0.526389 0.039062 0.047222
0 0.487891 0.363194 0.010156 0.020833
0 0.568750 0.422222 0.017188 0.030556
0 0.441406 0.409722 0.014063 0.022222
0 0.433203 0.383333 0.013281 0.016667
0 0.465234 0.350000 0.019531 0.025000
0 0.367188 0.526389 0.039062 0.047222
0 0.487891 0.363194 0.010156 0.020833
0 0.568750 0.422222 0.017188 0.030556
0 0.446875 0.395139 0.015625 0.020833
0 0.478125 0.354861 0.007812 0.015278
0 0.403906 0.415972 0.018750 0.020833
0 0.085547 0.968056 0.138281 0.061111
0 0.478125 0.386806 0.010937 0.015278
0 0.453516 0.437500 0.021094 0.027778
0 0.423047 0.434028 0.019531 0.026389
0 0.458984 0.377083 0.011719 0.018056
0 0.522656 0.368750 0.010937 0.015278
0 0.757031 0.608333 0.062500 0.075000
0 0.439063 0.375000 0.014063 0.013889
0 0.441797 0.403472 0.017969 0.026389
0 0.542969 0.379167 0.010937 0.013889
0 0.405078 0.470139 0.027344 0.034722
0 0.566016 0.382639 0.010156 0.015278
0 0.467187 0.400694 0.014063 0.020833
0 0.413672 0.402083 0.013281 0.020833
0 0.544531 0.339583 0.012500 0.029167
0 0.478906 0.370833 0.010937 0.013889
0 0.330078 0.496528 0.035156 0.040278
0 0.330078 0.496528 0.035156 0.040278
0 0.478906 0.370833 0.010937 0.013889
0 0.544531 0.339583 0.012500 0.029167
0 0.413672 0.402083 0.013281 0.020833
0 0.467187 0.400694 0.014063 0.020833
0 0.566016 0.382639 0.010156 0.015278
0 0.446875 0.395139 0.015625 0.020833
0 0.478125 0.354861 0.007812 0.015278
0 0.403906 0.415972 0.018750 0.020833
0 0.085547 0.968056 0.138281 0.061111
0 0.405078 0.470139 0.027344 0.034722
0 0.542969 0.379167 0.010937 0.013889
0 0.441797 0.403472 0.017969 0.026389
0 0.439063 0.375000 0.014063 0.013889
0 0.757031 0.608333 0.062500 0.075000
