0 0.581250 0.419444 0.010417 0.016667
0 0.603125 0.409722 0.014583 0.013889
0 0.657292 0.384028 0.014583 0.015278
0 0.458854 0.412500 0.023958 0.019444
0 0.678646 0.480556 0.048958 0.055556
0 0.678646 0.480556 0.048958 0.055556
0 0.623437 0.395833 0.015625 0.016667
0 0.657292 0.384028 0.014583 0.015278
0 0.581250 0.419444 0.010417 0.016667
0 0.603125 0.409722 0.014583 0.013889
0 0.689583 0.511111 0.022917 0.025000
0 0.623437 0.395833 0.015625 0.016667
0 0.689583 0.511111 0.022917 0.025000
0 0.689583 0.511111 0.022917 0.025000
0 0.623437 0.395833 0.015625 0.016667
0 0.657292 0.384028 0.014583 0.015278
0 0.657292 0.384028 0.014583 0.015278
0 0.458854 0.412500 0.023958 0.019444
0 0.678646 0.480556 0.048958 0.055556
0 0.458854 0.412500 0.023958 0.019444
0 0.581250 0.419444 0.010417 0.016667
0 0.603125 0.409722 0.014583 0.013889
0 0.689583 0.511111 0.022917 0.025000
0 0.678646 0.480556 0.048958 0.055556
0 0.458854 0.412500 0.023958 0.019444
0 0.581250 0.419444 0.010417 0.016667
0 0.603125 0.409722 0.014583 0.013889
0 0.689583 0.511111 0.022917 0.025000
0 0.623437 0.395833 0.015625 0.016667
0 0.657292 0.384028 0.014583 0.015278
0 0.623437 0.395833 0.015625 0.016667
0 0.657292 0.384028 0.014583 0.015278
0 0.458854 0.412500 0.023958 0.019444
0 0.581250 0.419444 0.010417 0.016667
0 0.657292 0.384028 0.014583 0.015278
0 0.623437 0.395833 0.015625 0.016667
0 0.689583 0.511111 0.022917 0.025000
0 0.603125 0.409722 0.014583 0.013889
0 0.581250 0.419444 0.010417 0.016667
0 0.458854 0.412500 0.023958 0.019444
0 0.678646 0.480556 0.048958 0.055556
0 0.603125 0.409722 0.014583 0.013889
0 0.689583 0.511111 0.022917 0.025000
0 0.623437 0.395833 0.015625 0.016667
0 0.581250 0.419444 0.010417 0.016667
0 0.603125 0.409722 0.014583 0.013889
0 0.678646 0.480556 0.048958 0.055556
0 0.458854 0.412500 0.023958 0.019444
0 0.678646 0.480556 0.048958 0.055556
