0 0.475781 0.386111 0.014063 0.019444
0 0.867188 0.736111 0.264062 0.486111
0 0.439453 0.453472 0.027344 0.051389
0 0.367969 0.475694 0.026562 0.034722
0 0.419141 0.438194 0.025781 0.034722
0 0.371875 0.727083 0.067187 0.101389
0 0.409766 0.457639 0.024219 0.029167
0 0.468750 0.395139 0.014063 0.020833
0 0.539453 0.352778 0.014844 0.033333
0 0.556641 0.401389 0.013281 0.019444
0 0.562500 0.363889 0.017188 0.038889
0 0.335938 0.563889 0.053125 0.105556
0 0.479297 0.372222 0.011719 0.016667
0 0.433984 0.491667 0.027344 0.033333
0 0.448437 0.369444 0.010937 0.013889
0 0.439844 0.412500 0.015625 0.025000
0 0.605078 0.499306 0.030469 0.051389
0 0.464062 0.419444 0.015625 0.027778
0 0.455859 0.439583 0.019531 0.029167
0 0.375391 0.493750 0.027344 0.026389
0 0.459375 0.375694 0.010937 0.018056
0 0.386719 0.409722 0.045312 0.080556
0 0.523438 0.368056 0.009375 0.013889
0 0.467187 0.367361 0.009375 0.015278
0 0.614453 0.445139 0.022656 0.031944
0 0.442578 0.404167 0.014844 0.025000
0 0.478516 0.343750 0.017969 0.026389
0 0.264062 0.690972 0.081250 0.120833
0 0.433594 0.530556 0.031250 0.044444
0 0.413281 0.593750 0.040625 0.065278
0 0.375000 0.523611 0.034375 0.047222
0 0.365234 0.453472 0.024219 0.020833
0 0.415625 0.402778 0.012500 0.022222
0 0.428125 0.431250 0.017188 0.043056
0 0.196875 0.645833 0.070312 0.075000
0 0.450391 0.390278 0.013281 0.019444
0 0.475781 0.386111 0.014063 0.019444
0 0.867188 0.736111 0.264062 0.486111
0 0.439453 0.453472 0.027344 0.051389
0 0.367969 0.475694 0.026562 0.034722
0 0.419141 0.438194 0.025781 0.034722
0 0.371875 0.727083 0.067187 0.101389
0 0.409766 0.457639 0.024219 0.029167
0 0.468750 0.395139 0.014063 0.020833
0 0.539453 0.352778 0.014844 0.033333
0 0.556641 0.401389 0.013281 0.019444
0 0.562500 0.363889 0.017188 0.038889
0 0.335938 0.563889 0.053125 0.105556
0 0.479297 0.372222 0.011719 0.016667
0 0.433984 0.491667 0.027344 0.033333
0 0.448437 0.369444 0.010937 0.013889
0 0.439844 0.412500 0.015625 0.025000
0 0.605078 0.499306 0.030469 0.051389
0 0.464062 0.419444 0.015625 0.027778
0 0.455859 0.439583 0.019531 0.029167
0 0.375391 0.493750 0.027344 0.026389
0 0.459375 0.375694 0.010937 0.018056
0 0.386719 0.409722 0.045312 0.080556
0 0.523438 0.368056 0.009375 0.013889
0 0.467187 0.367361 0.009375 0.015278
0 0.614453 0.445139 0.022656 0.031944
0 0.442578 0.404167 0.014844 0.025000
0 0.478516 0.343750 0.017969 0.026389
0 0.264062 0.690972 0.081250 0.120833
0 0.433594 0.530556 0.031250 0.044444
0 0.413281 0.593750 0.040625 0.065278
0 0.375000 0.523611 0.034375 0.047222
0 0.365234 0.453472 0.024219 0.020833
0 0.415625 0.402778 0.012500 0.022222
0 0.428125 0.431250 0.017188 0.043056
0 0.196875 0.645833 0.070312 0.075000
0 0.450391 0.390278 0.013281 0.019444
0 0.475781 0.386111 0.014063 0.019444
0 0.867188 0.736111 0.264062 0.486111
0 0.439453 0.453472 0.027344 0.051389
0 0.367969 0.475694 0.026562 0.034722
0 0.419141 0.438194 0.025781 0.034722
0 0.371875 0.727083 0.067187 0.101389
0 0.409766 0.457639 0.024219 0.029167
0 0.468750 0.395139 0.014063 0.020833
0 0.468750 0.395139 0.014063 0.020833
0 0.409766 0.457639 0.024219 0.029167
0 0.371875 0.727083 0.067187 0.101389
0 0.419141 0.438194 0.025781 0.034722
0 0.367969 0.475694 0.026562 0.034722
0 0.439453 0.453472 0.027344 0.051389
0 0.867188 0.736111 0.264062 0.486111
0 0.475781 0.386111 0.014063 0.019444
0 0.450391 0.390278 0.013281 0.019444
0 0.196875 0.645833 0.070312 0.075000
0 0.428125 0.431250 0.017188 0.043056
0 0.415625 0.402778 0.012500 0.022222
0 0.365234 0.453472 0.024219 0.020833
0 0.375000 0.523611 0.034375 0.047222
0 0.413281 0.593750 0.040625 0.065278
0 0.433594 0.530556 0.031250 0.044444
0 0.264062 0.690972 0.081250 0.120833
0 0.478516 0.343750 0.017969 0.026389
0 0.442578 0.404167 0.014844 0.025000
0 0.614453 0.445139 0.022656 0.031944
0 0.467187 0.367361 0.009375 0.015278
0 0.523438 0.368056 0.009375 0.013889
0 0.386719 0.409722 0.045312 0.080556
0 0.459375 0.375694 0.010937 0.018056
0 0.375391 0.493750 0.027344 0.026389
0 0.455859 0.439583 0.019531 0.029167
0 0.464062 0.419444 0.015625 0.027778
0 0.605078 0.499306 0.030469 0.051389
0 0.439844 0.412500 0.015625 0.025000
0 0.448437 0.369444 0.010937 0.013889
0 0.433984 0.491667 0.027344 0.033333
0 0.479297 0.372222 0.011719 0.016667
0 0.335938 0.563889 0.053125 0.105556
0 0.562500 0.363889 0.017188 0.038889
0 0.556641 0.401389 0.013281 0.019444
0 0.539453 0.352778 0.014844 0.033333
0 0.468750 0.395139 0.014063 0.020833
0 0.409766 0.457639 0.024219 0.029167
0 0.371875 0.727083 0.067187 0.101389
0 0.419141 0.438194 0.025781 0.034722
0 0.367969 0.475694 0.026562 0.034722
0 0.439453 0.453472 0.027344 0.051389
0 0.867188 0.736111 0.264062 0.486111
0 0.475781 0.386111 0.014063 0.019444
0 0.450391 0.390278 0.013281 0.019444
0 0.196875 0.645833 0.070312 0.075000
0 0.428125 0.431250 0.017188 0.043056
0 0.415625 0.402778 0.012500 0.022222
0 0.365234 0.453472 0.024219 0.020833
0 0.375000 0.523611 0.034375 0.047222
0 0.413281 0.593750 0.040625 0.065278
0 0.433594 0.530556 0.031250 0.044444
0 0.264062 0.690972 0.081250 0.120833
0 0.478516 0.343750 0.017969 0.026389
0 0.442578 0.404167 0.014844 0.025000
0 0.614453 0.445139 0.022656 0.031944
0 0.467187 0.367361 0.009375 0.015278
0 0.523438 0.368056 0.009375 0.013889
0 0.386719 0.409722 0.045312 0.080556
0 0.459375 0.375694 0.010937 0.018056
0 0.375391 0.493750 0.027344 0.026389
0 0.455859 0.439583 0.019531 0.029167
0 0.464062 0.419444 0.015625 0.027778
0 0.605078 0.499306 0.030469 0.051389
0 0.439844 0.412500 0.015625 0.025000
0 0.448437 0.369444 0.010937 0.013889
0 0.433984 0.491667 0.027344 0.033333
0 0.479297 0.372222 0.011719 0.016667
0 0.335938 0.563889 0.053125 0.105556
0 0.562500 0.363889 0.017188 0.038889
0 0.556641 0.401389 0.013281 0.019444
0 0.539453 0.352778 0.014844 0.033333
0 0.468750 0.395139 0.014063 0.020833
0 0.409766 0.457639 0.024219 0.029167
0 0.371875 0.727083 0.067187 0.101389
0 0.419141 0.438194 0.025781 0.034722
0 0.367969 0.475694 0.026562 0.034722
0 0.439453 0.453472 0.027344 0.051389
0 0.867188 0.736111 0.264062 0.486111
0 0.475781 0.386111 0.014063 0.019444
0 0.450391 0.390278 0.013281 0.019444
0 0.196875 0.645833 0.070312 0.075000
0 0.428125 0.431250 0.017188 0.043056
0 0.415625 0.402778 0.012500 0.022222
0 0.365234 0.453472 0.024219 0.020833
0 0.375000 0.523611 0.034375 0.047222
0 0.413281 0.593750 0.040625 0.065278
0 0.433594 0.530556 0.031250 0.044444
0 0.264062 0.690972 0.081250 0.120833
0 0.478516 0.343750 0.017969 0.026389
0 0.442578 0.404167 0.014844 0.025000
0 0.614453 0.445139 0.022656 0.031944
0 0.467187 0.367361 0.009375 0.015278
0 0.523438 0.368056 0.009375 0.013889
0 0.386719 0.409722 0.045312 0.080556
0 0.459375 0.375694 0.010937 0.018056
0 0.375391 0.493750 0.027344 0.026389
0 0.455859 0.439583 0.019531 0.029167
0 0.464062 0.419444 0.015625 0.027778
0 0.605078 0.499306 0.030469 0.051389
0 0.439844 0.412500 0.015625 0.025000
0 0.448437 0.369444 0.010937 0.013889
0 0.433984 0.491667 0.027344 0.033333
0 0.479297 0.372222 0.011719 0.016667
0 0.335938 0.563889 0.053125 0.105556
0 0.562500 0.363889 0.017188 0.038889
0 0.556641 0.401389 0.013281 0.019444
0 0.539453 0.352778 0.014844 0.033333
0 0.539453 0.352778 0.014844 0.033333
0 0.556641 0.401389 0.013281 0.019444
0 0.562500 0.363889 0.017188 0.038889
0 0.335938 0.563889 0.053125 0.105556
0 0.479297 0.372222 0.011719 0.016667
0 0.433984 0.491667 0.027344 0.033333
0 0.448437 0.369444 0.010937 0.013889
0 0.439844 0.412500 0.015625 0.025000
0 0.605078 0.499306 0.030469 0.051389
0 0.464062 0.419444 0.015625 0.027778
0 0.455859 0.439583 0.019531 0.029167
0 0.375391 0.493750 0.027344 0.026389
0 0.459375 0.375694 0.010937 0.018056
0 0.386719 0.409722 0.045312 0.080556
0 0.523438 0.368056 0.009375 0.013889
0 0.467187 0.367361 0.009375 0.015278
0 0.614453 0.445139 0.022656 0.031944
0 0.442578 0.404167 0.014844 0.025000
0 0.478516 0.343750 0.017969 0.026389
0 0.264062 0.690972 0.081250 0.120833
0 0.433594 0.530556 0.031250 0.044444
0 0.413281 0.593750 0.040625 0.065278
0 0.375000 0.523611 0.034375 0.047222
0 0.365234 0.453472 0.024219 0.020833
0 0.415625 0.402778 0.012500 0.022222
0 0.428125 0.431250 0.017188 0.043056
0 0.196875 0.645833 0.070312 0.075000
0 0.450391 0.390278 0.013281 0.019444
0 0.475781 0.386111 0.014063 0.019444
0 0.867188 0.736111 0.264062 0.486111
0 0.439453 0.453472 0.027344 0.051389
0 0.367969 0.475694 0.026562 0.034722
0 0.419141 0.438194 0.025781 0.034722
0 0.371875 0.727083 0.067187 0.101389
0 0.409766 0.457639 0.024219 0.029167
0 0.468750 0.395139 0.014063 0.020833
0 0.539453 0.352778 0.014844 0.033333
0 0.556641 0.401389 0.013281 0.019444
0 0.562500 0.363889 0.017188 0.038889
0 0.335938 0.563889 0.053125 0.105556
0 0.479297 0.372222 0.011719 0.016667
0 0.433984 0.491667 0.027344 0.033333
0 0.448437 0.369444 0.010937 0.013889
0 0.439844 0.412500 0.015625 0.025000
0 0.605078 0.499306 0.030469 0.051389
0 0.464062 0.419444 0.015625 0.027778
0 0.455859 0.439583 0.019531 0.029167
0 0.375391 0.493750 0.027344 0.026389
0 0.459375 0.375694 0.010937 0.018056
0 0.386719 0.409722 0.045312 0.080556
0 0.523438 0.368056 0.009375 0.013889
0 0.467187 0.367361 0.009375 0.015278
0 0.614453 0.445139 0.022656 0.031944
0 0.442578 0.404167 0.014844 0.025000
0 0.478516 0.343750 0.017969 0.026389
0 0.264062 0.690972 0.081250 0.120833
0 0.433594 0.530556 0.031250 0.044444
0 0.413281 0.593750 0.040625 0.065278
0 0.375000 0.523611 0.034375 0.047222
0 0.365234 0.453472 0.024219 0.020833
0 0.415625 0.402778 0.012500 0.022222
0 0.428125 0.431250 0.017188 0.043056
0 0.196875 0.645833 0.070312 0.075000
0 0.450391 0.390278 0.013281 0.019444
