0 0.621354 0.395833 0.017708 0.016667
0 0.756250 0.362500 0.008333 0.008333
0 0.756250 0.362500 0.008333 0.008333
0 0.300000 0.440972 0.018750 0.012500
0 0.581250 0.420139 0.010417 0.015278
0 0.416146 0.459722 0.063542 0.047222
0 0.586458 0.594444 0.120833 0.097222
0 0.300000 0.440972 0.018750 0.012500
0 0.581250 0.420139 0.010417 0.015278
0 0.416146 0.459722 0.063542 0.047222
0 0.586458 0.594444 0.120833 0.097222
0 0.603125 0.407639 0.014583 0.015278
0 0.273438 0.426389 0.013542 0.011111
0 0.343229 0.399306 0.017708 0.018056
0 0.430729 0.499306 0.032292 0.023611
0 0.514583 0.506250 0.035417 0.023611
0 0.246875 0.401389 0.060417 0.022222
0 0.329688 0.442361 0.019792 0.012500
0 0.505208 0.538194 0.037500 0.026389
0 0.356771 0.469444 0.023958 0.016667
0 0.301042 0.430556 0.020833 0.013889
0 0.351562 0.480556 0.030208 0.022222
0 0.459375 0.412500 0.022917 0.019444
0 0.283333 0.422917 0.014583 0.012500
0 0.634375 0.416667 0.045833 0.033333
0 0.330208 0.455556 0.020833 0.016667
0 0.354687 0.453472 0.026042 0.015278
0 0.398438 0.499306 0.034375 0.029167
0 0.497917 0.515972 0.031250 0.023611
0 0.550521 0.678472 0.063542 0.040278
0 0.655208 0.409028 0.012500 0.015278
0 0.656771 0.383333 0.015625 0.013889
0 0.511979 0.594444 0.040625 0.036111
0 0.621354 0.395833 0.017708 0.016667
0 0.756250 0.362500 0.008333 0.008333
0 0.603125 0.407639 0.014583 0.015278
0 0.273438 0.426389 0.013542 0.011111
0 0.343229 0.399306 0.017708 0.018056
0 0.430729 0.499306 0.032292 0.023611
0 0.514583 0.506250 0.035417 0.023611
0 0.246875 0.401389 0.060417 0.022222
0 0.329688 0.442361 0.019792 0.012500
0 0.603125 0.407639 0.014583 0.015278
0 0.586458 0.594444 0.120833 0.097222
0 0.505208 0.538194 0.037500 0.026389
0 0.356771 0.469444 0.023958 0.016667
0 0.756250 0.362500 0.008333 0.008333
0 0.621354 0.395833 0.017708 0.016667
0 0.511979 0.594444 0.040625 0.036111
0 0.656771 0.383333 0.015625 0.013889
0 0.655208 0.409028 0.012500 0.015278
0 0.550521 0.678472 0.063542 0.040278
0 0.497917 0.515972 0.031250 0.023611
0 0.398438 0.499306 0.034375 0.029167
0 0.354687 0.453472 0.026042 0.015278
0 0.756250 0.362500 0.008333 0.008333
0 0.621354 0.395833 0.017708 0.016667
0 0.511979 0.594444 0.040625 0.036111
0 0.656771 0.383333 0.015625 0.013889
0 0.655208 0.409028 0.012500 0.015278
0 0.550521 0.678472 0.063542 0.040278
0 0.497917 0.515972 0.031250 0.023611
0 0.398438 0.499306 0.034375 0.029167
0 0.354687 0.453472 0.026042 0.015278
0 0.511979 0.594444 0.040625 0.036111
0 0.656771 0.383333 0.015625 0.013889
0 0.655208 0.409028 0.012500 0.015278
0 0.550521 0.678472 0.063542 0.040278
0 0.497917 0.515972 0.031250 0.023611
0 0.398438 0.499306 0.034375 0.029167
0 0.354687 0.453472 0.026042 0.015278
0 0.330208 0.455556 0.020833 0.016667
0 0.634375 0.416667 0.045833 0.033333
0 0.283333 0.422917 0.014583 0.012500
0 0.459375 0.412500 0.022917 0.019444
0 0.351562 0.480556 0.030208 0.022222
0 0.301042 0.430556 0.020833 0.013889
0 0.356771 0.469444 0.023958 0.016667
0 0.505208 0.538194 0.037500 0.026389
0 0.330208 0.455556 0.020833 0.016667
0 0.634375 0.416667 0.045833 0.033333
0 0.283333 0.422917 0.014583 0.012500
0 0.459375 0.412500 0.022917 0.019444
0 0.351562 0.480556 0.030208 0.022222
0 0.301042 0.430556 0.020833 0.013889
0 0.356771 0.469444 0.023958 0.016667
0 0.505208 0.538194 0.037500 0.026389
0 0.329688 0.442361 0.019792 0.012500
0 0.246875 0.401389 0.060417 0.022222
0 0.514583 0.506250 0.035417 0.023611
0 0.430729 0.499306 0.032292 0.023611
0 0.246875 0.401389 0.060417 0.022222
0 0.514583 0.506250 0.035417 0.023611
0 0.430729 0.499306 0.032292 0.023611
0 0.343229 0.399306 0.017708 0.018056
0 0.273438 0.426389 0.013542 0.011111
0 0.603125 0.407639 0.014583 0.015278
0 0.586458 0.594444 0.120833 0.097222
0 0.416146 0.459722 0.063542 0.047222
0 0.581250 0.420139 0.010417 0.015278
0 0.300000 0.440972 0.018750 0.012500
0 0.329688 0.442361 0.019792 0.012500
0 0.246875 0.401389 0.060417 0.022222
0 0.514583 0.506250 0.035417 0.023611
0 0.430729 0.499306 0.032292 0.023611
0 0.343229 0.399306 0.017708 0.018056
0 0.273438 0.426389 0.013542 0.011111
0 0.330208 0.455556 0.020833 0.016667
0 0.300000 0.440972 0.018750 0.012500
0 0.581250 0.420139 0.010417 0.015278
0 0.416146 0.459722 0.063542 0.047222
0 0.586458 0.594444 0.120833 0.097222
0 0.603125 0.407639 0.014583 0.015278
0 0.273438 0.426389 0.013542 0.011111
0 0.343229 0.399306 0.017708 0.018056
0 0.430729 0.499306 0.032292 0.023611
0 0.514583 0.506250 0.035417 0.023611
0 0.246875 0.401389 0.060417 0.022222
0 0.329688 0.442361 0.019792 0.012500
0 0.505208 0.538194 0.037500 0.026389
0 0.356771 0.469444 0.023958 0.016667
0 0.301042 0.430556 0.020833 0.013889
0 0.351562 0.480556 0.030208 0.022222
0 0.459375 0.412500 0.022917 0.019444
0 0.283333 0.422917 0.014583 0.012500
0 0.634375 0.416667 0.045833 0.033333
0 0.330208 0.455556 0.020833 0.016667
0 0.354687 0.453472 0.026042 0.015278
0 0.398438 0.499306 0.034375 0.029167
0 0.497917 0.515972 0.031250 0.023611
0 0.550521 0.678472 0.063542 0.040278
0 0.655208 0.409028 0.012500 0.015278
0 0.656771 0.383333 0.015625 0.013889
0 0.511979 0.594444 0.040625 0.036111
0 0.621354 0.395833 0.017708 0.016667
0 0.756250 0.362500 0.008333 0.008333
0 0.416146 0.459722 0.063542 0.047222
0 0.581250 0.420139 0.010417 0.015278
0 0.300000 0.440972 0.018750 0.012500
0 0.634375 0.416667 0.045833 0.033333
0 0.283333 0.422917 0.014583 0.012500
0 0.459375 0.412500 0.022917 0.019444
0 0.351562 0.480556 0.030208 0.022222
0 0.301042 0.430556 0.020833 0.013889
0 0.356771 0.469444 0.023958 0.016667
0 0.621354 0.395833 0.017708 0.016667
0 0.505208 0.538194 0.037500 0.026389
0 0.416146 0.459722 0.063542 0.047222
0 0.581250 0.420139 0.010417 0.015278
0 0.300000 0.440972 0.018750 0.012500
0 0.329688 0.442361 0.019792 0.012500
0 0.246875 0.401389 0.060417 0.022222
0 0.514583 0.506250 0.035417 0.023611
0 0.430729 0.499306 0.032292 0.023611
0 0.343229 0.399306 0.017708 0.018056
0 0.273438 0.426389 0.013542 0.011111
0 0.603125 0.407639 0.014583 0.015278
0 0.586458 0.594444 0.120833 0.097222
0 0.301042 0.430556 0.020833 0.013889
0 0.351562 0.480556 0.030208 0.022222
0 0.459375 0.412500 0.022917 0.019444
0 0.283333 0.422917 0.014583 0.012500
0 0.634375 0.416667 0.045833 0.033333
0 0.330208 0.455556 0.020833 0.016667
0 0.354687 0.453472 0.026042 0.015278
0 0.398438 0.499306 0.034375 0.029167
0 0.497917 0.515972 0.031250 0.023611
0 0.550521 0.678472 0.063542 0.040278
0 0.655208 0.409028 0.012500 0.015278
0 0.329688 0.442361 0.019792 0.012500
0 0.505208 0.538194 0.037500 0.026389
0 0.356771 0.469444 0.023958 0.016667
0 0.301042 0.430556 0.020833 0.013889
0 0.351562 0.480556 0.030208 0.022222
0 0.459375 0.412500 0.022917 0.019444
0 0.283333 0.422917 0.014583 0.012500
0 0.634375 0.416667 0.045833 0.033333
0 0.330208 0.455556 0.020833 0.016667
0 0.354687 0.453472 0.026042 0.015278
0 0.398438 0.499306 0.034375 0.029167
0 0.497917 0.515972 0.031250 0.023611
0 0.550521 0.678472 0.063542 0.040278
0 0.655208 0.409028 0.012500 0.015278
0 0.656771 0.383333 0.015625 0.013889
0 0.511979 0.594444 0.040625 0.036111
0 0.621354 0.395833 0.017708 0.016667
0 0.756250 0.362500 0.008333 0.008333
0 0.343229 0.399306 0.017708 0.018056
0 0.273438 0.426389 0.013542 0.011111
0 0.603125 0.407639 0.014583 0.015278
0 0.586458 0.594444 0.120833 0.097222
0 0.416146 0.459722 0.063542 0.047222
0 0.581250 0.420139 0.010417 0.015278
0 0.300000 0.440972 0.018750 0.012500
0 0.656771 0.383333 0.015625 0.013889
0 0.511979 0.594444 0.040625 0.036111
