0 0.471875 0.526389 0.082812 0.055556
0 0.610547 0.322917 0.024219 0.029167
0 0.532813 0.520833 0.053125 0.047222
0 0.798438 0.427778 0.034375 0.063889
0 0.052734 0.561111 0.105469 0.077778
0 0.175000 0.966667 0.106250 0.063889
0 0.317969 0.517361 0.056250 0.065278
0 0.376563 0.672222 0.070312 0.116667
0 0.398828 0.336806 0.027344 0.040278
0 0.342969 0.483333 0.046875 0.063889
0 0.678516 0.359722 0.028906 0.047222
0 0.723047 0.363194 0.035156 0.043056
0 0.981250 0.774306 0.035937 0.118056
0 0.399609 0.431250 0.042969 0.076389
0 0.694141 0.486111 0.124219 0.072222
0 0.631641 0.300000 0.046094 0.050000
0 0.285547 0.693750 0.080469 0.123611
0 0.555859 0.388194 0.025781 0.029167
0 0.023828 0.971528 0.047656 0.054167
0 0.766016 0.522917 0.108594 0.073611
0 0.593359 0.338889 0.017969 0.047222
0 0.700391 0.408333 0.058594 0.038889
0 0.214453 0.478472 0.122656 0.184722
0 0.191406 0.743056 0.059375 0.144444
0 0.219922 0.829861 0.105469 0.156944
0 0.422266 0.388889 0.050781 0.066667
0 0.405469 0.367361 0.028125 0.045833
0 0.508203 0.731250 0.058594 0.148611
0 0.312891 0.592361 0.086719 0.098611
0 0.883594 0.595139 0.053125 0.112500
0 0.476562 0.686806 0.065625 0.126389
0 0.753906 0.407639 0.048438 0.034722
0 0.339062 0.829861 0.098437 0.134722
0 0.938672 0.727083 0.091406 0.131944
0 0.148438 0.600000 0.062500 0.066667
0 0.401953 0.554861 0.060156 0.095833
0 0.711719 0.742361 0.079687 0.143056
0 0.067969 0.771528 0.135937 0.379167
0 0.332031 0.337500 0.032813 0.047222
0 0.736719 0.374306 0.035937 0.043056
0 0.648047 0.352778 0.021094 0.047222
0 0.463281 0.562500 0.073438 0.063889
0 0.212891 0.619444 0.077344 0.097222
0 0.703125 0.434028 0.062500 0.031944
0 0.152734 0.683333 0.047656 0.133333
0 0.644922 0.402083 0.028906 0.031944
0 0.331641 0.938889 0.121094 0.119444
0 0.334766 0.424306 0.060156 0.109722
0 0.883984 0.521528 0.127344 0.095833
0 0.766406 0.437500 0.076563 0.083333
0 0.875391 0.860417 0.247656 0.276389
0 0.560156 0.454167 0.037500 0.066667
0 0.976953 0.495139 0.044531 0.065278
0 0.666016 0.580556 0.144531 0.108333
0 0.697266 0.344444 0.028906 0.041667
0 0.943750 0.461806 0.106250 0.062500
0 0.611328 0.429861 0.028906 0.068056
0 0.530469 0.391667 0.025000 0.050000
0 0.557813 0.412500 0.032813 0.038889
0 0.837109 0.486111 0.066406 0.047222
0 0.391797 0.709722 0.080469 0.147222
0 0.418359 0.623611 0.085156 0.100000
0 0.872656 0.480556 0.085938 0.033333
0 0.694141 0.486111 0.124219 0.072222
0 0.419922 0.320139 0.027344 0.043056
0 0.845313 0.717361 0.076563 0.031944
0 0.736328 0.549306 0.107031 0.076389
0 0.993359 0.558333 0.011719 0.058333
0 0.390234 0.497917 0.053906 0.079167
0 0.605469 0.511806 0.098437 0.054167
0 0.468750 0.836111 0.093750 0.161111
0 0.638672 0.445139 0.039844 0.059722
0 0.578906 0.376389 0.032813 0.041667
0 0.626172 0.364583 0.035156 0.056944
0 0.481250 0.918750 0.103125 0.159722
0 0.640234 0.395139 0.033594 0.043056
0 0.512109 0.576389 0.092969 0.075000
0 0.685937 0.302778 0.040625 0.055556
0 0.381250 0.294444 0.025000 0.036111
0 0.252344 0.651389 0.076563 0.094444
0 0.540625 0.947222 0.084375 0.100000
0 0.497656 0.624306 0.082812 0.079167
0 0.471875 0.526389 0.082812 0.055556
0 0.610547 0.322917 0.024219 0.029167
0 0.532813 0.520833 0.053125 0.047222
0 0.798438 0.427778 0.034375 0.063889
0 0.052734 0.561111 0.105469 0.077778
0 0.175000 0.966667 0.106250 0.063889
0 0.219922 0.829861 0.105469 0.156944
0 0.422266 0.388889 0.050781 0.066667
0 0.405469 0.367361 0.028125 0.045833
0 0.508203 0.731250 0.058594 0.148611
0 0.312891 0.592361 0.086719 0.098611
0 0.883594 0.595139 0.053125 0.112500
0 0.476562 0.686806 0.065625 0.126389
0 0.753906 0.407639 0.048438 0.034722
0 0.339062 0.829861 0.098437 0.134722
0 0.938672 0.727083 0.091406 0.131944
0 0.148438 0.600000 0.062500 0.066667
0 0.401953 0.554861 0.060156 0.095833
0 0.711719 0.742361 0.079687 0.143056
0 0.067969 0.771528 0.135937 0.379167
0 0.332031 0.337500 0.032813 0.047222
0 0.736719 0.374306 0.035937 0.043056
0 0.648047 0.352778 0.021094 0.047222
0 0.872656 0.480556 0.085938 0.033333
0 0.418359 0.623611 0.085156 0.100000
0 0.391797 0.709722 0.080469 0.147222
0 0.837109 0.486111 0.066406 0.047222
0 0.557813 0.412500 0.032813 0.038889
0 0.530469 0.391667 0.025000 0.050000
0 0.611328 0.429861 0.028906 0.068056
0 0.943750 0.461806 0.106250 0.062500
0 0.697266 0.344444 0.028906 0.041667
0 0.666016 0.580556 0.144531 0.108333
0 0.976953 0.495139 0.044531 0.065278
0 0.560156 0.454167 0.037500 0.066667
0 0.875391 0.860417 0.247656 0.276389
0 0.766406 0.437500 0.076563 0.083333
0 0.883984 0.521528 0.127344 0.095833
0 0.334766 0.424306 0.060156 0.109722
0 0.331641 0.938889 0.121094 0.119444
0 0.644922 0.402083 0.028906 0.031944
0 0.152734 0.683333 0.047656 0.133333
0 0.703125 0.434028 0.062500 0.031944
0 0.212891 0.619444 0.077344 0.097222
0 0.463281 0.562500 0.073438 0.063889
0 0.872656 0.480556 0.085938 0.033333
0 0.418359 0.623611 0.085156 0.100000
0 0.391797 0.709722 0.080469 0.147222
0 0.837109 0.486111 0.066406 0.047222
0 0.557813 0.412500 0.032813 0.038889
0 0.530469 0.391667 0.025000 0.050000
0 0.611328 0.429861 0.028906 0.068056
0 0.943750 0.461806 0.106250 0.062500
0 0.697266 0.344444 0.028906 0.041667
0 0.666016 0.580556 0.144531 0.108333
0 0.976953 0.495139 0.044531 0.065278
0 0.560156 0.454167 0.037500 0.066667
0 0.875391 0.860417 0.247656 0.276389
0 0.766406 0.437500 0.076563 0.083333
0 0.883984 0.521528 0.127344 0.095833
0 0.334766 0.424306 0.060156 0.109722
0 0.331641 0.938889 0.121094 0.119444
0 0.644922 0.402083 0.028906 0.031944
0 0.152734 0.683333 0.047656 0.133333
0 0.703125 0.434028 0.062500 0.031944
0 0.212891 0.619444 0.077344 0.097222
0 0.463281 0.562500 0.073438 0.063889
0 0.648047 0.352778 0.021094 0.047222
0 0.736719 0.374306 0.035937 0.043056
0 0.332031 0.337500 0.032813 0.047222
0 0.067969 0.771528 0.135937 0.379167
0 0.711719 0.742361 0.079687 0.143056
0 0.401953 0.554861 0.060156 0.095833
0 0.148438 0.600000 0.062500 0.066667
0 0.938672 0.727083 0.091406 0.131944
0 0.872656 0.480556 0.085938 0.033333
0 0.418359 0.623611 0.085156 0.100000
0 0.391797 0.709722 0.080469 0.147222
0 0.837109 0.486111 0.066406 0.047222
0 0.557813 0.412500 0.032813 0.038889
0 0.530469 0.391667 0.025000 0.050000
0 0.611328 0.429861 0.028906 0.068056
0 0.943750 0.461806 0.106250 0.062500
0 0.697266 0.344444 0.028906 0.041667
0 0.666016 0.580556 0.144531 0.108333
0 0.976953 0.495139 0.044531 0.065278
0 0.560156 0.454167 0.037500 0.066667
0 0.875391 0.860417 0.247656 0.276389
0 0.766406 0.437500 0.076563 0.083333
0 0.883984 0.521528 0.127344 0.095833
0 0.334766 0.424306 0.060156 0.109722
0 0.331641 0.938889 0.121094 0.119444
0 0.644922 0.402083 0.028906 0.031944
0 0.152734 0.683333 0.047656 0.133333
0 0.703125 0.434028 0.062500 0.031944
0 0.212891 0.619444 0.077344 0.097222
0 0.463281 0.562500 0.073438 0.063889
0 0.648047 0.352778 0.021094 0.047222
0 0.736719 0.374306 0.035937 0.043056
0 0.332031 0.337500 0.032813 0.047222
0 0.067969 0.771528 0.135937 0.379167
0 0.711719 0.742361 0.079687 0.143056
0 0.401953 0.554861 0.060156 0.095833
0 0.148438 0.600000 0.062500 0.066667
0 0.938672 0.727083 0.091406 0.131944
0 0.339062 0.829861 0.098437 0.134722
0 0.753906 0.407639 0.048438 0.034722
0 0.476562 0.686806 0.065625 0.126389
0 0.883594 0.595139 0.053125 0.112500
0 0.312891 0.592361 0.086719 0.098611
0 0.508203 0.731250 0.058594 0.148611
0 0.405469 0.367361 0.028125 0.045833
0 0.422266 0.388889 0.050781 0.066667
0 0.219922 0.829861 0.105469 0.156944
0 0.191406 0.743056 0.059375 0.144444
0 0.214453 0.478472 0.122656 0.184722
0 0.700391 0.408333 0.058594 0.038889
0 0.593359 0.338889 0.017969 0.047222
0 0.766016 0.522917 0.108594 0.073611
0 0.023828 0.971528 0.047656 0.054167
0 0.555859 0.388194 0.025781 0.029167
0 0.285547 0.693750 0.080469 0.123611
0 0.631641 0.300000 0.046094 0.050000
0 0.694141 0.486111 0.124219 0.072222
0 0.399609 0.431250 0.042969 0.076389
0 0.981250 0.774306 0.035937 0.118056
0 0.723047 0.363194 0.035156 0.043056
0 0.678516 0.359722 0.028906 0.047222
0 0.342969 0.483333 0.046875 0.063889
0 0.398828 0.336806 0.027344 0.040278
0 0.376563 0.672222 0.070312 0.116667
0 0.317969 0.517361 0.056250 0.065278
0 0.175000 0.966667 0.106250 0.063889
0 0.052734 0.561111 0.105469 0.077778
0 0.798438 0.427778 0.034375 0.063889
0 0.532813 0.520833 0.053125 0.047222
0 0.610547 0.322917 0.024219 0.029167
0 0.471875 0.526389 0.082812 0.055556
0 0.497656 0.624306 0.082812 0.079167
0 0.540625 0.947222 0.084375 0.100000
0 0.252344 0.651389 0.076563 0.094444
0 0.381250 0.294444 0.025000 0.036111
0 0.685937 0.302778 0.040625 0.055556
0 0.512109 0.576389 0.092969 0.075000
0 0.640234 0.395139 0.033594 0.043056
0 0.481250 0.918750 0.103125 0.159722
0 0.626172 0.364583 0.035156 0.056944
0 0.578906 0.376389 0.032813 0.041667
0 0.638672 0.445139 0.039844 0.059722
0 0.468750 0.836111 0.093750 0.161111
0 0.605469 0.511806 0.098437 0.054167
0 0.390234 0.497917 0.053906 0.079167
0 0.993359 0.558333 0.011719 0.058333
0 0.736328 0.549306 0.107031 0.076389
0 0.845313 0.717361 0.076563 0.031944
0 0.419922 0.320139 0.027344 0.043056
0 0.736328 0.549306 0.107031 0.076389
0 0.993359 0.558333 0.011719 0.058333
0 0.390234 0.497917 0.053906 0.079167
0 0.605469 0.511806 0.098437 0.054167
0 0.468750 0.836111 0.093750 0.161111
0 0.638672 0.445139 0.039844 0.059722
0 0.578906 0.376389 0.032813 0.041667
0 0.419922 0.320139 0.027344 0.043056
0 0.845313 0.717361 0.076563 0.031944
0 0.419922 0.320139 0.027344 0.043056
0 0.845313 0.717361 0.076563 0.031944
0 0.626172 0.364583 0.035156 0.056944
0 0.481250 0.918750 0.103125 0.159722
0 0.640234 0.395139 0.033594 0.043056
0 0.512109 0.576389 0.092969 0.075000
0 0.685937 0.302778 0.040625 0.055556
0 0.381250 0.294444 0.025000 0.036111
0 0.252344 0.651389 0.076563 0.094444
0 0.540625 0.947222 0.084375 0.100000
0 0.497656 0.624306 0.082812 0.079167
0 0.471875 0.526389 0.082812 0.055556
0 0.610547 0.322917 0.024219 0.029167
0 0.532813 0.520833 0.053125 0.047222
0 0.798438 0.427778 0.034375 0.063889
0 0.052734 0.561111 0.105469 0.077778
0 0.175000 0.966667 0.106250 0.063889
0 0.317969 0.517361 0.056250 0.065278
0 0.376563 0.672222 0.070312 0.116667
0 0.398828 0.336806 0.027344 0.040278
0 0.342969 0.483333 0.046875 0.063889
0 0.678516 0.359722 0.028906 0.047222
0 0.723047 0.363194 0.035156 0.043056
0 0.981250 0.774306 0.035937 0.118056
0 0.399609 0.431250 0.042969 0.076389
0 0.694141 0.486111 0.124219 0.072222
0 0.631641 0.300000 0.046094 0.050000
0 0.285547 0.693750 0.080469 0.123611
0 0.555859 0.388194 0.025781 0.029167
0 0.023828 0.971528 0.047656 0.054167
0 0.766016 0.522917 0.108594 0.073611
0 0.593359 0.338889 0.017969 0.047222
0 0.700391 0.408333 0.058594 0.038889
0 0.214453 0.478472 0.122656 0.184722
0 0.191406 0.743056 0.059375 0.144444
0 0.219922 0.829861 0.105469 0.156944
0 0.422266 0.388889 0.050781 0.066667
0 0.405469 0.367361 0.028125 0.045833
0 0.508203 0.731250 0.058594 0.148611
0 0.312891 0.592361 0.086719 0.098611
0 0.883594 0.595139 0.053125 0.112500
0 0.476562 0.686806 0.065625 0.126389
0 0.753906 0.407639 0.048438 0.034722
0 0.339062 0.829861 0.098437 0.134722
0 0.938672 0.727083 0.091406 0.131944
0 0.148438 0.600000 0.062500 0.066667
0 0.401953 0.554861 0.060156 0.095833
0 0.711719 0.742361 0.079687 0.143056
0 0.067969 0.771528 0.135937 0.379167
0 0.332031 0.337500 0.032813 0.047222
0 0.736719 0.374306 0.035937 0.043056
0 0.648047 0.352778 0.021094 0.047222
0 0.463281 0.562500 0.073438 0.063889
0 0.212891 0.619444 0.077344 0.097222
0 0.703125 0.434028 0.062500 0.031944
0 0.152734 0.683333 0.047656 0.133333
0 0.644922 0.402083 0.028906 0.031944
0 0.331641 0.938889 0.121094 0.119444
0 0.334766 0.424306 0.060156 0.109722
0 0.883984 0.521528 0.127344 0.095833
0 0.766406 0.437500 0.076563 0.083333
0 0.875391 0.860417 0.247656 0.276389
0 0.560156 0.454167 0.037500 0.066667
0 0.976953 0.495139 0.044531 0.065278
0 0.666016 0.580556 0.144531 0.108333
0 0.697266 0.344444 0.028906 0.041667
0 0.943750 0.461806 0.106250 0.062500
0 0.611328 0.429861 0.028906 0.068056
0 0.530469 0.391667 0.025000 0.050000
0 0.557813 0.412500 0.032813 0.038889
0 0.837109 0.486111 0.066406 0.047222
0 0.391797 0.709722 0.080469 0.147222
0 0.418359 0.623611 0.085156 0.100000
0 0.872656 0.480556 0.085938 0.033333
0 0.419922 0.320139 0.027344 0.043056
0 0.845313 0.717361 0.076563 0.031944
0 0.736328 0.549306 0.107031 0.076389
0 0.993359 0.558333 0.011719 0.058333
0 0.390234 0.497917 0.053906 0.079167
0 0.605469 0.511806 0.098437 0.054167
0 0.468750 0.836111 0.093750 0.161111
0 0.638672 0.445139 0.039844 0.059722
0 0.578906 0.376389 0.032813 0.041667
0 0.626172 0.364583 0.035156 0.056944
0 0.481250 0.918750 0.103125 0.159722
0 0.640234 0.395139 0.033594 0.043056
0 0.512109 0.576389 0.092969 0.075000
0 0.685937 0.302778 0.040625 0.055556
0 0.381250 0.294444 0.025000 0.036111
0 0.252344 0.651389 0.076563 0.094444
0 0.540625 0.947222 0.084375 0.100000
0 0.497656 0.624306 0.082812 0.079167
0 0.471875 0.526389 0.082812 0.055556
0 0.610547 0.322917 0.024219 0.029167
0 0.532813 0.520833 0.053125 0.047222
0 0.798438 0.427778 0.034375 0.063889
0 0.052734 0.561111 0.105469 0.077778
0 0.175000 0.966667 0.106250 0.063889
0 0.317969 0.517361 0.056250 0.065278
0 0.376563 0.672222 0.070312 0.116667
0 0.398828 0.336806 0.027344 0.040278
0 0.342969 0.483333 0.046875 0.063889
0 0.678516 0.359722 0.028906 0.047222
0 0.723047 0.363194 0.035156 0.043056
0 0.981250 0.774306 0.035937 0.118056
0 0.399609 0.431250 0.042969 0.076389
0 0.419922 0.320139 0.027344 0.043056
0 0.845313 0.717361 0.076563 0.031944
0 0.736328 0.549306 0.107031 0.076389
0 0.993359 0.558333 0.011719 0.058333
0 0.390234 0.497917 0.053906 0.079167
0 0.605469 0.511806 0.098437 0.054167
0 0.468750 0.836111 0.093750 0.161111
0 0.638672 0.445139 0.039844 0.059722
0 0.578906 0.376389 0.032813 0.041667
0 0.626172 0.364583 0.035156 0.056944
0 0.481250 0.918750 0.103125 0.159722
0 0.640234 0.395139 0.033594 0.043056
0 0.512109 0.576389 0.092969 0.075000
0 0.685937 0.302778 0.040625 0.055556
0 0.381250 0.294444 0.025000 0.036111
0 0.252344 0.651389 0.076563 0.094444
0 0.540625 0.947222 0.084375 0.100000
0 0.497656 0.624306 0.082812 0.079167
0 0.252344 0.651389 0.076563 0.094444
0 0.540625 0.947222 0.084375 0.100000
0 0.497656 0.624306 0.082812 0.079167
0 0.471875 0.526389 0.082812 0.055556
0 0.610547 0.322917 0.024219 0.029167
0 0.532813 0.520833 0.053125 0.047222
0 0.798438 0.427778 0.034375 0.063889
0 0.052734 0.561111 0.105469 0.077778
0 0.175000 0.966667 0.106250 0.063889
0 0.317969 0.517361 0.056250 0.065278
0 0.376563 0.672222 0.070312 0.116667
0 0.398828 0.336806 0.027344 0.040278
0 0.342969 0.483333 0.046875 0.063889
0 0.678516 0.359722 0.028906 0.047222
0 0.723047 0.363194 0.035156 0.043056
0 0.981250 0.774306 0.035937 0.118056
0 0.399609 0.431250 0.042969 0.076389
0 0.631641 0.300000 0.046094 0.050000
0 0.285547 0.693750 0.080469 0.123611
0 0.555859 0.388194 0.025781 0.029167
0 0.023828 0.971528 0.047656 0.054167
0 0.766016 0.522917 0.108594 0.073611
0 0.593359 0.338889 0.017969 0.047222
0 0.700391 0.408333 0.058594 0.038889
0 0.214453 0.478472 0.122656 0.184722
0 0.191406 0.743056 0.059375 0.144444
0 0.219922 0.829861 0.105469 0.156944
0 0.422266 0.388889 0.050781 0.066667
0 0.405469 0.367361 0.028125 0.045833
0 0.508203 0.731250 0.058594 0.148611
0 0.312891 0.592361 0.086719 0.098611
0 0.883594 0.595139 0.053125 0.112500
0 0.476562 0.686806 0.065625 0.126389
0 0.753906 0.407639 0.048438 0.034722
0 0.339062 0.829861 0.098437 0.134722
0 0.938672 0.727083 0.091406 0.131944
0 0.148438 0.600000 0.062500 0.066667
0 0.401953 0.554861 0.060156 0.095833
0 0.711719 0.742361 0.079687 0.143056
0 0.067969 0.771528 0.135937 0.379167
0 0.332031 0.337500 0.032813 0.047222
0 0.736719 0.374306 0.035937 0.043056
0 0.648047 0.352778 0.021094 0.047222
0 0.463281 0.562500 0.073438 0.063889
0 0.212891 0.619444 0.077344 0.097222
0 0.703125 0.434028 0.062500 0.031944
0 0.152734 0.683333 0.047656 0.133333
0 0.644922 0.402083 0.028906 0.031944
0 0.331641 0.938889 0.121094 0.119444
0 0.334766 0.424306 0.060156 0.109722
0 0.883984 0.521528 0.127344 0.095833
0 0.766406 0.437500 0.076563 0.083333
0 0.875391 0.860417 0.247656 0.276389
0 0.560156 0.454167 0.037500 0.066667
0 0.976953 0.495139 0.044531 0.065278
0 0.666016 0.580556 0.144531 0.108333
0 0.697266 0.344444 0.028906 0.041667
0 0.943750 0.461806 0.106250 0.062500
0 0.611328 0.429861 0.028906 0.068056
0 0.530469 0.391667 0.025000 0.050000
0 0.557813 0.412500 0.032813 0.038889
0 0.837109 0.486111 0.066406 0.047222
0 0.391797 0.709722 0.080469 0.147222
0 0.418359 0.623611 0.085156 0.100000
0 0.872656 0.480556 0.085938 0.033333
0 0.560156 0.454167 0.037500 0.066667
0 0.976953 0.495139 0.044531 0.065278
0 0.666016 0.580556 0.144531 0.108333
0 0.697266 0.344444 0.028906 0.041667
0 0.943750 0.461806 0.106250 0.062500
0 0.611328 0.429861 0.028906 0.068056
0 0.530469 0.391667 0.025000 0.050000
0 0.557813 0.412500 0.032813 0.038889
0 0.837109 0.486111 0.066406 0.047222
0 0.391797 0.709722 0.080469 0.147222
0 0.418359 0.623611 0.085156 0.100000
0 0.872656 0.480556 0.085938 0.033333
0 0.191406 0.743056 0.059375 0.144444
0 0.214453 0.478472 0.122656 0.184722
0 0.700391 0.408333 0.058594 0.038889
0 0.593359 0.338889 0.017969 0.047222
0 0.766016 0.522917 0.108594 0.073611
0 0.023828 0.971528 0.047656 0.054167
0 0.555859 0.388194 0.025781 0.029167
0 0.285547 0.693750 0.080469 0.123611
0 0.631641 0.300000 0.046094 0.050000
0 0.694141 0.486111 0.124219 0.072222
0 0.399609 0.431250 0.042969 0.076389
0 0.981250 0.774306 0.035937 0.118056
0 0.723047 0.363194 0.035156 0.043056
0 0.678516 0.359722 0.028906 0.047222
0 0.342969 0.483333 0.046875 0.063889
0 0.398828 0.336806 0.027344 0.040278
0 0.376563 0.672222 0.070312 0.116667
0 0.317969 0.517361 0.056250 0.065278
0 0.736328 0.549306 0.107031 0.076389
0 0.993359 0.558333 0.011719 0.058333
0 0.390234 0.497917 0.053906 0.079167
0 0.605469 0.511806 0.098437 0.054167
0 0.468750 0.836111 0.093750 0.161111
0 0.638672 0.445139 0.039844 0.059722
0 0.578906 0.376389 0.032813 0.041667
0 0.626172 0.364583 0.035156 0.056944
0 0.481250 0.918750 0.103125 0.159722
0 0.640234 0.395139 0.033594 0.043056
0 0.512109 0.576389 0.092969 0.075000
0 0.685937 0.302778 0.040625 0.055556
0 0.381250 0.294444 0.025000 0.036111
0 0.252344 0.651389 0.076563 0.094444
0 0.540625 0.947222 0.084375 0.100000
0 0.497656 0.624306 0.082812 0.079167
0 0.694141 0.486111 0.124219 0.072222
0 0.471875 0.526389 0.082812 0.055556
0 0.610547 0.322917 0.024219 0.029167
0 0.532813 0.520833 0.053125 0.047222
0 0.798438 0.427778 0.034375 0.063889
0 0.052734 0.561111 0.105469 0.077778
0 0.175000 0.966667 0.106250 0.063889
0 0.317969 0.517361 0.056250 0.065278
0 0.376563 0.672222 0.070312 0.116667
0 0.398828 0.336806 0.027344 0.040278
0 0.342969 0.483333 0.046875 0.063889
0 0.678516 0.359722 0.028906 0.047222
0 0.723047 0.363194 0.035156 0.043056
0 0.981250 0.774306 0.035937 0.118056
0 0.399609 0.431250 0.042969 0.076389
0 0.694141 0.486111 0.124219 0.072222
0 0.631641 0.300000 0.046094 0.050000
0 0.285547 0.693750 0.080469 0.123611
0 0.555859 0.388194 0.025781 0.029167
0 0.023828 0.971528 0.047656 0.054167
0 0.766016 0.522917 0.108594 0.073611
0 0.593359 0.338889 0.017969 0.047222
0 0.700391 0.408333 0.058594 0.038889
0 0.214453 0.478472 0.122656 0.184722
0 0.191406 0.743056 0.059375 0.144444
0 0.219922 0.829861 0.105469 0.156944
0 0.422266 0.388889 0.050781 0.066667
0 0.405469 0.367361 0.028125 0.045833
0 0.508203 0.731250 0.058594 0.148611
0 0.312891 0.592361 0.086719 0.098611
0 0.883594 0.595139 0.053125 0.112500
0 0.476562 0.686806 0.065625 0.126389
0 0.753906 0.407639 0.048438 0.034722
0 0.339062 0.829861 0.098437 0.134722
0 0.631641 0.300000 0.046094 0.050000
0 0.285547 0.693750 0.080469 0.123611
0 0.555859 0.388194 0.025781 0.029167
0 0.023828 0.971528 0.047656 0.054167
0 0.766016 0.522917 0.108594 0.073611
0 0.593359 0.338889 0.017969 0.047222
0 0.700391 0.408333 0.058594 0.038889
0 0.214453 0.478472 0.122656 0.184722
0 0.191406 0.743056 0.059375 0.144444
0 0.219922 0.829861 0.105469 0.156944
0 0.422266 0.388889 0.050781 0.066667
0 0.405469 0.367361 0.028125 0.045833
0 0.508203 0.731250 0.058594 0.148611
0 0.312891 0.592361 0.086719 0.098611
0 0.883594 0.595139 0.053125 0.112500
0 0.476562 0.686806 0.065625 0.126389
0 0.753906 0.407639 0.048438 0.034722
0 0.339062 0.829861 0.098437 0.134722
0 0.938672 0.727083 0.091406 0.131944
0 0.148438 0.600000 0.062500 0.066667
0 0.401953 0.554861 0.060156 0.095833
0 0.711719 0.742361 0.079687 0.143056
0 0.067969 0.771528 0.135937 0.379167
0 0.332031 0.337500 0.032813 0.047222
0 0.736719 0.374306 0.035937 0.043056
0 0.648047 0.352778 0.021094 0.047222
0 0.463281 0.562500 0.073438 0.063889
0 0.212891 0.619444 0.077344 0.097222
0 0.703125 0.434028 0.062500 0.031944
0 0.152734 0.683333 0.047656 0.133333
0 0.644922 0.402083 0.028906 0.031944
0 0.331641 0.938889 0.121094 0.119444
0 0.334766 0.424306 0.060156 0.109722
0 0.883984 0.521528 0.127344 0.095833
0 0.766406 0.437500 0.076563 0.083333
0 0.875391 0.860417 0.247656 0.276389
0 0.419922 0.320139 0.027344 0.043056
0 0.845313 0.717361 0.076563 0.031944
0 0.736328 0.549306 0.107031 0.076389
0 0.993359 0.558333 0.011719 0.058333
0 0.390234 0.497917 0.053906 0.079167
0 0.605469 0.511806 0.098437 0.054167
0 0.468750 0.836111 0.093750 0.161111
0 0.638672 0.445139 0.039844 0.059722
0 0.578906 0.376389 0.032813 0.041667
0 0.626172 0.364583 0.035156 0.056944
0 0.481250 0.918750 0.103125 0.159722
0 0.640234 0.395139 0.033594 0.043056
0 0.512109 0.576389 0.092969 0.075000
0 0.685937 0.302778 0.040625 0.055556
0 0.381250 0.294444 0.025000 0.036111
