0 0.292187 0.575694 0.082812 0.173611
0 0.417187 0.198611 0.034375 0.055556
0 0.239844 0.156250 0.029687 0.054167
0 0.364063 0.054167 0.017188 0.027778
0 0.780078 0.904861 0.247656 0.187500
0 0.318359 0.017361 0.019531 0.026389
0 0.340234 0.290972 0.039844 0.079167
0 0.344141 0.015278 0.014844 0.025000
0 0.294141 0.087500 0.019531 0.033333
0 0.922266 0.493056 0.103906 0.147222
0 0.486719 0.677083 0.081250 0.218056
0 0.064844 0.880556 0.129688 0.236111
0 0.258984 0.328472 0.057031 0.109722
0 0.335938 0.127083 0.025000 0.043056
0 0.281641 0.234722 0.036719 0.061111
0 0.448828 0.275000 0.046094 0.072222
0 0.288281 0.162500 0.028125 0.047222
0 0.326172 0.060417 0.017969 0.029167
0 0.480469 0.428472 0.056250 0.129167
0 0.343359 0.183333 0.028906 0.050000
0 0.318359 0.017361 0.019531 0.026389
0 0.780078 0.904861 0.247656 0.187500
0 0.364063 0.054167 0.017188 0.027778
0 0.390234 0.122917 0.025781 0.040278
0 0.343359 0.183333 0.028906 0.050000
0 0.480469 0.428472 0.056250 0.129167
0 0.288281 0.162500 0.028125 0.047222
0 0.390234 0.122917 0.025781 0.040278
0 0.448828 0.275000 0.046094 0.072222
0 0.343359 0.183333 0.028906 0.050000
0 0.281641 0.234722 0.036719 0.061111
0 0.335938 0.127083 0.025000 0.043056
0 0.258984 0.328472 0.057031 0.109722
0 0.064844 0.880556 0.129688 0.236111
0 0.486719 0.677083 0.081250 0.218056
0 0.390234 0.122917 0.025781 0.040278
0 0.343359 0.183333 0.028906 0.050000
0 0.480469 0.428472 0.056250 0.129167
0 0.326172 0.060417 0.017969 0.029167
0 0.288281 0.162500 0.028125 0.047222
0 0.448828 0.275000 0.046094 0.072222
0 0.281641 0.234722 0.036719 0.061111
0 0.335938 0.127083 0.025000 0.043056
0 0.258984 0.328472 0.057031 0.109722
0 0.326172 0.060417 0.017969 0.029167
0 0.288281 0.162500 0.028125 0.047222
0 0.448828 0.275000 0.046094 0.072222
0 0.281641 0.234722 0.036719 0.061111
0 0.335938 0.127083 0.025000 0.043056
0 0.258984 0.328472 0.057031 0.109722
0 0.064844 0.880556 0.129688 0.236111
0 0.486719 0.677083 0.081250 0.218056
0 0.922266 0.493056 0.103906 0.147222
0 0.294141 0.087500 0.019531 0.033333
0 0.344141 0.015278 0.014844 0.025000
0 0.340234 0.290972 0.039844 0.079167
0 0.318359 0.017361 0.019531 0.026389
0 0.780078 0.904861 0.247656 0.187500
0 0.364063 0.054167 0.017188 0.027778
0 0.239844 0.156250 0.029687 0.054167
0 0.417187 0.198611 0.034375 0.055556
0 0.292187 0.575694 0.082812 0.173611
0 0.064844 0.880556 0.129688 0.236111
0 0.486719 0.677083 0.081250 0.218056
0 0.922266 0.493056 0.103906 0.147222
0 0.294141 0.087500 0.019531 0.033333
0 0.344141 0.015278 0.014844 0.025000
0 0.340234 0.290972 0.039844 0.079167
0 0.318359 0.017361 0.019531 0.026389
0 0.780078 0.904861 0.247656 0.187500
0 0.364063 0.054167 0.017188 0.027778
0 0.239844 0.156250 0.029687 0.054167
0 0.417187 0.198611 0.034375 0.055556
0 0.292187 0.575694 0.082812 0.173611
0 0.922266 0.493056 0.103906 0.147222
0 0.294141 0.087500 0.019531 0.033333
0 0.344141 0.015278 0.014844 0.025000
0 0.340234 0.290972 0.039844 0.079167
0 0.390234 0.122917 0.025781 0.040278
0 0.064844 0.880556 0.129688 0.236111
0 0.258984 0.328472 0.057031 0.109722
0 0.335938 0.127083 0.025000 0.043056
0 0.281641 0.234722 0.036719 0.061111
0 0.448828 0.275000 0.046094 0.072222
0 0.288281 0.162500 0.028125 0.047222
0 0.326172 0.060417 0.017969 0.029167
0 0.480469 0.428472 0.056250 0.129167
0 0.343359 0.183333 0.028906 0.050000
0 0.390234 0.122917 0.025781 0.040278
0 0.343359 0.183333 0.028906 0.050000
0 0.480469 0.428472 0.056250 0.129167
0 0.326172 0.060417 0.017969 0.029167
0 0.288281 0.162500 0.028125 0.047222
0 0.448828 0.275000 0.046094 0.072222
0 0.281641 0.234722 0.036719 0.061111
0 0.335938 0.127083 0.025000 0.043056
0 0.258984 0.328472 0.057031 0.109722
0 0.064844 0.880556 0.129688 0.236111
0 0.486719 0.677083 0.081250 0.218056
0 0.922266 0.493056 0.103906 0.147222
0 0.294141 0.087500 0.019531 0.033333
0 0.344141 0.015278 0.014844 0.025000
0 0.340234 0.290972 0.039844 0.079167
0 0.318359 0.017361 0.019531 0.026389
0 0.780078 0.904861 0.247656 0.187500
0 0.364063 0.054167 0.017188 0.027778
0 0.239844 0.156250 0.029687 0.054167
0 0.417187 0.198611 0.034375 0.055556
0 0.292187 0.575694 0.082812 0.173611
0 0.390234 0.122917 0.025781 0.040278
0 0.239844 0.156250 0.029687 0.054167
0 0.292187 0.575694 0.082812 0.173611
0 0.417187 0.198611 0.034375 0.055556
0 0.239844 0.156250 0.029687 0.054167
0 0.364063 0.054167 0.017188 0.027778
0 0.780078 0.904861 0.247656 0.187500
0 0.318359 0.017361 0.019531 0.026389
0 0.340234 0.290972 0.039844 0.079167
0 0.344141 0.015278 0.014844 0.025000
0 0.294141 0.087500 0.019531 0.033333
0 0.922266 0.493056 0.103906 0.147222
0 0.486719 0.677083 0.081250 0.218056
0 0.417187 0.198611 0.034375 0.055556
0 0.292187 0.575694 0.082812 0.173611
0 0.318359 0.017361 0.019531 0.026389
0 0.780078 0.904861 0.247656 0.187500
0 0.364063 0.054167 0.017188 0.027778
0 0.239844 0.156250 0.029687 0.054167
0 0.417187 0.198611 0.034375 0.055556
0 0.292187 0.575694 0.082812 0.173611
0 0.390234 0.122917 0.025781 0.040278
0 0.343359 0.183333 0.028906 0.050000
0 0.480469 0.428472 0.056250 0.129167
0 0.326172 0.060417 0.017969 0.029167
0 0.480469 0.428472 0.056250 0.129167
0 0.326172 0.060417 0.017969 0.029167
0 0.288281 0.162500 0.028125 0.047222
0 0.448828 0.275000 0.046094 0.072222
0 0.281641 0.234722 0.036719 0.061111
0 0.335938 0.127083 0.025000 0.043056
0 0.258984 0.328472 0.057031 0.109722
0 0.064844 0.880556 0.129688 0.236111
0 0.486719 0.677083 0.081250 0.218056
0 0.922266 0.493056 0.103906 0.147222
0 0.294141 0.087500 0.019531 0.033333
0 0.344141 0.015278 0.014844 0.025000
0 0.340234 0.290972 0.039844 0.079167
