0 0.441797 0.491667 0.025781 0.038889
0 0.431641 0.518056 0.030469 0.050000
0 0.441797 0.491667 0.025781 0.038889
0 0.366016 0.705556 0.066406 0.094444
0 0.463281 0.413889 0.017188 0.022222
0 0.489844 0.357639 0.009375 0.015278
0 0.544141 0.340278 0.008594 0.019444
0 0.447266 0.458333 0.025781 0.036111
0 0.575391 0.393056 0.014844 0.025000
0 0.356641 0.549306 0.042969 0.051389
0 0.473047 0.397917 0.013281 0.018056
0 0.053906 0.840278 0.107813 0.138889
0 0.633203 0.722917 0.067969 0.126389
0 0.658594 0.571528 0.045312 0.068056
0 0.213281 0.786806 0.100000 0.120833
0 0.425000 0.431250 0.018750 0.023611
0 0.449219 0.387500 0.014063 0.025000
0 0.476172 0.383333 0.011719 0.016667
0 0.416406 0.382639 0.028125 0.054167
0 0.397266 0.482639 0.027344 0.037500
0 0.569141 0.422222 0.016406 0.025000
0 0.350000 0.827778 0.081250 0.136111
0 0.462891 0.372917 0.010156 0.015278
0 0.316797 0.509028 0.033594 0.043056
0 0.231250 0.597917 0.070312 0.087500
0 0.600000 0.468750 0.025000 0.040278
0 0.294141 0.920139 0.113281 0.156944
0 0.422266 0.445833 0.021094 0.025000
0 0.525781 0.381944 0.010937 0.016667
0 0.529687 0.398611 0.014063 0.019444
0 0.552734 0.363194 0.008594 0.012500
0 0.482812 0.373611 0.009375 0.025000
0 0.566016 0.519444 0.032031 0.047222
0 0.417969 0.560417 0.042188 0.073611
0 0.405859 0.622222 0.047656 0.072222
0 0.445703 0.365972 0.013281 0.023611
0 0.456250 0.438889 0.020313 0.030556
0 0.315234 0.625694 0.060156 0.081944
0 0.105859 0.990972 0.086719 0.015278
0 0.231250 0.597917 0.070312 0.087500
0 0.316797 0.509028 0.033594 0.043056
0 0.462891 0.372917 0.010156 0.015278
0 0.350000 0.827778 0.081250 0.136111
0 0.569141 0.422222 0.016406 0.025000
0 0.397266 0.482639 0.027344 0.037500
0 0.416406 0.382639 0.028125 0.054167
0 0.476172 0.383333 0.011719 0.016667
0 0.449219 0.387500 0.014063 0.025000
0 0.425000 0.431250 0.018750 0.023611
0 0.213281 0.786806 0.100000 0.120833
0 0.658594 0.571528 0.045312 0.068056
0 0.923438 0.842361 0.151562 0.312500
0 0.436719 0.404861 0.017188 0.020833
0 0.600000 0.468750 0.025000 0.040278
0 0.294141 0.920139 0.113281 0.156944
0 0.422266 0.445833 0.021094 0.025000
0 0.525781 0.381944 0.010937 0.016667
0 0.529687 0.398611 0.014063 0.019444
0 0.552734 0.363194 0.008594 0.012500
0 0.482812 0.373611 0.009375 0.025000
0 0.566016 0.519444 0.032031 0.047222
0 0.417969 0.560417 0.042188 0.073611
0 0.405859 0.622222 0.047656 0.072222
0 0.445703 0.365972 0.013281 0.023611
0 0.456250 0.438889 0.020313 0.030556
0 0.315234 0.625694 0.060156 0.081944
0 0.105859 0.990972 0.086719 0.015278
0 0.231250 0.597917 0.070312 0.087500
0 0.316797 0.509028 0.033594 0.043056
0 0.462891 0.372917 0.010156 0.015278
0 0.350000 0.827778 0.081250 0.136111
0 0.569141 0.422222 0.016406 0.025000
0 0.397266 0.482639 0.027344 0.037500
0 0.416406 0.382639 0.028125 0.054167
0 0.476172 0.383333 0.011719 0.016667
0 0.449219 0.387500 0.014063 0.025000
0 0.425000 0.431250 0.018750 0.023611
0 0.213281 0.786806 0.100000 0.120833
0 0.658594 0.571528 0.045312 0.068056
0 0.923438 0.842361 0.151562 0.312500
0 0.436719 0.404861 0.017188 0.020833
0 0.633203 0.722917 0.067969 0.126389
0 0.053906 0.840278 0.107813 0.138889
0 0.473047 0.397917 0.013281 0.018056
0 0.356641 0.549306 0.042969 0.051389
0 0.575391 0.393056 0.014844 0.025000
0 0.447266 0.458333 0.025781 0.036111
0 0.544141 0.340278 0.008594 0.019444
0 0.489844 0.357639 0.009375 0.015278
0 0.463281 0.413889 0.017188 0.022222
0 0.366016 0.705556 0.066406 0.094444
0 0.441797 0.491667 0.025781 0.038889
0 0.431641 0.518056 0.030469 0.050000
0 0.600000 0.468750 0.025000 0.040278
0 0.294141 0.920139 0.113281 0.156944
0 0.422266 0.445833 0.021094 0.025000
0 0.525781 0.381944 0.010937 0.016667
0 0.529687 0.398611 0.014063 0.019444
0 0.552734 0.363194 0.008594 0.012500
0 0.482812 0.373611 0.009375 0.025000
0 0.566016 0.519444 0.032031 0.047222
0 0.417969 0.560417 0.042188 0.073611
0 0.405859 0.622222 0.047656 0.072222
0 0.445703 0.365972 0.013281 0.023611
0 0.456250 0.438889 0.020313 0.030556
0 0.315234 0.625694 0.060156 0.081944
0 0.105859 0.990972 0.086719 0.015278
0 0.231250 0.597917 0.070312 0.087500
0 0.316797 0.509028 0.033594 0.043056
0 0.462891 0.372917 0.010156 0.015278
0 0.350000 0.827778 0.081250 0.136111
0 0.569141 0.422222 0.016406 0.025000
0 0.397266 0.482639 0.027344 0.037500
0 0.416406 0.382639 0.028125 0.054167
0 0.476172 0.383333 0.011719 0.016667
0 0.449219 0.387500 0.014063 0.025000
0 0.425000 0.431250 0.018750 0.023611
0 0.213281 0.786806 0.100000 0.120833
0 0.658594 0.571528 0.045312 0.068056
0 0.923438 0.842361 0.151562 0.312500
0 0.436719 0.404861 0.017188 0.020833
0 0.633203 0.722917 0.067969 0.126389
0 0.053906 0.840278 0.107813 0.138889
0 0.473047 0.397917 0.013281 0.018056
0 0.356641 0.549306 0.042969 0.051389
0 0.575391 0.393056 0.014844 0.025000
0 0.447266 0.458333 0.025781 0.036111
0 0.544141 0.340278 0.008594 0.019444
0 0.489844 0.357639 0.009375 0.015278
0 0.463281 0.413889 0.017188 0.022222
0 0.366016 0.705556 0.066406 0.094444
0 0.441797 0.491667 0.025781 0.038889
0 0.431641 0.518056 0.030469 0.050000
0 0.315234 0.625694 0.060156 0.081944
0 0.456250 0.438889 0.020313 0.030556
0 0.445703 0.365972 0.013281 0.023611
0 0.405859 0.622222 0.047656 0.072222
0 0.417969 0.560417 0.042188 0.073611
0 0.566016 0.519444 0.032031 0.047222
0 0.482812 0.373611 0.009375 0.025000
0 0.552734 0.363194 0.008594 0.012500
0 0.529687 0.398611 0.014063 0.019444
0 0.525781 0.381944 0.010937 0.016667
0 0.422266 0.445833 0.021094 0.025000
0 0.294141 0.920139 0.113281 0.156944
0 0.431641 0.518056 0.030469 0.050000
0 0.441797 0.491667 0.025781 0.038889
0 0.366016 0.705556 0.066406 0.094444
0 0.463281 0.413889 0.017188 0.022222
0 0.489844 0.357639 0.009375 0.015278
0 0.544141 0.340278 0.008594 0.019444
0 0.447266 0.458333 0.025781 0.036111
0 0.575391 0.393056 0.014844 0.025000
0 0.356641 0.549306 0.042969 0.051389
0 0.473047 0.397917 0.013281 0.018056
0 0.053906 0.840278 0.107813 0.138889
0 0.633203 0.722917 0.067969 0.126389
0 0.436719 0.404861 0.017188 0.020833
0 0.923438 0.842361 0.151562 0.312500
0 0.658594 0.571528 0.045312 0.068056
0 0.213281 0.786806 0.100000 0.120833
0 0.425000 0.431250 0.018750 0.023611
0 0.449219 0.387500 0.014063 0.025000
0 0.476172 0.383333 0.011719 0.016667
0 0.416406 0.382639 0.028125 0.054167
0 0.397266 0.482639 0.027344 0.037500
0 0.569141 0.422222 0.016406 0.025000
0 0.350000 0.827778 0.081250 0.136111
0 0.462891 0.372917 0.010156 0.015278
0 0.316797 0.509028 0.033594 0.043056
0 0.231250 0.597917 0.070312 0.087500
0 0.105859 0.990972 0.086719 0.015278
0 0.315234 0.625694 0.060156 0.081944
0 0.456250 0.438889 0.020313 0.030556
0 0.445703 0.365972 0.013281 0.023611
0 0.405859 0.622222 0.047656 0.072222
0 0.417969 0.560417 0.042188 0.073611
0 0.566016 0.519444 0.032031 0.047222
0 0.482812 0.373611 0.009375 0.025000
0 0.552734 0.363194 0.008594 0.012500
0 0.529687 0.398611 0.014063 0.019444
0 0.525781 0.381944 0.010937 0.016667
0 0.422266 0.445833 0.021094 0.025000
0 0.294141 0.920139 0.113281 0.156944
0 0.600000 0.468750 0.025000 0.040278
0 0.105859 0.990972 0.086719 0.015278
0 0.600000 0.468750 0.025000 0.040278
0 0.294141 0.920139 0.113281 0.156944
0 0.422266 0.445833 0.021094 0.025000
0 0.525781 0.381944 0.010937 0.016667
0 0.529687 0.398611 0.014063 0.019444
0 0.552734 0.363194 0.008594 0.012500
0 0.482812 0.373611 0.009375 0.025000
0 0.566016 0.519444 0.032031 0.047222
0 0.417969 0.560417 0.042188 0.073611
0 0.405859 0.622222 0.047656 0.072222
0 0.445703 0.365972 0.013281 0.023611
0 0.456250 0.438889 0.020313 0.030556
0 0.315234 0.625694 0.060156 0.081944
0 0.105859 0.990972 0.086719 0.015278
0 0.231250 0.597917 0.070312 0.087500
0 0.316797 0.509028 0.033594 0.043056
0 0.462891 0.372917 0.010156 0.015278
0 0.350000 0.827778 0.081250 0.136111
0 0.569141 0.422222 0.016406 0.025000
0 0.397266 0.482639 0.027344 0.037500
0 0.416406 0.382639 0.028125 0.054167
0 0.476172 0.383333 0.011719 0.016667
0 0.449219 0.387500 0.014063 0.025000
0 0.425000 0.431250 0.018750 0.023611
0 0.213281 0.786806 0.100000 0.120833
0 0.658594 0.571528 0.045312 0.068056
0 0.923438 0.842361 0.151562 0.312500
0 0.436719 0.404861 0.017188 0.020833
0 0.633203 0.722917 0.067969 0.126389
0 0.053906 0.840278 0.107813 0.138889
0 0.473047 0.397917 0.013281 0.018056
0 0.356641 0.549306 0.042969 0.051389
0 0.575391 0.393056 0.014844 0.025000
0 0.447266 0.458333 0.025781 0.036111
0 0.600000 0.468750 0.025000 0.040278
0 0.431641 0.518056 0.030469 0.050000
0 0.441797 0.491667 0.025781 0.038889
0 0.366016 0.705556 0.066406 0.094444
0 0.463281 0.413889 0.017188 0.022222
0 0.489844 0.357639 0.009375 0.015278
0 0.544141 0.340278 0.008594 0.019444
0 0.447266 0.458333 0.025781 0.036111
0 0.575391 0.393056 0.014844 0.025000
0 0.356641 0.549306 0.042969 0.051389
0 0.473047 0.397917 0.013281 0.018056
0 0.053906 0.840278 0.107813 0.138889
0 0.633203 0.722917 0.067969 0.126389
0 0.436719 0.404861 0.017188 0.020833
0 0.923438 0.842361 0.151562 0.312500
0 0.600000 0.468750 0.025000 0.040278
0 0.294141 0.920139 0.113281 0.156944
0 0.422266 0.445833 0.021094 0.025000
0 0.525781 0.381944 0.010937 0.016667
0 0.529687 0.398611 0.014063 0.019444
0 0.552734 0.363194 0.008594 0.012500
0 0.482812 0.373611 0.009375 0.025000
0 0.566016 0.519444 0.032031 0.047222
0 0.417969 0.560417 0.042188 0.073611
0 0.405859 0.622222 0.047656 0.072222
0 0.445703 0.365972 0.013281 0.023611
0 0.456250 0.438889 0.020313 0.030556
0 0.315234 0.625694 0.060156 0.081944
0 0.105859 0.990972 0.086719 0.015278
0 0.231250 0.597917 0.070312 0.087500
0 0.316797 0.509028 0.033594 0.043056
0 0.462891 0.372917 0.010156 0.015278
0 0.350000 0.827778 0.081250 0.136111
0 0.569141 0.422222 0.016406 0.025000
0 0.397266 0.482639 0.027344 0.037500
0 0.416406 0.382639 0.028125 0.054167
0 0.476172 0.383333 0.011719 0.016667
0 0.449219 0.387500 0.014063 0.025000
0 0.425000 0.431250 0.018750 0.023611
0 0.213281 0.786806 0.100000 0.120833
0 0.658594 0.571528 0.045312 0.068056
0 0.923438 0.842361 0.151562 0.312500
0 0.436719 0.404861 0.017188 0.020833
0 0.633203 0.722917 0.067969 0.126389
0 0.053906 0.840278 0.107813 0.138889
0 0.473047 0.397917 0.013281 0.018056
0 0.356641 0.549306 0.042969 0.051389
0 0.575391 0.393056 0.014844 0.025000
0 0.447266 0.458333 0.025781 0.036111
0 0.544141 0.340278 0.008594 0.019444
0 0.489844 0.357639 0.009375 0.015278
0 0.463281 0.413889 0.017188 0.022222
0 0.366016 0.705556 0.066406 0.094444
0 0.441797 0.491667 0.025781 0.038889
0 0.431641 0.518056 0.030469 0.050000
0 0.544141 0.340278 0.008594 0.019444
0 0.489844 0.357639 0.009375 0.015278
0 0.463281 0.413889 0.017188 0.022222
0 0.366016 0.705556 0.066406 0.094444
0 0.431641 0.518056 0.030469 0.050000
