0 0.179297 0.421528 0.171094 0.131944
0 0.555859 0.493056 0.071094 0.094444
0 0.638672 0.263194 0.038281 0.056944
0 0.139844 0.741667 0.181250 0.172222
0 0.509375 0.527083 0.067187 0.079167
0 0.424219 0.519444 0.067187 0.119444
0 0.823828 0.366667 0.166406 0.063889
0 0.239453 0.877778 0.132031 0.241667
0 0.394141 0.194444 0.024219 0.041667
0 0.287500 0.481250 0.062500 0.081944
0 0.702344 0.202083 0.043750 0.048611
0 0.767578 0.307639 0.046094 0.031944
0 0.608203 0.239583 0.017969 0.051389
0 0.507031 0.591667 0.079687 0.116667
0 0.416406 0.623611 0.078125 0.127778
0 0.362891 0.227778 0.022656 0.047222
0 0.512891 0.422917 0.097656 0.095833
0 0.701562 0.446528 0.085938 0.104167
0 0.760938 0.303472 0.050000 0.040278
0 0.421875 0.355556 0.042188 0.058333
0 0.521875 0.739583 0.104688 0.156944
0 0.977734 0.388889 0.042969 0.050000
0 0.618750 0.427083 0.090625 0.070833
0 0.077344 0.975694 0.137500 0.045833
0 0.358984 0.195139 0.022656 0.026389
0 0.461719 0.221528 0.018750 0.020833
0 0.516406 0.463194 0.084375 0.070833
0 0.811328 0.304861 0.039844 0.037500
0 0.747266 0.280556 0.042969 0.058333
0 0.096484 0.890278 0.133594 0.208333
0 0.094922 0.558333 0.171094 0.261111
0 0.426953 0.236806 0.033594 0.043056
0 0.355469 0.306944 0.012500 0.030556
0 0.650781 0.200000 0.040625 0.052778
0 0.743750 0.273611 0.043750 0.058333
0 0.968750 0.535417 0.018750 0.065278
0 0.348047 0.735417 0.077344 0.181944
0 0.653906 0.340278 0.039062 0.058333
0 0.728906 0.335417 0.035937 0.048611
0 0.546484 0.302083 0.024219 0.048611
0 0.203906 0.652083 0.095312 0.129167
0 0.244922 0.461111 0.053906 0.097222
0 0.006641 0.615972 0.013281 0.118056
0 0.651953 0.389583 0.078906 0.045833
0 0.793359 0.680556 0.024219 0.088889
0 0.434375 0.200694 0.032813 0.056944
0 0.955078 0.361806 0.060156 0.037500
0 0.712109 0.307639 0.036719 0.043056
0 0.321484 0.562500 0.096094 0.150000
0 0.402734 0.395833 0.055469 0.063889
0 0.440625 0.266667 0.032813 0.044444
0 0.254688 0.568056 0.110937 0.144444
0 0.905078 0.397222 0.099219 0.066667
0 0.783984 0.277778 0.035156 0.041667
0 0.909766 0.427778 0.058594 0.052778
0 0.654687 0.293750 0.034375 0.037500
0 0.308984 0.677083 0.085156 0.137500
0 0.953516 0.456250 0.091406 0.093056
0 0.337891 0.517361 0.057031 0.070833
0 0.312500 0.388194 0.059375 0.059722
0 0.375781 0.340972 0.051562 0.070833
0 0.017578 0.881250 0.035156 0.168056
0 0.398438 0.258333 0.018750 0.047222
0 0.378125 0.460417 0.064062 0.106944
0 0.756250 0.422222 0.067187 0.083333
0 0.181641 0.358333 0.172656 0.141667
0 0.569141 0.293750 0.027344 0.037500
0 0.414453 0.234028 0.016406 0.043056
0 0.844922 0.521528 0.088281 0.156944
0 0.739844 0.427083 0.050000 0.095833
0 0.323047 0.239583 0.061719 0.101389
0 0.025781 0.750694 0.051562 0.115278
0 0.303125 0.425694 0.060937 0.079167
0 0.624609 0.327083 0.030469 0.070833
0 0.409375 0.887500 0.146875 0.222222
0 0.378906 0.295139 0.039062 0.045833
0 0.809375 0.356944 0.165625 0.066667
0 0.853125 0.948611 0.157812 0.100000
0 0.573047 0.351389 0.041406 0.069444
0 0.463672 0.201389 0.019531 0.025000
0 0.935156 0.370139 0.062500 0.040278
0 0.383203 0.242361 0.019531 0.043056
0 0.464844 0.253472 0.026562 0.043056
0 0.819531 0.432639 0.121875 0.081944
0 0.413281 0.286111 0.031250 0.047222
0 0.571875 0.311111 0.037500 0.038889
0 0.179297 0.421528 0.171094 0.131944
0 0.726172 0.381250 0.082031 0.026389
0 0.555859 0.493056 0.071094 0.094444
0 0.638672 0.263194 0.038281 0.056944
0 0.139844 0.741667 0.181250 0.172222
0 0.509375 0.527083 0.067187 0.079167
0 0.424219 0.519444 0.067187 0.119444
0 0.823828 0.366667 0.166406 0.063889
0 0.239453 0.877778 0.132031 0.241667
0 0.394141 0.194444 0.024219 0.041667
0 0.287500 0.481250 0.062500 0.081944
0 0.702344 0.202083 0.043750 0.048611
0 0.767578 0.307639 0.046094 0.031944
0 0.608203 0.239583 0.017969 0.051389
0 0.507031 0.591667 0.079687 0.116667
0 0.416406 0.623611 0.078125 0.127778
0 0.362891 0.227778 0.022656 0.047222
0 0.512891 0.422917 0.097656 0.095833
0 0.701562 0.446528 0.085938 0.104167
0 0.760938 0.303472 0.050000 0.040278
0 0.421875 0.355556 0.042188 0.058333
0 0.521875 0.739583 0.104688 0.156944
0 0.977734 0.388889 0.042969 0.050000
0 0.618750 0.427083 0.090625 0.070833
0 0.077344 0.975694 0.137500 0.045833
0 0.358984 0.195139 0.022656 0.026389
0 0.461719 0.221528 0.018750 0.020833
0 0.516406 0.463194 0.084375 0.070833
0 0.811328 0.304861 0.039844 0.037500
0 0.747266 0.280556 0.042969 0.058333
0 0.096484 0.890278 0.133594 0.208333
0 0.094922 0.558333 0.171094 0.261111
0 0.426953 0.236806 0.033594 0.043056
0 0.355469 0.306944 0.012500 0.030556
0 0.650781 0.200000 0.040625 0.052778
0 0.743750 0.273611 0.043750 0.058333
0 0.968750 0.535417 0.018750 0.065278
0 0.348047 0.735417 0.077344 0.181944
0 0.653906 0.340278 0.039062 0.058333
0 0.728906 0.335417 0.035937 0.048611
0 0.546484 0.302083 0.024219 0.048611
0 0.203906 0.652083 0.095312 0.129167
0 0.244922 0.461111 0.053906 0.097222
0 0.006641 0.615972 0.013281 0.118056
0 0.651953 0.389583 0.078906 0.045833
0 0.793359 0.680556 0.024219 0.088889
0 0.434375 0.200694 0.032813 0.056944
0 0.955078 0.361806 0.060156 0.037500
0 0.712109 0.307639 0.036719 0.043056
0 0.321484 0.562500 0.096094 0.150000
0 0.402734 0.395833 0.055469 0.063889
0 0.440625 0.266667 0.032813 0.044444
0 0.254688 0.568056 0.110937 0.144444
0 0.905078 0.397222 0.099219 0.066667
0 0.783984 0.277778 0.035156 0.041667
0 0.909766 0.427778 0.058594 0.052778
0 0.654687 0.293750 0.034375 0.037500
0 0.308984 0.677083 0.085156 0.137500
0 0.953516 0.456250 0.091406 0.093056
0 0.337891 0.517361 0.057031 0.070833
0 0.312500 0.388194 0.059375 0.059722
0 0.375781 0.340972 0.051562 0.070833
0 0.017578 0.881250 0.035156 0.168056
0 0.398438 0.258333 0.018750 0.047222
0 0.378125 0.460417 0.064062 0.106944
0 0.756250 0.422222 0.067187 0.083333
0 0.181641 0.358333 0.172656 0.141667
0 0.569141 0.293750 0.027344 0.037500
0 0.414453 0.234028 0.016406 0.043056
0 0.844922 0.521528 0.088281 0.156944
0 0.739844 0.427083 0.050000 0.095833
0 0.323047 0.239583 0.061719 0.101389
0 0.025781 0.750694 0.051562 0.115278
0 0.303125 0.425694 0.060937 0.079167
0 0.624609 0.327083 0.030469 0.070833
0 0.409375 0.887500 0.146875 0.222222
0 0.378906 0.295139 0.039062 0.045833
0 0.809375 0.356944 0.165625 0.066667
0 0.853125 0.948611 0.157812 0.100000
0 0.573047 0.351389 0.041406 0.069444
0 0.463672 0.201389 0.019531 0.025000
0 0.935156 0.370139 0.062500 0.040278
0 0.383203 0.242361 0.019531 0.043056
0 0.464844 0.253472 0.026562 0.043056
0 0.819531 0.432639 0.121875 0.081944
0 0.413281 0.286111 0.031250 0.047222
0 0.571875 0.311111 0.037500 0.038889
0 0.179297 0.421528 0.171094 0.131944
0 0.726172 0.381250 0.082031 0.026389
0 0.555859 0.493056 0.071094 0.094444
0 0.638672 0.263194 0.038281 0.056944
0 0.139844 0.741667 0.181250 0.172222
0 0.509375 0.527083 0.067187 0.079167
0 0.424219 0.519444 0.067187 0.119444
0 0.823828 0.366667 0.166406 0.063889
0 0.823828 0.366667 0.166406 0.063889
0 0.424219 0.519444 0.067187 0.119444
0 0.509375 0.527083 0.067187 0.079167
0 0.139844 0.741667 0.181250 0.172222
0 0.638672 0.263194 0.038281 0.056944
0 0.555859 0.493056 0.071094 0.094444
0 0.726172 0.381250 0.082031 0.026389
0 0.179297 0.421528 0.171094 0.131944
0 0.571875 0.311111 0.037500 0.038889
0 0.413281 0.286111 0.031250 0.047222
0 0.819531 0.432639 0.121875 0.081944
0 0.464844 0.253472 0.026562 0.043056
0 0.383203 0.242361 0.019531 0.043056
0 0.935156 0.370139 0.062500 0.040278
0 0.463672 0.201389 0.019531 0.025000
0 0.573047 0.351389 0.041406 0.069444
0 0.853125 0.948611 0.157812 0.100000
0 0.809375 0.356944 0.165625 0.066667
0 0.378906 0.295139 0.039062 0.045833
0 0.409375 0.887500 0.146875 0.222222
0 0.624609 0.327083 0.030469 0.070833
0 0.303125 0.425694 0.060937 0.079167
0 0.025781 0.750694 0.051562 0.115278
0 0.323047 0.239583 0.061719 0.101389
0 0.739844 0.427083 0.050000 0.095833
0 0.844922 0.521528 0.088281 0.156944
0 0.414453 0.234028 0.016406 0.043056
0 0.569141 0.293750 0.027344 0.037500
0 0.181641 0.358333 0.172656 0.141667
0 0.756250 0.422222 0.067187 0.083333
0 0.378125 0.460417 0.064062 0.106944
0 0.398438 0.258333 0.018750 0.047222
0 0.017578 0.881250 0.035156 0.168056
0 0.375781 0.340972 0.051562 0.070833
0 0.312500 0.388194 0.059375 0.059722
0 0.337891 0.517361 0.057031 0.070833
0 0.953516 0.456250 0.091406 0.093056
0 0.308984 0.677083 0.085156 0.137500
0 0.654687 0.293750 0.034375 0.037500
0 0.909766 0.427778 0.058594 0.052778
0 0.783984 0.277778 0.035156 0.041667
0 0.905078 0.397222 0.099219 0.066667
0 0.254688 0.568056 0.110937 0.144444
0 0.440625 0.266667 0.032813 0.044444
0 0.402734 0.395833 0.055469 0.063889
0 0.321484 0.562500 0.096094 0.150000
0 0.712109 0.307639 0.036719 0.043056
0 0.955078 0.361806 0.060156 0.037500
0 0.434375 0.200694 0.032813 0.056944
0 0.793359 0.680556 0.024219 0.088889
0 0.651953 0.389583 0.078906 0.045833
0 0.006641 0.615972 0.013281 0.118056
0 0.244922 0.461111 0.053906 0.097222
0 0.203906 0.652083 0.095312 0.129167
0 0.546484 0.302083 0.024219 0.048611
0 0.728906 0.335417 0.035937 0.048611
0 0.653906 0.340278 0.039062 0.058333
0 0.348047 0.735417 0.077344 0.181944
0 0.968750 0.535417 0.018750 0.065278
0 0.743750 0.273611 0.043750 0.058333
0 0.650781 0.200000 0.040625 0.052778
0 0.355469 0.306944 0.012500 0.030556
0 0.426953 0.236806 0.033594 0.043056
0 0.094922 0.558333 0.171094 0.261111
0 0.096484 0.890278 0.133594 0.208333
0 0.747266 0.280556 0.042969 0.058333
0 0.811328 0.304861 0.039844 0.037500
0 0.516406 0.463194 0.084375 0.070833
0 0.461719 0.221528 0.018750 0.020833
0 0.358984 0.195139 0.022656 0.026389
0 0.077344 0.975694 0.137500 0.045833
0 0.618750 0.427083 0.090625 0.070833
0 0.977734 0.388889 0.042969 0.050000
0 0.521875 0.739583 0.104688 0.156944
0 0.421875 0.355556 0.042188 0.058333
0 0.760938 0.303472 0.050000 0.040278
0 0.701562 0.446528 0.085938 0.104167
0 0.512891 0.422917 0.097656 0.095833
0 0.362891 0.227778 0.022656 0.047222
0 0.416406 0.623611 0.078125 0.127778
0 0.507031 0.591667 0.079687 0.116667
0 0.608203 0.239583 0.017969 0.051389
0 0.767578 0.307639 0.046094 0.031944
0 0.702344 0.202083 0.043750 0.048611
0 0.287500 0.481250 0.062500 0.081944
0 0.394141 0.194444 0.024219 0.041667
0 0.239453 0.877778 0.132031 0.241667
0 0.823828 0.366667 0.166406 0.063889
0 0.424219 0.519444 0.067187 0.119444
0 0.509375 0.527083 0.067187 0.079167
0 0.139844 0.741667 0.181250 0.172222
0 0.638672 0.263194 0.038281 0.056944
0 0.555859 0.493056 0.071094 0.094444
0 0.726172 0.381250 0.082031 0.026389
0 0.179297 0.421528 0.171094 0.131944
0 0.571875 0.311111 0.037500 0.038889
0 0.413281 0.286111 0.031250 0.047222
0 0.819531 0.432639 0.121875 0.081944
0 0.464844 0.253472 0.026562 0.043056
0 0.383203 0.242361 0.019531 0.043056
0 0.935156 0.370139 0.062500 0.040278
0 0.463672 0.201389 0.019531 0.025000
0 0.573047 0.351389 0.041406 0.069444
0 0.853125 0.948611 0.157812 0.100000
0 0.809375 0.356944 0.165625 0.066667
0 0.378906 0.295139 0.039062 0.045833
0 0.409375 0.887500 0.146875 0.222222
0 0.624609 0.327083 0.030469 0.070833
0 0.303125 0.425694 0.060937 0.079167
0 0.025781 0.750694 0.051562 0.115278
0 0.323047 0.239583 0.061719 0.101389
0 0.739844 0.427083 0.050000 0.095833
0 0.844922 0.521528 0.088281 0.156944
0 0.414453 0.234028 0.016406 0.043056
0 0.569141 0.293750 0.027344 0.037500
0 0.181641 0.358333 0.172656 0.141667
0 0.756250 0.422222 0.067187 0.083333
0 0.378125 0.460417 0.064062 0.106944
0 0.398438 0.258333 0.018750 0.047222
0 0.017578 0.881250 0.035156 0.168056
0 0.375781 0.340972 0.051562 0.070833
0 0.312500 0.388194 0.059375 0.059722
0 0.337891 0.517361 0.057031 0.070833
0 0.953516 0.456250 0.091406 0.093056
0 0.308984 0.677083 0.085156 0.137500
0 0.654687 0.293750 0.034375 0.037500
0 0.909766 0.427778 0.058594 0.052778
0 0.783984 0.277778 0.035156 0.041667
0 0.905078 0.397222 0.099219 0.066667
0 0.254688 0.568056 0.110937 0.144444
0 0.440625 0.266667 0.032813 0.044444
0 0.402734 0.395833 0.055469 0.063889
0 0.321484 0.562500 0.096094 0.150000
0 0.712109 0.307639 0.036719 0.043056
0 0.955078 0.361806 0.060156 0.037500
0 0.434375 0.200694 0.032813 0.056944
0 0.793359 0.680556 0.024219 0.088889
0 0.651953 0.389583 0.078906 0.045833
0 0.006641 0.615972 0.013281 0.118056
0 0.244922 0.461111 0.053906 0.097222
0 0.203906 0.652083 0.095312 0.129167
0 0.546484 0.302083 0.024219 0.048611
0 0.728906 0.335417 0.035937 0.048611
0 0.653906 0.340278 0.039062 0.058333
0 0.348047 0.735417 0.077344 0.181944
0 0.968750 0.535417 0.018750 0.065278
0 0.743750 0.273611 0.043750 0.058333
0 0.650781 0.200000 0.040625 0.052778
0 0.355469 0.306944 0.012500 0.030556
0 0.426953 0.236806 0.033594 0.043056
0 0.094922 0.558333 0.171094 0.261111
0 0.096484 0.890278 0.133594 0.208333
0 0.747266 0.280556 0.042969 0.058333
0 0.811328 0.304861 0.039844 0.037500
0 0.516406 0.463194 0.084375 0.070833
0 0.461719 0.221528 0.018750 0.020833
0 0.358984 0.195139 0.022656 0.026389
0 0.077344 0.975694 0.137500 0.045833
0 0.618750 0.427083 0.090625 0.070833
0 0.977734 0.388889 0.042969 0.050000
0 0.521875 0.739583 0.104688 0.156944
0 0.421875 0.355556 0.042188 0.058333
0 0.760938 0.303472 0.050000 0.040278
0 0.701562 0.446528 0.085938 0.104167
0 0.512891 0.422917 0.097656 0.095833
0 0.362891 0.227778 0.022656 0.047222
0 0.416406 0.623611 0.078125 0.127778
0 0.507031 0.591667 0.079687 0.116667
0 0.608203 0.239583 0.017969 0.051389
0 0.767578 0.307639 0.046094 0.031944
0 0.702344 0.202083 0.043750 0.048611
0 0.287500 0.481250 0.062500 0.081944
0 0.394141 0.194444 0.024219 0.041667
0 0.239453 0.877778 0.132031 0.241667
0 0.823828 0.366667 0.166406 0.063889
0 0.424219 0.519444 0.067187 0.119444
0 0.509375 0.527083 0.067187 0.079167
0 0.139844 0.741667 0.181250 0.172222
0 0.638672 0.263194 0.038281 0.056944
0 0.555859 0.493056 0.071094 0.094444
0 0.726172 0.381250 0.082031 0.026389
0 0.179297 0.421528 0.171094 0.131944
0 0.571875 0.311111 0.037500 0.038889
0 0.413281 0.286111 0.031250 0.047222
0 0.819531 0.432639 0.121875 0.081944
0 0.464844 0.253472 0.026562 0.043056
0 0.383203 0.242361 0.019531 0.043056
0 0.935156 0.370139 0.062500 0.040278
0 0.463672 0.201389 0.019531 0.025000
0 0.573047 0.351389 0.041406 0.069444
0 0.853125 0.948611 0.157812 0.100000
0 0.809375 0.356944 0.165625 0.066667
0 0.378906 0.295139 0.039062 0.045833
0 0.409375 0.887500 0.146875 0.222222
0 0.624609 0.327083 0.030469 0.070833
0 0.303125 0.425694 0.060937 0.079167
0 0.025781 0.750694 0.051562 0.115278
0 0.323047 0.239583 0.061719 0.101389
0 0.739844 0.427083 0.050000 0.095833
0 0.844922 0.521528 0.088281 0.156944
0 0.414453 0.234028 0.016406 0.043056
0 0.569141 0.293750 0.027344 0.037500
0 0.181641 0.358333 0.172656 0.141667
0 0.756250 0.422222 0.067187 0.083333
0 0.378125 0.460417 0.064062 0.106944
0 0.398438 0.258333 0.018750 0.047222
0 0.017578 0.881250 0.035156 0.168056
0 0.375781 0.340972 0.051562 0.070833
0 0.312500 0.388194 0.059375 0.059722
0 0.337891 0.517361 0.057031 0.070833
0 0.953516 0.456250 0.091406 0.093056
0 0.308984 0.677083 0.085156 0.137500
0 0.654687 0.293750 0.034375 0.037500
0 0.909766 0.427778 0.058594 0.052778
0 0.783984 0.277778 0.035156 0.041667
0 0.905078 0.397222 0.099219 0.066667
0 0.254688 0.568056 0.110937 0.144444
0 0.440625 0.266667 0.032813 0.044444
0 0.402734 0.395833 0.055469 0.063889
0 0.321484 0.562500 0.096094 0.150000
0 0.712109 0.307639 0.036719 0.043056
0 0.955078 0.361806 0.060156 0.037500
0 0.434375 0.200694 0.032813 0.056944
0 0.793359 0.680556 0.024219 0.088889
0 0.651953 0.389583 0.078906 0.045833
0 0.006641 0.615972 0.013281 0.118056
0 0.244922 0.461111 0.053906 0.097222
0 0.203906 0.652083 0.095312 0.129167
0 0.546484 0.302083 0.024219 0.048611
0 0.728906 0.335417 0.035937 0.048611
0 0.653906 0.340278 0.039062 0.058333
0 0.348047 0.735417 0.077344 0.181944
0 0.968750 0.535417 0.018750 0.065278
0 0.743750 0.273611 0.043750 0.058333
0 0.650781 0.200000 0.040625 0.052778
0 0.355469 0.306944 0.012500 0.030556
0 0.426953 0.236806 0.033594 0.043056
0 0.094922 0.558333 0.171094 0.261111
0 0.096484 0.890278 0.133594 0.208333
0 0.747266 0.280556 0.042969 0.058333
0 0.811328 0.304861 0.039844 0.037500
0 0.516406 0.463194 0.084375 0.070833
0 0.461719 0.221528 0.018750 0.020833
0 0.358984 0.195139 0.022656 0.026389
0 0.077344 0.975694 0.137500 0.045833
0 0.618750 0.427083 0.090625 0.070833
0 0.977734 0.388889 0.042969 0.050000
0 0.521875 0.739583 0.104688 0.156944
0 0.421875 0.355556 0.042188 0.058333
0 0.760938 0.303472 0.050000 0.040278
0 0.701562 0.446528 0.085938 0.104167
0 0.512891 0.422917 0.097656 0.095833
0 0.362891 0.227778 0.022656 0.047222
0 0.416406 0.623611 0.078125 0.127778
0 0.507031 0.591667 0.079687 0.116667
0 0.608203 0.239583 0.017969 0.051389
0 0.767578 0.307639 0.046094 0.031944
0 0.702344 0.202083 0.043750 0.048611
0 0.287500 0.481250 0.062500 0.081944
0 0.394141 0.194444 0.024219 0.041667
0 0.239453 0.877778 0.132031 0.241667
0 0.239453 0.877778 0.132031 0.241667
0 0.394141 0.194444 0.024219 0.041667
0 0.287500 0.481250 0.062500 0.081944
0 0.702344 0.202083 0.043750 0.048611
0 0.767578 0.307639 0.046094 0.031944
0 0.608203 0.239583 0.017969 0.051389
0 0.507031 0.591667 0.079687 0.116667
0 0.416406 0.623611 0.078125 0.127778
0 0.362891 0.227778 0.022656 0.047222
0 0.512891 0.422917 0.097656 0.095833
0 0.701562 0.446528 0.085938 0.104167
0 0.760938 0.303472 0.050000 0.040278
0 0.421875 0.355556 0.042188 0.058333
0 0.521875 0.739583 0.104688 0.156944
0 0.977734 0.388889 0.042969 0.050000
0 0.618750 0.427083 0.090625 0.070833
0 0.077344 0.975694 0.137500 0.045833
0 0.358984 0.195139 0.022656 0.026389
0 0.461719 0.221528 0.018750 0.020833
0 0.516406 0.463194 0.084375 0.070833
0 0.811328 0.304861 0.039844 0.037500
0 0.747266 0.280556 0.042969 0.058333
0 0.096484 0.890278 0.133594 0.208333
0 0.094922 0.558333 0.171094 0.261111
0 0.426953 0.236806 0.033594 0.043056
0 0.355469 0.306944 0.012500 0.030556
0 0.650781 0.200000 0.040625 0.052778
0 0.743750 0.273611 0.043750 0.058333
0 0.968750 0.535417 0.018750 0.065278
0 0.348047 0.735417 0.077344 0.181944
0 0.653906 0.340278 0.039062 0.058333
0 0.728906 0.335417 0.035937 0.048611
0 0.546484 0.302083 0.024219 0.048611
0 0.203906 0.652083 0.095312 0.129167
0 0.244922 0.461111 0.053906 0.097222
0 0.006641 0.615972 0.013281 0.118056
0 0.651953 0.389583 0.078906 0.045833
0 0.793359 0.680556 0.024219 0.088889
0 0.434375 0.200694 0.032813 0.056944
0 0.955078 0.361806 0.060156 0.037500
0 0.712109 0.307639 0.036719 0.043056
0 0.321484 0.562500 0.096094 0.150000
0 0.402734 0.395833 0.055469 0.063889
0 0.440625 0.266667 0.032813 0.044444
0 0.254688 0.568056 0.110937 0.144444
0 0.905078 0.397222 0.099219 0.066667
0 0.783984 0.277778 0.035156 0.041667
0 0.909766 0.427778 0.058594 0.052778
0 0.654687 0.293750 0.034375 0.037500
0 0.308984 0.677083 0.085156 0.137500
0 0.953516 0.456250 0.091406 0.093056
0 0.337891 0.517361 0.057031 0.070833
0 0.312500 0.388194 0.059375 0.059722
0 0.375781 0.340972 0.051562 0.070833
0 0.017578 0.881250 0.035156 0.168056
0 0.398438 0.258333 0.018750 0.047222
0 0.378125 0.460417 0.064062 0.106944
0 0.756250 0.422222 0.067187 0.083333
0 0.181641 0.358333 0.172656 0.141667
0 0.569141 0.293750 0.027344 0.037500
0 0.414453 0.234028 0.016406 0.043056
0 0.844922 0.521528 0.088281 0.156944
0 0.739844 0.427083 0.050000 0.095833
0 0.323047 0.239583 0.061719 0.101389
0 0.025781 0.750694 0.051562 0.115278
0 0.303125 0.425694 0.060937 0.079167
0 0.624609 0.327083 0.030469 0.070833
0 0.409375 0.887500 0.146875 0.222222
0 0.378906 0.295139 0.039062 0.045833
0 0.809375 0.356944 0.165625 0.066667
0 0.853125 0.948611 0.157812 0.100000
0 0.573047 0.351389 0.041406 0.069444
0 0.463672 0.201389 0.019531 0.025000
0 0.935156 0.370139 0.062500 0.040278
0 0.383203 0.242361 0.019531 0.043056
0 0.464844 0.253472 0.026562 0.043056
0 0.819531 0.432639 0.121875 0.081944
0 0.413281 0.286111 0.031250 0.047222
0 0.571875 0.311111 0.037500 0.038889
0 0.179297 0.421528 0.171094 0.131944
0 0.726172 0.381250 0.082031 0.026389
0 0.555859 0.493056 0.071094 0.094444
0 0.638672 0.263194 0.038281 0.056944
0 0.139844 0.741667 0.181250 0.172222
0 0.509375 0.527083 0.067187 0.079167
0 0.424219 0.519444 0.067187 0.119444
0 0.823828 0.366667 0.166406 0.063889
0 0.239453 0.877778 0.132031 0.241667
0 0.394141 0.194444 0.024219 0.041667
0 0.287500 0.481250 0.062500 0.081944
0 0.702344 0.202083 0.043750 0.048611
0 0.767578 0.307639 0.046094 0.031944
0 0.608203 0.239583 0.017969 0.051389
0 0.507031 0.591667 0.079687 0.116667
0 0.416406 0.623611 0.078125 0.127778
0 0.362891 0.227778 0.022656 0.047222
0 0.512891 0.422917 0.097656 0.095833
0 0.701562 0.446528 0.085938 0.104167
0 0.760938 0.303472 0.050000 0.040278
0 0.421875 0.355556 0.042188 0.058333
0 0.521875 0.739583 0.104688 0.156944
0 0.977734 0.388889 0.042969 0.050000
0 0.618750 0.427083 0.090625 0.070833
0 0.077344 0.975694 0.137500 0.045833
0 0.358984 0.195139 0.022656 0.026389
0 0.461719 0.221528 0.018750 0.020833
0 0.516406 0.463194 0.084375 0.070833
0 0.811328 0.304861 0.039844 0.037500
0 0.747266 0.280556 0.042969 0.058333
0 0.096484 0.890278 0.133594 0.208333
0 0.094922 0.558333 0.171094 0.261111
0 0.426953 0.236806 0.033594 0.043056
0 0.355469 0.306944 0.012500 0.030556
0 0.650781 0.200000 0.040625 0.052778
0 0.743750 0.273611 0.043750 0.058333
0 0.968750 0.535417 0.018750 0.065278
0 0.348047 0.735417 0.077344 0.181944
0 0.653906 0.340278 0.039062 0.058333
0 0.728906 0.335417 0.035937 0.048611
0 0.546484 0.302083 0.024219 0.048611
0 0.203906 0.652083 0.095312 0.129167
0 0.244922 0.461111 0.053906 0.097222
0 0.006641 0.615972 0.013281 0.118056
0 0.651953 0.389583 0.078906 0.045833
0 0.793359 0.680556 0.024219 0.088889
0 0.434375 0.200694 0.032813 0.056944
0 0.955078 0.361806 0.060156 0.037500
0 0.712109 0.307639 0.036719 0.043056
0 0.321484 0.562500 0.096094 0.150000
0 0.402734 0.395833 0.055469 0.063889
0 0.440625 0.266667 0.032813 0.044444
0 0.254688 0.568056 0.110937 0.144444
0 0.905078 0.397222 0.099219 0.066667
0 0.783984 0.277778 0.035156 0.041667
0 0.909766 0.427778 0.058594 0.052778
0 0.654687 0.293750 0.034375 0.037500
0 0.308984 0.677083 0.085156 0.137500
0 0.953516 0.456250 0.091406 0.093056
0 0.337891 0.517361 0.057031 0.070833
0 0.312500 0.388194 0.059375 0.059722
0 0.375781 0.340972 0.051562 0.070833
0 0.017578 0.881250 0.035156 0.168056
0 0.398438 0.258333 0.018750 0.047222
0 0.378125 0.460417 0.064062 0.106944
0 0.756250 0.422222 0.067187 0.083333
0 0.181641 0.358333 0.172656 0.141667
0 0.569141 0.293750 0.027344 0.037500
0 0.414453 0.234028 0.016406 0.043056
0 0.844922 0.521528 0.088281 0.156944
0 0.739844 0.427083 0.050000 0.095833
0 0.323047 0.239583 0.061719 0.101389
0 0.025781 0.750694 0.051562 0.115278
0 0.303125 0.425694 0.060937 0.079167
0 0.624609 0.327083 0.030469 0.070833
0 0.409375 0.887500 0.146875 0.222222
0 0.378906 0.295139 0.039062 0.045833
0 0.809375 0.356944 0.165625 0.066667
0 0.853125 0.948611 0.157812 0.100000
0 0.573047 0.351389 0.041406 0.069444
0 0.463672 0.201389 0.019531 0.025000
0 0.935156 0.370139 0.062500 0.040278
0 0.383203 0.242361 0.019531 0.043056
0 0.464844 0.253472 0.026562 0.043056
0 0.819531 0.432639 0.121875 0.081944
0 0.413281 0.286111 0.031250 0.047222
0 0.571875 0.311111 0.037500 0.038889
0 0.726172 0.381250 0.082031 0.026389
