0 0.406250 0.622917 0.048438 0.070833
0 0.365625 0.706944 0.067187 0.094444
0 0.480078 0.374306 0.010156 0.015278
0 0.533594 0.415972 0.018750 0.026389
0 0.446094 0.463194 0.026562 0.031944
0 0.417969 0.561806 0.045312 0.070833
0 0.406250 0.622917 0.048438 0.070833
0 0.401562 0.462500 0.026562 0.041667
0 0.445312 0.367361 0.009375 0.015278
0 0.453516 0.446528 0.022656 0.043056
0 0.549219 0.360417 0.007812 0.012500
0 0.471484 0.401389 0.013281 0.019444
0 0.461328 0.409028 0.016406 0.020833
0 0.336719 0.473611 0.114062 0.130556
0 0.472266 0.388194 0.013281 0.015278
0 0.539844 0.367361 0.009375 0.015278
0 0.279297 0.670833 0.071094 0.083333
0 0.394141 0.482639 0.028906 0.029167
0 0.442188 0.494444 0.025000 0.036111
0 0.430078 0.384722 0.013281 0.016667
0 0.592969 0.580556 0.046875 0.086111
0 0.468750 0.362500 0.009375 0.013889
0 0.265625 0.586111 0.054688 0.066667
0 0.191406 0.861111 0.123438 0.158333
0 0.566016 0.384028 0.011719 0.015278
0 0.456250 0.436806 0.018750 0.023611
0 0.464062 0.429861 0.015625 0.031944
0 0.468750 0.362500 0.009375 0.013889
0 0.592969 0.580556 0.046875 0.086111
0 0.430078 0.384722 0.013281 0.016667
0 0.406250 0.622917 0.048438 0.070833
0 0.417969 0.561806 0.045312 0.070833
0 0.446094 0.463194 0.026562 0.031944
0 0.533594 0.415972 0.018750 0.026389
0 0.480078 0.374306 0.010156 0.015278
0 0.365625 0.706944 0.067187 0.094444
0 0.389453 0.508333 0.032031 0.041667
0 0.475391 0.354861 0.008594 0.012500
0 0.442188 0.494444 0.025000 0.036111
0 0.394141 0.482639 0.028906 0.029167
0 0.279297 0.670833 0.071094 0.083333
0 0.539844 0.367361 0.009375 0.015278
0 0.472266 0.388194 0.013281 0.015278
0 0.336719 0.473611 0.114062 0.130556
0 0.461328 0.409028 0.016406 0.020833
0 0.471484 0.401389 0.013281 0.019444
0 0.549219 0.360417 0.007812 0.012500
0 0.453516 0.446528 0.022656 0.043056
0 0.445312 0.367361 0.009375 0.015278
0 0.401562 0.462500 0.026562 0.041667
0 0.741406 0.716667 0.096875 0.169444
0 0.410156 0.404167 0.015625 0.027778
0 0.464062 0.422222 0.018750 0.033333
0 0.939453 0.834028 0.119531 0.151389
0 0.431250 0.515278 0.031250 0.044444
0 0.650781 0.488194 0.028125 0.037500
0 0.454688 0.384028 0.010937 0.018056
0 0.595313 0.422917 0.018750 0.020833
0 0.519531 0.358333 0.007812 0.016667
0 0.418750 0.441667 0.018750 0.027778
0 0.346875 0.567361 0.045312 0.056944
0 0.522656 0.377083 0.010937 0.012500
0 0.526953 0.387500 0.014844 0.019444
0 0.437891 0.412500 0.016406 0.022222
0 0.348047 0.836111 0.083594 0.138889
0 0.382422 0.429861 0.028906 0.045833
0 0.265625 0.586111 0.054688 0.066667
0 0.191406 0.861111 0.123438 0.158333
0 0.566016 0.384028 0.011719 0.015278
0 0.456250 0.436806 0.018750 0.023611
0 0.464062 0.429861 0.015625 0.031944
0 0.468750 0.362500 0.009375 0.013889
0 0.592969 0.580556 0.046875 0.086111
0 0.430078 0.384722 0.013281 0.016667
0 0.406250 0.622917 0.048438 0.070833
0 0.417969 0.561806 0.045312 0.070833
0 0.446094 0.463194 0.026562 0.031944
0 0.533594 0.415972 0.018750 0.026389
0 0.480078 0.374306 0.010156 0.015278
0 0.365625 0.706944 0.067187 0.094444
0 0.389453 0.508333 0.032031 0.041667
0 0.475391 0.354861 0.008594 0.012500
0 0.464062 0.429861 0.015625 0.031944
0 0.456250 0.436806 0.018750 0.023611
0 0.566016 0.384028 0.011719 0.015278
0 0.191406 0.861111 0.123438 0.158333
0 0.265625 0.586111 0.054688 0.066667
0 0.382422 0.429861 0.028906 0.045833
0 0.348047 0.836111 0.083594 0.138889
0 0.437891 0.412500 0.016406 0.022222
0 0.526953 0.387500 0.014844 0.019444
0 0.522656 0.377083 0.010937 0.012500
0 0.346875 0.567361 0.045312 0.056944
0 0.418750 0.441667 0.018750 0.027778
0 0.519531 0.358333 0.007812 0.016667
0 0.595313 0.422917 0.018750 0.020833
0 0.454688 0.384028 0.010937 0.018056
0 0.650781 0.488194 0.028125 0.037500
0 0.431250 0.515278 0.031250 0.044444
0 0.939453 0.834028 0.119531 0.151389
0 0.464062 0.422222 0.018750 0.033333
0 0.442188 0.494444 0.025000 0.036111
0 0.394141 0.482639 0.028906 0.029167
0 0.279297 0.670833 0.071094 0.083333
0 0.539844 0.367361 0.009375 0.015278
0 0.472266 0.388194 0.013281 0.015278
0 0.336719 0.473611 0.114062 0.130556
0 0.461328 0.409028 0.016406 0.020833
0 0.471484 0.401389 0.013281 0.019444
0 0.549219 0.360417 0.007812 0.012500
0 0.453516 0.446528 0.022656 0.043056
0 0.445312 0.367361 0.009375 0.015278
0 0.401562 0.462500 0.026562 0.041667
0 0.741406 0.716667 0.096875 0.169444
0 0.410156 0.404167 0.015625 0.027778
0 0.464062 0.422222 0.018750 0.033333
0 0.939453 0.834028 0.119531 0.151389
0 0.431250 0.515278 0.031250 0.044444
0 0.650781 0.488194 0.028125 0.037500
0 0.454688 0.384028 0.010937 0.018056
0 0.595313 0.422917 0.018750 0.020833
0 0.519531 0.358333 0.007812 0.016667
0 0.418750 0.441667 0.018750 0.027778
0 0.346875 0.567361 0.045312 0.056944
0 0.522656 0.377083 0.010937 0.012500
0 0.526953 0.387500 0.014844 0.019444
0 0.437891 0.412500 0.016406 0.022222
0 0.348047 0.836111 0.083594 0.138889
0 0.382422 0.429861 0.028906 0.045833
0 0.265625 0.586111 0.054688 0.066667
0 0.191406 0.861111 0.123438 0.158333
0 0.566016 0.384028 0.011719 0.015278
0 0.456250 0.436806 0.018750 0.023611
0 0.464062 0.429861 0.015625 0.031944
0 0.468750 0.362500 0.009375 0.013889
0 0.592969 0.580556 0.046875 0.086111
0 0.430078 0.384722 0.013281 0.016667
0 0.417969 0.561806 0.045312 0.070833
0 0.446094 0.463194 0.026562 0.031944
0 0.533594 0.415972 0.018750 0.026389
0 0.480078 0.374306 0.010156 0.015278
0 0.365625 0.706944 0.067187 0.094444
0 0.389453 0.508333 0.032031 0.041667
0 0.475391 0.354861 0.008594 0.012500
0 0.410156 0.404167 0.015625 0.027778
0 0.741406 0.716667 0.096875 0.169444
0 0.401562 0.462500 0.026562 0.041667
0 0.445312 0.367361 0.009375 0.015278
0 0.453516 0.446528 0.022656 0.043056
0 0.549219 0.360417 0.007812 0.012500
0 0.442188 0.494444 0.025000 0.036111
0 0.394141 0.482639 0.028906 0.029167
0 0.279297 0.670833 0.071094 0.083333
0 0.539844 0.367361 0.009375 0.015278
0 0.472266 0.388194 0.013281 0.015278
0 0.336719 0.473611 0.114062 0.130556
0 0.461328 0.409028 0.016406 0.020833
0 0.471484 0.401389 0.013281 0.019444
0 0.549219 0.360417 0.007812 0.012500
0 0.453516 0.446528 0.022656 0.043056
0 0.445312 0.367361 0.009375 0.015278
0 0.401562 0.462500 0.026562 0.041667
0 0.741406 0.716667 0.096875 0.169444
0 0.410156 0.404167 0.015625 0.027778
0 0.464062 0.422222 0.018750 0.033333
0 0.939453 0.834028 0.119531 0.151389
0 0.431250 0.515278 0.031250 0.044444
0 0.650781 0.488194 0.028125 0.037500
0 0.454688 0.384028 0.010937 0.018056
0 0.595313 0.422917 0.018750 0.020833
0 0.519531 0.358333 0.007812 0.016667
0 0.418750 0.441667 0.018750 0.027778
0 0.346875 0.567361 0.045312 0.056944
0 0.522656 0.377083 0.010937 0.012500
0 0.526953 0.387500 0.014844 0.019444
0 0.437891 0.412500 0.016406 0.022222
0 0.348047 0.836111 0.083594 0.138889
0 0.382422 0.429861 0.028906 0.045833
0 0.265625 0.586111 0.054688 0.066667
0 0.191406 0.861111 0.123438 0.158333
0 0.566016 0.384028 0.011719 0.015278
0 0.456250 0.436806 0.018750 0.023611
0 0.464062 0.429861 0.015625 0.031944
0 0.468750 0.362500 0.009375 0.013889
0 0.592969 0.580556 0.046875 0.086111
0 0.430078 0.384722 0.013281 0.016667
0 0.406250 0.622917 0.048438 0.070833
0 0.417969 0.561806 0.045312 0.070833
0 0.475391 0.354861 0.008594 0.012500
0 0.389453 0.508333 0.032031 0.041667
0 0.471484 0.401389 0.013281 0.019444
0 0.442188 0.494444 0.025000 0.036111
0 0.394141 0.482639 0.028906 0.029167
0 0.279297 0.670833 0.071094 0.083333
0 0.539844 0.367361 0.009375 0.015278
0 0.472266 0.388194 0.013281 0.015278
0 0.336719 0.473611 0.114062 0.130556
0 0.461328 0.409028 0.016406 0.020833
0 0.471484 0.401389 0.013281 0.019444
0 0.549219 0.360417 0.007812 0.012500
0 0.453516 0.446528 0.022656 0.043056
0 0.445312 0.367361 0.009375 0.015278
0 0.401562 0.462500 0.026562 0.041667
0 0.741406 0.716667 0.096875 0.169444
0 0.410156 0.404167 0.015625 0.027778
0 0.464062 0.422222 0.018750 0.033333
0 0.939453 0.834028 0.119531 0.151389
0 0.431250 0.515278 0.031250 0.044444
0 0.650781 0.488194 0.028125 0.037500
0 0.454688 0.384028 0.010937 0.018056
0 0.595313 0.422917 0.018750 0.020833
0 0.519531 0.358333 0.007812 0.016667
0 0.418750 0.441667 0.018750 0.027778
0 0.461328 0.409028 0.016406 0.020833
0 0.336719 0.473611 0.114062 0.130556
0 0.472266 0.388194 0.013281 0.015278
0 0.539844 0.367361 0.009375 0.015278
0 0.279297 0.670833 0.071094 0.083333
0 0.394141 0.482639 0.028906 0.029167
0 0.442188 0.494444 0.025000 0.036111
0 0.365625 0.706944 0.067187 0.094444
0 0.480078 0.374306 0.010156 0.015278
0 0.533594 0.415972 0.018750 0.026389
0 0.446094 0.463194 0.026562 0.031944
0 0.475391 0.354861 0.008594 0.012500
0 0.389453 0.508333 0.032031 0.041667
0 0.365625 0.706944 0.067187 0.094444
0 0.480078 0.374306 0.010156 0.015278
0 0.533594 0.415972 0.018750 0.026389
0 0.446094 0.463194 0.026562 0.031944
0 0.417969 0.561806 0.045312 0.070833
0 0.406250 0.622917 0.048438 0.070833
0 0.430078 0.384722 0.013281 0.016667
0 0.592969 0.580556 0.046875 0.086111
0 0.468750 0.362500 0.009375 0.013889
0 0.464062 0.429861 0.015625 0.031944
0 0.456250 0.436806 0.018750 0.023611
0 0.566016 0.384028 0.011719 0.015278
0 0.191406 0.861111 0.123438 0.158333
0 0.265625 0.586111 0.054688 0.066667
0 0.382422 0.429861 0.028906 0.045833
0 0.348047 0.836111 0.083594 0.138889
0 0.437891 0.412500 0.016406 0.022222
0 0.526953 0.387500 0.014844 0.019444
0 0.522656 0.377083 0.010937 0.012500
0 0.346875 0.567361 0.045312 0.056944
0 0.475391 0.354861 0.008594 0.012500
0 0.389453 0.508333 0.032031 0.041667
0 0.382422 0.429861 0.028906 0.045833
0 0.348047 0.836111 0.083594 0.138889
0 0.437891 0.412500 0.016406 0.022222
0 0.526953 0.387500 0.014844 0.019444
0 0.522656 0.377083 0.010937 0.012500
0 0.346875 0.567361 0.045312 0.056944
0 0.418750 0.441667 0.018750 0.027778
0 0.519531 0.358333 0.007812 0.016667
0 0.595313 0.422917 0.018750 0.020833
0 0.454688 0.384028 0.010937 0.018056
0 0.650781 0.488194 0.028125 0.037500
0 0.431250 0.515278 0.031250 0.044444
0 0.939453 0.834028 0.119531 0.151389
0 0.464062 0.422222 0.018750 0.033333
0 0.410156 0.404167 0.015625 0.027778
0 0.741406 0.716667 0.096875 0.169444
0 0.442188 0.494444 0.025000 0.036111
0 0.394141 0.482639 0.028906 0.029167
0 0.279297 0.670833 0.071094 0.083333
0 0.539844 0.367361 0.009375 0.015278
0 0.472266 0.388194 0.013281 0.015278
0 0.336719 0.473611 0.114062 0.130556
0 0.461328 0.409028 0.016406 0.020833
0 0.471484 0.401389 0.013281 0.019444
0 0.549219 0.360417 0.007812 0.012500
0 0.453516 0.446528 0.022656 0.043056
0 0.445312 0.367361 0.009375 0.015278
0 0.401562 0.462500 0.026562 0.041667
0 0.741406 0.716667 0.096875 0.169444
0 0.410156 0.404167 0.015625 0.027778
0 0.464062 0.422222 0.018750 0.033333
0 0.939453 0.834028 0.119531 0.151389
0 0.431250 0.515278 0.031250 0.044444
0 0.650781 0.488194 0.028125 0.037500
0 0.454688 0.384028 0.010937 0.018056
0 0.595313 0.422917 0.018750 0.020833
0 0.519531 0.358333 0.007812 0.016667
0 0.418750 0.441667 0.018750 0.027778
0 0.346875 0.567361 0.045312 0.056944
0 0.522656 0.377083 0.010937 0.012500
0 0.526953 0.387500 0.014844 0.019444
0 0.437891 0.412500 0.016406 0.022222
0 0.348047 0.836111 0.083594 0.138889
0 0.382422 0.429861 0.028906 0.045833
0 0.265625 0.586111 0.054688 0.066667
0 0.191406 0.861111 0.123438 0.158333
0 0.566016 0.384028 0.011719 0.015278
0 0.456250 0.436806 0.018750 0.023611
0 0.464062 0.429861 0.015625 0.031944
0 0.468750 0.362500 0.009375 0.013889
0 0.592969 0.580556 0.046875 0.086111
0 0.430078 0.384722 0.013281 0.016667
0 0.406250 0.622917 0.048438 0.070833
0 0.417969 0.561806 0.045312 0.070833
0 0.446094 0.463194 0.026562 0.031944
0 0.533594 0.415972 0.018750 0.026389
0 0.480078 0.374306 0.010156 0.015278
0 0.365625 0.706944 0.067187 0.094444
0 0.389453 0.508333 0.032031 0.041667
0 0.475391 0.354861 0.008594 0.012500
