0 0.469141 0.407639 0.014844 0.023611
0 0.561719 0.495139 0.031250 0.048611
0 0.459375 0.439583 0.020313 0.029167
0 0.460547 0.418750 0.016406 0.020833
0 0.450000 0.454167 0.021875 0.027778
0 0.559766 0.369444 0.011719 0.022222
0 0.283594 0.703472 0.076563 0.093056
0 0.383984 0.437500 0.019531 0.025000
0 0.456641 0.383333 0.011719 0.016667
0 0.463281 0.375694 0.009375 0.020833
0 0.423828 0.395139 0.014844 0.018056
0 0.426563 0.427778 0.018750 0.025000
0 0.548828 0.447917 0.021094 0.031944
0 0.389453 0.508333 0.035156 0.047222
0 0.398047 0.460417 0.024219 0.026389
0 0.411328 0.409722 0.014844 0.022222
0 0.531641 0.342361 0.011719 0.020833
0 0.283594 0.703472 0.076563 0.093056
0 0.383984 0.437500 0.019531 0.025000
0 0.456641 0.383333 0.011719 0.016667
0 0.463281 0.375694 0.009375 0.020833
0 0.423828 0.395139 0.014844 0.018056
0 0.426563 0.427778 0.018750 0.025000
0 0.548828 0.447917 0.021094 0.031944
0 0.389453 0.508333 0.035156 0.047222
0 0.398047 0.460417 0.024219 0.026389
0 0.411328 0.409722 0.014844 0.022222
0 0.531641 0.342361 0.011719 0.020833
0 0.411328 0.409722 0.014844 0.022222
0 0.437891 0.363194 0.021094 0.040278
0 0.437891 0.363194 0.021094 0.040278
0 0.352734 0.800694 0.083594 0.137500
0 0.546484 0.389583 0.013281 0.018056
0 0.570312 0.392361 0.014063 0.018056
0 0.480078 0.371528 0.010156 0.015278
0 0.521484 0.361806 0.010156 0.015278
0 0.430859 0.522917 0.035156 0.054167
0 0.469141 0.407639 0.014844 0.023611
0 0.561719 0.495139 0.031250 0.048611
0 0.459375 0.439583 0.020313 0.029167
0 0.460547 0.418750 0.016406 0.020833
0 0.338672 0.485417 0.035156 0.048611
0 0.474609 0.386111 0.014844 0.019444
0 0.681250 0.906944 0.115625 0.183333
0 0.634766 0.473611 0.027344 0.036111
0 0.391406 0.497222 0.035937 0.063889
0 0.542969 0.372917 0.012500 0.015278
0 0.321875 0.605556 0.050000 0.066667
0 0.524609 0.379167 0.013281 0.022222
0 0.584766 0.450694 0.021094 0.034722
0 0.416797 0.443750 0.021094 0.026389
0 0.214844 0.629167 0.068750 0.080556
0 0.660937 0.575694 0.046875 0.073611
0 0.445703 0.484028 0.025781 0.040278
0 0.405859 0.622917 0.049219 0.070833
0 0.446875 0.397917 0.014063 0.026389
0 0.362109 0.527083 0.039844 0.065278
0 0.435937 0.415972 0.015625 0.023611
0 0.531641 0.342361 0.011719 0.020833
0 0.411328 0.409722 0.014844 0.022222
0 0.398047 0.460417 0.024219 0.026389
0 0.389453 0.508333 0.035156 0.047222
0 0.548828 0.447917 0.021094 0.031944
0 0.426563 0.427778 0.018750 0.025000
0 0.423828 0.395139 0.014844 0.018056
0 0.463281 0.375694 0.009375 0.020833
0 0.456641 0.383333 0.011719 0.016667
0 0.383984 0.437500 0.019531 0.025000
0 0.283594 0.703472 0.076563 0.093056
0 0.559766 0.369444 0.011719 0.022222
0 0.450000 0.454167 0.021875 0.027778
0 0.460547 0.418750 0.016406 0.020833
0 0.459375 0.439583 0.020313 0.029167
0 0.561719 0.495139 0.031250 0.048611
0 0.469141 0.407639 0.014844 0.023611
0 0.430859 0.522917 0.035156 0.054167
0 0.521484 0.361806 0.010156 0.015278
0 0.480078 0.371528 0.010156 0.015278
0 0.570312 0.392361 0.014063 0.018056
0 0.546484 0.389583 0.013281 0.018056
0 0.352734 0.800694 0.083594 0.137500
0 0.437891 0.363194 0.021094 0.040278
0 0.352734 0.800694 0.083594 0.137500
0 0.546484 0.389583 0.013281 0.018056
0 0.570312 0.392361 0.014063 0.018056
0 0.480078 0.371528 0.010156 0.015278
0 0.521484 0.361806 0.010156 0.015278
0 0.430859 0.522917 0.035156 0.054167
0 0.469141 0.407639 0.014844 0.023611
0 0.561719 0.495139 0.031250 0.048611
0 0.459375 0.439583 0.020313 0.029167
0 0.460547 0.418750 0.016406 0.020833
0 0.450000 0.454167 0.021875 0.027778
0 0.559766 0.369444 0.011719 0.022222
0 0.283594 0.703472 0.076563 0.093056
0 0.383984 0.437500 0.019531 0.025000
0 0.456641 0.383333 0.011719 0.016667
0 0.463281 0.375694 0.009375 0.020833
0 0.423828 0.395139 0.014844 0.018056
0 0.426563 0.427778 0.018750 0.025000
0 0.548828 0.447917 0.021094 0.031944
0 0.389453 0.508333 0.035156 0.047222
0 0.398047 0.460417 0.024219 0.026389
0 0.411328 0.409722 0.014844 0.022222
0 0.531641 0.342361 0.011719 0.020833
0 0.435937 0.415972 0.015625 0.023611
0 0.362109 0.527083 0.039844 0.065278
0 0.446875 0.397917 0.014063 0.026389
0 0.405859 0.622917 0.049219 0.070833
0 0.445703 0.484028 0.025781 0.040278
0 0.531641 0.342361 0.011719 0.020833
0 0.435937 0.415972 0.015625 0.023611
0 0.362109 0.527083 0.039844 0.065278
0 0.446875 0.397917 0.014063 0.026389
0 0.405859 0.622917 0.049219 0.070833
0 0.445703 0.484028 0.025781 0.040278
0 0.660937 0.575694 0.046875 0.073611
0 0.214844 0.629167 0.068750 0.080556
0 0.416797 0.443750 0.021094 0.026389
0 0.584766 0.450694 0.021094 0.034722
0 0.524609 0.379167 0.013281 0.022222
0 0.321875 0.605556 0.050000 0.066667
0 0.542969 0.372917 0.012500 0.015278
0 0.391406 0.497222 0.035937 0.063889
0 0.634766 0.473611 0.027344 0.036111
0 0.681250 0.906944 0.115625 0.183333
0 0.474609 0.386111 0.014844 0.019444
0 0.338672 0.485417 0.035156 0.048611
0 0.338672 0.485417 0.035156 0.048611
0 0.474609 0.386111 0.014844 0.019444
0 0.681250 0.906944 0.115625 0.183333
0 0.634766 0.473611 0.027344 0.036111
0 0.391406 0.497222 0.035937 0.063889
0 0.542969 0.372917 0.012500 0.015278
0 0.321875 0.605556 0.050000 0.066667
0 0.524609 0.379167 0.013281 0.022222
0 0.584766 0.450694 0.021094 0.034722
0 0.416797 0.443750 0.021094 0.026389
0 0.214844 0.629167 0.068750 0.080556
0 0.660937 0.575694 0.046875 0.073611
0 0.660937 0.575694 0.046875 0.073611
0 0.214844 0.629167 0.068750 0.080556
0 0.416797 0.443750 0.021094 0.026389
0 0.584766 0.450694 0.021094 0.034722
0 0.524609 0.379167 0.013281 0.022222
0 0.321875 0.605556 0.050000 0.066667
0 0.542969 0.372917 0.012500 0.015278
0 0.391406 0.497222 0.035937 0.063889
0 0.634766 0.473611 0.027344 0.036111
0 0.681250 0.906944 0.115625 0.183333
0 0.474609 0.386111 0.014844 0.019444
0 0.338672 0.485417 0.035156 0.048611
0 0.398047 0.460417 0.024219 0.026389
0 0.389453 0.508333 0.035156 0.047222
0 0.548828 0.447917 0.021094 0.031944
0 0.426563 0.427778 0.018750 0.025000
0 0.423828 0.395139 0.014844 0.018056
0 0.463281 0.375694 0.009375 0.020833
0 0.437891 0.363194 0.021094 0.040278
0 0.352734 0.800694 0.083594 0.137500
0 0.546484 0.389583 0.013281 0.018056
0 0.570312 0.392361 0.014063 0.018056
0 0.480078 0.371528 0.010156 0.015278
0 0.521484 0.361806 0.010156 0.015278
0 0.430859 0.522917 0.035156 0.054167
0 0.469141 0.407639 0.014844 0.023611
0 0.561719 0.495139 0.031250 0.048611
0 0.459375 0.439583 0.020313 0.029167
0 0.460547 0.418750 0.016406 0.020833
0 0.450000 0.454167 0.021875 0.027778
0 0.559766 0.369444 0.011719 0.022222
0 0.283594 0.703472 0.076563 0.093056
0 0.383984 0.437500 0.019531 0.025000
0 0.456641 0.383333 0.011719 0.016667
0 0.463281 0.375694 0.009375 0.020833
0 0.423828 0.395139 0.014844 0.018056
0 0.426563 0.427778 0.018750 0.025000
0 0.548828 0.447917 0.021094 0.031944
0 0.389453 0.508333 0.035156 0.047222
0 0.398047 0.460417 0.024219 0.026389
0 0.411328 0.409722 0.014844 0.022222
0 0.531641 0.342361 0.011719 0.020833
0 0.435937 0.415972 0.015625 0.023611
0 0.362109 0.527083 0.039844 0.065278
0 0.446875 0.397917 0.014063 0.026389
0 0.405859 0.622917 0.049219 0.070833
0 0.445703 0.484028 0.025781 0.040278
0 0.660937 0.575694 0.046875 0.073611
0 0.214844 0.629167 0.068750 0.080556
0 0.416797 0.443750 0.021094 0.026389
0 0.584766 0.450694 0.021094 0.034722
0 0.524609 0.379167 0.013281 0.022222
0 0.321875 0.605556 0.050000 0.066667
0 0.542969 0.372917 0.012500 0.015278
0 0.391406 0.497222 0.035937 0.063889
0 0.634766 0.473611 0.027344 0.036111
0 0.681250 0.906944 0.115625 0.183333
0 0.474609 0.386111 0.014844 0.019444
0 0.338672 0.485417 0.035156 0.048611
0 0.450000 0.454167 0.021875 0.027778
0 0.559766 0.369444 0.011719 0.022222
0 0.283594 0.703472 0.076563 0.093056
0 0.383984 0.437500 0.019531 0.025000
0 0.456641 0.383333 0.011719 0.016667
0 0.463281 0.375694 0.009375 0.020833
0 0.423828 0.395139 0.014844 0.018056
0 0.426563 0.427778 0.018750 0.025000
0 0.548828 0.447917 0.021094 0.031944
0 0.389453 0.508333 0.035156 0.047222
0 0.398047 0.460417 0.024219 0.026389
0 0.411328 0.409722 0.014844 0.022222
0 0.531641 0.342361 0.011719 0.020833
0 0.435937 0.415972 0.015625 0.023611
0 0.362109 0.527083 0.039844 0.065278
0 0.446875 0.397917 0.014063 0.026389
0 0.405859 0.622917 0.049219 0.070833
0 0.660937 0.575694 0.046875 0.073611
0 0.445703 0.484028 0.025781 0.040278
0 0.214844 0.629167 0.068750 0.080556
0 0.416797 0.443750 0.021094 0.026389
0 0.584766 0.450694 0.021094 0.034722
0 0.524609 0.379167 0.013281 0.022222
0 0.321875 0.605556 0.050000 0.066667
0 0.542969 0.372917 0.012500 0.015278
0 0.391406 0.497222 0.035937 0.063889
0 0.634766 0.473611 0.027344 0.036111
0 0.681250 0.906944 0.115625 0.183333
0 0.474609 0.386111 0.014844 0.019444
0 0.338672 0.485417 0.035156 0.048611
0 0.561719 0.495139 0.031250 0.048611
0 0.469141 0.407639 0.014844 0.023611
0 0.430859 0.522917 0.035156 0.054167
0 0.521484 0.361806 0.010156 0.015278
0 0.480078 0.371528 0.010156 0.015278
0 0.570312 0.392361 0.014063 0.018056
0 0.546484 0.389583 0.013281 0.018056
0 0.352734 0.800694 0.083594 0.137500
0 0.437891 0.363194 0.021094 0.040278
0 0.456641 0.383333 0.011719 0.016667
0 0.383984 0.437500 0.019531 0.025000
0 0.283594 0.703472 0.076563 0.093056
0 0.559766 0.369444 0.011719 0.022222
0 0.450000 0.454167 0.021875 0.027778
0 0.460547 0.418750 0.016406 0.020833
0 0.459375 0.439583 0.020313 0.029167
0 0.435937 0.415972 0.015625 0.023611
0 0.362109 0.527083 0.039844 0.065278
0 0.446875 0.397917 0.014063 0.026389
0 0.405859 0.622917 0.049219 0.070833
0 0.445703 0.484028 0.025781 0.040278
0 0.660937 0.575694 0.046875 0.073611
0 0.214844 0.629167 0.068750 0.080556
0 0.416797 0.443750 0.021094 0.026389
0 0.584766 0.450694 0.021094 0.034722
0 0.524609 0.379167 0.013281 0.022222
0 0.321875 0.605556 0.050000 0.066667
0 0.542969 0.372917 0.012500 0.015278
0 0.391406 0.497222 0.035937 0.063889
0 0.634766 0.473611 0.027344 0.036111
0 0.681250 0.906944 0.115625 0.183333
0 0.474609 0.386111 0.014844 0.019444
0 0.338672 0.485417 0.035156 0.048611
0 0.445703 0.484028 0.025781 0.040278
0 0.405859 0.622917 0.049219 0.070833
0 0.446875 0.397917 0.014063 0.026389
0 0.362109 0.527083 0.039844 0.065278
0 0.435937 0.415972 0.015625 0.023611
0 0.437891 0.363194 0.021094 0.040278
0 0.352734 0.800694 0.083594 0.137500
0 0.546484 0.389583 0.013281 0.018056
0 0.570312 0.392361 0.014063 0.018056
0 0.480078 0.371528 0.010156 0.015278
0 0.521484 0.361806 0.010156 0.015278
0 0.430859 0.522917 0.035156 0.054167
0 0.469141 0.407639 0.014844 0.023611
0 0.561719 0.495139 0.031250 0.048611
0 0.459375 0.439583 0.020313 0.029167
0 0.460547 0.418750 0.016406 0.020833
0 0.450000 0.454167 0.021875 0.027778
0 0.559766 0.369444 0.011719 0.022222
0 0.437891 0.363194 0.021094 0.040278
0 0.352734 0.800694 0.083594 0.137500
0 0.546484 0.389583 0.013281 0.018056
0 0.570312 0.392361 0.014063 0.018056
0 0.480078 0.371528 0.010156 0.015278
0 0.521484 0.361806 0.010156 0.015278
0 0.430859 0.522917 0.035156 0.054167
