0 0.254167 0.185648 0.005208 0.012037
0 0.904427 0.761111 0.080729 0.107407
0 0.347917 0.631481 0.052083 0.098148
0 0.271875 0.181019 0.006250 0.015741
0 0.660156 0.469907 0.063021 0.054630
0 0.299479 0.431944 0.032292 0.049074
0 0.189323 0.195370 0.009896 0.014815
0 0.271875 0.181019 0.006250 0.015741
0 0.375781 0.306019 0.013021 0.019444
0 0.904427 0.761111 0.080729 0.107407
0 0.254948 0.300000 0.009896 0.018519
0 0.166667 0.209259 0.014583 0.016667
0 0.347917 0.631481 0.052083 0.098148
0 0.189323 0.195370 0.009896 0.014815
0 0.299479 0.431944 0.032292 0.049074
0 0.660156 0.469907 0.063021 0.054630
0 0.254167 0.185648 0.005208 0.012037
0 0.254948 0.300000 0.009896 0.018519
0 0.166667 0.209259 0.014583 0.016667
0 0.347917 0.631481 0.052083 0.098148
0 0.254948 0.300000 0.009896 0.018519
0 0.904427 0.761111 0.080729 0.107407
0 0.375781 0.306019 0.013021 0.019444
0 0.271875 0.181019 0.006250 0.015741
0 0.189323 0.195370 0.009896 0.014815
0 0.299479 0.431944 0.032292 0.049074
0 0.660156 0.469907 0.063021 0.054630
0 0.254167 0.185648 0.005208 0.012037
0 0.375781 0.306019 0.013021 0.019444
0 0.271875 0.181019 0.006250 0.015741
0 0.189323 0.195370 0.009896 0.014815
0 0.299479 0.431944 0.032292 0.049074
0 0.347917 0.631481 0.052083 0.098148
0 0.166667 0.209259 0.014583 0.016667
0 0.254948 0.300000 0.009896 0.018519
0 0.904427 0.761111 0.080729 0.107407
0 0.347917 0.631481 0.052083 0.098148
0 0.166667 0.209259 0.014583 0.016667
0 0.254948 0.300000 0.009896 0.018519
0 0.904427 0.761111 0.080729 0.107407
0 0.375781 0.306019 0.013021 0.019444
0 0.271875 0.181019 0.006250 0.015741
0 0.189323 0.195370 0.009896 0.014815
0 0.299479 0.431944 0.032292 0.049074
0 0.660156 0.469907 0.063021 0.054630
0 0.254167 0.185648 0.005208 0.012037
0 0.375781 0.306019 0.013021 0.019444
0 0.271875 0.181019 0.006250 0.015741
0 0.189323 0.195370 0.009896 0.014815
0 0.375781 0.306019 0.013021 0.019444
0 0.904427 0.761111 0.080729 0.107407
0 0.166667 0.209259 0.014583 0.016667
0 0.347917 0.631481 0.052083 0.098148
0 0.166667 0.209259 0.014583 0.016667
0 0.254948 0.300000 0.009896 0.018519
0 0.904427 0.761111 0.080729 0.107407
0 0.254948 0.300000 0.009896 0.018519
0 0.166667 0.209259 0.014583 0.016667
0 0.347917 0.631481 0.052083 0.098148
0 0.660156 0.469907 0.063021 0.054630
0 0.299479 0.431944 0.032292 0.049074
0 0.660156 0.469907 0.063021 0.054630
0 0.254167 0.185648 0.005208 0.012037
0 0.254167 0.185648 0.005208 0.012037
0 0.660156 0.469907 0.063021 0.054630
0 0.299479 0.431944 0.032292 0.049074
0 0.189323 0.195370 0.009896 0.014815
0 0.271875 0.181019 0.006250 0.015741
0 0.375781 0.306019 0.013021 0.019444
0 0.254167 0.185648 0.005208 0.012037
