0 0.398438 0.473611 0.026042 0.019444
0 0.765625 0.351389 0.012500 0.016667
0 0.398438 0.473611 0.026042 0.019444
0 0.026562 0.416667 0.013542 0.011111
0 0.603125 0.408333 0.014583 0.013889
0 0.581250 0.420833 0.010417 0.016667
0 0.375000 0.461806 0.020833 0.018056
0 0.435937 0.475694 0.023958 0.018056
0 0.707812 0.669444 0.061458 0.052778
0 0.459375 0.413194 0.022917 0.018056
0 0.315625 0.426389 0.016667 0.013889
0 0.340104 0.447917 0.019792 0.018056
0 0.622396 0.395139 0.017708 0.015278
0 0.589583 0.474306 0.020833 0.015278
0 0.402604 0.459028 0.030208 0.023611
0 0.427083 0.481250 0.031250 0.026389
0 0.657292 0.384028 0.014583 0.015278
0 0.365625 0.438889 0.043750 0.025000
0 0.657292 0.384028 0.014583 0.015278
0 0.427083 0.481250 0.031250 0.026389
0 0.402604 0.459028 0.030208 0.023611
0 0.589583 0.474306 0.020833 0.015278
0 0.622396 0.395139 0.017708 0.015278
0 0.340104 0.447917 0.019792 0.018056
0 0.315625 0.426389 0.016667 0.013889
0 0.459375 0.413194 0.022917 0.018056
0 0.707812 0.669444 0.061458 0.052778
0 0.435937 0.475694 0.023958 0.018056
0 0.375000 0.461806 0.020833 0.018056
0 0.581250 0.420833 0.010417 0.016667
0 0.603125 0.408333 0.014583 0.013889
0 0.026562 0.416667 0.013542 0.011111
0 0.398438 0.473611 0.026042 0.019444
0 0.765625 0.351389 0.012500 0.016667
0 0.365625 0.438889 0.043750 0.025000
0 0.365625 0.438889 0.043750 0.025000
0 0.365625 0.438889 0.043750 0.025000
0 0.657292 0.384028 0.014583 0.015278
0 0.427083 0.481250 0.031250 0.026389
0 0.402604 0.459028 0.030208 0.023611
0 0.589583 0.474306 0.020833 0.015278
0 0.622396 0.395139 0.017708 0.015278
0 0.340104 0.447917 0.019792 0.018056
0 0.315625 0.426389 0.016667 0.013889
0 0.459375 0.413194 0.022917 0.018056
0 0.707812 0.669444 0.061458 0.052778
0 0.435937 0.475694 0.023958 0.018056
0 0.375000 0.461806 0.020833 0.018056
0 0.581250 0.420833 0.010417 0.016667
0 0.603125 0.408333 0.014583 0.013889
0 0.026562 0.416667 0.013542 0.011111
0 0.398438 0.473611 0.026042 0.019444
0 0.765625 0.351389 0.012500 0.016667
0 0.765625 0.351389 0.012500 0.016667
0 0.398438 0.473611 0.026042 0.019444
0 0.026562 0.416667 0.013542 0.011111
0 0.603125 0.408333 0.014583 0.013889
0 0.581250 0.420833 0.010417 0.016667
0 0.375000 0.461806 0.020833 0.018056
0 0.435937 0.475694 0.023958 0.018056
0 0.707812 0.669444 0.061458 0.052778
0 0.459375 0.413194 0.022917 0.018056
0 0.315625 0.426389 0.016667 0.013889
0 0.365625 0.438889 0.043750 0.025000
0 0.657292 0.384028 0.014583 0.015278
0 0.427083 0.481250 0.031250 0.026389
0 0.402604 0.459028 0.030208 0.023611
0 0.589583 0.474306 0.020833 0.015278
0 0.622396 0.395139 0.017708 0.015278
0 0.340104 0.447917 0.019792 0.018056
0 0.765625 0.351389 0.012500 0.016667
0 0.398438 0.473611 0.026042 0.019444
0 0.026562 0.416667 0.013542 0.011111
0 0.603125 0.408333 0.014583 0.013889
0 0.581250 0.420833 0.010417 0.016667
0 0.375000 0.461806 0.020833 0.018056
0 0.435937 0.475694 0.023958 0.018056
0 0.707812 0.669444 0.061458 0.052778
0 0.459375 0.413194 0.022917 0.018056
0 0.315625 0.426389 0.016667 0.013889
0 0.340104 0.447917 0.019792 0.018056
0 0.622396 0.395139 0.017708 0.015278
0 0.589583 0.474306 0.020833 0.015278
0 0.402604 0.459028 0.030208 0.023611
0 0.427083 0.481250 0.031250 0.026389
0 0.657292 0.384028 0.014583 0.015278
0 0.765625 0.351389 0.012500 0.016667
0 0.398438 0.473611 0.026042 0.019444
0 0.026562 0.416667 0.013542 0.011111
0 0.603125 0.408333 0.014583 0.013889
0 0.581250 0.420833 0.010417 0.016667
0 0.375000 0.461806 0.020833 0.018056
0 0.435937 0.475694 0.023958 0.018056
0 0.707812 0.669444 0.061458 0.052778
0 0.459375 0.413194 0.022917 0.018056
0 0.315625 0.426389 0.016667 0.013889
0 0.340104 0.447917 0.019792 0.018056
0 0.622396 0.395139 0.017708 0.015278
0 0.589583 0.474306 0.020833 0.015278
0 0.402604 0.459028 0.030208 0.023611
0 0.427083 0.481250 0.031250 0.026389
0 0.657292 0.384028 0.014583 0.015278
0 0.365625 0.438889 0.043750 0.025000
0 0.365625 0.438889 0.043750 0.025000
0 0.657292 0.384028 0.014583 0.015278
0 0.427083 0.481250 0.031250 0.026389
0 0.402604 0.459028 0.030208 0.023611
0 0.589583 0.474306 0.020833 0.015278
0 0.622396 0.395139 0.017708 0.015278
0 0.340104 0.447917 0.019792 0.018056
0 0.315625 0.426389 0.016667 0.013889
0 0.459375 0.413194 0.022917 0.018056
0 0.707812 0.669444 0.061458 0.052778
0 0.435937 0.475694 0.023958 0.018056
0 0.375000 0.461806 0.020833 0.018056
0 0.581250 0.420833 0.010417 0.016667
0 0.603125 0.408333 0.014583 0.013889
0 0.026562 0.416667 0.013542 0.011111
0 0.765625 0.351389 0.012500 0.016667
