0 0.881250 0.747222 0.102083 0.068519
0 0.350260 0.556019 0.061979 0.086111
0 0.318750 0.678704 0.057292 0.118519
0 0.236979 0.395833 0.011458 0.019444
0 0.509635 0.599537 0.051562 0.047222
0 0.200521 0.439352 0.013542 0.021296
0 0.007552 0.520370 0.015104 0.025926
0 0.198177 0.426389 0.011979 0.013889
0 0.331250 0.474074 0.019792 0.024074
0 0.350260 0.556019 0.061979 0.086111
0 0.318750 0.678704 0.057292 0.118519
0 0.236979 0.395833 0.011458 0.019444
0 0.509635 0.599537 0.051562 0.047222
0 0.200521 0.439352 0.013542 0.021296
0 0.189062 0.412037 0.011458 0.016667
0 0.205469 0.378704 0.006771 0.012963
0 0.211458 0.569444 0.027083 0.042593
0 0.881250 0.747222 0.102083 0.068519
0 0.708333 0.957407 0.146875 0.083333
0 0.007552 0.520370 0.015104 0.025926
0 0.198177 0.426389 0.011979 0.013889
0 0.331250 0.474074 0.019792 0.024074
0 0.189062 0.412037 0.011458 0.016667
0 0.205469 0.378704 0.006771 0.012963
0 0.211458 0.569444 0.027083 0.042593
0 0.881250 0.747222 0.102083 0.068519
0 0.350260 0.556019 0.061979 0.086111
0 0.708333 0.957407 0.146875 0.083333
0 0.007552 0.520370 0.015104 0.025926
0 0.198177 0.426389 0.011979 0.013889
0 0.331250 0.474074 0.019792 0.024074
0 0.708333 0.957407 0.146875 0.083333
0 0.007552 0.520370 0.015104 0.025926
0 0.198177 0.426389 0.011979 0.013889
0 0.331250 0.474074 0.019792 0.024074
0 0.350260 0.556019 0.061979 0.086111
0 0.509635 0.599537 0.051562 0.047222
0 0.708333 0.957407 0.146875 0.083333
0 0.881250 0.747222 0.102083 0.068519
0 0.211458 0.569444 0.027083 0.042593
0 0.205469 0.378704 0.006771 0.012963
0 0.198177 0.426389 0.011979 0.013889
0 0.331250 0.474074 0.019792 0.024074
0 0.236979 0.395833 0.011458 0.019444
0 0.318750 0.678704 0.057292 0.118519
0 0.007552 0.520370 0.015104 0.025926
0 0.708333 0.957407 0.146875 0.083333
0 0.881250 0.747222 0.102083 0.068519
0 0.211458 0.569444 0.027083 0.042593
0 0.205469 0.378704 0.006771 0.012963
0 0.189062 0.412037 0.011458 0.016667
0 0.200521 0.439352 0.013542 0.021296
0 0.509635 0.599537 0.051562 0.047222
0 0.236979 0.395833 0.011458 0.019444
0 0.318750 0.678704 0.057292 0.118519
0 0.189062 0.412037 0.011458 0.016667
0 0.200521 0.439352 0.013542 0.021296
0 0.509635 0.599537 0.051562 0.047222
0 0.236979 0.395833 0.011458 0.019444
0 0.318750 0.678704 0.057292 0.118519
0 0.200521 0.439352 0.013542 0.021296
0 0.189062 0.412037 0.011458 0.016667
0 0.205469 0.378704 0.006771 0.012963
0 0.331250 0.474074 0.019792 0.024074
0 0.198177 0.426389 0.011979 0.013889
0 0.007552 0.520370 0.015104 0.025926
0 0.708333 0.957407 0.146875 0.083333
0 0.881250 0.747222 0.102083 0.068519
0 0.211458 0.569444 0.027083 0.042593
0 0.205469 0.378704 0.006771 0.012963
0 0.189062 0.412037 0.011458 0.016667
0 0.200521 0.439352 0.013542 0.021296
0 0.509635 0.599537 0.051562 0.047222
0 0.236979 0.395833 0.011458 0.019444
0 0.318750 0.678704 0.057292 0.118519
0 0.350260 0.556019 0.061979 0.086111
0 0.350260 0.556019 0.061979 0.086111
0 0.331250 0.474074 0.019792 0.024074
0 0.198177 0.426389 0.011979 0.013889
0 0.007552 0.520370 0.015104 0.025926
0 0.708333 0.957407 0.146875 0.083333
0 0.881250 0.747222 0.102083 0.068519
0 0.211458 0.569444 0.027083 0.042593
0 0.205469 0.378704 0.006771 0.012963
0 0.189062 0.412037 0.011458 0.016667
0 0.200521 0.439352 0.013542 0.021296
0 0.509635 0.599537 0.051562 0.047222
0 0.236979 0.395833 0.011458 0.019444
0 0.318750 0.678704 0.057292 0.118519
0 0.350260 0.556019 0.061979 0.086111
0 0.211458 0.569444 0.027083 0.042593
