0 0.563281 0.113889 0.023438 0.011111
0 0.309375 0.056944 0.018750 0.013889
0 0.396875 0.086111 0.021875 0.011111
0 0.310156 0.237500 0.020313 0.030556
0 0.478906 0.048611 0.020313 0.013889
0 0.326562 0.286111 0.021875 0.033333
0 0.282031 0.179167 0.017188 0.025000
0 0.563281 0.113889 0.023438 0.011111
0 0.366406 0.062500 0.020313 0.013889
0 0.300781 0.218056 0.017188 0.025000
0 0.768750 0.104167 0.021875 0.013889
0 0.328125 0.055556 0.018750 0.016667
0 0.439844 0.079167 0.026562 0.013889
0 0.460156 0.075000 0.023438 0.011111
0 0.768750 0.104167 0.021875 0.013889
0 0.300781 0.218056 0.017188 0.025000
0 0.300781 0.218056 0.017188 0.025000
0 0.768750 0.104167 0.021875 0.013889
0 0.460156 0.075000 0.023438 0.011111
0 0.439844 0.079167 0.026562 0.013889
0 0.328125 0.055556 0.018750 0.016667
0 0.366406 0.062500 0.020313 0.013889
0 0.282031 0.179167 0.017188 0.025000
0 0.326562 0.286111 0.021875 0.033333
0 0.478906 0.048611 0.020313 0.013889
0 0.310156 0.237500 0.020313 0.030556
0 0.396875 0.086111 0.021875 0.011111
0 0.309375 0.056944 0.018750 0.013889
0 0.215625 0.431944 0.056250 0.047222
0 0.447656 0.741667 0.035937 0.088889
0 0.465625 0.344444 0.009375 0.016667
0 0.850781 0.327778 0.026562 0.033333
0 0.403906 0.070833 0.026562 0.013889
0 0.472656 0.084722 0.023438 0.013889
0 0.472656 0.084722 0.023438 0.013889
0 0.403906 0.070833 0.026562 0.013889
0 0.850781 0.327778 0.026562 0.033333
0 0.465625 0.344444 0.009375 0.016667
0 0.447656 0.741667 0.035937 0.088889
0 0.215625 0.431944 0.056250 0.047222
0 0.309375 0.056944 0.018750 0.013889
0 0.396875 0.086111 0.021875 0.011111
0 0.310156 0.237500 0.020313 0.030556
0 0.478906 0.048611 0.020313 0.013889
0 0.326562 0.286111 0.021875 0.033333
0 0.300781 0.218056 0.017188 0.025000
0 0.282031 0.179167 0.017188 0.025000
0 0.563281 0.113889 0.023438 0.011111
0 0.366406 0.062500 0.020313 0.013889
0 0.328125 0.055556 0.018750 0.016667
0 0.439844 0.079167 0.026562 0.013889
0 0.460156 0.075000 0.023438 0.011111
0 0.768750 0.104167 0.021875 0.013889
0 0.300781 0.218056 0.017188 0.025000
0 0.768750 0.104167 0.021875 0.013889
0 0.460156 0.075000 0.023438 0.011111
0 0.439844 0.079167 0.026562 0.013889
0 0.328125 0.055556 0.018750 0.016667
0 0.366406 0.062500 0.020313 0.013889
0 0.563281 0.113889 0.023438 0.011111
0 0.282031 0.179167 0.017188 0.025000
0 0.326562 0.286111 0.021875 0.033333
0 0.478906 0.048611 0.020313 0.013889
0 0.310156 0.237500 0.020313 0.030556
0 0.396875 0.086111 0.021875 0.011111
0 0.309375 0.056944 0.018750 0.013889
0 0.215625 0.431944 0.056250 0.047222
0 0.447656 0.741667 0.035937 0.088889
0 0.465625 0.344444 0.009375 0.016667
0 0.850781 0.327778 0.026562 0.033333
0 0.403906 0.070833 0.026562 0.013889
0 0.472656 0.084722 0.023438 0.013889
0 0.403906 0.070833 0.026562 0.013889
0 0.850781 0.327778 0.026562 0.033333
0 0.465625 0.344444 0.009375 0.016667
0 0.447656 0.741667 0.035937 0.088889
0 0.215625 0.431944 0.056250 0.047222
0 0.309375 0.056944 0.018750 0.013889
0 0.396875 0.086111 0.021875 0.011111
0 0.310156 0.237500 0.020313 0.030556
0 0.300781 0.218056 0.017188 0.025000
0 0.768750 0.104167 0.021875 0.013889
0 0.460156 0.075000 0.023438 0.011111
0 0.439844 0.079167 0.026562 0.013889
0 0.328125 0.055556 0.018750 0.016667
0 0.366406 0.062500 0.020313 0.013889
0 0.563281 0.113889 0.023438 0.011111
0 0.282031 0.179167 0.017188 0.025000
0 0.326562 0.286111 0.021875 0.033333
0 0.478906 0.048611 0.020313 0.013889
0 0.310156 0.237500 0.020313 0.030556
0 0.396875 0.086111 0.021875 0.011111
0 0.309375 0.056944 0.018750 0.013889
0 0.215625 0.431944 0.056250 0.047222
0 0.447656 0.741667 0.035937 0.088889
0 0.465625 0.344444 0.009375 0.016667
0 0.850781 0.327778 0.026562 0.033333
0 0.403906 0.070833 0.026562 0.013889
0 0.472656 0.084722 0.023438 0.013889
0 0.472656 0.084722 0.023438 0.013889
0 0.472656 0.084722 0.023438 0.013889
0 0.403906 0.070833 0.026562 0.013889
0 0.850781 0.327778 0.026562 0.033333
0 0.465625 0.344444 0.009375 0.016667
0 0.447656 0.741667 0.035937 0.088889
0 0.215625 0.431944 0.056250 0.047222
0 0.309375 0.056944 0.018750 0.013889
0 0.396875 0.086111 0.021875 0.011111
0 0.310156 0.237500 0.020313 0.030556
0 0.478906 0.048611 0.020313 0.013889
0 0.326562 0.286111 0.021875 0.033333
0 0.282031 0.179167 0.017188 0.025000
0 0.563281 0.113889 0.023438 0.011111
0 0.366406 0.062500 0.020313 0.013889
0 0.328125 0.055556 0.018750 0.016667
0 0.439844 0.079167 0.026562 0.013889
0 0.460156 0.075000 0.023438 0.011111
0 0.472656 0.084722 0.023438 0.013889
0 0.403906 0.070833 0.026562 0.013889
0 0.850781 0.327778 0.026562 0.033333
0 0.465625 0.344444 0.009375 0.016667
0 0.447656 0.741667 0.035937 0.088889
0 0.215625 0.431944 0.056250 0.047222
0 0.478906 0.048611 0.020313 0.013889
0 0.326562 0.286111 0.021875 0.033333
0 0.282031 0.179167 0.017188 0.025000
0 0.563281 0.113889 0.023438 0.011111
0 0.366406 0.062500 0.020313 0.013889
0 0.328125 0.055556 0.018750 0.016667
0 0.439844 0.079167 0.026562 0.013889
0 0.460156 0.075000 0.023438 0.011111
0 0.768750 0.104167 0.021875 0.013889
0 0.300781 0.218056 0.017188 0.025000
