0 0.413672 0.523611 0.030469 0.047222
0 0.458984 0.375000 0.014844 0.019444
0 0.431641 0.386111 0.013281 0.016667
0 0.450781 0.453472 0.025000 0.037500
0 0.403125 0.644444 0.053125 0.077778
0 0.292969 0.638889 0.056250 0.077778
0 0.448047 0.395833 0.014844 0.019444
0 0.427734 0.430556 0.017969 0.025000
0 0.340625 0.450694 0.073438 0.115278
0 0.568750 0.422222 0.015625 0.025000
0 0.347266 0.550000 0.042969 0.052778
0 0.528516 0.397917 0.013281 0.018056
0 0.438672 0.411806 0.014844 0.026389
0 0.479687 0.371528 0.010937 0.015278
0 0.386719 0.434028 0.017188 0.026389
0 0.300391 0.537500 0.042969 0.052778
0 0.236719 0.764583 0.082812 0.109722
0 0.464453 0.406944 0.016406 0.019444
0 0.525781 0.358333 0.007812 0.013889
0 0.469922 0.347917 0.017969 0.029167
0 0.441406 0.489583 0.028125 0.043056
0 0.414062 0.572917 0.037500 0.056944
0 0.533203 0.331250 0.010156 0.015278
0 0.544141 0.447222 0.019531 0.030556
0 0.552734 0.359722 0.008594 0.013889
0 0.337500 0.891667 0.101562 0.163889
0 0.300391 0.537500 0.042969 0.052778
0 0.386719 0.434028 0.017188 0.026389
0 0.479687 0.371528 0.010937 0.015278
0 0.438672 0.411806 0.014844 0.026389
0 0.528516 0.397917 0.013281 0.018056
0 0.347266 0.550000 0.042969 0.052778
0 0.568750 0.422222 0.015625 0.025000
0 0.340625 0.450694 0.073438 0.115278
0 0.427734 0.430556 0.017969 0.025000
0 0.448047 0.395833 0.014844 0.019444
0 0.292969 0.638889 0.056250 0.077778
0 0.403125 0.644444 0.053125 0.077778
0 0.450781 0.453472 0.025000 0.037500
0 0.431641 0.386111 0.013281 0.016667
0 0.458984 0.375000 0.014844 0.019444
0 0.413672 0.523611 0.030469 0.047222
0 0.434375 0.414583 0.020313 0.020833
0 0.450781 0.367361 0.012500 0.015278
0 0.399609 0.475000 0.027344 0.033333
0 0.642578 0.739583 0.069531 0.123611
0 0.436328 0.379167 0.011719 0.013889
0 0.442188 0.403472 0.014063 0.020833
0 0.475000 0.386111 0.014063 0.019444
0 0.542969 0.340278 0.014063 0.022222
0 0.412891 0.449306 0.024219 0.029167
0 0.570312 0.373611 0.023438 0.044444
0 0.570312 0.373611 0.023438 0.044444
0 0.412891 0.449306 0.024219 0.029167
0 0.542969 0.340278 0.014063 0.022222
0 0.475000 0.386111 0.014063 0.019444
0 0.442188 0.403472 0.014063 0.020833
0 0.436328 0.379167 0.011719 0.013889
0 0.642578 0.739583 0.069531 0.123611
0 0.399609 0.475000 0.027344 0.033333
0 0.450781 0.367361 0.012500 0.015278
0 0.434375 0.414583 0.020313 0.020833
0 0.413672 0.523611 0.030469 0.047222
0 0.458984 0.375000 0.014844 0.019444
0 0.431641 0.386111 0.013281 0.016667
0 0.450781 0.453472 0.025000 0.037500
0 0.403125 0.644444 0.053125 0.077778
0 0.292969 0.638889 0.056250 0.077778
0 0.448047 0.395833 0.014844 0.019444
0 0.427734 0.430556 0.017969 0.025000
0 0.340625 0.450694 0.073438 0.115278
0 0.568750 0.422222 0.015625 0.025000
0 0.347266 0.550000 0.042969 0.052778
0 0.528516 0.397917 0.013281 0.018056
0 0.438672 0.411806 0.014844 0.026389
0 0.479687 0.371528 0.010937 0.015278
0 0.386719 0.434028 0.017188 0.026389
0 0.300391 0.537500 0.042969 0.052778
0 0.236719 0.764583 0.082812 0.109722
0 0.464453 0.406944 0.016406 0.019444
0 0.525781 0.358333 0.007812 0.013889
0 0.469922 0.347917 0.017969 0.029167
0 0.441406 0.489583 0.028125 0.043056
0 0.414062 0.572917 0.037500 0.056944
0 0.533203 0.331250 0.010156 0.015278
0 0.544141 0.447222 0.019531 0.030556
0 0.552734 0.359722 0.008594 0.013889
0 0.337500 0.891667 0.101562 0.163889
0 0.533203 0.331250 0.010156 0.015278
0 0.544141 0.447222 0.019531 0.030556
0 0.552734 0.359722 0.008594 0.013889
0 0.337500 0.891667 0.101562 0.163889
0 0.337500 0.891667 0.101562 0.163889
0 0.552734 0.359722 0.008594 0.013889
0 0.544141 0.447222 0.019531 0.030556
0 0.533203 0.331250 0.010156 0.015278
0 0.414062 0.572917 0.037500 0.056944
0 0.441406 0.489583 0.028125 0.043056
0 0.469922 0.347917 0.017969 0.029167
0 0.525781 0.358333 0.007812 0.013889
0 0.464453 0.406944 0.016406 0.019444
0 0.236719 0.764583 0.082812 0.109722
0 0.300391 0.537500 0.042969 0.052778
0 0.386719 0.434028 0.017188 0.026389
0 0.479687 0.371528 0.010937 0.015278
0 0.438672 0.411806 0.014844 0.026389
0 0.528516 0.397917 0.013281 0.018056
0 0.347266 0.550000 0.042969 0.052778
0 0.568750 0.422222 0.015625 0.025000
0 0.340625 0.450694 0.073438 0.115278
0 0.427734 0.430556 0.017969 0.025000
0 0.448047 0.395833 0.014844 0.019444
0 0.292969 0.638889 0.056250 0.077778
0 0.403125 0.644444 0.053125 0.077778
0 0.450781 0.453472 0.025000 0.037500
0 0.431641 0.386111 0.013281 0.016667
0 0.458984 0.375000 0.014844 0.019444
0 0.413672 0.523611 0.030469 0.047222
0 0.434375 0.414583 0.020313 0.020833
0 0.450781 0.367361 0.012500 0.015278
0 0.399609 0.475000 0.027344 0.033333
0 0.642578 0.739583 0.069531 0.123611
0 0.436328 0.379167 0.011719 0.013889
0 0.442188 0.403472 0.014063 0.020833
0 0.475000 0.386111 0.014063 0.019444
0 0.542969 0.340278 0.014063 0.022222
0 0.412891 0.449306 0.024219 0.029167
0 0.570312 0.373611 0.023438 0.044444
0 0.337500 0.891667 0.101562 0.163889
0 0.337500 0.891667 0.101562 0.163889
0 0.552734 0.359722 0.008594 0.013889
0 0.544141 0.447222 0.019531 0.030556
0 0.533203 0.331250 0.010156 0.015278
0 0.414062 0.572917 0.037500 0.056944
0 0.441406 0.489583 0.028125 0.043056
0 0.469922 0.347917 0.017969 0.029167
0 0.525781 0.358333 0.007812 0.013889
0 0.464453 0.406944 0.016406 0.019444
0 0.236719 0.764583 0.082812 0.109722
0 0.300391 0.537500 0.042969 0.052778
0 0.386719 0.434028 0.017188 0.026389
0 0.479687 0.371528 0.010937 0.015278
0 0.438672 0.411806 0.014844 0.026389
0 0.528516 0.397917 0.013281 0.018056
0 0.347266 0.550000 0.042969 0.052778
0 0.568750 0.422222 0.015625 0.025000
0 0.340625 0.450694 0.073438 0.115278
0 0.427734 0.430556 0.017969 0.025000
0 0.448047 0.395833 0.014844 0.019444
0 0.292969 0.638889 0.056250 0.077778
0 0.403125 0.644444 0.053125 0.077778
0 0.450781 0.453472 0.025000 0.037500
0 0.431641 0.386111 0.013281 0.016667
0 0.458984 0.375000 0.014844 0.019444
0 0.413672 0.523611 0.030469 0.047222
0 0.434375 0.414583 0.020313 0.020833
0 0.450781 0.367361 0.012500 0.015278
0 0.399609 0.475000 0.027344 0.033333
0 0.642578 0.739583 0.069531 0.123611
0 0.436328 0.379167 0.011719 0.013889
0 0.442188 0.403472 0.014063 0.020833
0 0.475000 0.386111 0.014063 0.019444
0 0.542969 0.340278 0.014063 0.022222
0 0.412891 0.449306 0.024219 0.029167
0 0.570312 0.373611 0.023438 0.044444
0 0.414062 0.572917 0.037500 0.056944
0 0.441406 0.489583 0.028125 0.043056
0 0.469922 0.347917 0.017969 0.029167
0 0.525781 0.358333 0.007812 0.013889
0 0.464453 0.406944 0.016406 0.019444
0 0.236719 0.764583 0.082812 0.109722
0 0.300391 0.537500 0.042969 0.052778
0 0.386719 0.434028 0.017188 0.026389
0 0.479687 0.371528 0.010937 0.015278
0 0.438672 0.411806 0.014844 0.026389
0 0.528516 0.397917 0.013281 0.018056
0 0.347266 0.550000 0.042969 0.052778
0 0.568750 0.422222 0.015625 0.025000
0 0.340625 0.450694 0.073438 0.115278
0 0.427734 0.430556 0.017969 0.025000
0 0.448047 0.395833 0.014844 0.019444
0 0.292969 0.638889 0.056250 0.077778
0 0.403125 0.644444 0.053125 0.077778
0 0.450781 0.453472 0.025000 0.037500
0 0.431641 0.386111 0.013281 0.016667
0 0.458984 0.375000 0.014844 0.019444
0 0.413672 0.523611 0.030469 0.047222
0 0.434375 0.414583 0.020313 0.020833
0 0.450781 0.367361 0.012500 0.015278
0 0.399609 0.475000 0.027344 0.033333
0 0.642578 0.739583 0.069531 0.123611
0 0.436328 0.379167 0.011719 0.013889
0 0.442188 0.403472 0.014063 0.020833
0 0.475000 0.386111 0.014063 0.019444
0 0.542969 0.340278 0.014063 0.022222
0 0.412891 0.449306 0.024219 0.029167
0 0.570312 0.373611 0.023438 0.044444
0 0.570312 0.373611 0.023438 0.044444
0 0.412891 0.449306 0.024219 0.029167
0 0.542969 0.340278 0.014063 0.022222
0 0.475000 0.386111 0.014063 0.019444
0 0.442188 0.403472 0.014063 0.020833
0 0.436328 0.379167 0.011719 0.013889
0 0.642578 0.739583 0.069531 0.123611
0 0.399609 0.475000 0.027344 0.033333
0 0.450781 0.367361 0.012500 0.015278
0 0.434375 0.414583 0.020313 0.020833
0 0.413672 0.523611 0.030469 0.047222
0 0.458984 0.375000 0.014844 0.019444
0 0.431641 0.386111 0.013281 0.016667
0 0.450781 0.453472 0.025000 0.037500
0 0.403125 0.644444 0.053125 0.077778
0 0.292969 0.638889 0.056250 0.077778
0 0.448047 0.395833 0.014844 0.019444
0 0.427734 0.430556 0.017969 0.025000
0 0.340625 0.450694 0.073438 0.115278
0 0.568750 0.422222 0.015625 0.025000
0 0.347266 0.550000 0.042969 0.052778
0 0.528516 0.397917 0.013281 0.018056
0 0.438672 0.411806 0.014844 0.026389
0 0.479687 0.371528 0.010937 0.015278
0 0.386719 0.434028 0.017188 0.026389
0 0.300391 0.537500 0.042969 0.052778
0 0.236719 0.764583 0.082812 0.109722
0 0.464453 0.406944 0.016406 0.019444
0 0.525781 0.358333 0.007812 0.013889
0 0.469922 0.347917 0.017969 0.029167
0 0.441406 0.489583 0.028125 0.043056
0 0.414062 0.572917 0.037500 0.056944
0 0.533203 0.331250 0.010156 0.015278
0 0.544141 0.447222 0.019531 0.030556
0 0.552734 0.359722 0.008594 0.013889
0 0.337500 0.891667 0.101562 0.163889
0 0.552734 0.359722 0.008594 0.013889
0 0.544141 0.447222 0.019531 0.030556
0 0.533203 0.331250 0.010156 0.015278
0 0.414062 0.572917 0.037500 0.056944
0 0.441406 0.489583 0.028125 0.043056
0 0.469922 0.347917 0.017969 0.029167
0 0.525781 0.358333 0.007812 0.013889
0 0.464453 0.406944 0.016406 0.019444
0 0.236719 0.764583 0.082812 0.109722
0 0.570312 0.373611 0.023438 0.044444
0 0.412891 0.449306 0.024219 0.029167
0 0.542969 0.340278 0.014063 0.022222
0 0.475000 0.386111 0.014063 0.019444
0 0.442188 0.403472 0.014063 0.020833
0 0.436328 0.379167 0.011719 0.013889
0 0.642578 0.739583 0.069531 0.123611
0 0.399609 0.475000 0.027344 0.033333
0 0.450781 0.367361 0.012500 0.015278
0 0.434375 0.414583 0.020313 0.020833
