0 0.885417 0.299537 0.020833 0.025000
0 0.480990 0.985185 0.070312 0.027778
0 0.852344 0.379167 0.035937 0.034259
0 0.877604 0.341204 0.022917 0.043519
0 0.725781 0.750926 0.052604 0.072222
0 0.863281 0.442593 0.031771 0.042593
0 0.820052 0.424537 0.040104 0.030556
0 0.854688 0.351389 0.019792 0.025000
0 0.879167 0.330093 0.020833 0.034259
0 0.900000 0.278704 0.018750 0.020370
0 0.834896 0.323611 0.013542 0.012037
0 0.791927 0.464815 0.031771 0.048148
0 0.477604 0.575463 0.058333 0.073148
0 0.778646 0.611111 0.046875 0.075926
0 0.885417 0.299537 0.020833 0.025000
0 0.739583 0.455556 0.036458 0.037037
0 0.883594 0.387963 0.031771 0.040741
0 0.804948 0.362037 0.033854 0.037037
0 0.480990 0.985185 0.070312 0.027778
0 0.852344 0.379167 0.035937 0.034259
0 0.877604 0.341204 0.022917 0.043519
0 0.725781 0.750926 0.052604 0.072222
0 0.863281 0.442593 0.031771 0.042593
0 0.820052 0.424537 0.040104 0.030556
0 0.854688 0.351389 0.019792 0.025000
0 0.879167 0.330093 0.020833 0.034259
0 0.900000 0.278704 0.018750 0.020370
0 0.834896 0.323611 0.013542 0.012037
0 0.791927 0.464815 0.031771 0.048148
0 0.477604 0.575463 0.058333 0.073148
0 0.778646 0.611111 0.046875 0.075926
0 0.885417 0.299537 0.020833 0.025000
0 0.739583 0.455556 0.036458 0.037037
0 0.883594 0.387963 0.031771 0.040741
0 0.804948 0.362037 0.033854 0.037037
0 0.804948 0.362037 0.033854 0.037037
0 0.883594 0.387963 0.031771 0.040741
0 0.739583 0.455556 0.036458 0.037037
0 0.778646 0.611111 0.046875 0.075926
0 0.477604 0.575463 0.058333 0.073148
0 0.791927 0.464815 0.031771 0.048148
0 0.834896 0.323611 0.013542 0.012037
0 0.900000 0.278704 0.018750 0.020370
0 0.879167 0.330093 0.020833 0.034259
0 0.854688 0.351389 0.019792 0.025000
0 0.820052 0.424537 0.040104 0.030556
0 0.863281 0.442593 0.031771 0.042593
0 0.725781 0.750926 0.052604 0.072222
0 0.877604 0.341204 0.022917 0.043519
0 0.852344 0.379167 0.035937 0.034259
0 0.480990 0.985185 0.070312 0.027778
0 0.480990 0.985185 0.070312 0.027778
0 0.852344 0.379167 0.035937 0.034259
0 0.877604 0.341204 0.022917 0.043519
0 0.725781 0.750926 0.052604 0.072222
0 0.863281 0.442593 0.031771 0.042593
0 0.820052 0.424537 0.040104 0.030556
0 0.854688 0.351389 0.019792 0.025000
0 0.879167 0.330093 0.020833 0.034259
0 0.900000 0.278704 0.018750 0.020370
0 0.834896 0.323611 0.013542 0.012037
0 0.791927 0.464815 0.031771 0.048148
0 0.477604 0.575463 0.058333 0.073148
0 0.778646 0.611111 0.046875 0.075926
0 0.885417 0.299537 0.020833 0.025000
0 0.739583 0.455556 0.036458 0.037037
0 0.883594 0.387963 0.031771 0.040741
0 0.804948 0.362037 0.033854 0.037037
0 0.804948 0.362037 0.033854 0.037037
0 0.883594 0.387963 0.031771 0.040741
0 0.739583 0.455556 0.036458 0.037037
0 0.885417 0.299537 0.020833 0.025000
0 0.778646 0.611111 0.046875 0.075926
0 0.477604 0.575463 0.058333 0.073148
0 0.791927 0.464815 0.031771 0.048148
0 0.834896 0.323611 0.013542 0.012037
0 0.900000 0.278704 0.018750 0.020370
0 0.879167 0.330093 0.020833 0.034259
0 0.854688 0.351389 0.019792 0.025000
0 0.820052 0.424537 0.040104 0.030556
0 0.863281 0.442593 0.031771 0.042593
0 0.725781 0.750926 0.052604 0.072222
0 0.877604 0.341204 0.022917 0.043519
0 0.852344 0.379167 0.035937 0.034259
0 0.480990 0.985185 0.070312 0.027778
0 0.480990 0.985185 0.070312 0.027778
0 0.852344 0.379167 0.035937 0.034259
0 0.877604 0.341204 0.022917 0.043519
0 0.725781 0.750926 0.052604 0.072222
0 0.863281 0.442593 0.031771 0.042593
0 0.820052 0.424537 0.040104 0.030556
0 0.854688 0.351389 0.019792 0.025000
0 0.879167 0.330093 0.020833 0.034259
0 0.900000 0.278704 0.018750 0.020370
0 0.834896 0.323611 0.013542 0.012037
0 0.791927 0.464815 0.031771 0.048148
0 0.477604 0.575463 0.058333 0.073148
0 0.778646 0.611111 0.046875 0.075926
0 0.885417 0.299537 0.020833 0.025000
0 0.739583 0.455556 0.036458 0.037037
0 0.883594 0.387963 0.031771 0.040741
0 0.804948 0.362037 0.033854 0.037037
0 0.804948 0.362037 0.033854 0.037037
0 0.883594 0.387963 0.031771 0.040741
0 0.739583 0.455556 0.036458 0.037037
0 0.885417 0.299537 0.020833 0.025000
0 0.778646 0.611111 0.046875 0.075926
0 0.477604 0.575463 0.058333 0.073148
0 0.791927 0.464815 0.031771 0.048148
0 0.834896 0.323611 0.013542 0.012037
0 0.900000 0.278704 0.018750 0.020370
0 0.879167 0.330093 0.020833 0.034259
0 0.854688 0.351389 0.019792 0.025000
0 0.820052 0.424537 0.040104 0.030556
0 0.863281 0.442593 0.031771 0.042593
0 0.725781 0.750926 0.052604 0.072222
0 0.877604 0.341204 0.022917 0.043519
0 0.852344 0.379167 0.035937 0.034259
0 0.480990 0.985185 0.070312 0.027778
