0 0.076563 0.979861 0.120313 0.037500
0 0.190625 0.892361 0.121875 0.176389
0 0.779297 0.372917 0.035156 0.051389
0 0.668750 0.352083 0.037500 0.056944
0 0.333984 0.758333 0.088281 0.175000
0 0.553125 0.572222 0.092188 0.100000
0 0.756250 0.427778 0.037500 0.055556
0 0.142578 0.563194 0.132031 0.201389
0 0.601953 0.429167 0.039844 0.061111
0 0.573828 0.392361 0.024219 0.051389
0 0.812109 0.365278 0.033594 0.041667
0 0.742969 0.336111 0.028125 0.041667
0 0.387891 0.297222 0.016406 0.044444
0 0.751563 0.586806 0.145313 0.101389
0 0.842578 0.411111 0.036719 0.050000
0 0.493359 0.328472 0.024219 0.037500
0 0.605469 0.452778 0.035937 0.038889
0 0.871094 0.710417 0.075000 0.204167
0 0.350391 0.306250 0.060156 0.065278
0 0.546484 0.742361 0.097656 0.123611
0 0.865625 0.526389 0.123438 0.086111
0 0.371094 0.556944 0.067187 0.063889
0 0.658594 0.420833 0.032813 0.077778
0 0.049609 0.693750 0.099219 0.101389
0 0.328906 0.502778 0.040625 0.086111
0 0.163672 0.659028 0.083594 0.095833
0 0.523828 0.535417 0.086719 0.065278
0 0.486328 0.353472 0.032031 0.045833
0 0.271875 0.448611 0.031250 0.069444
0 0.736328 0.538194 0.116406 0.065278
0 0.031250 0.943750 0.062500 0.104167
0 0.442969 0.652083 0.060937 0.023611
0 0.951953 0.559722 0.094531 0.133333
0 0.680859 0.384722 0.038281 0.038889
0 0.251953 0.652083 0.078906 0.104167
0 0.532031 0.677778 0.071875 0.122222
0 0.100391 0.796528 0.107031 0.229167
0 0.407813 0.377083 0.032813 0.065278
0 0.295312 0.479861 0.053125 0.070833
0 0.021875 0.712500 0.043750 0.213889
0 0.393359 0.518750 0.066406 0.076389
0 0.347266 0.384028 0.066406 0.109722
0 0.381641 0.618750 0.066406 0.101389
0 0.747656 0.395139 0.048438 0.051389
0 0.421094 0.413889 0.040625 0.055556
0 0.753125 0.465278 0.079687 0.075000
0 0.670312 0.515278 0.064062 0.097222
0 0.229297 0.538889 0.044531 0.086111
0 0.653906 0.396528 0.026562 0.034722
0 0.370312 0.457639 0.031250 0.076389
0 0.767578 0.357639 0.035156 0.048611
0 0.352734 0.694444 0.077344 0.119444
0 0.480859 0.384722 0.035156 0.052778
0 0.914062 0.456944 0.078125 0.058333
0 0.100781 0.738889 0.104688 0.122222
0 0.076563 0.979861 0.120313 0.037500
0 0.801172 0.393750 0.041406 0.026389
0 0.798047 0.475694 0.092969 0.029167
0 0.689844 0.393750 0.025000 0.034722
0 0.532813 0.563889 0.076563 0.080556
0 0.590625 0.500000 0.045312 0.050000
0 0.462109 0.611111 0.078906 0.097222
0 0.938672 0.463194 0.121094 0.062500
0 0.752734 0.709028 0.077344 0.131944
0 0.227344 0.729861 0.084375 0.118056
0 0.424219 0.477083 0.064062 0.068056
0 0.786328 0.391667 0.033594 0.038889
0 0.591406 0.573611 0.059375 0.105556
0 0.389453 0.293750 0.022656 0.045833
0 0.730469 0.288889 0.040625 0.050000
0 0.442969 0.754861 0.098437 0.198611
0 0.457422 0.304861 0.044531 0.087500
0 0.600391 0.395833 0.035156 0.052778
0 0.688672 0.424306 0.028906 0.087500
0 0.472266 0.868750 0.105469 0.209722
0 0.681250 0.289583 0.039062 0.059722
0 0.810937 0.431944 0.051562 0.063889
0 0.275391 0.576389 0.091406 0.119444
0 0.423438 0.279861 0.023438 0.043056
0 0.637500 0.320833 0.017188 0.063889
0 0.269531 0.924306 0.146875 0.148611
0 0.343359 0.446528 0.036719 0.059722
0 0.784766 0.514583 0.080469 0.073611
0 0.190625 0.892361 0.121875 0.176389
0 0.779297 0.372917 0.035156 0.051389
0 0.668750 0.352083 0.037500 0.056944
0 0.333984 0.758333 0.088281 0.175000
0 0.553125 0.572222 0.092188 0.100000
0 0.756250 0.427778 0.037500 0.055556
0 0.142578 0.563194 0.132031 0.201389
0 0.601953 0.429167 0.039844 0.061111
0 0.573828 0.392361 0.024219 0.051389
0 0.812109 0.365278 0.033594 0.041667
0 0.742969 0.336111 0.028125 0.041667
0 0.387891 0.297222 0.016406 0.044444
0 0.751563 0.586806 0.145313 0.101389
0 0.842578 0.411111 0.036719 0.050000
0 0.493359 0.328472 0.024219 0.037500
0 0.605469 0.452778 0.035937 0.038889
0 0.871094 0.710417 0.075000 0.204167
0 0.350391 0.306250 0.060156 0.065278
0 0.546484 0.742361 0.097656 0.123611
0 0.865625 0.526389 0.123438 0.086111
0 0.371094 0.556944 0.067187 0.063889
0 0.658594 0.420833 0.032813 0.077778
0 0.049609 0.693750 0.099219 0.101389
0 0.328906 0.502778 0.040625 0.086111
0 0.163672 0.659028 0.083594 0.095833
0 0.523828 0.535417 0.086719 0.065278
0 0.486328 0.353472 0.032031 0.045833
0 0.271875 0.448611 0.031250 0.069444
0 0.736328 0.538194 0.116406 0.065278
0 0.031250 0.943750 0.062500 0.104167
0 0.442969 0.652083 0.060937 0.023611
0 0.951953 0.559722 0.094531 0.133333
0 0.680859 0.384722 0.038281 0.038889
0 0.251953 0.652083 0.078906 0.104167
0 0.532031 0.677778 0.071875 0.122222
0 0.100391 0.796528 0.107031 0.229167
0 0.407813 0.377083 0.032813 0.065278
0 0.295312 0.479861 0.053125 0.070833
0 0.021875 0.712500 0.043750 0.213889
0 0.393359 0.518750 0.066406 0.076389
0 0.347266 0.384028 0.066406 0.109722
0 0.381641 0.618750 0.066406 0.101389
0 0.747656 0.395139 0.048438 0.051389
0 0.421094 0.413889 0.040625 0.055556
0 0.753125 0.465278 0.079687 0.075000
0 0.670312 0.515278 0.064062 0.097222
0 0.229297 0.538889 0.044531 0.086111
0 0.653906 0.396528 0.026562 0.034722
0 0.370312 0.457639 0.031250 0.076389
0 0.767578 0.357639 0.035156 0.048611
0 0.352734 0.694444 0.077344 0.119444
0 0.480859 0.384722 0.035156 0.052778
0 0.914062 0.456944 0.078125 0.058333
0 0.100781 0.738889 0.104688 0.122222
0 0.076563 0.979861 0.120313 0.037500
0 0.801172 0.393750 0.041406 0.026389
0 0.798047 0.475694 0.092969 0.029167
0 0.689844 0.393750 0.025000 0.034722
0 0.532813 0.563889 0.076563 0.080556
0 0.590625 0.500000 0.045312 0.050000
0 0.462109 0.611111 0.078906 0.097222
0 0.938672 0.463194 0.121094 0.062500
0 0.752734 0.709028 0.077344 0.131944
0 0.227344 0.729861 0.084375 0.118056
0 0.424219 0.477083 0.064062 0.068056
0 0.786328 0.391667 0.033594 0.038889
0 0.591406 0.573611 0.059375 0.105556
0 0.389453 0.293750 0.022656 0.045833
0 0.730469 0.288889 0.040625 0.050000
0 0.442969 0.754861 0.098437 0.198611
0 0.457422 0.304861 0.044531 0.087500
0 0.600391 0.395833 0.035156 0.052778
0 0.688672 0.424306 0.028906 0.087500
0 0.472266 0.868750 0.105469 0.209722
0 0.681250 0.289583 0.039062 0.059722
0 0.810937 0.431944 0.051562 0.063889
0 0.275391 0.576389 0.091406 0.119444
0 0.423438 0.279861 0.023438 0.043056
0 0.637500 0.320833 0.017188 0.063889
0 0.269531 0.924306 0.146875 0.148611
0 0.343359 0.446528 0.036719 0.059722
0 0.784766 0.514583 0.080469 0.073611
0 0.190625 0.892361 0.121875 0.176389
0 0.779297 0.372917 0.035156 0.051389
0 0.668750 0.352083 0.037500 0.056944
0 0.333984 0.758333 0.088281 0.175000
0 0.553125 0.572222 0.092188 0.100000
0 0.756250 0.427778 0.037500 0.055556
0 0.142578 0.563194 0.132031 0.201389
0 0.601953 0.429167 0.039844 0.061111
0 0.573828 0.392361 0.024219 0.051389
0 0.812109 0.365278 0.033594 0.041667
0 0.742969 0.336111 0.028125 0.041667
0 0.387891 0.297222 0.016406 0.044444
0 0.751563 0.586806 0.145313 0.101389
0 0.842578 0.411111 0.036719 0.050000
0 0.493359 0.328472 0.024219 0.037500
0 0.605469 0.452778 0.035937 0.038889
0 0.871094 0.710417 0.075000 0.204167
0 0.350391 0.306250 0.060156 0.065278
0 0.546484 0.742361 0.097656 0.123611
0 0.865625 0.526389 0.123438 0.086111
0 0.371094 0.556944 0.067187 0.063889
0 0.658594 0.420833 0.032813 0.077778
0 0.049609 0.693750 0.099219 0.101389
0 0.328906 0.502778 0.040625 0.086111
0 0.163672 0.659028 0.083594 0.095833
0 0.523828 0.535417 0.086719 0.065278
0 0.486328 0.353472 0.032031 0.045833
0 0.271875 0.448611 0.031250 0.069444
0 0.736328 0.538194 0.116406 0.065278
0 0.031250 0.943750 0.062500 0.104167
0 0.442969 0.652083 0.060937 0.023611
0 0.951953 0.559722 0.094531 0.133333
0 0.680859 0.384722 0.038281 0.038889
0 0.251953 0.652083 0.078906 0.104167
0 0.532031 0.677778 0.071875 0.122222
0 0.100391 0.796528 0.107031 0.229167
0 0.407813 0.377083 0.032813 0.065278
0 0.295312 0.479861 0.053125 0.070833
0 0.021875 0.712500 0.043750 0.213889
0 0.393359 0.518750 0.066406 0.076389
0 0.347266 0.384028 0.066406 0.109722
0 0.381641 0.618750 0.066406 0.101389
0 0.747656 0.395139 0.048438 0.051389
0 0.421094 0.413889 0.040625 0.055556
0 0.753125 0.465278 0.079687 0.075000
0 0.670312 0.515278 0.064062 0.097222
0 0.229297 0.538889 0.044531 0.086111
0 0.653906 0.396528 0.026562 0.034722
0 0.370312 0.457639 0.031250 0.076389
0 0.767578 0.357639 0.035156 0.048611
0 0.352734 0.694444 0.077344 0.119444
0 0.480859 0.384722 0.035156 0.052778
0 0.914062 0.456944 0.078125 0.058333
0 0.100781 0.738889 0.104688 0.122222
0 0.076563 0.979861 0.120313 0.037500
0 0.801172 0.393750 0.041406 0.026389
0 0.798047 0.475694 0.092969 0.029167
0 0.689844 0.393750 0.025000 0.034722
0 0.532813 0.563889 0.076563 0.080556
0 0.590625 0.500000 0.045312 0.050000
0 0.462109 0.611111 0.078906 0.097222
0 0.938672 0.463194 0.121094 0.062500
0 0.752734 0.709028 0.077344 0.131944
0 0.227344 0.729861 0.084375 0.118056
0 0.424219 0.477083 0.064062 0.068056
0 0.786328 0.391667 0.033594 0.038889
0 0.591406 0.573611 0.059375 0.105556
0 0.389453 0.293750 0.022656 0.045833
0 0.730469 0.288889 0.040625 0.050000
0 0.442969 0.754861 0.098437 0.198611
0 0.457422 0.304861 0.044531 0.087500
0 0.600391 0.395833 0.035156 0.052778
0 0.688672 0.424306 0.028906 0.087500
0 0.472266 0.868750 0.105469 0.209722
0 0.681250 0.289583 0.039062 0.059722
0 0.810937 0.431944 0.051562 0.063889
0 0.275391 0.576389 0.091406 0.119444
0 0.423438 0.279861 0.023438 0.043056
0 0.637500 0.320833 0.017188 0.063889
0 0.269531 0.924306 0.146875 0.148611
0 0.343359 0.446528 0.036719 0.059722
0 0.784766 0.514583 0.080469 0.073611
0 0.190625 0.892361 0.121875 0.176389
0 0.779297 0.372917 0.035156 0.051389
0 0.668750 0.352083 0.037500 0.056944
0 0.333984 0.758333 0.088281 0.175000
0 0.553125 0.572222 0.092188 0.100000
0 0.756250 0.427778 0.037500 0.055556
0 0.142578 0.563194 0.132031 0.201389
0 0.601953 0.429167 0.039844 0.061111
0 0.573828 0.392361 0.024219 0.051389
0 0.812109 0.365278 0.033594 0.041667
0 0.742969 0.336111 0.028125 0.041667
0 0.387891 0.297222 0.016406 0.044444
0 0.751563 0.586806 0.145313 0.101389
0 0.842578 0.411111 0.036719 0.050000
0 0.493359 0.328472 0.024219 0.037500
0 0.605469 0.452778 0.035937 0.038889
0 0.871094 0.710417 0.075000 0.204167
0 0.350391 0.306250 0.060156 0.065278
0 0.546484 0.742361 0.097656 0.123611
0 0.865625 0.526389 0.123438 0.086111
0 0.371094 0.556944 0.067187 0.063889
0 0.658594 0.420833 0.032813 0.077778
0 0.049609 0.693750 0.099219 0.101389
0 0.328906 0.502778 0.040625 0.086111
0 0.163672 0.659028 0.083594 0.095833
0 0.523828 0.535417 0.086719 0.065278
0 0.486328 0.353472 0.032031 0.045833
0 0.271875 0.448611 0.031250 0.069444
0 0.736328 0.538194 0.116406 0.065278
0 0.031250 0.943750 0.062500 0.104167
0 0.442969 0.652083 0.060937 0.023611
0 0.951953 0.559722 0.094531 0.133333
0 0.680859 0.384722 0.038281 0.038889
0 0.251953 0.652083 0.078906 0.104167
0 0.532031 0.677778 0.071875 0.122222
0 0.100391 0.796528 0.107031 0.229167
0 0.407813 0.377083 0.032813 0.065278
0 0.295312 0.479861 0.053125 0.070833
0 0.021875 0.712500 0.043750 0.213889
0 0.393359 0.518750 0.066406 0.076389
0 0.347266 0.384028 0.066406 0.109722
0 0.381641 0.618750 0.066406 0.101389
0 0.747656 0.395139 0.048438 0.051389
0 0.421094 0.413889 0.040625 0.055556
0 0.753125 0.465278 0.079687 0.075000
0 0.670312 0.515278 0.064062 0.097222
0 0.229297 0.538889 0.044531 0.086111
0 0.653906 0.396528 0.026562 0.034722
0 0.370312 0.457639 0.031250 0.076389
0 0.767578 0.357639 0.035156 0.048611
0 0.352734 0.694444 0.077344 0.119444
0 0.480859 0.384722 0.035156 0.052778
0 0.914062 0.456944 0.078125 0.058333
0 0.100781 0.738889 0.104688 0.122222
0 0.801172 0.393750 0.041406 0.026389
0 0.798047 0.475694 0.092969 0.029167
0 0.689844 0.393750 0.025000 0.034722
0 0.532813 0.563889 0.076563 0.080556
0 0.590625 0.500000 0.045312 0.050000
0 0.462109 0.611111 0.078906 0.097222
0 0.938672 0.463194 0.121094 0.062500
0 0.752734 0.709028 0.077344 0.131944
0 0.227344 0.729861 0.084375 0.118056
0 0.424219 0.477083 0.064062 0.068056
0 0.786328 0.391667 0.033594 0.038889
0 0.591406 0.573611 0.059375 0.105556
0 0.389453 0.293750 0.022656 0.045833
0 0.730469 0.288889 0.040625 0.050000
0 0.442969 0.754861 0.098437 0.198611
0 0.457422 0.304861 0.044531 0.087500
0 0.600391 0.395833 0.035156 0.052778
0 0.688672 0.424306 0.028906 0.087500
0 0.472266 0.868750 0.105469 0.209722
0 0.681250 0.289583 0.039062 0.059722
0 0.810937 0.431944 0.051562 0.063889
0 0.275391 0.576389 0.091406 0.119444
0 0.423438 0.279861 0.023438 0.043056
0 0.637500 0.320833 0.017188 0.063889
0 0.269531 0.924306 0.146875 0.148611
0 0.343359 0.446528 0.036719 0.059722
0 0.784766 0.514583 0.080469 0.073611
0 0.190625 0.892361 0.121875 0.176389
0 0.779297 0.372917 0.035156 0.051389
0 0.668750 0.352083 0.037500 0.056944
0 0.333984 0.758333 0.088281 0.175000
0 0.553125 0.572222 0.092188 0.100000
0 0.756250 0.427778 0.037500 0.055556
0 0.142578 0.563194 0.132031 0.201389
0 0.601953 0.429167 0.039844 0.061111
0 0.573828 0.392361 0.024219 0.051389
0 0.812109 0.365278 0.033594 0.041667
0 0.742969 0.336111 0.028125 0.041667
0 0.387891 0.297222 0.016406 0.044444
0 0.751563 0.586806 0.145313 0.101389
0 0.842578 0.411111 0.036719 0.050000
0 0.493359 0.328472 0.024219 0.037500
0 0.605469 0.452778 0.035937 0.038889
0 0.871094 0.710417 0.075000 0.204167
0 0.350391 0.306250 0.060156 0.065278
0 0.546484 0.742361 0.097656 0.123611
0 0.865625 0.526389 0.123438 0.086111
0 0.371094 0.556944 0.067187 0.063889
0 0.658594 0.420833 0.032813 0.077778
0 0.049609 0.693750 0.099219 0.101389
0 0.328906 0.502778 0.040625 0.086111
0 0.163672 0.659028 0.083594 0.095833
0 0.523828 0.535417 0.086719 0.065278
0 0.486328 0.353472 0.032031 0.045833
0 0.271875 0.448611 0.031250 0.069444
0 0.736328 0.538194 0.116406 0.065278
0 0.031250 0.943750 0.062500 0.104167
0 0.442969 0.652083 0.060937 0.023611
0 0.951953 0.559722 0.094531 0.133333
0 0.680859 0.384722 0.038281 0.038889
0 0.251953 0.652083 0.078906 0.104167
0 0.532031 0.677778 0.071875 0.122222
0 0.100391 0.796528 0.107031 0.229167
0 0.407813 0.377083 0.032813 0.065278
0 0.295312 0.479861 0.053125 0.070833
0 0.021875 0.712500 0.043750 0.213889
0 0.393359 0.518750 0.066406 0.076389
0 0.347266 0.384028 0.066406 0.109722
0 0.381641 0.618750 0.066406 0.101389
0 0.747656 0.395139 0.048438 0.051389
0 0.421094 0.413889 0.040625 0.055556
0 0.753125 0.465278 0.079687 0.075000
0 0.670312 0.515278 0.064062 0.097222
0 0.229297 0.538889 0.044531 0.086111
0 0.653906 0.396528 0.026562 0.034722
0 0.370312 0.457639 0.031250 0.076389
0 0.767578 0.357639 0.035156 0.048611
0 0.352734 0.694444 0.077344 0.119444
0 0.480859 0.384722 0.035156 0.052778
0 0.914062 0.456944 0.078125 0.058333
0 0.100781 0.738889 0.104688 0.122222
0 0.076563 0.979861 0.120313 0.037500
0 0.801172 0.393750 0.041406 0.026389
0 0.798047 0.475694 0.092969 0.029167
0 0.689844 0.393750 0.025000 0.034722
0 0.532813 0.563889 0.076563 0.080556
0 0.590625 0.500000 0.045312 0.050000
0 0.462109 0.611111 0.078906 0.097222
0 0.938672 0.463194 0.121094 0.062500
0 0.752734 0.709028 0.077344 0.131944
0 0.227344 0.729861 0.084375 0.118056
0 0.424219 0.477083 0.064062 0.068056
0 0.786328 0.391667 0.033594 0.038889
0 0.591406 0.573611 0.059375 0.105556
0 0.389453 0.293750 0.022656 0.045833
0 0.730469 0.288889 0.040625 0.050000
0 0.442969 0.754861 0.098437 0.198611
0 0.457422 0.304861 0.044531 0.087500
0 0.600391 0.395833 0.035156 0.052778
0 0.688672 0.424306 0.028906 0.087500
0 0.472266 0.868750 0.105469 0.209722
0 0.681250 0.289583 0.039062 0.059722
0 0.810937 0.431944 0.051562 0.063889
0 0.275391 0.576389 0.091406 0.119444
0 0.423438 0.279861 0.023438 0.043056
0 0.637500 0.320833 0.017188 0.063889
0 0.269531 0.924306 0.146875 0.148611
0 0.343359 0.446528 0.036719 0.059722
0 0.784766 0.514583 0.080469 0.073611
0 0.190625 0.892361 0.121875 0.176389
0 0.779297 0.372917 0.035156 0.051389
0 0.668750 0.352083 0.037500 0.056944
0 0.333984 0.758333 0.088281 0.175000
0 0.553125 0.572222 0.092188 0.100000
0 0.756250 0.427778 0.037500 0.055556
0 0.142578 0.563194 0.132031 0.201389
0 0.601953 0.429167 0.039844 0.061111
0 0.573828 0.392361 0.024219 0.051389
0 0.812109 0.365278 0.033594 0.041667
0 0.742969 0.336111 0.028125 0.041667
0 0.387891 0.297222 0.016406 0.044444
0 0.751563 0.586806 0.145313 0.101389
0 0.842578 0.411111 0.036719 0.050000
0 0.493359 0.328472 0.024219 0.037500
0 0.605469 0.452778 0.035937 0.038889
0 0.871094 0.710417 0.075000 0.204167
0 0.350391 0.306250 0.060156 0.065278
0 0.546484 0.742361 0.097656 0.123611
0 0.865625 0.526389 0.123438 0.086111
0 0.371094 0.556944 0.067187 0.063889
0 0.658594 0.420833 0.032813 0.077778
0 0.049609 0.693750 0.099219 0.101389
0 0.328906 0.502778 0.040625 0.086111
0 0.163672 0.659028 0.083594 0.095833
0 0.523828 0.535417 0.086719 0.065278
0 0.486328 0.353472 0.032031 0.045833
0 0.271875 0.448611 0.031250 0.069444
0 0.736328 0.538194 0.116406 0.065278
0 0.031250 0.943750 0.062500 0.104167
0 0.442969 0.652083 0.060937 0.023611
0 0.951953 0.559722 0.094531 0.133333
0 0.680859 0.384722 0.038281 0.038889
0 0.251953 0.652083 0.078906 0.104167
0 0.532031 0.677778 0.071875 0.122222
0 0.100391 0.796528 0.107031 0.229167
0 0.407813 0.377083 0.032813 0.065278
0 0.295312 0.479861 0.053125 0.070833
0 0.021875 0.712500 0.043750 0.213889
0 0.393359 0.518750 0.066406 0.076389
0 0.347266 0.384028 0.066406 0.109722
0 0.381641 0.618750 0.066406 0.101389
0 0.747656 0.395139 0.048438 0.051389
0 0.421094 0.413889 0.040625 0.055556
0 0.753125 0.465278 0.079687 0.075000
0 0.670312 0.515278 0.064062 0.097222
0 0.229297 0.538889 0.044531 0.086111
0 0.653906 0.396528 0.026562 0.034722
0 0.370312 0.457639 0.031250 0.076389
0 0.767578 0.357639 0.035156 0.048611
0 0.352734 0.694444 0.077344 0.119444
0 0.480859 0.384722 0.035156 0.052778
0 0.914062 0.456944 0.078125 0.058333
0 0.100781 0.738889 0.104688 0.122222
0 0.076563 0.979861 0.120313 0.037500
0 0.801172 0.393750 0.041406 0.026389
0 0.798047 0.475694 0.092969 0.029167
0 0.689844 0.393750 0.025000 0.034722
0 0.532813 0.563889 0.076563 0.080556
0 0.590625 0.500000 0.045312 0.050000
0 0.462109 0.611111 0.078906 0.097222
0 0.938672 0.463194 0.121094 0.062500
0 0.752734 0.709028 0.077344 0.131944
0 0.227344 0.729861 0.084375 0.118056
0 0.424219 0.477083 0.064062 0.068056
0 0.786328 0.391667 0.033594 0.038889
0 0.591406 0.573611 0.059375 0.105556
0 0.389453 0.293750 0.022656 0.045833
0 0.730469 0.288889 0.040625 0.050000
0 0.442969 0.754861 0.098437 0.198611
0 0.457422 0.304861 0.044531 0.087500
0 0.600391 0.395833 0.035156 0.052778
0 0.688672 0.424306 0.028906 0.087500
0 0.472266 0.868750 0.105469 0.209722
0 0.681250 0.289583 0.039062 0.059722
0 0.810937 0.431944 0.051562 0.063889
0 0.275391 0.576389 0.091406 0.119444
0 0.423438 0.279861 0.023438 0.043056
0 0.637500 0.320833 0.017188 0.063889
0 0.269531 0.924306 0.146875 0.148611
0 0.343359 0.446528 0.036719 0.059722
0 0.784766 0.514583 0.080469 0.073611
0 0.190625 0.892361 0.121875 0.176389
0 0.779297 0.372917 0.035156 0.051389
0 0.668750 0.352083 0.037500 0.056944
0 0.333984 0.758333 0.088281 0.175000
0 0.553125 0.572222 0.092188 0.100000
0 0.756250 0.427778 0.037500 0.055556
0 0.142578 0.563194 0.132031 0.201389
0 0.601953 0.429167 0.039844 0.061111
0 0.573828 0.392361 0.024219 0.051389
0 0.812109 0.365278 0.033594 0.041667
0 0.742969 0.336111 0.028125 0.041667
0 0.387891 0.297222 0.016406 0.044444
0 0.751563 0.586806 0.145313 0.101389
0 0.842578 0.411111 0.036719 0.050000
0 0.493359 0.328472 0.024219 0.037500
0 0.605469 0.452778 0.035937 0.038889
0 0.871094 0.710417 0.075000 0.204167
0 0.350391 0.306250 0.060156 0.065278
0 0.546484 0.742361 0.097656 0.123611
0 0.865625 0.526389 0.123438 0.086111
0 0.371094 0.556944 0.067187 0.063889
0 0.658594 0.420833 0.032813 0.077778
0 0.049609 0.693750 0.099219 0.101389
0 0.328906 0.502778 0.040625 0.086111
0 0.163672 0.659028 0.083594 0.095833
0 0.523828 0.535417 0.086719 0.065278
0 0.486328 0.353472 0.032031 0.045833
0 0.271875 0.448611 0.031250 0.069444
0 0.736328 0.538194 0.116406 0.065278
0 0.031250 0.943750 0.062500 0.104167
0 0.442969 0.652083 0.060937 0.023611
0 0.951953 0.559722 0.094531 0.133333
0 0.680859 0.384722 0.038281 0.038889
0 0.251953 0.652083 0.078906 0.104167
0 0.532031 0.677778 0.071875 0.122222
0 0.100391 0.796528 0.107031 0.229167
0 0.407813 0.377083 0.032813 0.065278
0 0.295312 0.479861 0.053125 0.070833
0 0.021875 0.712500 0.043750 0.213889
0 0.393359 0.518750 0.066406 0.076389
0 0.347266 0.384028 0.066406 0.109722
0 0.381641 0.618750 0.066406 0.101389
0 0.747656 0.395139 0.048438 0.051389
0 0.421094 0.413889 0.040625 0.055556
0 0.753125 0.465278 0.079687 0.075000
0 0.670312 0.515278 0.064062 0.097222
0 0.229297 0.538889 0.044531 0.086111
0 0.653906 0.396528 0.026562 0.034722
0 0.370312 0.457639 0.031250 0.076389
0 0.767578 0.357639 0.035156 0.048611
0 0.352734 0.694444 0.077344 0.119444
0 0.480859 0.384722 0.035156 0.052778
0 0.914062 0.456944 0.078125 0.058333
0 0.100781 0.738889 0.104688 0.122222
0 0.076563 0.979861 0.120313 0.037500
0 0.801172 0.393750 0.041406 0.026389
0 0.798047 0.475694 0.092969 0.029167
0 0.689844 0.393750 0.025000 0.034722
0 0.532813 0.563889 0.076563 0.080556
0 0.590625 0.500000 0.045312 0.050000
0 0.462109 0.611111 0.078906 0.097222
0 0.938672 0.463194 0.121094 0.062500
0 0.752734 0.709028 0.077344 0.131944
0 0.227344 0.729861 0.084375 0.118056
0 0.424219 0.477083 0.064062 0.068056
0 0.786328 0.391667 0.033594 0.038889
0 0.591406 0.573611 0.059375 0.105556
0 0.389453 0.293750 0.022656 0.045833
0 0.730469 0.288889 0.040625 0.050000
0 0.442969 0.754861 0.098437 0.198611
0 0.457422 0.304861 0.044531 0.087500
0 0.600391 0.395833 0.035156 0.052778
0 0.688672 0.424306 0.028906 0.087500
0 0.472266 0.868750 0.105469 0.209722
0 0.681250 0.289583 0.039062 0.059722
0 0.810937 0.431944 0.051562 0.063889
0 0.275391 0.576389 0.091406 0.119444
0 0.423438 0.279861 0.023438 0.043056
0 0.637500 0.320833 0.017188 0.063889
0 0.269531 0.924306 0.146875 0.148611
0 0.343359 0.446528 0.036719 0.059722
0 0.784766 0.514583 0.080469 0.073611
