0 0.293359 0.027083 0.014844 0.023611
0 0.454297 0.286111 0.044531 0.075000
0 0.289844 0.056250 0.017188 0.031944
0 0.239844 0.156944 0.028125 0.055556
0 0.430859 0.224306 0.033594 0.056944
0 0.312500 0.009028 0.012500 0.018056
0 0.395703 0.120833 0.027344 0.052778
0 0.493359 0.536806 0.064844 0.159722
0 0.326562 0.070139 0.020313 0.040278
0 0.379297 0.099306 0.019531 0.037500
0 0.287891 0.632639 0.089844 0.190278
0 0.477344 0.393750 0.051562 0.104167
0 0.345313 0.025694 0.017188 0.029167
0 0.336719 0.115972 0.021875 0.037500
0 0.410156 0.177083 0.031250 0.054167
0 0.364063 0.073611 0.020313 0.036111
0 0.326562 0.070139 0.020313 0.040278
0 0.293359 0.027083 0.014844 0.023611
0 0.454297 0.286111 0.044531 0.075000
0 0.289844 0.056250 0.017188 0.031944
0 0.239844 0.156944 0.028125 0.055556
0 0.430859 0.224306 0.033594 0.056944
0 0.345313 0.025694 0.017188 0.029167
0 0.336719 0.115972 0.021875 0.037500
0 0.410156 0.177083 0.031250 0.054167
0 0.336719 0.115972 0.021875 0.037500
0 0.345313 0.025694 0.017188 0.029167
0 0.477344 0.393750 0.051562 0.104167
0 0.239844 0.156944 0.028125 0.055556
0 0.289844 0.056250 0.017188 0.031944
0 0.454297 0.286111 0.044531 0.075000
0 0.293359 0.027083 0.014844 0.023611
0 0.379297 0.099306 0.019531 0.037500
0 0.477344 0.393750 0.051562 0.104167
0 0.287891 0.632639 0.089844 0.190278
0 0.379297 0.099306 0.019531 0.037500
0 0.287891 0.632639 0.089844 0.190278
0 0.477344 0.393750 0.051562 0.104167
0 0.345313 0.025694 0.017188 0.029167
0 0.336719 0.115972 0.021875 0.037500
0 0.410156 0.177083 0.031250 0.054167
0 0.364063 0.073611 0.020313 0.036111
0 0.326562 0.070139 0.020313 0.040278
0 0.477344 0.393750 0.051562 0.104167
0 0.345313 0.025694 0.017188 0.029167
0 0.336719 0.115972 0.021875 0.037500
0 0.410156 0.177083 0.031250 0.054167
0 0.364063 0.073611 0.020313 0.036111
0 0.493359 0.536806 0.064844 0.159722
0 0.395703 0.120833 0.027344 0.052778
0 0.312500 0.009028 0.012500 0.018056
0 0.430859 0.224306 0.033594 0.056944
0 0.239844 0.156944 0.028125 0.055556
0 0.289844 0.056250 0.017188 0.031944
0 0.364063 0.073611 0.020313 0.036111
0 0.410156 0.177083 0.031250 0.054167
0 0.336719 0.115972 0.021875 0.037500
0 0.345313 0.025694 0.017188 0.029167
0 0.477344 0.393750 0.051562 0.104167
0 0.287891 0.632639 0.089844 0.190278
0 0.379297 0.099306 0.019531 0.037500
0 0.293359 0.027083 0.014844 0.023611
0 0.454297 0.286111 0.044531 0.075000
0 0.289844 0.056250 0.017188 0.031944
0 0.239844 0.156944 0.028125 0.055556
0 0.430859 0.224306 0.033594 0.056944
0 0.312500 0.009028 0.012500 0.018056
0 0.395703 0.120833 0.027344 0.052778
0 0.493359 0.536806 0.064844 0.159722
0 0.326562 0.070139 0.020313 0.040278
0 0.326562 0.070139 0.020313 0.040278
0 0.410156 0.177083 0.031250 0.054167
0 0.364063 0.073611 0.020313 0.036111
0 0.364063 0.073611 0.020313 0.036111
0 0.410156 0.177083 0.031250 0.054167
0 0.336719 0.115972 0.021875 0.037500
0 0.345313 0.025694 0.017188 0.029167
0 0.477344 0.393750 0.051562 0.104167
0 0.287891 0.632639 0.089844 0.190278
0 0.379297 0.099306 0.019531 0.037500
0 0.293359 0.027083 0.014844 0.023611
0 0.454297 0.286111 0.044531 0.075000
0 0.289844 0.056250 0.017188 0.031944
0 0.239844 0.156944 0.028125 0.055556
0 0.430859 0.224306 0.033594 0.056944
0 0.312500 0.009028 0.012500 0.018056
0 0.493359 0.536806 0.064844 0.159722
0 0.395703 0.120833 0.027344 0.052778
0 0.312500 0.009028 0.012500 0.018056
0 0.395703 0.120833 0.027344 0.052778
0 0.493359 0.536806 0.064844 0.159722
0 0.326562 0.070139 0.020313 0.040278
0 0.287891 0.632639 0.089844 0.190278
0 0.379297 0.099306 0.019531 0.037500
0 0.293359 0.027083 0.014844 0.023611
0 0.454297 0.286111 0.044531 0.075000
0 0.289844 0.056250 0.017188 0.031944
0 0.239844 0.156944 0.028125 0.055556
0 0.430859 0.224306 0.033594 0.056944
0 0.312500 0.009028 0.012500 0.018056
0 0.395703 0.120833 0.027344 0.052778
0 0.493359 0.536806 0.064844 0.159722
0 0.326562 0.070139 0.020313 0.040278
0 0.493359 0.536806 0.064844 0.159722
0 0.454297 0.286111 0.044531 0.075000
0 0.293359 0.027083 0.014844 0.023611
0 0.379297 0.099306 0.019531 0.037500
0 0.287891 0.632639 0.089844 0.190278
0 0.395703 0.120833 0.027344 0.052778
0 0.312500 0.009028 0.012500 0.018056
0 0.430859 0.224306 0.033594 0.056944
0 0.364063 0.073611 0.020313 0.036111
