0 0.864323 0.434722 0.040104 0.045370
0 0.910156 0.342593 0.030729 0.042593
0 0.794531 0.343056 0.039062 0.045370
0 0.189583 0.639352 0.064583 0.067593
0 0.624740 0.356944 0.034896 0.047222
0 0.770312 0.490278 0.034375 0.052778
0 0.935417 0.320833 0.020833 0.028704
0 0.929167 0.234722 0.016667 0.021296
0 0.770312 0.490278 0.034375 0.052778
0 0.935417 0.320833 0.020833 0.028704
0 0.889844 0.260185 0.016146 0.027778
0 0.784115 0.602778 0.041146 0.048148
0 0.688281 0.611111 0.054688 0.087037
0 0.700781 0.819907 0.053646 0.073148
0 0.889844 0.260185 0.016146 0.027778
0 0.889844 0.260185 0.016146 0.027778
0 0.700781 0.819907 0.053646 0.073148
0 0.688281 0.611111 0.054688 0.087037
0 0.784115 0.602778 0.041146 0.048148
0 0.935417 0.320833 0.020833 0.028704
0 0.770312 0.490278 0.034375 0.052778
0 0.624740 0.356944 0.034896 0.047222
0 0.189583 0.639352 0.064583 0.067593
0 0.794531 0.343056 0.039062 0.045370
0 0.910156 0.342593 0.030729 0.042593
0 0.864323 0.434722 0.040104 0.045370
0 0.879167 0.398611 0.033333 0.047222
0 0.893229 0.290278 0.019792 0.032407
0 0.922135 0.246296 0.016146 0.024074
0 0.929167 0.234722 0.016667 0.021296
0 0.853125 0.354167 0.019792 0.026852
0 0.922135 0.246296 0.016146 0.024074
0 0.893229 0.290278 0.019792 0.032407
0 0.879167 0.398611 0.033333 0.047222
0 0.864323 0.434722 0.040104 0.045370
0 0.910156 0.342593 0.030729 0.042593
0 0.794531 0.343056 0.039062 0.045370
0 0.189583 0.639352 0.064583 0.067593
0 0.624740 0.356944 0.034896 0.047222
0 0.889844 0.260185 0.016146 0.027778
0 0.688281 0.611111 0.054688 0.087037
0 0.784115 0.602778 0.041146 0.048148
0 0.853125 0.354167 0.019792 0.026852
0 0.929167 0.234722 0.016667 0.021296
0 0.922135 0.246296 0.016146 0.024074
0 0.893229 0.290278 0.019792 0.032407
0 0.879167 0.398611 0.033333 0.047222
0 0.864323 0.434722 0.040104 0.045370
0 0.910156 0.342593 0.030729 0.042593
0 0.794531 0.343056 0.039062 0.045370
0 0.189583 0.639352 0.064583 0.067593
0 0.624740 0.356944 0.034896 0.047222
0 0.770312 0.490278 0.034375 0.052778
0 0.935417 0.320833 0.020833 0.028704
0 0.784115 0.602778 0.041146 0.048148
0 0.688281 0.611111 0.054688 0.087037
0 0.700781 0.819907 0.053646 0.073148
0 0.889844 0.260185 0.016146 0.027778
0 0.700781 0.819907 0.053646 0.073148
0 0.864323 0.434722 0.040104 0.045370
0 0.879167 0.398611 0.033333 0.047222
0 0.853125 0.354167 0.019792 0.026852
0 0.893229 0.290278 0.019792 0.032407
0 0.889844 0.260185 0.016146 0.027778
0 0.700781 0.819907 0.053646 0.073148
0 0.688281 0.611111 0.054688 0.087037
0 0.784115 0.602778 0.041146 0.048148
0 0.935417 0.320833 0.020833 0.028704
0 0.770312 0.490278 0.034375 0.052778
0 0.624740 0.356944 0.034896 0.047222
0 0.189583 0.639352 0.064583 0.067593
0 0.794531 0.343056 0.039062 0.045370
0 0.700781 0.819907 0.053646 0.073148
0 0.688281 0.611111 0.054688 0.087037
0 0.784115 0.602778 0.041146 0.048148
0 0.935417 0.320833 0.020833 0.028704
0 0.770312 0.490278 0.034375 0.052778
0 0.624740 0.356944 0.034896 0.047222
0 0.189583 0.639352 0.064583 0.067593
0 0.794531 0.343056 0.039062 0.045370
0 0.910156 0.342593 0.030729 0.042593
0 0.853125 0.354167 0.019792 0.026852
0 0.929167 0.234722 0.016667 0.021296
0 0.922135 0.246296 0.016146 0.024074
0 0.893229 0.290278 0.019792 0.032407
0 0.879167 0.398611 0.033333 0.047222
0 0.864323 0.434722 0.040104 0.045370
0 0.910156 0.342593 0.030729 0.042593
0 0.794531 0.343056 0.039062 0.045370
0 0.189583 0.639352 0.064583 0.067593
0 0.624740 0.356944 0.034896 0.047222
0 0.770312 0.490278 0.034375 0.052778
0 0.935417 0.320833 0.020833 0.028704
0 0.784115 0.602778 0.041146 0.048148
0 0.688281 0.611111 0.054688 0.087037
0 0.700781 0.819907 0.053646 0.073148
0 0.889844 0.260185 0.016146 0.027778
0 0.910156 0.342593 0.030729 0.042593
0 0.864323 0.434722 0.040104 0.045370
0 0.879167 0.398611 0.033333 0.047222
0 0.893229 0.290278 0.019792 0.032407
0 0.922135 0.246296 0.016146 0.024074
0 0.929167 0.234722 0.016667 0.021296
0 0.853125 0.354167 0.019792 0.026852
0 0.922135 0.246296 0.016146 0.024074
0 0.929167 0.234722 0.016667 0.021296
0 0.853125 0.354167 0.019792 0.026852
0 0.853125 0.354167 0.019792 0.026852
0 0.929167 0.234722 0.016667 0.021296
0 0.922135 0.246296 0.016146 0.024074
0 0.893229 0.290278 0.019792 0.032407
0 0.879167 0.398611 0.033333 0.047222
