0 0.403125 0.156250 0.029687 0.048611
0 0.240234 0.156250 0.028906 0.054167
0 0.346875 0.025694 0.015625 0.023611
0 0.030469 0.941667 0.060937 0.113889
0 0.262109 0.320139 0.050781 0.081944
0 0.333203 0.134028 0.024219 0.043056
0 0.442188 0.250000 0.040625 0.063889
0 0.322266 0.055556 0.016406 0.030556
0 0.442188 0.250000 0.040625 0.063889
0 0.322266 0.055556 0.016406 0.030556
0 0.298438 0.004861 0.006250 0.009722
0 0.342187 0.378472 0.050000 0.098611
0 0.371875 0.079861 0.020313 0.031944
0 0.288672 0.193056 0.030469 0.052778
0 0.298438 0.004861 0.006250 0.009722
0 0.371875 0.079861 0.020313 0.031944
0 0.288672 0.193056 0.030469 0.052778
0 0.371875 0.079861 0.020313 0.031944
0 0.342187 0.378472 0.050000 0.098611
0 0.298438 0.004861 0.006250 0.009722
0 0.322266 0.055556 0.016406 0.030556
0 0.288672 0.193056 0.030469 0.052778
0 0.371875 0.079861 0.020313 0.031944
0 0.342187 0.378472 0.050000 0.098611
0 0.288672 0.193056 0.030469 0.052778
0 0.322266 0.055556 0.016406 0.030556
0 0.298438 0.004861 0.006250 0.009722
0 0.298438 0.004861 0.006250 0.009722
0 0.322266 0.055556 0.016406 0.030556
0 0.442188 0.250000 0.040625 0.063889
0 0.333203 0.134028 0.024219 0.043056
0 0.262109 0.320139 0.050781 0.081944
0 0.030469 0.941667 0.060937 0.113889
0 0.346875 0.025694 0.015625 0.023611
0 0.240234 0.156250 0.028906 0.054167
0 0.403125 0.156250 0.029687 0.048611
0 0.442188 0.250000 0.040625 0.063889
0 0.342187 0.378472 0.050000 0.098611
0 0.371875 0.079861 0.020313 0.031944
0 0.346875 0.025694 0.015625 0.023611
0 0.288672 0.193056 0.030469 0.052778
0 0.333203 0.134028 0.024219 0.043056
0 0.262109 0.320139 0.050781 0.081944
0 0.030469 0.941667 0.060937 0.113889
0 0.346875 0.025694 0.015625 0.023611
0 0.346875 0.025694 0.015625 0.023611
0 0.240234 0.156250 0.028906 0.054167
0 0.403125 0.156250 0.029687 0.048611
0 0.342187 0.378472 0.050000 0.098611
0 0.298438 0.004861 0.006250 0.009722
0 0.322266 0.055556 0.016406 0.030556
0 0.288672 0.193056 0.030469 0.052778
0 0.371875 0.079861 0.020313 0.031944
0 0.442188 0.250000 0.040625 0.063889
0 0.333203 0.134028 0.024219 0.043056
0 0.262109 0.320139 0.050781 0.081944
0 0.030469 0.941667 0.060937 0.113889
0 0.403125 0.156250 0.029687 0.048611
0 0.240234 0.156250 0.028906 0.054167
0 0.403125 0.156250 0.029687 0.048611
0 0.240234 0.156250 0.028906 0.054167
0 0.346875 0.025694 0.015625 0.023611
0 0.030469 0.941667 0.060937 0.113889
0 0.262109 0.320139 0.050781 0.081944
0 0.333203 0.134028 0.024219 0.043056
0 0.442188 0.250000 0.040625 0.063889
0 0.403125 0.156250 0.029687 0.048611
0 0.240234 0.156250 0.028906 0.054167
0 0.346875 0.025694 0.015625 0.023611
0 0.030469 0.941667 0.060937 0.113889
0 0.262109 0.320139 0.050781 0.081944
0 0.333203 0.134028 0.024219 0.043056
0 0.342187 0.378472 0.050000 0.098611
0 0.371875 0.079861 0.020313 0.031944
0 0.288672 0.193056 0.030469 0.052778
0 0.403125 0.156250 0.029687 0.048611
0 0.240234 0.156250 0.028906 0.054167
0 0.342187 0.378472 0.050000 0.098611
0 0.298438 0.004861 0.006250 0.009722
0 0.322266 0.055556 0.016406 0.030556
0 0.442188 0.250000 0.040625 0.063889
0 0.333203 0.134028 0.024219 0.043056
0 0.262109 0.320139 0.050781 0.081944
0 0.030469 0.941667 0.060937 0.113889
