0 0.239063 0.211111 0.015625 0.038889
0 0.364063 0.330556 0.018750 0.022222
0 0.163281 0.273611 0.014063 0.019444
0 0.329688 0.487500 0.037500 0.052778
0 0.490625 0.408333 0.031250 0.038889
0 0.199219 0.401389 0.023438 0.036111
0 0.199219 0.401389 0.023438 0.036111
0 0.490625 0.408333 0.031250 0.038889
0 0.329688 0.487500 0.037500 0.052778
0 0.163281 0.273611 0.014063 0.019444
0 0.364063 0.330556 0.018750 0.022222
0 0.239063 0.211111 0.015625 0.038889
0 0.238281 0.341667 0.017188 0.022222
0 0.255469 0.238889 0.017188 0.033333
0 0.140625 0.287500 0.009375 0.019444
0 0.173437 0.350000 0.018750 0.022222
0 0.340625 0.354167 0.018750 0.019444
0 0.853125 0.686111 0.087500 0.083333
0 0.405469 0.358333 0.020313 0.022222
0 0.304688 0.276389 0.021875 0.030556
0 0.277344 0.305556 0.014063 0.016667
0 0.235156 0.238889 0.010937 0.016667
0 0.135937 0.251389 0.012500 0.019444
0 0.214844 0.312500 0.017188 0.019444
0 0.240625 0.269444 0.012500 0.016667
0 0.303906 0.322222 0.017188 0.022222
0 0.160938 0.250000 0.015625 0.016667
0 0.763281 0.987500 0.073438 0.019444
0 0.308594 0.306944 0.017188 0.025000
0 0.225000 0.362500 0.021875 0.030556
0 0.538281 0.465278 0.039062 0.047222
0 0.278906 0.281944 0.020313 0.025000
0 0.272656 0.231944 0.010937 0.013889
0 0.171094 0.287500 0.014063 0.019444
0 0.191406 0.369444 0.023438 0.033333
0 0.171094 0.747222 0.051562 0.083333
0 0.137500 0.243056 0.012500 0.013889
0 0.986719 0.790278 0.023438 0.069444
0 0.440625 0.405556 0.025000 0.033333
0 0.280469 0.270833 0.023438 0.047222
0 0.889844 0.666667 0.057813 0.061111
0 0.719531 0.655556 0.057813 0.050000
0 0.460156 0.448611 0.029687 0.036111
0 0.640625 0.538889 0.040625 0.044444
0 0.986719 0.790278 0.023438 0.069444
0 0.440625 0.405556 0.025000 0.033333
0 0.280469 0.270833 0.023438 0.047222
0 0.889844 0.666667 0.057813 0.061111
0 0.719531 0.655556 0.057813 0.050000
0 0.460156 0.448611 0.029687 0.036111
0 0.640625 0.538889 0.040625 0.044444
0 0.404687 0.511111 0.034375 0.050000
0 0.362500 0.462500 0.037500 0.052778
0 0.160938 0.236111 0.015625 0.038889
0 0.339062 0.309722 0.015625 0.019444
0 0.617188 0.493056 0.037500 0.036111
0 0.286719 0.437500 0.026562 0.036111
0 0.364063 0.330556 0.018750 0.022222
0 0.239063 0.211111 0.015625 0.038889
0 0.238281 0.341667 0.017188 0.022222
0 0.255469 0.238889 0.017188 0.033333
0 0.140625 0.287500 0.009375 0.019444
0 0.173437 0.350000 0.018750 0.022222
0 0.340625 0.354167 0.018750 0.019444
0 0.853125 0.686111 0.087500 0.083333
0 0.405469 0.358333 0.020313 0.022222
0 0.304688 0.276389 0.021875 0.030556
0 0.277344 0.305556 0.014063 0.016667
0 0.235156 0.238889 0.010937 0.016667
0 0.135937 0.251389 0.012500 0.019444
0 0.214844 0.312500 0.017188 0.019444
0 0.240625 0.269444 0.012500 0.016667
0 0.303906 0.322222 0.017188 0.022222
0 0.160938 0.250000 0.015625 0.016667
0 0.763281 0.987500 0.073438 0.019444
0 0.308594 0.306944 0.017188 0.025000
0 0.225000 0.362500 0.021875 0.030556
0 0.538281 0.465278 0.039062 0.047222
0 0.278906 0.281944 0.020313 0.025000
0 0.272656 0.231944 0.010937 0.013889
0 0.404687 0.511111 0.034375 0.050000
0 0.362500 0.462500 0.037500 0.052778
0 0.160938 0.236111 0.015625 0.038889
0 0.339062 0.309722 0.015625 0.019444
0 0.617188 0.493056 0.037500 0.036111
0 0.286719 0.437500 0.026562 0.036111
0 0.171094 0.287500 0.014063 0.019444
0 0.199219 0.401389 0.023438 0.036111
0 0.490625 0.408333 0.031250 0.038889
0 0.329688 0.487500 0.037500 0.052778
0 0.163281 0.273611 0.014063 0.019444
0 0.364063 0.330556 0.018750 0.022222
0 0.239063 0.211111 0.015625 0.038889
0 0.238281 0.341667 0.017188 0.022222
0 0.255469 0.238889 0.017188 0.033333
0 0.460156 0.448611 0.029687 0.036111
0 0.719531 0.655556 0.057813 0.050000
0 0.889844 0.666667 0.057813 0.061111
0 0.280469 0.270833 0.023438 0.047222
0 0.440625 0.405556 0.025000 0.033333
0 0.986719 0.790278 0.023438 0.069444
0 0.137500 0.243056 0.012500 0.013889
0 0.171094 0.747222 0.051562 0.083333
0 0.191406 0.369444 0.023438 0.033333
0 0.171094 0.287500 0.014063 0.019444
0 0.272656 0.231944 0.010937 0.013889
0 0.278906 0.281944 0.020313 0.025000
0 0.538281 0.465278 0.039062 0.047222
0 0.225000 0.362500 0.021875 0.030556
0 0.308594 0.306944 0.017188 0.025000
0 0.763281 0.987500 0.073438 0.019444
0 0.160938 0.250000 0.015625 0.016667
0 0.303906 0.322222 0.017188 0.022222
0 0.240625 0.269444 0.012500 0.016667
0 0.214844 0.312500 0.017188 0.019444
0 0.135937 0.251389 0.012500 0.019444
0 0.235156 0.238889 0.010937 0.016667
0 0.277344 0.305556 0.014063 0.016667
0 0.304688 0.276389 0.021875 0.030556
0 0.405469 0.358333 0.020313 0.022222
0 0.853125 0.686111 0.087500 0.083333
0 0.340625 0.354167 0.018750 0.019444
0 0.173437 0.350000 0.018750 0.022222
0 0.140625 0.287500 0.009375 0.019444
0 0.255469 0.238889 0.017188 0.033333
0 0.238281 0.341667 0.017188 0.022222
0 0.286719 0.437500 0.026562 0.036111
0 0.617188 0.493056 0.037500 0.036111
0 0.339062 0.309722 0.015625 0.019444
0 0.160938 0.236111 0.015625 0.038889
0 0.362500 0.462500 0.037500 0.052778
0 0.404687 0.511111 0.034375 0.050000
0 0.640625 0.538889 0.040625 0.044444
0 0.460156 0.448611 0.029687 0.036111
0 0.719531 0.655556 0.057813 0.050000
0 0.889844 0.666667 0.057813 0.061111
0 0.280469 0.270833 0.023438 0.047222
0 0.440625 0.405556 0.025000 0.033333
0 0.986719 0.790278 0.023438 0.069444
0 0.137500 0.243056 0.012500 0.013889
0 0.171094 0.747222 0.051562 0.083333
0 0.191406 0.369444 0.023438 0.033333
0 0.199219 0.401389 0.023438 0.036111
0 0.490625 0.408333 0.031250 0.038889
0 0.329688 0.487500 0.037500 0.052778
0 0.163281 0.273611 0.014063 0.019444
0 0.364063 0.330556 0.018750 0.022222
0 0.239063 0.211111 0.015625 0.038889
0 0.238281 0.341667 0.017188 0.022222
0 0.255469 0.238889 0.017188 0.033333
0 0.140625 0.287500 0.009375 0.019444
0 0.173437 0.350000 0.018750 0.022222
0 0.340625 0.354167 0.018750 0.019444
0 0.853125 0.686111 0.087500 0.083333
0 0.405469 0.358333 0.020313 0.022222
0 0.304688 0.276389 0.021875 0.030556
0 0.277344 0.305556 0.014063 0.016667
0 0.235156 0.238889 0.010937 0.016667
0 0.135937 0.251389 0.012500 0.019444
0 0.214844 0.312500 0.017188 0.019444
0 0.240625 0.269444 0.012500 0.016667
0 0.303906 0.322222 0.017188 0.022222
0 0.160938 0.250000 0.015625 0.016667
0 0.763281 0.987500 0.073438 0.019444
0 0.308594 0.306944 0.017188 0.025000
0 0.225000 0.362500 0.021875 0.030556
0 0.538281 0.465278 0.039062 0.047222
0 0.278906 0.281944 0.020313 0.025000
0 0.272656 0.231944 0.010937 0.013889
0 0.140625 0.287500 0.009375 0.019444
0 0.173437 0.350000 0.018750 0.022222
0 0.340625 0.354167 0.018750 0.019444
0 0.853125 0.686111 0.087500 0.083333
0 0.214844 0.312500 0.017188 0.019444
0 0.240625 0.269444 0.012500 0.016667
0 0.303906 0.322222 0.017188 0.022222
0 0.160938 0.250000 0.015625 0.016667
0 0.763281 0.987500 0.073438 0.019444
0 0.308594 0.306944 0.017188 0.025000
0 0.225000 0.362500 0.021875 0.030556
0 0.538281 0.465278 0.039062 0.047222
0 0.278906 0.281944 0.020313 0.025000
0 0.272656 0.231944 0.010937 0.013889
0 0.171094 0.287500 0.014063 0.019444
0 0.191406 0.369444 0.023438 0.033333
0 0.171094 0.747222 0.051562 0.083333
0 0.137500 0.243056 0.012500 0.013889
0 0.405469 0.358333 0.020313 0.022222
0 0.304688 0.276389 0.021875 0.030556
0 0.277344 0.305556 0.014063 0.016667
0 0.235156 0.238889 0.010937 0.016667
0 0.135937 0.251389 0.012500 0.019444
0 0.214844 0.312500 0.017188 0.019444
0 0.240625 0.269444 0.012500 0.016667
0 0.303906 0.322222 0.017188 0.022222
0 0.160938 0.250000 0.015625 0.016667
0 0.191406 0.369444 0.023438 0.033333
0 0.171094 0.747222 0.051562 0.083333
0 0.137500 0.243056 0.012500 0.013889
0 0.986719 0.790278 0.023438 0.069444
0 0.440625 0.405556 0.025000 0.033333
0 0.280469 0.270833 0.023438 0.047222
0 0.889844 0.666667 0.057813 0.061111
0 0.719531 0.655556 0.057813 0.050000
0 0.460156 0.448611 0.029687 0.036111
0 0.640625 0.538889 0.040625 0.044444
0 0.404687 0.511111 0.034375 0.050000
0 0.362500 0.462500 0.037500 0.052778
0 0.160938 0.236111 0.015625 0.038889
0 0.339062 0.309722 0.015625 0.019444
0 0.617188 0.493056 0.037500 0.036111
0 0.286719 0.437500 0.026562 0.036111
0 0.286719 0.437500 0.026562 0.036111
0 0.286719 0.437500 0.026562 0.036111
0 0.617188 0.493056 0.037500 0.036111
0 0.339062 0.309722 0.015625 0.019444
0 0.160938 0.236111 0.015625 0.038889
0 0.362500 0.462500 0.037500 0.052778
0 0.404687 0.511111 0.034375 0.050000
0 0.640625 0.538889 0.040625 0.044444
0 0.460156 0.448611 0.029687 0.036111
0 0.719531 0.655556 0.057813 0.050000
0 0.889844 0.666667 0.057813 0.061111
0 0.280469 0.270833 0.023438 0.047222
0 0.440625 0.405556 0.025000 0.033333
0 0.986719 0.790278 0.023438 0.069444
0 0.137500 0.243056 0.012500 0.013889
0 0.171094 0.747222 0.051562 0.083333
0 0.191406 0.369444 0.023438 0.033333
0 0.171094 0.287500 0.014063 0.019444
0 0.763281 0.987500 0.073438 0.019444
0 0.308594 0.306944 0.017188 0.025000
0 0.225000 0.362500 0.021875 0.030556
0 0.538281 0.465278 0.039062 0.047222
0 0.199219 0.401389 0.023438 0.036111
0 0.490625 0.408333 0.031250 0.038889
0 0.329688 0.487500 0.037500 0.052778
0 0.163281 0.273611 0.014063 0.019444
0 0.364063 0.330556 0.018750 0.022222
0 0.239063 0.211111 0.015625 0.038889
0 0.238281 0.341667 0.017188 0.022222
0 0.255469 0.238889 0.017188 0.033333
0 0.140625 0.287500 0.009375 0.019444
0 0.173437 0.350000 0.018750 0.022222
0 0.340625 0.354167 0.018750 0.019444
0 0.853125 0.686111 0.087500 0.083333
0 0.405469 0.358333 0.020313 0.022222
0 0.304688 0.276389 0.021875 0.030556
0 0.277344 0.305556 0.014063 0.016667
0 0.235156 0.238889 0.010937 0.016667
0 0.135937 0.251389 0.012500 0.019444
0 0.214844 0.312500 0.017188 0.019444
0 0.240625 0.269444 0.012500 0.016667
0 0.303906 0.322222 0.017188 0.022222
0 0.160938 0.250000 0.015625 0.016667
0 0.763281 0.987500 0.073438 0.019444
0 0.308594 0.306944 0.017188 0.025000
0 0.225000 0.362500 0.021875 0.030556
0 0.538281 0.465278 0.039062 0.047222
0 0.278906 0.281944 0.020313 0.025000
0 0.272656 0.231944 0.010937 0.013889
0 0.171094 0.287500 0.014063 0.019444
0 0.191406 0.369444 0.023438 0.033333
0 0.171094 0.747222 0.051562 0.083333
0 0.137500 0.243056 0.012500 0.013889
0 0.986719 0.790278 0.023438 0.069444
0 0.440625 0.405556 0.025000 0.033333
0 0.280469 0.270833 0.023438 0.047222
0 0.889844 0.666667 0.057813 0.061111
0 0.719531 0.655556 0.057813 0.050000
0 0.460156 0.448611 0.029687 0.036111
0 0.640625 0.538889 0.040625 0.044444
0 0.404687 0.511111 0.034375 0.050000
0 0.362500 0.462500 0.037500 0.052778
0 0.160938 0.236111 0.015625 0.038889
0 0.339062 0.309722 0.015625 0.019444
0 0.617188 0.493056 0.037500 0.036111
0 0.286719 0.437500 0.026562 0.036111
0 0.617188 0.493056 0.037500 0.036111
0 0.339062 0.309722 0.015625 0.019444
0 0.160938 0.236111 0.015625 0.038889
0 0.362500 0.462500 0.037500 0.052778
0 0.404687 0.511111 0.034375 0.050000
0 0.640625 0.538889 0.040625 0.044444
0 0.199219 0.401389 0.023438 0.036111
0 0.490625 0.408333 0.031250 0.038889
0 0.329688 0.487500 0.037500 0.052778
0 0.163281 0.273611 0.014063 0.019444
0 0.135937 0.251389 0.012500 0.019444
0 0.235156 0.238889 0.010937 0.016667
0 0.277344 0.305556 0.014063 0.016667
0 0.304688 0.276389 0.021875 0.030556
0 0.405469 0.358333 0.020313 0.022222
0 0.853125 0.686111 0.087500 0.083333
0 0.340625 0.354167 0.018750 0.019444
0 0.173437 0.350000 0.018750 0.022222
0 0.140625 0.287500 0.009375 0.019444
0 0.255469 0.238889 0.017188 0.033333
0 0.238281 0.341667 0.017188 0.022222
0 0.239063 0.211111 0.015625 0.038889
0 0.364063 0.330556 0.018750 0.022222
0 0.163281 0.273611 0.014063 0.019444
0 0.329688 0.487500 0.037500 0.052778
0 0.490625 0.408333 0.031250 0.038889
0 0.199219 0.401389 0.023438 0.036111
0 0.278906 0.281944 0.020313 0.025000
0 0.272656 0.231944 0.010937 0.013889
0 0.171094 0.287500 0.014063 0.019444
