0 0.291406 0.040972 0.028125 0.062500
0 0.291406 0.040972 0.028125 0.062500
0 0.259766 0.594444 0.088281 0.180556
0 0.239844 0.156944 0.029687 0.055556
0 0.328125 0.052083 0.035937 0.104167
0 0.491016 0.471528 0.060156 0.131944
0 0.463281 0.300000 0.045312 0.091667
0 0.267188 0.296528 0.042188 0.076389
0 0.267188 0.296528 0.042188 0.076389
0 0.463281 0.300000 0.045312 0.091667
0 0.491016 0.471528 0.060156 0.131944
0 0.328125 0.052083 0.035937 0.104167
0 0.239844 0.156944 0.029687 0.055556
0 0.259766 0.594444 0.088281 0.180556
0 0.291406 0.040972 0.028125 0.062500
0 0.267188 0.296528 0.042188 0.076389
0 0.463281 0.300000 0.045312 0.091667
0 0.491016 0.471528 0.060156 0.131944
0 0.328125 0.052083 0.035937 0.104167
0 0.239844 0.156944 0.029687 0.055556
0 0.259766 0.594444 0.088281 0.180556
0 0.291406 0.040972 0.028125 0.062500
0 0.291406 0.040972 0.028125 0.062500
0 0.259766 0.594444 0.088281 0.180556
0 0.239844 0.156944 0.029687 0.055556
0 0.328125 0.052083 0.035937 0.104167
0 0.491016 0.471528 0.060156 0.131944
0 0.463281 0.300000 0.045312 0.091667
0 0.267188 0.296528 0.042188 0.076389
0 0.267188 0.296528 0.042188 0.076389
0 0.463281 0.300000 0.045312 0.091667
0 0.491016 0.471528 0.060156 0.131944
0 0.328125 0.052083 0.035937 0.104167
0 0.239844 0.156944 0.029687 0.055556
0 0.259766 0.594444 0.088281 0.180556
0 0.291406 0.040972 0.028125 0.062500
0 0.291406 0.040972 0.028125 0.062500
0 0.259766 0.594444 0.088281 0.180556
0 0.239844 0.156944 0.029687 0.055556
0 0.328125 0.052083 0.035937 0.104167
0 0.491016 0.471528 0.060156 0.131944
0 0.463281 0.300000 0.045312 0.091667
0 0.267188 0.296528 0.042188 0.076389
0 0.267188 0.296528 0.042188 0.076389
0 0.463281 0.300000 0.045312 0.091667
0 0.491016 0.471528 0.060156 0.131944
0 0.328125 0.052083 0.035937 0.104167
0 0.239844 0.156944 0.029687 0.055556
0 0.259766 0.594444 0.088281 0.180556
