0 0.584375 0.584722 0.015625 0.030556
0 0.750781 0.445833 0.495312 0.075000
0 0.413281 0.443056 0.007812 0.008333
0 0.348438 0.572222 0.015625 0.022222
0 0.487500 0.438889 0.006250 0.005556
0 0.584375 0.584722 0.015625 0.030556
0 0.750781 0.445833 0.495312 0.075000
0 0.584375 0.584722 0.015625 0.030556
0 0.750781 0.445833 0.495312 0.075000
0 0.413281 0.443056 0.007812 0.008333
0 0.413281 0.443056 0.007812 0.008333
0 0.348438 0.572222 0.015625 0.022222
0 0.487500 0.438889 0.006250 0.005556
0 0.487500 0.438889 0.006250 0.005556
0 0.584375 0.584722 0.015625 0.030556
0 0.750781 0.445833 0.495312 0.075000
0 0.413281 0.443056 0.007812 0.008333
0 0.348438 0.572222 0.015625 0.022222
0 0.487500 0.438889 0.006250 0.005556
0 0.348438 0.572222 0.015625 0.022222
0 0.413281 0.443056 0.007812 0.008333
0 0.750781 0.445833 0.495312 0.075000
0 0.584375 0.584722 0.015625 0.030556
0 0.487500 0.438889 0.006250 0.005556
0 0.348438 0.572222 0.015625 0.022222
0 0.584375 0.584722 0.015625 0.030556
0 0.487500 0.438889 0.006250 0.005556
0 0.584375 0.584722 0.015625 0.030556
0 0.750781 0.445833 0.495312 0.075000
0 0.413281 0.443056 0.007812 0.008333
0 0.348438 0.572222 0.015625 0.022222
0 0.487500 0.438889 0.006250 0.005556
0 0.348438 0.572222 0.015625 0.022222
0 0.413281 0.443056 0.007812 0.008333
0 0.750781 0.445833 0.495312 0.075000
