0 0.821484 0.459722 0.069531 0.077778
0 0.203125 0.931250 0.120313 0.134722
0 0.574219 0.284028 0.017188 0.056944
0 0.412500 0.253472 0.021875 0.048611
0 0.906250 0.461111 0.117188 0.080556
0 0.730078 0.354167 0.044531 0.050000
0 0.447656 0.893750 0.045312 0.145833
0 0.737500 0.375000 0.043750 0.038889
0 0.626563 0.348611 0.026562 0.030556
0 0.606641 0.311111 0.035156 0.061111
0 0.772266 0.935417 0.144531 0.126389
0 0.481250 0.564583 0.046875 0.081944
0 0.394141 0.250000 0.019531 0.033333
0 0.443359 0.492361 0.086719 0.065278
0 0.681250 0.545139 0.150000 0.095833
0 0.955859 0.944444 0.086719 0.108333
0 0.863281 0.705556 0.070312 0.130556
0 0.710156 0.321528 0.039062 0.043056
0 0.959766 0.502083 0.078906 0.095833
0 0.370703 0.289583 0.033594 0.073611
0 0.520312 0.560417 0.073438 0.095833
0 0.525391 0.482639 0.069531 0.056944
0 0.802344 0.419444 0.129688 0.075000
0 0.051953 0.973611 0.103906 0.050000
0 0.127734 0.549306 0.166406 0.256944
0 0.510938 0.345139 0.026562 0.045833
0 0.316797 0.486806 0.058594 0.154167
0 0.987500 0.832639 0.023438 0.126389
0 0.352344 0.899306 0.112500 0.193056
0 0.355859 0.397222 0.042969 0.058333
0 0.730469 0.488889 0.118750 0.072222
0 0.592187 0.372917 0.026562 0.070833
0 0.243750 0.695833 0.062500 0.141667
0 0.289453 0.527778 0.057031 0.088889
0 0.417969 0.349306 0.035937 0.054167
0 0.413672 0.193056 0.013281 0.025000
0 0.874219 0.862500 0.123438 0.186111
0 0.341797 0.688194 0.083594 0.101389
0 0.256250 0.338889 0.060937 0.127778
0 0.209375 0.805556 0.106250 0.144444
0 0.093750 0.804861 0.107813 0.148611
0 0.519922 0.822917 0.080469 0.198611
0 0.476172 0.745833 0.082031 0.147222
0 0.469922 0.653472 0.078906 0.126389
0 0.366797 0.241667 0.028906 0.038889
0 0.737109 0.361806 0.039844 0.051389
0 0.332031 0.781944 0.095312 0.161111
0 0.540234 0.361111 0.033594 0.041667
0 0.684375 0.421528 0.067187 0.118056
0 0.897266 0.409722 0.078906 0.030556
0 0.779297 0.361111 0.032031 0.044444
0 0.323437 0.251389 0.023438 0.044444
0 0.895312 0.583333 0.112500 0.158333
0 0.388281 0.315972 0.026562 0.018056
0 0.372266 0.931250 0.092969 0.134722
0 0.688672 0.378472 0.050781 0.043056
0 0.035156 0.745139 0.070312 0.109722
0 0.140234 0.691667 0.083594 0.130556
0 0.367969 0.628472 0.087500 0.156944
0 0.273047 0.424306 0.046094 0.073611
0 0.266797 0.586111 0.067969 0.097222
0 0.420312 0.561111 0.082812 0.102778
0 0.350391 0.253472 0.016406 0.040278
0 0.621094 0.394444 0.040625 0.066667
0 0.420703 0.288889 0.027344 0.052778
0 0.555469 0.505556 0.117188 0.047222
0 0.531641 0.434722 0.055469 0.044444
0 0.051953 0.973611 0.103906 0.050000
0 0.127734 0.549306 0.166406 0.256944
0 0.510938 0.345139 0.026562 0.045833
0 0.316797 0.486806 0.058594 0.154167
0 0.987500 0.832639 0.023438 0.126389
0 0.352344 0.899306 0.112500 0.193056
0 0.355859 0.397222 0.042969 0.058333
0 0.730469 0.488889 0.118750 0.072222
0 0.592187 0.372917 0.026562 0.070833
0 0.621094 0.394444 0.040625 0.066667
0 0.366797 0.241667 0.028906 0.038889
0 0.737109 0.361806 0.039844 0.051389
0 0.332031 0.781944 0.095312 0.161111
0 0.540234 0.361111 0.033594 0.041667
0 0.684375 0.421528 0.067187 0.118056
0 0.897266 0.409722 0.078906 0.030556
0 0.779297 0.361111 0.032031 0.044444
0 0.323437 0.251389 0.023438 0.044444
0 0.895312 0.583333 0.112500 0.158333
0 0.388281 0.315972 0.026562 0.018056
0 0.372266 0.931250 0.092969 0.134722
0 0.688672 0.378472 0.050781 0.043056
0 0.035156 0.745139 0.070312 0.109722
0 0.140234 0.691667 0.083594 0.130556
0 0.367969 0.628472 0.087500 0.156944
0 0.273047 0.424306 0.046094 0.073611
0 0.266797 0.586111 0.067969 0.097222
0 0.420312 0.561111 0.082812 0.102778
0 0.350391 0.253472 0.016406 0.040278
0 0.621094 0.394444 0.040625 0.066667
0 0.420703 0.288889 0.027344 0.052778
0 0.555469 0.505556 0.117188 0.047222
0 0.531641 0.434722 0.055469 0.044444
0 0.310547 0.291667 0.028906 0.038889
0 0.858594 0.531944 0.082812 0.105556
0 0.027344 0.876389 0.054688 0.158333
0 0.243750 0.695833 0.062500 0.141667
0 0.289453 0.527778 0.057031 0.088889
0 0.417969 0.349306 0.035937 0.054167
0 0.413672 0.193056 0.013281 0.025000
0 0.874219 0.862500 0.123438 0.186111
0 0.341797 0.688194 0.083594 0.101389
0 0.256250 0.338889 0.060937 0.127778
0 0.209375 0.805556 0.106250 0.144444
0 0.093750 0.804861 0.107813 0.148611
0 0.519922 0.822917 0.080469 0.198611
0 0.476172 0.745833 0.082031 0.147222
0 0.469922 0.653472 0.078906 0.126389
0 0.975781 0.747222 0.046875 0.125000
0 0.112109 0.435417 0.113281 0.062500
0 0.358594 0.542361 0.078125 0.098611
0 0.387500 0.343056 0.029687 0.052778
0 0.027344 0.876389 0.054688 0.158333
0 0.858594 0.531944 0.082812 0.105556
0 0.310547 0.291667 0.028906 0.038889
0 0.531641 0.434722 0.055469 0.044444
0 0.555469 0.505556 0.117188 0.047222
0 0.420703 0.288889 0.027344 0.052778
0 0.621094 0.394444 0.040625 0.066667
0 0.350391 0.253472 0.016406 0.040278
0 0.420312 0.561111 0.082812 0.102778
0 0.266797 0.586111 0.067969 0.097222
0 0.273047 0.424306 0.046094 0.073611
0 0.821484 0.459722 0.069531 0.077778
0 0.203125 0.931250 0.120313 0.134722
0 0.574219 0.284028 0.017188 0.056944
0 0.412500 0.253472 0.021875 0.048611
0 0.906250 0.461111 0.117188 0.080556
0 0.730078 0.354167 0.044531 0.050000
0 0.447656 0.893750 0.045312 0.145833
0 0.737500 0.375000 0.043750 0.038889
0 0.626563 0.348611 0.026562 0.030556
0 0.606641 0.311111 0.035156 0.061111
0 0.772266 0.935417 0.144531 0.126389
0 0.481250 0.564583 0.046875 0.081944
0 0.394141 0.250000 0.019531 0.033333
0 0.443359 0.492361 0.086719 0.065278
0 0.681250 0.545139 0.150000 0.095833
0 0.955859 0.944444 0.086719 0.108333
0 0.863281 0.705556 0.070312 0.130556
0 0.710156 0.321528 0.039062 0.043056
0 0.959766 0.502083 0.078906 0.095833
0 0.370703 0.289583 0.033594 0.073611
0 0.520312 0.560417 0.073438 0.095833
0 0.525391 0.482639 0.069531 0.056944
0 0.802344 0.419444 0.129688 0.075000
0 0.051953 0.973611 0.103906 0.050000
0 0.127734 0.549306 0.166406 0.256944
0 0.510938 0.345139 0.026562 0.045833
0 0.987500 0.832639 0.023438 0.126389
0 0.510938 0.345139 0.026562 0.045833
0 0.127734 0.549306 0.166406 0.256944
0 0.051953 0.973611 0.103906 0.050000
0 0.802344 0.419444 0.129688 0.075000
0 0.525391 0.482639 0.069531 0.056944
0 0.520312 0.560417 0.073438 0.095833
0 0.370703 0.289583 0.033594 0.073611
0 0.959766 0.502083 0.078906 0.095833
0 0.710156 0.321528 0.039062 0.043056
0 0.863281 0.705556 0.070312 0.130556
0 0.955859 0.944444 0.086719 0.108333
0 0.681250 0.545139 0.150000 0.095833
0 0.443359 0.492361 0.086719 0.065278
0 0.394141 0.250000 0.019531 0.033333
0 0.481250 0.564583 0.046875 0.081944
0 0.772266 0.935417 0.144531 0.126389
0 0.606641 0.311111 0.035156 0.061111
0 0.626563 0.348611 0.026562 0.030556
0 0.737500 0.375000 0.043750 0.038889
0 0.447656 0.893750 0.045312 0.145833
0 0.730078 0.354167 0.044531 0.050000
0 0.906250 0.461111 0.117188 0.080556
0 0.412500 0.253472 0.021875 0.048611
0 0.574219 0.284028 0.017188 0.056944
0 0.203125 0.931250 0.120313 0.134722
0 0.821484 0.459722 0.069531 0.077778
0 0.341797 0.688194 0.083594 0.101389
0 0.256250 0.338889 0.060937 0.127778
0 0.209375 0.805556 0.106250 0.144444
0 0.093750 0.804861 0.107813 0.148611
0 0.519922 0.822917 0.080469 0.198611
0 0.476172 0.745833 0.082031 0.147222
0 0.469922 0.653472 0.078906 0.126389
0 0.975781 0.747222 0.046875 0.125000
0 0.112109 0.435417 0.113281 0.062500
0 0.358594 0.542361 0.078125 0.098611
0 0.387500 0.343056 0.029687 0.052778
0 0.027344 0.876389 0.054688 0.158333
0 0.858594 0.531944 0.082812 0.105556
0 0.310547 0.291667 0.028906 0.038889
0 0.531641 0.434722 0.055469 0.044444
0 0.555469 0.505556 0.117188 0.047222
0 0.420703 0.288889 0.027344 0.052778
0 0.874219 0.862500 0.123438 0.186111
0 0.413672 0.193056 0.013281 0.025000
0 0.417969 0.349306 0.035937 0.054167
0 0.289453 0.527778 0.057031 0.088889
0 0.243750 0.695833 0.062500 0.141667
0 0.592187 0.372917 0.026562 0.070833
0 0.730469 0.488889 0.118750 0.072222
0 0.355859 0.397222 0.042969 0.058333
0 0.352344 0.899306 0.112500 0.193056
0 0.987500 0.832639 0.023438 0.126389
0 0.316797 0.486806 0.058594 0.154167
0 0.510938 0.345139 0.026562 0.045833
0 0.127734 0.549306 0.166406 0.256944
0 0.051953 0.973611 0.103906 0.050000
0 0.802344 0.419444 0.129688 0.075000
0 0.525391 0.482639 0.069531 0.056944
0 0.520312 0.560417 0.073438 0.095833
0 0.370703 0.289583 0.033594 0.073611
0 0.366797 0.241667 0.028906 0.038889
0 0.737109 0.361806 0.039844 0.051389
0 0.821484 0.459722 0.069531 0.077778
0 0.203125 0.931250 0.120313 0.134722
0 0.574219 0.284028 0.017188 0.056944
0 0.412500 0.253472 0.021875 0.048611
0 0.906250 0.461111 0.117188 0.080556
0 0.730078 0.354167 0.044531 0.050000
0 0.447656 0.893750 0.045312 0.145833
0 0.737500 0.375000 0.043750 0.038889
0 0.626563 0.348611 0.026562 0.030556
0 0.606641 0.311111 0.035156 0.061111
0 0.772266 0.935417 0.144531 0.126389
0 0.481250 0.564583 0.046875 0.081944
0 0.394141 0.250000 0.019531 0.033333
0 0.443359 0.492361 0.086719 0.065278
0 0.681250 0.545139 0.150000 0.095833
0 0.955859 0.944444 0.086719 0.108333
0 0.863281 0.705556 0.070312 0.130556
0 0.387500 0.343056 0.029687 0.052778
0 0.358594 0.542361 0.078125 0.098611
0 0.112109 0.435417 0.113281 0.062500
0 0.975781 0.747222 0.046875 0.125000
0 0.469922 0.653472 0.078906 0.126389
0 0.476172 0.745833 0.082031 0.147222
0 0.519922 0.822917 0.080469 0.198611
0 0.093750 0.804861 0.107813 0.148611
0 0.209375 0.805556 0.106250 0.144444
0 0.256250 0.338889 0.060937 0.127778
0 0.341797 0.688194 0.083594 0.101389
0 0.874219 0.862500 0.123438 0.186111
0 0.413672 0.193056 0.013281 0.025000
0 0.417969 0.349306 0.035937 0.054167
0 0.289453 0.527778 0.057031 0.088889
0 0.243750 0.695833 0.062500 0.141667
0 0.592187 0.372917 0.026562 0.070833
0 0.730469 0.488889 0.118750 0.072222
0 0.355859 0.397222 0.042969 0.058333
0 0.352344 0.899306 0.112500 0.193056
0 0.987500 0.832639 0.023438 0.126389
0 0.316797 0.486806 0.058594 0.154167
0 0.510938 0.345139 0.026562 0.045833
0 0.127734 0.549306 0.166406 0.256944
0 0.051953 0.973611 0.103906 0.050000
0 0.802344 0.419444 0.129688 0.075000
0 0.525391 0.482639 0.069531 0.056944
0 0.520312 0.560417 0.073438 0.095833
0 0.370703 0.289583 0.033594 0.073611
0 0.959766 0.502083 0.078906 0.095833
0 0.710156 0.321528 0.039062 0.043056
0 0.959766 0.502083 0.078906 0.095833
0 0.710156 0.321528 0.039062 0.043056
0 0.863281 0.705556 0.070312 0.130556
0 0.955859 0.944444 0.086719 0.108333
0 0.681250 0.545139 0.150000 0.095833
0 0.443359 0.492361 0.086719 0.065278
0 0.394141 0.250000 0.019531 0.033333
0 0.481250 0.564583 0.046875 0.081944
0 0.772266 0.935417 0.144531 0.126389
0 0.606641 0.311111 0.035156 0.061111
0 0.626563 0.348611 0.026562 0.030556
0 0.737500 0.375000 0.043750 0.038889
0 0.447656 0.893750 0.045312 0.145833
0 0.730078 0.354167 0.044531 0.050000
0 0.906250 0.461111 0.117188 0.080556
0 0.412500 0.253472 0.021875 0.048611
0 0.574219 0.284028 0.017188 0.056944
0 0.203125 0.931250 0.120313 0.134722
0 0.821484 0.459722 0.069531 0.077778
0 0.821484 0.459722 0.069531 0.077778
0 0.203125 0.931250 0.120313 0.134722
0 0.574219 0.284028 0.017188 0.056944
0 0.412500 0.253472 0.021875 0.048611
0 0.906250 0.461111 0.117188 0.080556
0 0.730078 0.354167 0.044531 0.050000
0 0.447656 0.893750 0.045312 0.145833
0 0.737500 0.375000 0.043750 0.038889
0 0.626563 0.348611 0.026562 0.030556
0 0.606641 0.311111 0.035156 0.061111
0 0.772266 0.935417 0.144531 0.126389
0 0.481250 0.564583 0.046875 0.081944
0 0.394141 0.250000 0.019531 0.033333
0 0.443359 0.492361 0.086719 0.065278
0 0.681250 0.545139 0.150000 0.095833
0 0.955859 0.944444 0.086719 0.108333
0 0.863281 0.705556 0.070312 0.130556
0 0.710156 0.321528 0.039062 0.043056
0 0.959766 0.502083 0.078906 0.095833
0 0.370703 0.289583 0.033594 0.073611
0 0.520312 0.560417 0.073438 0.095833
0 0.525391 0.482639 0.069531 0.056944
0 0.802344 0.419444 0.129688 0.075000
0 0.243750 0.695833 0.062500 0.141667
0 0.289453 0.527778 0.057031 0.088889
0 0.417969 0.349306 0.035937 0.054167
0 0.413672 0.193056 0.013281 0.025000
0 0.874219 0.862500 0.123438 0.186111
0 0.341797 0.688194 0.083594 0.101389
0 0.256250 0.338889 0.060937 0.127778
0 0.209375 0.805556 0.106250 0.144444
0 0.093750 0.804861 0.107813 0.148611
0 0.519922 0.822917 0.080469 0.198611
0 0.476172 0.745833 0.082031 0.147222
0 0.469922 0.653472 0.078906 0.126389
0 0.975781 0.747222 0.046875 0.125000
0 0.112109 0.435417 0.113281 0.062500
0 0.358594 0.542361 0.078125 0.098611
0 0.387500 0.343056 0.029687 0.052778
0 0.027344 0.876389 0.054688 0.158333
0 0.858594 0.531944 0.082812 0.105556
0 0.310547 0.291667 0.028906 0.038889
0 0.531641 0.434722 0.055469 0.044444
0 0.555469 0.505556 0.117188 0.047222
0 0.420703 0.288889 0.027344 0.052778
0 0.621094 0.394444 0.040625 0.066667
0 0.350391 0.253472 0.016406 0.040278
0 0.420312 0.561111 0.082812 0.102778
0 0.266797 0.586111 0.067969 0.097222
0 0.273047 0.424306 0.046094 0.073611
0 0.350391 0.253472 0.016406 0.040278
0 0.420312 0.561111 0.082812 0.102778
0 0.266797 0.586111 0.067969 0.097222
0 0.273047 0.424306 0.046094 0.073611
0 0.367969 0.628472 0.087500 0.156944
0 0.140234 0.691667 0.083594 0.130556
0 0.035156 0.745139 0.070312 0.109722
0 0.688672 0.378472 0.050781 0.043056
0 0.372266 0.931250 0.092969 0.134722
0 0.388281 0.315972 0.026562 0.018056
0 0.895312 0.583333 0.112500 0.158333
0 0.323437 0.251389 0.023438 0.044444
0 0.779297 0.361111 0.032031 0.044444
0 0.897266 0.409722 0.078906 0.030556
0 0.684375 0.421528 0.067187 0.118056
0 0.540234 0.361111 0.033594 0.041667
0 0.332031 0.781944 0.095312 0.161111
0 0.366797 0.241667 0.028906 0.038889
0 0.737109 0.361806 0.039844 0.051389
0 0.332031 0.781944 0.095312 0.161111
0 0.540234 0.361111 0.033594 0.041667
0 0.684375 0.421528 0.067187 0.118056
0 0.897266 0.409722 0.078906 0.030556
0 0.779297 0.361111 0.032031 0.044444
0 0.323437 0.251389 0.023438 0.044444
0 0.895312 0.583333 0.112500 0.158333
0 0.388281 0.315972 0.026562 0.018056
0 0.372266 0.931250 0.092969 0.134722
0 0.688672 0.378472 0.050781 0.043056
0 0.035156 0.745139 0.070312 0.109722
0 0.140234 0.691667 0.083594 0.130556
0 0.367969 0.628472 0.087500 0.156944
0 0.273047 0.424306 0.046094 0.073611
0 0.266797 0.586111 0.067969 0.097222
0 0.420312 0.561111 0.082812 0.102778
0 0.350391 0.253472 0.016406 0.040278
0 0.621094 0.394444 0.040625 0.066667
0 0.420703 0.288889 0.027344 0.052778
0 0.555469 0.505556 0.117188 0.047222
0 0.531641 0.434722 0.055469 0.044444
0 0.310547 0.291667 0.028906 0.038889
0 0.858594 0.531944 0.082812 0.105556
0 0.027344 0.876389 0.054688 0.158333
0 0.387500 0.343056 0.029687 0.052778
0 0.358594 0.542361 0.078125 0.098611
0 0.112109 0.435417 0.113281 0.062500
0 0.975781 0.747222 0.046875 0.125000
0 0.469922 0.653472 0.078906 0.126389
0 0.476172 0.745833 0.082031 0.147222
0 0.519922 0.822917 0.080469 0.198611
0 0.093750 0.804861 0.107813 0.148611
0 0.209375 0.805556 0.106250 0.144444
0 0.256250 0.338889 0.060937 0.127778
0 0.341797 0.688194 0.083594 0.101389
0 0.874219 0.862500 0.123438 0.186111
0 0.413672 0.193056 0.013281 0.025000
0 0.417969 0.349306 0.035937 0.054167
0 0.289453 0.527778 0.057031 0.088889
0 0.243750 0.695833 0.062500 0.141667
0 0.592187 0.372917 0.026562 0.070833
0 0.730469 0.488889 0.118750 0.072222
0 0.355859 0.397222 0.042969 0.058333
0 0.352344 0.899306 0.112500 0.193056
0 0.316797 0.486806 0.058594 0.154167
0 0.366797 0.241667 0.028906 0.038889
0 0.737109 0.361806 0.039844 0.051389
0 0.332031 0.781944 0.095312 0.161111
0 0.540234 0.361111 0.033594 0.041667
0 0.684375 0.421528 0.067187 0.118056
0 0.897266 0.409722 0.078906 0.030556
0 0.779297 0.361111 0.032031 0.044444
0 0.323437 0.251389 0.023438 0.044444
0 0.895312 0.583333 0.112500 0.158333
0 0.388281 0.315972 0.026562 0.018056
0 0.372266 0.931250 0.092969 0.134722
0 0.688672 0.378472 0.050781 0.043056
0 0.035156 0.745139 0.070312 0.109722
0 0.140234 0.691667 0.083594 0.130556
0 0.367969 0.628472 0.087500 0.156944
0 0.273047 0.424306 0.046094 0.073611
0 0.266797 0.586111 0.067969 0.097222
0 0.420312 0.561111 0.082812 0.102778
0 0.350391 0.253472 0.016406 0.040278
0 0.621094 0.394444 0.040625 0.066667
0 0.420703 0.288889 0.027344 0.052778
0 0.555469 0.505556 0.117188 0.047222
0 0.531641 0.434722 0.055469 0.044444
0 0.310547 0.291667 0.028906 0.038889
0 0.858594 0.531944 0.082812 0.105556
0 0.027344 0.876389 0.054688 0.158333
0 0.387500 0.343056 0.029687 0.052778
0 0.358594 0.542361 0.078125 0.098611
0 0.112109 0.435417 0.113281 0.062500
0 0.975781 0.747222 0.046875 0.125000
0 0.469922 0.653472 0.078906 0.126389
0 0.476172 0.745833 0.082031 0.147222
0 0.519922 0.822917 0.080469 0.198611
0 0.093750 0.804861 0.107813 0.148611
0 0.209375 0.805556 0.106250 0.144444
0 0.256250 0.338889 0.060937 0.127778
0 0.341797 0.688194 0.083594 0.101389
0 0.874219 0.862500 0.123438 0.186111
0 0.413672 0.193056 0.013281 0.025000
0 0.417969 0.349306 0.035937 0.054167
0 0.289453 0.527778 0.057031 0.088889
0 0.243750 0.695833 0.062500 0.141667
0 0.592187 0.372917 0.026562 0.070833
0 0.730469 0.488889 0.118750 0.072222
0 0.355859 0.397222 0.042969 0.058333
0 0.352344 0.899306 0.112500 0.193056
0 0.987500 0.832639 0.023438 0.126389
0 0.316797 0.486806 0.058594 0.154167
0 0.510938 0.345139 0.026562 0.045833
0 0.127734 0.549306 0.166406 0.256944
0 0.051953 0.973611 0.103906 0.050000
0 0.802344 0.419444 0.129688 0.075000
0 0.525391 0.482639 0.069531 0.056944
0 0.520312 0.560417 0.073438 0.095833
0 0.370703 0.289583 0.033594 0.073611
0 0.959766 0.502083 0.078906 0.095833
0 0.710156 0.321528 0.039062 0.043056
0 0.863281 0.705556 0.070312 0.130556
0 0.955859 0.944444 0.086719 0.108333
0 0.681250 0.545139 0.150000 0.095833
0 0.443359 0.492361 0.086719 0.065278
0 0.394141 0.250000 0.019531 0.033333
0 0.481250 0.564583 0.046875 0.081944
0 0.772266 0.935417 0.144531 0.126389
0 0.606641 0.311111 0.035156 0.061111
0 0.626563 0.348611 0.026562 0.030556
0 0.737500 0.375000 0.043750 0.038889
0 0.447656 0.893750 0.045312 0.145833
0 0.730078 0.354167 0.044531 0.050000
0 0.906250 0.461111 0.117188 0.080556
0 0.412500 0.253472 0.021875 0.048611
0 0.574219 0.284028 0.017188 0.056944
0 0.203125 0.931250 0.120313 0.134722
0 0.821484 0.459722 0.069531 0.077778
0 0.367969 0.628472 0.087500 0.156944
0 0.140234 0.691667 0.083594 0.130556
0 0.035156 0.745139 0.070312 0.109722
0 0.688672 0.378472 0.050781 0.043056
0 0.372266 0.931250 0.092969 0.134722
0 0.388281 0.315972 0.026562 0.018056
0 0.895312 0.583333 0.112500 0.158333
0 0.323437 0.251389 0.023438 0.044444
0 0.779297 0.361111 0.032031 0.044444
0 0.897266 0.409722 0.078906 0.030556
0 0.684375 0.421528 0.067187 0.118056
0 0.540234 0.361111 0.033594 0.041667
0 0.332031 0.781944 0.095312 0.161111
0 0.737109 0.361806 0.039844 0.051389
0 0.366797 0.241667 0.028906 0.038889
0 0.310547 0.291667 0.028906 0.038889
0 0.858594 0.531944 0.082812 0.105556
0 0.027344 0.876389 0.054688 0.158333
0 0.387500 0.343056 0.029687 0.052778
0 0.358594 0.542361 0.078125 0.098611
0 0.112109 0.435417 0.113281 0.062500
0 0.975781 0.747222 0.046875 0.125000
0 0.366797 0.241667 0.028906 0.038889
0 0.737109 0.361806 0.039844 0.051389
0 0.332031 0.781944 0.095312 0.161111
0 0.540234 0.361111 0.033594 0.041667
0 0.684375 0.421528 0.067187 0.118056
0 0.897266 0.409722 0.078906 0.030556
0 0.779297 0.361111 0.032031 0.044444
0 0.323437 0.251389 0.023438 0.044444
0 0.895312 0.583333 0.112500 0.158333
0 0.388281 0.315972 0.026562 0.018056
0 0.372266 0.931250 0.092969 0.134722
0 0.688672 0.378472 0.050781 0.043056
0 0.035156 0.745139 0.070312 0.109722
0 0.140234 0.691667 0.083594 0.130556
0 0.367969 0.628472 0.087500 0.156944
0 0.316797 0.486806 0.058594 0.154167
0 0.987500 0.832639 0.023438 0.126389
0 0.352344 0.899306 0.112500 0.193056
0 0.355859 0.397222 0.042969 0.058333
0 0.730469 0.488889 0.118750 0.072222
0 0.592187 0.372917 0.026562 0.070833
