0 0.587500 0.506250 0.037500 0.079167
0 0.285938 0.416667 0.012500 0.038889
0 0.021484 0.874306 0.042969 0.131944
0 0.317188 0.457639 0.032813 0.048611
0 0.041016 0.624306 0.050781 0.056944
0 0.431641 0.765278 0.064844 0.122222
0 0.231641 0.763194 0.077344 0.104167
0 0.457031 0.804861 0.092188 0.145833
0 0.094141 0.788194 0.060156 0.090278
0 0.397656 0.414583 0.025000 0.037500
0 0.213281 0.825000 0.085938 0.130556
0 0.251953 0.415278 0.060156 0.097222
0 0.312891 0.791667 0.082031 0.097222
0 0.368750 0.453472 0.035937 0.059722
0 0.747266 0.563889 0.086719 0.052778
0 0.032422 0.804167 0.064844 0.113889
0 0.586719 0.371528 0.032813 0.051389
0 0.585547 0.469444 0.035156 0.041667
0 0.148828 0.765278 0.072656 0.119444
0 0.614844 0.637500 0.096875 0.088889
0 0.355859 0.417361 0.027344 0.043056
0 0.865234 0.754861 0.107031 0.126389
0 0.680078 0.454861 0.038281 0.059722
0 0.438672 0.465278 0.103906 0.075000
0 0.122266 0.708333 0.085156 0.066667
0 0.050781 0.700000 0.101562 0.116667
0 0.005859 0.943056 0.011719 0.111111
0 0.742969 0.493750 0.037500 0.045833
0 0.805078 0.571528 0.055469 0.054167
0 0.574609 0.572917 0.060156 0.048611
0 0.953125 0.610417 0.092188 0.129167
0 0.630469 0.374306 0.042188 0.048611
0 0.376953 0.627778 0.055469 0.075000
0 0.454688 0.588889 0.087500 0.055556
0 0.332422 0.366667 0.033594 0.036111
0 0.292187 0.372917 0.025000 0.034722
0 0.439844 0.657639 0.100000 0.079167
0 0.591406 0.477083 0.026562 0.031944
0 0.451953 0.904861 0.075781 0.176389
0 0.573438 0.438889 0.034375 0.058333
0 0.541016 0.413889 0.016406 0.050000
0 0.097656 0.904167 0.103125 0.155556
0 0.660937 0.515278 0.042188 0.058333
0 0.685937 0.480556 0.039062 0.050000
0 0.226953 0.558333 0.111719 0.180556
0 0.145313 0.945833 0.110937 0.105556
0 0.769141 0.607639 0.113281 0.073611
0 0.544922 0.670139 0.089844 0.104167
0 0.360938 0.375000 0.023438 0.044444
0 0.796875 0.531944 0.093750 0.036111
0 0.429297 0.705556 0.069531 0.080556
0 0.387500 0.820833 0.031250 0.111111
0 0.141797 0.561111 0.086719 0.155556
0 0.626563 0.455556 0.029687 0.072222
0 0.303125 0.879861 0.092188 0.156944
0 0.640625 0.506250 0.045312 0.062500
0 0.504687 0.481944 0.037500 0.047222
0 0.927344 0.549306 0.134375 0.098611
0 0.287500 0.397917 0.017188 0.048611
0 0.723828 0.665278 0.152344 0.097222
0 0.507031 0.533333 0.039062 0.058333
0 0.836719 0.850694 0.092188 0.156944
0 0.703125 0.517361 0.043750 0.065278
0 0.321875 0.943750 0.107813 0.109722
0 0.262891 0.649306 0.061719 0.095833
0 0.321875 0.740278 0.082812 0.147222
0 0.364844 0.708333 0.057813 0.100000
0 0.853516 0.664583 0.071094 0.081944
0 0.587500 0.506250 0.037500 0.079167
0 0.376953 0.390278 0.022656 0.041667
0 0.285938 0.416667 0.012500 0.038889
0 0.021484 0.874306 0.042969 0.131944
0 0.317188 0.457639 0.032813 0.048611
0 0.041016 0.624306 0.050781 0.056944
0 0.431641 0.765278 0.064844 0.122222
0 0.231641 0.763194 0.077344 0.104167
0 0.457031 0.804861 0.092188 0.145833
0 0.094141 0.788194 0.060156 0.090278
0 0.397656 0.414583 0.025000 0.037500
0 0.213281 0.825000 0.085938 0.130556
0 0.251953 0.415278 0.060156 0.097222
0 0.312891 0.791667 0.082031 0.097222
0 0.368750 0.453472 0.035937 0.059722
0 0.747266 0.563889 0.086719 0.052778
0 0.032422 0.804167 0.064844 0.113889
0 0.586719 0.371528 0.032813 0.051389
0 0.585547 0.469444 0.035156 0.041667
0 0.148828 0.765278 0.072656 0.119444
0 0.614844 0.637500 0.096875 0.088889
0 0.355859 0.417361 0.027344 0.043056
0 0.865234 0.754861 0.107031 0.126389
0 0.680078 0.454861 0.038281 0.059722
0 0.438672 0.465278 0.103906 0.075000
0 0.122266 0.708333 0.085156 0.066667
0 0.050781 0.700000 0.101562 0.116667
0 0.005859 0.943056 0.011719 0.111111
0 0.742969 0.493750 0.037500 0.045833
0 0.805078 0.571528 0.055469 0.054167
0 0.574609 0.572917 0.060156 0.048611
0 0.953125 0.610417 0.092188 0.129167
0 0.630469 0.374306 0.042188 0.048611
0 0.376953 0.627778 0.055469 0.075000
0 0.454688 0.588889 0.087500 0.055556
0 0.332422 0.366667 0.033594 0.036111
0 0.292187 0.372917 0.025000 0.034722
0 0.439844 0.657639 0.100000 0.079167
0 0.591406 0.477083 0.026562 0.031944
0 0.451953 0.904861 0.075781 0.176389
0 0.573438 0.438889 0.034375 0.058333
0 0.541016 0.413889 0.016406 0.050000
0 0.097656 0.904167 0.103125 0.155556
0 0.660937 0.515278 0.042188 0.058333
0 0.685937 0.480556 0.039062 0.050000
0 0.226953 0.558333 0.111719 0.180556
0 0.145313 0.945833 0.110937 0.105556
0 0.769141 0.607639 0.113281 0.073611
0 0.544922 0.670139 0.089844 0.104167
0 0.360938 0.375000 0.023438 0.044444
0 0.360938 0.375000 0.023438 0.044444
0 0.544922 0.670139 0.089844 0.104167
0 0.769141 0.607639 0.113281 0.073611
0 0.145313 0.945833 0.110937 0.105556
0 0.226953 0.558333 0.111719 0.180556
0 0.685937 0.480556 0.039062 0.050000
0 0.660937 0.515278 0.042188 0.058333
0 0.097656 0.904167 0.103125 0.155556
0 0.541016 0.413889 0.016406 0.050000
0 0.573438 0.438889 0.034375 0.058333
0 0.451953 0.904861 0.075781 0.176389
0 0.591406 0.477083 0.026562 0.031944
0 0.439844 0.657639 0.100000 0.079167
0 0.292187 0.372917 0.025000 0.034722
0 0.332422 0.366667 0.033594 0.036111
0 0.454688 0.588889 0.087500 0.055556
0 0.376953 0.627778 0.055469 0.075000
0 0.630469 0.374306 0.042188 0.048611
0 0.953125 0.610417 0.092188 0.129167
0 0.574609 0.572917 0.060156 0.048611
0 0.805078 0.571528 0.055469 0.054167
0 0.742969 0.493750 0.037500 0.045833
0 0.005859 0.943056 0.011719 0.111111
0 0.050781 0.700000 0.101562 0.116667
0 0.122266 0.708333 0.085156 0.066667
0 0.438672 0.465278 0.103906 0.075000
0 0.680078 0.454861 0.038281 0.059722
0 0.865234 0.754861 0.107031 0.126389
0 0.355859 0.417361 0.027344 0.043056
0 0.614844 0.637500 0.096875 0.088889
0 0.148828 0.765278 0.072656 0.119444
0 0.585547 0.469444 0.035156 0.041667
0 0.586719 0.371528 0.032813 0.051389
0 0.032422 0.804167 0.064844 0.113889
0 0.747266 0.563889 0.086719 0.052778
0 0.368750 0.453472 0.035937 0.059722
0 0.312891 0.791667 0.082031 0.097222
0 0.251953 0.415278 0.060156 0.097222
0 0.213281 0.825000 0.085938 0.130556
0 0.397656 0.414583 0.025000 0.037500
0 0.094141 0.788194 0.060156 0.090278
0 0.457031 0.804861 0.092188 0.145833
0 0.231641 0.763194 0.077344 0.104167
0 0.431641 0.765278 0.064844 0.122222
0 0.041016 0.624306 0.050781 0.056944
0 0.317188 0.457639 0.032813 0.048611
0 0.021484 0.874306 0.042969 0.131944
0 0.285938 0.416667 0.012500 0.038889
0 0.376953 0.390278 0.022656 0.041667
0 0.587500 0.506250 0.037500 0.079167
0 0.853516 0.664583 0.071094 0.081944
0 0.364844 0.708333 0.057813 0.100000
0 0.321875 0.740278 0.082812 0.147222
0 0.262891 0.649306 0.061719 0.095833
0 0.321875 0.943750 0.107813 0.109722
0 0.703125 0.517361 0.043750 0.065278
0 0.836719 0.850694 0.092188 0.156944
0 0.507031 0.533333 0.039062 0.058333
0 0.723828 0.665278 0.152344 0.097222
0 0.287500 0.397917 0.017188 0.048611
0 0.927344 0.549306 0.134375 0.098611
0 0.504687 0.481944 0.037500 0.047222
0 0.640625 0.506250 0.045312 0.062500
0 0.303125 0.879861 0.092188 0.156944
0 0.626563 0.455556 0.029687 0.072222
0 0.141797 0.561111 0.086719 0.155556
0 0.387500 0.820833 0.031250 0.111111
0 0.429297 0.705556 0.069531 0.080556
0 0.796875 0.531944 0.093750 0.036111
0 0.796875 0.531944 0.093750 0.036111
0 0.429297 0.705556 0.069531 0.080556
0 0.387500 0.820833 0.031250 0.111111
0 0.141797 0.561111 0.086719 0.155556
0 0.626563 0.455556 0.029687 0.072222
0 0.303125 0.879861 0.092188 0.156944
0 0.640625 0.506250 0.045312 0.062500
0 0.504687 0.481944 0.037500 0.047222
0 0.927344 0.549306 0.134375 0.098611
0 0.287500 0.397917 0.017188 0.048611
0 0.723828 0.665278 0.152344 0.097222
0 0.507031 0.533333 0.039062 0.058333
0 0.836719 0.850694 0.092188 0.156944
0 0.703125 0.517361 0.043750 0.065278
0 0.321875 0.943750 0.107813 0.109722
0 0.262891 0.649306 0.061719 0.095833
0 0.321875 0.740278 0.082812 0.147222
0 0.364844 0.708333 0.057813 0.100000
0 0.853516 0.664583 0.071094 0.081944
0 0.587500 0.506250 0.037500 0.079167
0 0.376953 0.390278 0.022656 0.041667
0 0.285938 0.416667 0.012500 0.038889
0 0.021484 0.874306 0.042969 0.131944
0 0.317188 0.457639 0.032813 0.048611
0 0.041016 0.624306 0.050781 0.056944
0 0.431641 0.765278 0.064844 0.122222
0 0.231641 0.763194 0.077344 0.104167
0 0.457031 0.804861 0.092188 0.145833
0 0.094141 0.788194 0.060156 0.090278
0 0.397656 0.414583 0.025000 0.037500
0 0.213281 0.825000 0.085938 0.130556
0 0.251953 0.415278 0.060156 0.097222
0 0.312891 0.791667 0.082031 0.097222
0 0.368750 0.453472 0.035937 0.059722
0 0.747266 0.563889 0.086719 0.052778
0 0.032422 0.804167 0.064844 0.113889
0 0.586719 0.371528 0.032813 0.051389
0 0.585547 0.469444 0.035156 0.041667
0 0.148828 0.765278 0.072656 0.119444
0 0.614844 0.637500 0.096875 0.088889
0 0.355859 0.417361 0.027344 0.043056
0 0.865234 0.754861 0.107031 0.126389
0 0.680078 0.454861 0.038281 0.059722
0 0.438672 0.465278 0.103906 0.075000
0 0.122266 0.708333 0.085156 0.066667
0 0.050781 0.700000 0.101562 0.116667
0 0.005859 0.943056 0.011719 0.111111
0 0.742969 0.493750 0.037500 0.045833
0 0.805078 0.571528 0.055469 0.054167
0 0.574609 0.572917 0.060156 0.048611
0 0.953125 0.610417 0.092188 0.129167
0 0.630469 0.374306 0.042188 0.048611
0 0.376953 0.627778 0.055469 0.075000
0 0.454688 0.588889 0.087500 0.055556
0 0.332422 0.366667 0.033594 0.036111
0 0.292187 0.372917 0.025000 0.034722
0 0.439844 0.657639 0.100000 0.079167
0 0.591406 0.477083 0.026562 0.031944
0 0.451953 0.904861 0.075781 0.176389
0 0.573438 0.438889 0.034375 0.058333
0 0.541016 0.413889 0.016406 0.050000
0 0.097656 0.904167 0.103125 0.155556
0 0.660937 0.515278 0.042188 0.058333
0 0.685937 0.480556 0.039062 0.050000
0 0.226953 0.558333 0.111719 0.180556
0 0.145313 0.945833 0.110937 0.105556
0 0.769141 0.607639 0.113281 0.073611
0 0.544922 0.670139 0.089844 0.104167
0 0.360938 0.375000 0.023438 0.044444
0 0.360938 0.375000 0.023438 0.044444
0 0.544922 0.670139 0.089844 0.104167
0 0.769141 0.607639 0.113281 0.073611
0 0.145313 0.945833 0.110937 0.105556
0 0.226953 0.558333 0.111719 0.180556
0 0.685937 0.480556 0.039062 0.050000
0 0.660937 0.515278 0.042188 0.058333
0 0.097656 0.904167 0.103125 0.155556
0 0.541016 0.413889 0.016406 0.050000
0 0.573438 0.438889 0.034375 0.058333
0 0.451953 0.904861 0.075781 0.176389
0 0.591406 0.477083 0.026562 0.031944
0 0.439844 0.657639 0.100000 0.079167
0 0.292187 0.372917 0.025000 0.034722
0 0.332422 0.366667 0.033594 0.036111
0 0.454688 0.588889 0.087500 0.055556
0 0.376953 0.627778 0.055469 0.075000
0 0.630469 0.374306 0.042188 0.048611
0 0.953125 0.610417 0.092188 0.129167
0 0.574609 0.572917 0.060156 0.048611
0 0.805078 0.571528 0.055469 0.054167
0 0.742969 0.493750 0.037500 0.045833
0 0.005859 0.943056 0.011719 0.111111
0 0.050781 0.700000 0.101562 0.116667
0 0.122266 0.708333 0.085156 0.066667
0 0.438672 0.465278 0.103906 0.075000
0 0.680078 0.454861 0.038281 0.059722
0 0.865234 0.754861 0.107031 0.126389
0 0.355859 0.417361 0.027344 0.043056
0 0.614844 0.637500 0.096875 0.088889
0 0.148828 0.765278 0.072656 0.119444
0 0.585547 0.469444 0.035156 0.041667
0 0.586719 0.371528 0.032813 0.051389
0 0.032422 0.804167 0.064844 0.113889
0 0.747266 0.563889 0.086719 0.052778
0 0.368750 0.453472 0.035937 0.059722
0 0.312891 0.791667 0.082031 0.097222
0 0.251953 0.415278 0.060156 0.097222
0 0.213281 0.825000 0.085938 0.130556
0 0.397656 0.414583 0.025000 0.037500
0 0.094141 0.788194 0.060156 0.090278
0 0.457031 0.804861 0.092188 0.145833
0 0.231641 0.763194 0.077344 0.104167
0 0.431641 0.765278 0.064844 0.122222
0 0.041016 0.624306 0.050781 0.056944
0 0.317188 0.457639 0.032813 0.048611
0 0.021484 0.874306 0.042969 0.131944
0 0.285938 0.416667 0.012500 0.038889
0 0.376953 0.390278 0.022656 0.041667
0 0.587500 0.506250 0.037500 0.079167
0 0.853516 0.664583 0.071094 0.081944
0 0.364844 0.708333 0.057813 0.100000
0 0.321875 0.740278 0.082812 0.147222
0 0.262891 0.649306 0.061719 0.095833
0 0.321875 0.943750 0.107813 0.109722
0 0.703125 0.517361 0.043750 0.065278
0 0.836719 0.850694 0.092188 0.156944
0 0.507031 0.533333 0.039062 0.058333
0 0.723828 0.665278 0.152344 0.097222
0 0.287500 0.397917 0.017188 0.048611
0 0.927344 0.549306 0.134375 0.098611
0 0.504687 0.481944 0.037500 0.047222
0 0.640625 0.506250 0.045312 0.062500
0 0.303125 0.879861 0.092188 0.156944
0 0.626563 0.455556 0.029687 0.072222
0 0.141797 0.561111 0.086719 0.155556
0 0.387500 0.820833 0.031250 0.111111
0 0.429297 0.705556 0.069531 0.080556
0 0.796875 0.531944 0.093750 0.036111
0 0.796875 0.531944 0.093750 0.036111
0 0.429297 0.705556 0.069531 0.080556
0 0.387500 0.820833 0.031250 0.111111
0 0.141797 0.561111 0.086719 0.155556
0 0.626563 0.455556 0.029687 0.072222
0 0.303125 0.879861 0.092188 0.156944
0 0.640625 0.506250 0.045312 0.062500
0 0.504687 0.481944 0.037500 0.047222
0 0.927344 0.549306 0.134375 0.098611
0 0.287500 0.397917 0.017188 0.048611
0 0.723828 0.665278 0.152344 0.097222
0 0.507031 0.533333 0.039062 0.058333
0 0.836719 0.850694 0.092188 0.156944
0 0.703125 0.517361 0.043750 0.065278
0 0.321875 0.943750 0.107813 0.109722
0 0.262891 0.649306 0.061719 0.095833
0 0.321875 0.740278 0.082812 0.147222
0 0.364844 0.708333 0.057813 0.100000
0 0.853516 0.664583 0.071094 0.081944
0 0.587500 0.506250 0.037500 0.079167
0 0.376953 0.390278 0.022656 0.041667
0 0.285938 0.416667 0.012500 0.038889
0 0.021484 0.874306 0.042969 0.131944
0 0.317188 0.457639 0.032813 0.048611
0 0.041016 0.624306 0.050781 0.056944
0 0.431641 0.765278 0.064844 0.122222
0 0.231641 0.763194 0.077344 0.104167
0 0.457031 0.804861 0.092188 0.145833
0 0.094141 0.788194 0.060156 0.090278
0 0.397656 0.414583 0.025000 0.037500
0 0.213281 0.825000 0.085938 0.130556
0 0.251953 0.415278 0.060156 0.097222
0 0.312891 0.791667 0.082031 0.097222
0 0.368750 0.453472 0.035937 0.059722
0 0.747266 0.563889 0.086719 0.052778
0 0.032422 0.804167 0.064844 0.113889
0 0.586719 0.371528 0.032813 0.051389
0 0.585547 0.469444 0.035156 0.041667
0 0.148828 0.765278 0.072656 0.119444
0 0.614844 0.637500 0.096875 0.088889
0 0.355859 0.417361 0.027344 0.043056
0 0.865234 0.754861 0.107031 0.126389
0 0.680078 0.454861 0.038281 0.059722
0 0.438672 0.465278 0.103906 0.075000
0 0.122266 0.708333 0.085156 0.066667
0 0.050781 0.700000 0.101562 0.116667
0 0.005859 0.943056 0.011719 0.111111
0 0.742969 0.493750 0.037500 0.045833
0 0.805078 0.571528 0.055469 0.054167
0 0.574609 0.572917 0.060156 0.048611
0 0.953125 0.610417 0.092188 0.129167
0 0.630469 0.374306 0.042188 0.048611
0 0.376953 0.627778 0.055469 0.075000
0 0.454688 0.588889 0.087500 0.055556
0 0.332422 0.366667 0.033594 0.036111
0 0.292187 0.372917 0.025000 0.034722
0 0.439844 0.657639 0.100000 0.079167
0 0.591406 0.477083 0.026562 0.031944
0 0.451953 0.904861 0.075781 0.176389
0 0.573438 0.438889 0.034375 0.058333
0 0.541016 0.413889 0.016406 0.050000
0 0.097656 0.904167 0.103125 0.155556
0 0.660937 0.515278 0.042188 0.058333
0 0.685937 0.480556 0.039062 0.050000
0 0.226953 0.558333 0.111719 0.180556
0 0.145313 0.945833 0.110937 0.105556
0 0.769141 0.607639 0.113281 0.073611
0 0.544922 0.670139 0.089844 0.104167
0 0.360938 0.375000 0.023438 0.044444
0 0.360938 0.375000 0.023438 0.044444
0 0.544922 0.670139 0.089844 0.104167
0 0.769141 0.607639 0.113281 0.073611
0 0.145313 0.945833 0.110937 0.105556
0 0.226953 0.558333 0.111719 0.180556
0 0.685937 0.480556 0.039062 0.050000
0 0.660937 0.515278 0.042188 0.058333
0 0.097656 0.904167 0.103125 0.155556
0 0.541016 0.413889 0.016406 0.050000
0 0.573438 0.438889 0.034375 0.058333
0 0.451953 0.904861 0.075781 0.176389
0 0.591406 0.477083 0.026562 0.031944
0 0.439844 0.657639 0.100000 0.079167
0 0.292187 0.372917 0.025000 0.034722
0 0.332422 0.366667 0.033594 0.036111
0 0.454688 0.588889 0.087500 0.055556
0 0.376953 0.627778 0.055469 0.075000
0 0.630469 0.374306 0.042188 0.048611
0 0.953125 0.610417 0.092188 0.129167
0 0.574609 0.572917 0.060156 0.048611
0 0.805078 0.571528 0.055469 0.054167
0 0.742969 0.493750 0.037500 0.045833
0 0.005859 0.943056 0.011719 0.111111
0 0.050781 0.700000 0.101562 0.116667
0 0.122266 0.708333 0.085156 0.066667
0 0.438672 0.465278 0.103906 0.075000
0 0.680078 0.454861 0.038281 0.059722
0 0.865234 0.754861 0.107031 0.126389
0 0.355859 0.417361 0.027344 0.043056
0 0.614844 0.637500 0.096875 0.088889
0 0.148828 0.765278 0.072656 0.119444
0 0.585547 0.469444 0.035156 0.041667
0 0.586719 0.371528 0.032813 0.051389
0 0.032422 0.804167 0.064844 0.113889
0 0.747266 0.563889 0.086719 0.052778
0 0.368750 0.453472 0.035937 0.059722
0 0.312891 0.791667 0.082031 0.097222
0 0.251953 0.415278 0.060156 0.097222
0 0.213281 0.825000 0.085938 0.130556
0 0.397656 0.414583 0.025000 0.037500
0 0.094141 0.788194 0.060156 0.090278
0 0.457031 0.804861 0.092188 0.145833
0 0.231641 0.763194 0.077344 0.104167
0 0.431641 0.765278 0.064844 0.122222
0 0.041016 0.624306 0.050781 0.056944
0 0.317188 0.457639 0.032813 0.048611
0 0.021484 0.874306 0.042969 0.131944
0 0.285938 0.416667 0.012500 0.038889
0 0.376953 0.390278 0.022656 0.041667
0 0.587500 0.506250 0.037500 0.079167
0 0.853516 0.664583 0.071094 0.081944
0 0.364844 0.708333 0.057813 0.100000
0 0.321875 0.740278 0.082812 0.147222
0 0.262891 0.649306 0.061719 0.095833
0 0.321875 0.943750 0.107813 0.109722
0 0.703125 0.517361 0.043750 0.065278
0 0.836719 0.850694 0.092188 0.156944
0 0.507031 0.533333 0.039062 0.058333
0 0.723828 0.665278 0.152344 0.097222
0 0.287500 0.397917 0.017188 0.048611
0 0.927344 0.549306 0.134375 0.098611
0 0.504687 0.481944 0.037500 0.047222
0 0.640625 0.506250 0.045312 0.062500
0 0.303125 0.879861 0.092188 0.156944
0 0.626563 0.455556 0.029687 0.072222
0 0.141797 0.561111 0.086719 0.155556
0 0.387500 0.820833 0.031250 0.111111
0 0.429297 0.705556 0.069531 0.080556
0 0.796875 0.531944 0.093750 0.036111
0 0.796875 0.531944 0.093750 0.036111
0 0.429297 0.705556 0.069531 0.080556
0 0.387500 0.820833 0.031250 0.111111
0 0.141797 0.561111 0.086719 0.155556
0 0.626563 0.455556 0.029687 0.072222
0 0.303125 0.879861 0.092188 0.156944
0 0.640625 0.506250 0.045312 0.062500
0 0.504687 0.481944 0.037500 0.047222
0 0.927344 0.549306 0.134375 0.098611
0 0.287500 0.397917 0.017188 0.048611
0 0.723828 0.665278 0.152344 0.097222
0 0.507031 0.533333 0.039062 0.058333
0 0.836719 0.850694 0.092188 0.156944
0 0.703125 0.517361 0.043750 0.065278
0 0.321875 0.943750 0.107813 0.109722
0 0.262891 0.649306 0.061719 0.095833
0 0.321875 0.740278 0.082812 0.147222
0 0.364844 0.708333 0.057813 0.100000
0 0.853516 0.664583 0.071094 0.081944
0 0.376953 0.390278 0.022656 0.041667
