0 0.310156 0.238889 0.020313 0.033333
0 0.768750 0.104167 0.021875 0.013889
0 0.353906 0.062500 0.020313 0.013889
0 0.474219 0.086111 0.023438 0.016667
0 0.474219 0.086111 0.023438 0.016667
0 0.353906 0.062500 0.020313 0.013889
0 0.768750 0.104167 0.021875 0.013889
0 0.310156 0.238889 0.020313 0.033333
0 0.215625 0.431944 0.056250 0.047222
0 0.357812 0.072222 0.021875 0.016667
0 0.396094 0.069444 0.023438 0.016667
0 0.310156 0.055556 0.020313 0.016667
0 0.731250 0.168056 0.025000 0.013889
0 0.478906 0.048611 0.020313 0.013889
0 0.326562 0.286111 0.021875 0.033333
0 0.281250 0.180556 0.015625 0.027778
0 0.838281 0.136111 0.020313 0.038889
0 0.328125 0.054167 0.018750 0.013889
0 0.410938 0.363889 0.025000 0.038889
0 0.430469 0.079167 0.023438 0.013889
0 0.656250 0.133333 0.028125 0.016667
0 0.300000 0.216667 0.015625 0.027778
0 0.778125 0.165278 0.028125 0.019444
0 0.778125 0.165278 0.028125 0.019444
0 0.300000 0.216667 0.015625 0.027778
0 0.656250 0.133333 0.028125 0.016667
0 0.430469 0.079167 0.023438 0.013889
0 0.410938 0.363889 0.025000 0.038889
0 0.328125 0.054167 0.018750 0.013889
0 0.838281 0.136111 0.020313 0.038889
0 0.281250 0.180556 0.015625 0.027778
0 0.326562 0.286111 0.021875 0.033333
0 0.478906 0.048611 0.020313 0.013889
0 0.731250 0.168056 0.025000 0.013889
0 0.310156 0.055556 0.020313 0.016667
0 0.396094 0.069444 0.023438 0.016667
0 0.357812 0.072222 0.021875 0.016667
0 0.215625 0.431944 0.056250 0.047222
0 0.310156 0.238889 0.020313 0.033333
0 0.768750 0.104167 0.021875 0.013889
0 0.353906 0.062500 0.020313 0.013889
0 0.474219 0.086111 0.023438 0.016667
0 0.474219 0.086111 0.023438 0.016667
0 0.353906 0.062500 0.020313 0.013889
0 0.768750 0.104167 0.021875 0.013889
0 0.310156 0.238889 0.020313 0.033333
0 0.215625 0.431944 0.056250 0.047222
0 0.357812 0.072222 0.021875 0.016667
0 0.396094 0.069444 0.023438 0.016667
0 0.310156 0.055556 0.020313 0.016667
0 0.731250 0.168056 0.025000 0.013889
0 0.478906 0.048611 0.020313 0.013889
0 0.326562 0.286111 0.021875 0.033333
0 0.281250 0.180556 0.015625 0.027778
0 0.838281 0.136111 0.020313 0.038889
0 0.328125 0.054167 0.018750 0.013889
0 0.410938 0.363889 0.025000 0.038889
0 0.430469 0.079167 0.023438 0.013889
0 0.656250 0.133333 0.028125 0.016667
0 0.300000 0.216667 0.015625 0.027778
0 0.778125 0.165278 0.028125 0.019444
0 0.778125 0.165278 0.028125 0.019444
0 0.300000 0.216667 0.015625 0.027778
0 0.656250 0.133333 0.028125 0.016667
0 0.430469 0.079167 0.023438 0.013889
0 0.410938 0.363889 0.025000 0.038889
0 0.328125 0.054167 0.018750 0.013889
0 0.838281 0.136111 0.020313 0.038889
0 0.281250 0.180556 0.015625 0.027778
0 0.326562 0.286111 0.021875 0.033333
0 0.478906 0.048611 0.020313 0.013889
0 0.731250 0.168056 0.025000 0.013889
0 0.310156 0.055556 0.020313 0.016667
0 0.396094 0.069444 0.023438 0.016667
0 0.357812 0.072222 0.021875 0.016667
0 0.215625 0.431944 0.056250 0.047222
0 0.310156 0.238889 0.020313 0.033333
0 0.768750 0.104167 0.021875 0.013889
0 0.353906 0.062500 0.020313 0.013889
0 0.474219 0.086111 0.023438 0.016667
0 0.778125 0.165278 0.028125 0.019444
0 0.300000 0.216667 0.015625 0.027778
0 0.656250 0.133333 0.028125 0.016667
0 0.430469 0.079167 0.023438 0.013889
0 0.410938 0.363889 0.025000 0.038889
0 0.328125 0.054167 0.018750 0.013889
0 0.838281 0.136111 0.020313 0.038889
0 0.281250 0.180556 0.015625 0.027778
0 0.326562 0.286111 0.021875 0.033333
0 0.478906 0.048611 0.020313 0.013889
0 0.731250 0.168056 0.025000 0.013889
0 0.310156 0.055556 0.020313 0.016667
0 0.396094 0.069444 0.023438 0.016667
0 0.357812 0.072222 0.021875 0.016667
0 0.215625 0.431944 0.056250 0.047222
0 0.310156 0.238889 0.020313 0.033333
0 0.768750 0.104167 0.021875 0.013889
0 0.353906 0.062500 0.020313 0.013889
0 0.474219 0.086111 0.023438 0.016667
0 0.778125 0.165278 0.028125 0.019444
0 0.300000 0.216667 0.015625 0.027778
0 0.656250 0.133333 0.028125 0.016667
0 0.430469 0.079167 0.023438 0.013889
0 0.410938 0.363889 0.025000 0.038889
0 0.328125 0.054167 0.018750 0.013889
0 0.838281 0.136111 0.020313 0.038889
0 0.281250 0.180556 0.015625 0.027778
0 0.326562 0.286111 0.021875 0.033333
0 0.478906 0.048611 0.020313 0.013889
0 0.731250 0.168056 0.025000 0.013889
0 0.310156 0.055556 0.020313 0.016667
0 0.396094 0.069444 0.023438 0.016667
0 0.357812 0.072222 0.021875 0.016667
0 0.215625 0.431944 0.056250 0.047222
0 0.310156 0.238889 0.020313 0.033333
0 0.768750 0.104167 0.021875 0.013889
0 0.353906 0.062500 0.020313 0.013889
0 0.474219 0.086111 0.023438 0.016667
0 0.778125 0.165278 0.028125 0.019444
0 0.300000 0.216667 0.015625 0.027778
0 0.656250 0.133333 0.028125 0.016667
0 0.430469 0.079167 0.023438 0.013889
0 0.410938 0.363889 0.025000 0.038889
0 0.328125 0.054167 0.018750 0.013889
0 0.838281 0.136111 0.020313 0.038889
0 0.281250 0.180556 0.015625 0.027778
0 0.326562 0.286111 0.021875 0.033333
0 0.478906 0.048611 0.020313 0.013889
0 0.731250 0.168056 0.025000 0.013889
0 0.310156 0.055556 0.020313 0.016667
0 0.396094 0.069444 0.023438 0.016667
0 0.357812 0.072222 0.021875 0.016667
0 0.215625 0.431944 0.056250 0.047222
