0 0.414453 0.181250 0.028906 0.051389
0 0.475391 0.367361 0.052344 0.095833
0 0.491016 0.559722 0.069531 0.177778
0 0.365234 0.053472 0.019531 0.037500
0 0.389062 0.122917 0.026562 0.043056
0 0.342187 0.169444 0.048438 0.125000
0 0.432812 0.229167 0.037500 0.061111
0 0.322266 0.499306 0.064844 0.134722
0 0.451562 0.289583 0.045312 0.076389
0 0.342969 0.023611 0.014063 0.025000
0 0.239844 0.156944 0.029687 0.055556
0 0.239844 0.156944 0.029687 0.055556
0 0.342969 0.023611 0.014063 0.025000
0 0.322266 0.499306 0.064844 0.134722
0 0.432812 0.229167 0.037500 0.061111
0 0.314844 0.004861 0.010937 0.009722
0 0.328516 0.090972 0.022656 0.031944
0 0.072656 0.824306 0.145313 0.268056
0 0.353125 0.039583 0.015625 0.026389
0 0.414453 0.181250 0.028906 0.051389
0 0.414453 0.181250 0.028906 0.051389
0 0.353125 0.039583 0.015625 0.026389
0 0.072656 0.824306 0.145313 0.268056
0 0.328516 0.090972 0.022656 0.031944
0 0.451562 0.289583 0.045312 0.076389
0 0.475391 0.367361 0.052344 0.095833
0 0.491016 0.559722 0.069531 0.177778
0 0.365234 0.053472 0.019531 0.037500
0 0.389062 0.122917 0.026562 0.043056
0 0.342187 0.169444 0.048438 0.125000
0 0.342187 0.169444 0.048438 0.125000
0 0.389062 0.122917 0.026562 0.043056
0 0.365234 0.053472 0.019531 0.037500
0 0.491016 0.559722 0.069531 0.177778
0 0.389062 0.122917 0.026562 0.043056
0 0.342187 0.169444 0.048438 0.125000
0 0.342187 0.169444 0.048438 0.125000
0 0.389062 0.122917 0.026562 0.043056
0 0.365234 0.053472 0.019531 0.037500
0 0.491016 0.559722 0.069531 0.177778
0 0.475391 0.367361 0.052344 0.095833
0 0.451562 0.289583 0.045312 0.076389
0 0.353125 0.039583 0.015625 0.026389
0 0.414453 0.181250 0.028906 0.051389
0 0.451562 0.289583 0.045312 0.076389
0 0.475391 0.367361 0.052344 0.095833
0 0.475391 0.367361 0.052344 0.095833
0 0.314844 0.004861 0.010937 0.009722
0 0.072656 0.824306 0.145313 0.268056
0 0.328516 0.090972 0.022656 0.031944
0 0.314844 0.004861 0.010937 0.009722
0 0.432812 0.229167 0.037500 0.061111
0 0.322266 0.499306 0.064844 0.134722
0 0.342969 0.023611 0.014063 0.025000
0 0.239844 0.156944 0.029687 0.055556
0 0.239844 0.156944 0.029687 0.055556
0 0.342969 0.023611 0.014063 0.025000
0 0.322266 0.499306 0.064844 0.134722
0 0.432812 0.229167 0.037500 0.061111
0 0.314844 0.004861 0.010937 0.009722
0 0.328516 0.090972 0.022656 0.031944
0 0.072656 0.824306 0.145313 0.268056
0 0.353125 0.039583 0.015625 0.026389
0 0.414453 0.181250 0.028906 0.051389
0 0.491016 0.559722 0.069531 0.177778
0 0.365234 0.053472 0.019531 0.037500
0 0.342187 0.169444 0.048438 0.125000
0 0.389062 0.122917 0.026562 0.043056
0 0.365234 0.053472 0.019531 0.037500
0 0.491016 0.559722 0.069531 0.177778
0 0.475391 0.367361 0.052344 0.095833
0 0.451562 0.289583 0.045312 0.076389
0 0.342187 0.169444 0.048438 0.125000
0 0.389062 0.122917 0.026562 0.043056
0 0.365234 0.053472 0.019531 0.037500
0 0.491016 0.559722 0.069531 0.177778
0 0.475391 0.367361 0.052344 0.095833
0 0.451562 0.289583 0.045312 0.076389
0 0.414453 0.181250 0.028906 0.051389
0 0.353125 0.039583 0.015625 0.026389
0 0.072656 0.824306 0.145313 0.268056
0 0.328516 0.090972 0.022656 0.031944
0 0.314844 0.004861 0.010937 0.009722
0 0.432812 0.229167 0.037500 0.061111
0 0.322266 0.499306 0.064844 0.134722
0 0.342969 0.023611 0.014063 0.025000
0 0.239844 0.156944 0.029687 0.055556
0 0.414453 0.181250 0.028906 0.051389
0 0.353125 0.039583 0.015625 0.026389
0 0.072656 0.824306 0.145313 0.268056
0 0.328516 0.090972 0.022656 0.031944
0 0.314844 0.004861 0.010937 0.009722
0 0.432812 0.229167 0.037500 0.061111
0 0.322266 0.499306 0.064844 0.134722
0 0.342969 0.023611 0.014063 0.025000
0 0.239844 0.156944 0.029687 0.055556
0 0.239844 0.156944 0.029687 0.055556
0 0.342969 0.023611 0.014063 0.025000
0 0.322266 0.499306 0.064844 0.134722
0 0.432812 0.229167 0.037500 0.061111
0 0.314844 0.004861 0.010937 0.009722
0 0.328516 0.090972 0.022656 0.031944
0 0.072656 0.824306 0.145313 0.268056
0 0.353125 0.039583 0.015625 0.026389
0 0.451562 0.289583 0.045312 0.076389
