0 0.482292 0.474306 0.081250 0.037500
0 0.343750 0.398611 0.018750 0.019444
0 0.604167 0.408333 0.012500 0.013889
0 0.459896 0.412500 0.021875 0.019444
0 0.673438 0.490972 0.021875 0.023611
0 0.624479 0.485417 0.023958 0.020833
0 0.493229 0.592361 0.042708 0.031944
0 0.622917 0.395139 0.016667 0.015278
0 0.622917 0.395139 0.016667 0.015278
0 0.493229 0.592361 0.042708 0.031944
0 0.624479 0.485417 0.023958 0.020833
0 0.673438 0.490972 0.021875 0.023611
0 0.459896 0.412500 0.021875 0.019444
0 0.604167 0.408333 0.012500 0.013889
0 0.343750 0.398611 0.018750 0.019444
0 0.482292 0.474306 0.081250 0.037500
0 0.442708 0.581250 0.043750 0.040278
0 0.562500 0.579861 0.108333 0.093056
0 0.694271 0.472917 0.019792 0.020833
0 0.656250 0.384028 0.014583 0.015278
0 0.581250 0.420139 0.010417 0.015278
0 0.620313 0.402083 0.013542 0.012500
0 0.773438 0.347917 0.009375 0.009722
0 0.622917 0.395139 0.016667 0.015278
0 0.493229 0.592361 0.042708 0.031944
0 0.624479 0.485417 0.023958 0.020833
0 0.673438 0.490972 0.021875 0.023611
0 0.459896 0.412500 0.021875 0.019444
0 0.604167 0.408333 0.012500 0.013889
0 0.343750 0.398611 0.018750 0.019444
0 0.482292 0.474306 0.081250 0.037500
0 0.442708 0.581250 0.043750 0.040278
0 0.562500 0.579861 0.108333 0.093056
0 0.694271 0.472917 0.019792 0.020833
0 0.656250 0.384028 0.014583 0.015278
0 0.581250 0.420139 0.010417 0.015278
0 0.620313 0.402083 0.013542 0.012500
0 0.773438 0.347917 0.009375 0.009722
0 0.622917 0.395139 0.016667 0.015278
0 0.493229 0.592361 0.042708 0.031944
0 0.624479 0.485417 0.023958 0.020833
0 0.673438 0.490972 0.021875 0.023611
0 0.773438 0.347917 0.009375 0.009722
0 0.620313 0.402083 0.013542 0.012500
0 0.581250 0.420139 0.010417 0.015278
0 0.656250 0.384028 0.014583 0.015278
0 0.694271 0.472917 0.019792 0.020833
0 0.562500 0.579861 0.108333 0.093056
0 0.442708 0.581250 0.043750 0.040278
0 0.482292 0.474306 0.081250 0.037500
0 0.343750 0.398611 0.018750 0.019444
0 0.604167 0.408333 0.012500 0.013889
0 0.459896 0.412500 0.021875 0.019444
0 0.673438 0.490972 0.021875 0.023611
0 0.773438 0.347917 0.009375 0.009722
0 0.624479 0.485417 0.023958 0.020833
0 0.493229 0.592361 0.042708 0.031944
0 0.622917 0.395139 0.016667 0.015278
0 0.459896 0.412500 0.021875 0.019444
0 0.604167 0.408333 0.012500 0.013889
0 0.343750 0.398611 0.018750 0.019444
0 0.482292 0.474306 0.081250 0.037500
0 0.442708 0.581250 0.043750 0.040278
0 0.562500 0.579861 0.108333 0.093056
0 0.694271 0.472917 0.019792 0.020833
0 0.656250 0.384028 0.014583 0.015278
0 0.581250 0.420139 0.010417 0.015278
0 0.620313 0.402083 0.013542 0.012500
0 0.773438 0.347917 0.009375 0.009722
0 0.773438 0.347917 0.009375 0.009722
0 0.620313 0.402083 0.013542 0.012500
0 0.581250 0.420139 0.010417 0.015278
0 0.656250 0.384028 0.014583 0.015278
0 0.694271 0.472917 0.019792 0.020833
0 0.562500 0.579861 0.108333 0.093056
0 0.442708 0.581250 0.043750 0.040278
0 0.482292 0.474306 0.081250 0.037500
0 0.343750 0.398611 0.018750 0.019444
0 0.604167 0.408333 0.012500 0.013889
0 0.459896 0.412500 0.021875 0.019444
0 0.673438 0.490972 0.021875 0.023611
0 0.624479 0.485417 0.023958 0.020833
0 0.493229 0.592361 0.042708 0.031944
0 0.622917 0.395139 0.016667 0.015278
0 0.622917 0.395139 0.016667 0.015278
0 0.493229 0.592361 0.042708 0.031944
0 0.624479 0.485417 0.023958 0.020833
0 0.673438 0.490972 0.021875 0.023611
0 0.459896 0.412500 0.021875 0.019444
0 0.604167 0.408333 0.012500 0.013889
0 0.343750 0.398611 0.018750 0.019444
0 0.482292 0.474306 0.081250 0.037500
0 0.442708 0.581250 0.043750 0.040278
0 0.562500 0.579861 0.108333 0.093056
0 0.694271 0.472917 0.019792 0.020833
0 0.656250 0.384028 0.014583 0.015278
0 0.581250 0.420139 0.010417 0.015278
0 0.620313 0.402083 0.013542 0.012500
0 0.773438 0.347917 0.009375 0.009722
0 0.620313 0.402083 0.013542 0.012500
0 0.581250 0.420139 0.010417 0.015278
0 0.656250 0.384028 0.014583 0.015278
0 0.694271 0.472917 0.019792 0.020833
0 0.562500 0.579861 0.108333 0.093056
0 0.442708 0.581250 0.043750 0.040278
