0 0.340234 0.009028 0.013281 0.018056
0 0.361719 0.051389 0.018750 0.027778
0 0.330469 0.071528 0.020313 0.040278
0 0.325391 0.048611 0.016406 0.030556
0 0.291797 0.028472 0.014844 0.023611
0 0.225000 0.743056 0.121875 0.247222
0 0.239844 0.156944 0.029687 0.055556
0 0.316797 0.007639 0.013281 0.015278
0 0.340234 0.009028 0.013281 0.018056
0 0.361719 0.051389 0.018750 0.027778
0 0.330469 0.071528 0.020313 0.040278
0 0.325391 0.048611 0.016406 0.030556
0 0.291797 0.028472 0.014844 0.023611
0 0.225000 0.743056 0.121875 0.247222
0 0.239844 0.156944 0.029687 0.055556
0 0.316797 0.007639 0.013281 0.015278
0 0.340234 0.009028 0.013281 0.018056
0 0.361719 0.051389 0.018750 0.027778
0 0.361719 0.051389 0.018750 0.027778
0 0.340234 0.009028 0.013281 0.018056
0 0.316797 0.007639 0.013281 0.015278
0 0.361719 0.051389 0.018750 0.027778
0 0.340234 0.009028 0.013281 0.018056
0 0.316797 0.007639 0.013281 0.015278
0 0.239844 0.156944 0.029687 0.055556
0 0.225000 0.743056 0.121875 0.247222
0 0.291797 0.028472 0.014844 0.023611
0 0.325391 0.048611 0.016406 0.030556
0 0.330469 0.071528 0.020313 0.040278
0 0.361719 0.051389 0.018750 0.027778
0 0.340234 0.009028 0.013281 0.018056
0 0.316797 0.007639 0.013281 0.015278
0 0.239844 0.156944 0.029687 0.055556
0 0.225000 0.743056 0.121875 0.247222
0 0.291797 0.028472 0.014844 0.023611
0 0.325391 0.048611 0.016406 0.030556
0 0.330469 0.071528 0.020313 0.040278
0 0.330469 0.071528 0.020313 0.040278
0 0.361719 0.051389 0.018750 0.027778
0 0.340234 0.009028 0.013281 0.018056
0 0.316797 0.007639 0.013281 0.015278
0 0.239844 0.156944 0.029687 0.055556
0 0.225000 0.743056 0.121875 0.247222
0 0.291797 0.028472 0.014844 0.023611
0 0.325391 0.048611 0.016406 0.030556
0 0.330469 0.071528 0.020313 0.040278
0 0.330469 0.071528 0.020313 0.040278
0 0.325391 0.048611 0.016406 0.030556
0 0.291797 0.028472 0.014844 0.023611
0 0.225000 0.743056 0.121875 0.247222
0 0.239844 0.156944 0.029687 0.055556
0 0.325391 0.048611 0.016406 0.030556
0 0.291797 0.028472 0.014844 0.023611
0 0.225000 0.743056 0.121875 0.247222
0 0.239844 0.156944 0.029687 0.055556
0 0.316797 0.007639 0.013281 0.015278
