0 0.602604 0.409722 0.013542 0.013889
0 0.343750 0.398611 0.016667 0.019444
0 0.657292 0.384028 0.014583 0.015278
0 0.618750 0.401389 0.012500 0.013889
0 0.911458 0.854861 0.070833 0.068056
0 0.684896 0.734722 0.061458 0.052778
0 0.385937 0.463194 0.030208 0.026389
0 0.602604 0.409722 0.013542 0.013889
0 0.460417 0.411806 0.020833 0.018056
0 0.813021 0.802083 0.067708 0.054167
0 0.623958 0.395139 0.014583 0.015278
0 0.337500 0.565278 0.022917 0.027778
0 0.385937 0.463194 0.030208 0.026389
0 0.684896 0.734722 0.061458 0.052778
0 0.623958 0.395139 0.014583 0.015278
0 0.813021 0.802083 0.067708 0.054167
0 0.460417 0.411806 0.020833 0.018056
0 0.602604 0.409722 0.013542 0.013889
0 0.385937 0.463194 0.030208 0.026389
0 0.684896 0.734722 0.061458 0.052778
0 0.911458 0.854861 0.070833 0.068056
0 0.618750 0.401389 0.012500 0.013889
0 0.657292 0.384028 0.014583 0.015278
0 0.343750 0.398611 0.016667 0.019444
0 0.725521 0.460417 0.021875 0.031944
0 0.581250 0.420139 0.010417 0.015278
0 0.760938 0.711806 0.163542 0.118056
0 0.760938 0.711806 0.163542 0.118056
0 0.581250 0.420139 0.010417 0.015278
0 0.337500 0.565278 0.022917 0.027778
0 0.623958 0.395139 0.014583 0.015278
0 0.813021 0.802083 0.067708 0.054167
0 0.460417 0.411806 0.020833 0.018056
0 0.602604 0.409722 0.013542 0.013889
0 0.385937 0.463194 0.030208 0.026389
0 0.684896 0.734722 0.061458 0.052778
0 0.911458 0.854861 0.070833 0.068056
0 0.618750 0.401389 0.012500 0.013889
0 0.657292 0.384028 0.014583 0.015278
0 0.343750 0.398611 0.016667 0.019444
0 0.760938 0.711806 0.163542 0.118056
0 0.581250 0.420139 0.010417 0.015278
0 0.725521 0.460417 0.021875 0.031944
0 0.581250 0.420139 0.010417 0.015278
0 0.760938 0.711806 0.163542 0.118056
0 0.725521 0.460417 0.021875 0.031944
0 0.337500 0.565278 0.022917 0.027778
0 0.911458 0.854861 0.070833 0.068056
0 0.618750 0.401389 0.012500 0.013889
0 0.657292 0.384028 0.014583 0.015278
0 0.343750 0.398611 0.016667 0.019444
0 0.337500 0.565278 0.022917 0.027778
0 0.623958 0.395139 0.014583 0.015278
0 0.813021 0.802083 0.067708 0.054167
0 0.725521 0.460417 0.021875 0.031944
0 0.343750 0.398611 0.016667 0.019444
0 0.657292 0.384028 0.014583 0.015278
0 0.760938 0.711806 0.163542 0.118056
0 0.581250 0.420139 0.010417 0.015278
0 0.725521 0.460417 0.021875 0.031944
0 0.343750 0.398611 0.016667 0.019444
0 0.657292 0.384028 0.014583 0.015278
0 0.618750 0.401389 0.012500 0.013889
0 0.911458 0.854861 0.070833 0.068056
0 0.684896 0.734722 0.061458 0.052778
0 0.385937 0.463194 0.030208 0.026389
0 0.602604 0.409722 0.013542 0.013889
0 0.460417 0.411806 0.020833 0.018056
0 0.813021 0.802083 0.067708 0.054167
0 0.623958 0.395139 0.014583 0.015278
0 0.337500 0.565278 0.022917 0.027778
0 0.618750 0.401389 0.012500 0.013889
0 0.911458 0.854861 0.070833 0.068056
0 0.684896 0.734722 0.061458 0.052778
0 0.385937 0.463194 0.030208 0.026389
0 0.602604 0.409722 0.013542 0.013889
0 0.460417 0.411806 0.020833 0.018056
0 0.813021 0.802083 0.067708 0.054167
0 0.623958 0.395139 0.014583 0.015278
0 0.337500 0.565278 0.022917 0.027778
0 0.460417 0.411806 0.020833 0.018056
0 0.343750 0.398611 0.016667 0.019444
0 0.657292 0.384028 0.014583 0.015278
0 0.618750 0.401389 0.012500 0.013889
0 0.911458 0.854861 0.070833 0.068056
0 0.684896 0.734722 0.061458 0.052778
0 0.385937 0.463194 0.030208 0.026389
0 0.602604 0.409722 0.013542 0.013889
0 0.460417 0.411806 0.020833 0.018056
0 0.813021 0.802083 0.067708 0.054167
0 0.623958 0.395139 0.014583 0.015278
0 0.337500 0.565278 0.022917 0.027778
0 0.760938 0.711806 0.163542 0.118056
0 0.581250 0.420139 0.010417 0.015278
0 0.725521 0.460417 0.021875 0.031944
0 0.760938 0.711806 0.163542 0.118056
0 0.581250 0.420139 0.010417 0.015278
0 0.725521 0.460417 0.021875 0.031944
