0 0.261719 0.325000 0.048438 0.091667
0 0.325000 0.057639 0.018750 0.031944
0 0.488672 0.500000 0.066406 0.183333
0 0.329297 0.307639 0.044531 0.090278
0 0.329297 0.307639 0.044531 0.090278
0 0.488672 0.500000 0.066406 0.183333
0 0.325000 0.057639 0.018750 0.031944
0 0.261719 0.325000 0.048438 0.091667
0 0.239844 0.156944 0.029687 0.055556
0 0.239844 0.156944 0.029687 0.055556
0 0.261719 0.325000 0.048438 0.091667
0 0.325000 0.057639 0.018750 0.031944
0 0.488672 0.500000 0.066406 0.183333
0 0.329297 0.307639 0.044531 0.090278
0 0.325000 0.057639 0.018750 0.031944
0 0.488672 0.500000 0.066406 0.183333
0 0.329297 0.307639 0.044531 0.090278
0 0.325000 0.057639 0.018750 0.031944
0 0.261719 0.325000 0.048438 0.091667
0 0.239844 0.156944 0.029687 0.055556
0 0.239844 0.156944 0.029687 0.055556
0 0.261719 0.325000 0.048438 0.091667
0 0.325000 0.057639 0.018750 0.031944
0 0.261719 0.325000 0.048438 0.091667
0 0.239844 0.156944 0.029687 0.055556
0 0.329297 0.307639 0.044531 0.090278
0 0.488672 0.500000 0.066406 0.183333
0 0.329297 0.307639 0.044531 0.090278
0 0.488672 0.500000 0.066406 0.183333
0 0.329297 0.307639 0.044531 0.090278
0 0.488672 0.500000 0.066406 0.183333
0 0.325000 0.057639 0.018750 0.031944
0 0.261719 0.325000 0.048438 0.091667
0 0.239844 0.156944 0.029687 0.055556
0 0.239844 0.156944 0.029687 0.055556
