0 0.728646 0.761574 0.062500 0.087963
0 0.905729 0.262500 0.020833 0.041667
0 0.905729 0.262500 0.020833 0.041667
0 0.513802 0.939352 0.079687 0.113889
0 0.778906 0.472222 0.035937 0.051852
0 0.826823 0.393056 0.027604 0.036111
0 0.717448 0.506481 0.029687 0.040741
0 0.728646 0.761574 0.062500 0.087963
0 0.785417 0.588889 0.036458 0.053704
0 0.634896 0.735185 0.047917 0.059259
0 0.273698 0.599074 0.093229 0.162963
0 0.643490 0.592593 0.043229 0.057407
0 0.934115 0.231944 0.013021 0.015741
0 0.726823 0.565741 0.040104 0.061111
0 0.748958 0.536574 0.031250 0.041667
0 0.850260 0.360185 0.023438 0.027778
0 0.906771 0.273148 0.018750 0.020370
0 0.817969 0.431944 0.035937 0.049074
0 0.817969 0.431944 0.035937 0.049074
0 0.906771 0.273148 0.018750 0.020370
0 0.850260 0.360185 0.023438 0.027778
0 0.748958 0.536574 0.031250 0.041667
0 0.726823 0.565741 0.040104 0.061111
0 0.934115 0.231944 0.013021 0.015741
0 0.643490 0.592593 0.043229 0.057407
0 0.273698 0.599074 0.093229 0.162963
0 0.634896 0.735185 0.047917 0.059259
0 0.785417 0.588889 0.036458 0.053704
0 0.728646 0.761574 0.062500 0.087963
0 0.717448 0.506481 0.029687 0.040741
0 0.826823 0.393056 0.027604 0.036111
0 0.778906 0.472222 0.035937 0.051852
0 0.513802 0.939352 0.079687 0.113889
0 0.905729 0.262500 0.020833 0.041667
0 0.905729 0.262500 0.020833 0.041667
0 0.513802 0.939352 0.079687 0.113889
0 0.778906 0.472222 0.035937 0.051852
0 0.826823 0.393056 0.027604 0.036111
0 0.717448 0.506481 0.029687 0.040741
0 0.728646 0.761574 0.062500 0.087963
0 0.785417 0.588889 0.036458 0.053704
0 0.634896 0.735185 0.047917 0.059259
0 0.273698 0.599074 0.093229 0.162963
0 0.643490 0.592593 0.043229 0.057407
0 0.934115 0.231944 0.013021 0.015741
0 0.726823 0.565741 0.040104 0.061111
0 0.748958 0.536574 0.031250 0.041667
0 0.850260 0.360185 0.023438 0.027778
0 0.906771 0.273148 0.018750 0.020370
0 0.817969 0.431944 0.035937 0.049074
0 0.817969 0.431944 0.035937 0.049074
0 0.906771 0.273148 0.018750 0.020370
0 0.850260 0.360185 0.023438 0.027778
0 0.748958 0.536574 0.031250 0.041667
0 0.726823 0.565741 0.040104 0.061111
0 0.934115 0.231944 0.013021 0.015741
0 0.643490 0.592593 0.043229 0.057407
0 0.273698 0.599074 0.093229 0.162963
0 0.634896 0.735185 0.047917 0.059259
0 0.785417 0.588889 0.036458 0.053704
0 0.728646 0.761574 0.062500 0.087963
0 0.717448 0.506481 0.029687 0.040741
0 0.826823 0.393056 0.027604 0.036111
0 0.778906 0.472222 0.035937 0.051852
0 0.513802 0.939352 0.079687 0.113889
0 0.905729 0.262500 0.020833 0.041667
0 0.905729 0.262500 0.020833 0.041667
0 0.513802 0.939352 0.079687 0.113889
0 0.778906 0.472222 0.035937 0.051852
0 0.826823 0.393056 0.027604 0.036111
0 0.717448 0.506481 0.029687 0.040741
0 0.728646 0.761574 0.062500 0.087963
0 0.785417 0.588889 0.036458 0.053704
0 0.634896 0.735185 0.047917 0.059259
0 0.273698 0.599074 0.093229 0.162963
0 0.643490 0.592593 0.043229 0.057407
0 0.934115 0.231944 0.013021 0.015741
0 0.726823 0.565741 0.040104 0.061111
0 0.748958 0.536574 0.031250 0.041667
0 0.850260 0.360185 0.023438 0.027778
0 0.906771 0.273148 0.018750 0.020370
0 0.817969 0.431944 0.035937 0.049074
0 0.513802 0.939352 0.079687 0.113889
0 0.778906 0.472222 0.035937 0.051852
0 0.826823 0.393056 0.027604 0.036111
0 0.717448 0.506481 0.029687 0.040741
0 0.728646 0.761574 0.062500 0.087963
0 0.785417 0.588889 0.036458 0.053704
0 0.634896 0.735185 0.047917 0.059259
0 0.273698 0.599074 0.093229 0.162963
0 0.643490 0.592593 0.043229 0.057407
0 0.934115 0.231944 0.013021 0.015741
0 0.726823 0.565741 0.040104 0.061111
0 0.748958 0.536574 0.031250 0.041667
0 0.850260 0.360185 0.023438 0.027778
0 0.906771 0.273148 0.018750 0.020370
0 0.817969 0.431944 0.035937 0.049074
0 0.905729 0.262500 0.020833 0.041667
0 0.513802 0.939352 0.079687 0.113889
0 0.778906 0.472222 0.035937 0.051852
0 0.826823 0.393056 0.027604 0.036111
0 0.717448 0.506481 0.029687 0.040741
0 0.785417 0.588889 0.036458 0.053704
0 0.634896 0.735185 0.047917 0.059259
0 0.273698 0.599074 0.093229 0.162963
0 0.643490 0.592593 0.043229 0.057407
0 0.934115 0.231944 0.013021 0.015741
0 0.726823 0.565741 0.040104 0.061111
0 0.748958 0.536574 0.031250 0.041667
0 0.850260 0.360185 0.023438 0.027778
0 0.906771 0.273148 0.018750 0.020370
0 0.817969 0.431944 0.035937 0.049074
