0 0.465625 0.670139 0.082812 0.118056
0 0.298828 0.959028 0.128906 0.079167
0 0.533203 0.685417 0.063281 0.098611
0 0.301563 0.513194 0.079687 0.087500
0 0.602734 0.325000 0.030469 0.041667
0 0.586328 0.640278 0.102344 0.133333
0 0.315234 0.444444 0.128906 0.191667
0 0.444141 0.380556 0.035156 0.047222
0 0.473828 0.243750 0.016406 0.034722
0 0.610547 0.506944 0.060156 0.091667
0 0.623437 0.322222 0.034375 0.055556
0 0.392188 0.287500 0.042188 0.030556
0 0.828516 0.857639 0.147656 0.168056
0 0.373047 0.225694 0.017969 0.023611
0 0.791406 0.625694 0.093750 0.131944
0 0.423047 0.480556 0.019531 0.055556
0 0.427734 0.264583 0.016406 0.029167
0 0.446484 0.931250 0.097656 0.134722
0 0.624609 0.422222 0.033594 0.061111
0 0.392969 0.418750 0.071875 0.068056
0 0.361328 0.267361 0.021094 0.037500
0 0.286328 0.543750 0.064844 0.073611
0 0.266406 0.620833 0.057813 0.113889
0 0.428125 0.581944 0.076563 0.108333
0 0.427734 0.250694 0.014844 0.034722
0 0.589453 0.442361 0.074219 0.062500
0 0.455469 0.228472 0.018750 0.029167
0 0.434766 0.447222 0.022656 0.116667
0 0.702344 0.670833 0.117188 0.122222
0 0.384375 0.463194 0.056250 0.068056
0 0.434766 0.393750 0.028906 0.034722
0 0.154688 0.834722 0.081250 0.125000
0 0.434766 0.427778 0.025781 0.097222
0 0.376953 0.334028 0.038281 0.054167
0 0.827734 0.734722 0.133594 0.150000
0 0.567578 0.313889 0.055469 0.038889
0 0.465625 0.670139 0.082812 0.118056
0 0.364063 0.606250 0.068750 0.109722
0 0.157812 0.938889 0.148438 0.119444
0 0.430859 0.365972 0.032031 0.040278
0 0.367578 0.366667 0.039844 0.044444
0 0.427734 0.250694 0.014844 0.034722
0 0.428125 0.581944 0.076563 0.108333
0 0.266406 0.620833 0.057813 0.113889
0 0.286328 0.543750 0.064844 0.073611
0 0.361328 0.267361 0.021094 0.037500
0 0.392969 0.418750 0.071875 0.068056
0 0.624609 0.422222 0.033594 0.061111
0 0.446484 0.931250 0.097656 0.134722
0 0.427734 0.264583 0.016406 0.029167
0 0.423047 0.480556 0.019531 0.055556
0 0.791406 0.625694 0.093750 0.131944
0 0.373047 0.225694 0.017969 0.023611
0 0.828516 0.857639 0.147656 0.168056
0 0.392188 0.287500 0.042188 0.030556
0 0.623437 0.322222 0.034375 0.055556
0 0.610547 0.506944 0.060156 0.091667
0 0.473828 0.243750 0.016406 0.034722
0 0.444141 0.380556 0.035156 0.047222
0 0.315234 0.444444 0.128906 0.191667
0 0.586328 0.640278 0.102344 0.133333
0 0.602734 0.325000 0.030469 0.041667
0 0.301563 0.513194 0.079687 0.087500
0 0.533203 0.685417 0.063281 0.098611
0 0.298828 0.959028 0.128906 0.079167
0 0.287891 0.776389 0.099219 0.144444
0 0.675391 0.568750 0.091406 0.081944
0 0.392969 0.311806 0.023438 0.051389
0 0.304297 0.849306 0.116406 0.190278
0 0.388281 0.500000 0.054688 0.100000
0 0.699219 0.486111 0.071875 0.061111
0 0.596875 0.207639 0.062500 0.087500
0 0.582422 0.274306 0.021094 0.026389
0 0.552344 0.354861 0.057813 0.123611
0 0.636328 0.614583 0.067969 0.093056
0 0.582812 0.827778 0.164062 0.241667
0 0.597656 0.342361 0.034375 0.056944
0 0.511719 0.511111 0.140625 0.213889
0 0.417187 0.762500 0.109375 0.172222
0 0.604688 0.263194 0.026562 0.040278
0 0.447266 0.860417 0.110156 0.170833
0 0.378906 0.239583 0.020313 0.026389
0 0.671484 0.906250 0.105469 0.179167
0 0.668750 0.738889 0.140625 0.150000
0 0.756641 0.569444 0.075781 0.100000
0 0.445312 0.256250 0.023438 0.056944
0 0.098047 0.976389 0.100781 0.044444
0 0.598437 0.390972 0.037500 0.040278
0 0.469922 0.604167 0.113281 0.075000
0 0.948828 0.931944 0.100781 0.133333
0 0.675391 0.452083 0.077344 0.076389
0 0.659375 0.418056 0.042188 0.033333
0 0.179688 0.714583 0.064062 0.118056
0 0.383203 0.460417 0.050781 0.062500
0 0.197266 0.655556 0.061719 0.075000
0 0.487500 0.348611 0.031250 0.058333
0 0.382031 0.702778 0.085938 0.138889
0 0.644922 0.528472 0.069531 0.076389
0 0.637109 0.939583 0.172656 0.118056
0 0.571875 0.260417 0.021875 0.026389
0 0.500781 0.365278 0.043750 0.069444
0 0.307031 0.632639 0.078125 0.154167
0 0.345703 0.551389 0.058594 0.055556
0 0.348047 0.422222 0.027344 0.066667
0 0.721094 0.521528 0.075000 0.068056
0 0.831250 0.954167 0.214062 0.088889
0 0.564453 0.299306 0.057031 0.031944
0 0.075391 0.806944 0.150781 0.202778
0 0.492578 0.386111 0.041406 0.030556
0 0.444531 0.350694 0.032813 0.034722
0 0.367578 0.366667 0.039844 0.044444
0 0.430859 0.365972 0.032031 0.040278
0 0.157812 0.938889 0.148438 0.119444
0 0.364063 0.606250 0.068750 0.109722
0 0.465625 0.670139 0.082812 0.118056
0 0.567578 0.313889 0.055469 0.038889
0 0.827734 0.734722 0.133594 0.150000
0 0.376953 0.334028 0.038281 0.054167
0 0.434766 0.427778 0.025781 0.097222
0 0.154688 0.834722 0.081250 0.125000
0 0.434766 0.393750 0.028906 0.034722
0 0.384375 0.463194 0.056250 0.068056
0 0.702344 0.670833 0.117188 0.122222
0 0.434766 0.447222 0.022656 0.116667
0 0.455469 0.228472 0.018750 0.029167
0 0.589453 0.442361 0.074219 0.062500
0 0.427734 0.250694 0.014844 0.034722
0 0.428125 0.581944 0.076563 0.108333
0 0.266406 0.620833 0.057813 0.113889
0 0.286328 0.543750 0.064844 0.073611
0 0.361328 0.267361 0.021094 0.037500
0 0.392969 0.418750 0.071875 0.068056
0 0.624609 0.422222 0.033594 0.061111
0 0.446484 0.931250 0.097656 0.134722
0 0.427734 0.264583 0.016406 0.029167
0 0.423047 0.480556 0.019531 0.055556
0 0.791406 0.625694 0.093750 0.131944
0 0.373047 0.225694 0.017969 0.023611
0 0.828516 0.857639 0.147656 0.168056
0 0.392188 0.287500 0.042188 0.030556
0 0.623437 0.322222 0.034375 0.055556
0 0.610547 0.506944 0.060156 0.091667
0 0.473828 0.243750 0.016406 0.034722
0 0.444141 0.380556 0.035156 0.047222
0 0.315234 0.444444 0.128906 0.191667
0 0.586328 0.640278 0.102344 0.133333
0 0.602734 0.325000 0.030469 0.041667
0 0.301563 0.513194 0.079687 0.087500
0 0.533203 0.685417 0.063281 0.098611
0 0.298828 0.959028 0.128906 0.079167
0 0.287891 0.776389 0.099219 0.144444
0 0.675391 0.568750 0.091406 0.081944
0 0.392969 0.311806 0.023438 0.051389
0 0.304297 0.849306 0.116406 0.190278
0 0.388281 0.500000 0.054688 0.100000
0 0.699219 0.486111 0.071875 0.061111
0 0.596875 0.207639 0.062500 0.087500
0 0.582422 0.274306 0.021094 0.026389
0 0.552344 0.354861 0.057813 0.123611
0 0.636328 0.614583 0.067969 0.093056
0 0.582812 0.827778 0.164062 0.241667
0 0.597656 0.342361 0.034375 0.056944
0 0.298828 0.959028 0.128906 0.079167
0 0.533203 0.685417 0.063281 0.098611
0 0.301563 0.513194 0.079687 0.087500
0 0.602734 0.325000 0.030469 0.041667
0 0.586328 0.640278 0.102344 0.133333
0 0.315234 0.444444 0.128906 0.191667
0 0.444141 0.380556 0.035156 0.047222
0 0.473828 0.243750 0.016406 0.034722
0 0.610547 0.506944 0.060156 0.091667
0 0.623437 0.322222 0.034375 0.055556
0 0.392188 0.287500 0.042188 0.030556
0 0.828516 0.857639 0.147656 0.168056
0 0.373047 0.225694 0.017969 0.023611
0 0.791406 0.625694 0.093750 0.131944
0 0.423047 0.480556 0.019531 0.055556
0 0.427734 0.264583 0.016406 0.029167
0 0.446484 0.931250 0.097656 0.134722
0 0.624609 0.422222 0.033594 0.061111
0 0.392969 0.418750 0.071875 0.068056
0 0.361328 0.267361 0.021094 0.037500
0 0.286328 0.543750 0.064844 0.073611
0 0.266406 0.620833 0.057813 0.113889
0 0.428125 0.581944 0.076563 0.108333
0 0.427734 0.250694 0.014844 0.034722
0 0.589453 0.442361 0.074219 0.062500
0 0.455469 0.228472 0.018750 0.029167
0 0.434766 0.447222 0.022656 0.116667
0 0.702344 0.670833 0.117188 0.122222
0 0.384375 0.463194 0.056250 0.068056
0 0.434766 0.393750 0.028906 0.034722
0 0.154688 0.834722 0.081250 0.125000
0 0.434766 0.427778 0.025781 0.097222
0 0.376953 0.334028 0.038281 0.054167
0 0.827734 0.734722 0.133594 0.150000
0 0.567578 0.313889 0.055469 0.038889
0 0.364063 0.606250 0.068750 0.109722
0 0.157812 0.938889 0.148438 0.119444
0 0.430859 0.365972 0.032031 0.040278
0 0.367578 0.366667 0.039844 0.044444
0 0.444531 0.350694 0.032813 0.034722
0 0.492578 0.386111 0.041406 0.030556
0 0.075391 0.806944 0.150781 0.202778
0 0.564453 0.299306 0.057031 0.031944
0 0.831250 0.954167 0.214062 0.088889
0 0.721094 0.521528 0.075000 0.068056
0 0.348047 0.422222 0.027344 0.066667
0 0.345703 0.551389 0.058594 0.055556
0 0.307031 0.632639 0.078125 0.154167
0 0.500781 0.365278 0.043750 0.069444
0 0.571875 0.260417 0.021875 0.026389
0 0.637109 0.939583 0.172656 0.118056
0 0.644922 0.528472 0.069531 0.076389
0 0.382031 0.702778 0.085938 0.138889
0 0.487500 0.348611 0.031250 0.058333
0 0.197266 0.655556 0.061719 0.075000
0 0.383203 0.460417 0.050781 0.062500
0 0.179688 0.714583 0.064062 0.118056
0 0.659375 0.418056 0.042188 0.033333
0 0.675391 0.452083 0.077344 0.076389
0 0.948828 0.931944 0.100781 0.133333
0 0.469922 0.604167 0.113281 0.075000
0 0.598437 0.390972 0.037500 0.040278
0 0.098047 0.976389 0.100781 0.044444
0 0.445312 0.256250 0.023438 0.056944
0 0.756641 0.569444 0.075781 0.100000
0 0.668750 0.738889 0.140625 0.150000
0 0.671484 0.906250 0.105469 0.179167
0 0.378906 0.239583 0.020313 0.026389
0 0.447266 0.860417 0.110156 0.170833
0 0.604688 0.263194 0.026562 0.040278
0 0.417187 0.762500 0.109375 0.172222
0 0.511719 0.511111 0.140625 0.213889
0 0.597656 0.342361 0.034375 0.056944
0 0.582812 0.827778 0.164062 0.241667
0 0.636328 0.614583 0.067969 0.093056
0 0.552344 0.354861 0.057813 0.123611
0 0.582422 0.274306 0.021094 0.026389
0 0.596875 0.207639 0.062500 0.087500
0 0.699219 0.486111 0.071875 0.061111
0 0.388281 0.500000 0.054688 0.100000
0 0.304297 0.849306 0.116406 0.190278
0 0.392969 0.311806 0.023438 0.051389
0 0.675391 0.568750 0.091406 0.081944
0 0.287891 0.776389 0.099219 0.144444
0 0.287891 0.776389 0.099219 0.144444
0 0.675391 0.568750 0.091406 0.081944
0 0.392969 0.311806 0.023438 0.051389
0 0.304297 0.849306 0.116406 0.190278
0 0.388281 0.500000 0.054688 0.100000
0 0.699219 0.486111 0.071875 0.061111
0 0.596875 0.207639 0.062500 0.087500
0 0.582422 0.274306 0.021094 0.026389
0 0.552344 0.354861 0.057813 0.123611
0 0.636328 0.614583 0.067969 0.093056
0 0.582812 0.827778 0.164062 0.241667
0 0.597656 0.342361 0.034375 0.056944
0 0.511719 0.511111 0.140625 0.213889
0 0.417187 0.762500 0.109375 0.172222
0 0.604688 0.263194 0.026562 0.040278
0 0.447266 0.860417 0.110156 0.170833
0 0.378906 0.239583 0.020313 0.026389
0 0.671484 0.906250 0.105469 0.179167
0 0.668750 0.738889 0.140625 0.150000
0 0.511719 0.511111 0.140625 0.213889
0 0.417187 0.762500 0.109375 0.172222
0 0.604688 0.263194 0.026562 0.040278
0 0.447266 0.860417 0.110156 0.170833
0 0.378906 0.239583 0.020313 0.026389
0 0.671484 0.906250 0.105469 0.179167
0 0.668750 0.738889 0.140625 0.150000
0 0.756641 0.569444 0.075781 0.100000
0 0.445312 0.256250 0.023438 0.056944
0 0.098047 0.976389 0.100781 0.044444
0 0.598437 0.390972 0.037500 0.040278
0 0.469922 0.604167 0.113281 0.075000
0 0.948828 0.931944 0.100781 0.133333
0 0.675391 0.452083 0.077344 0.076389
0 0.659375 0.418056 0.042188 0.033333
0 0.179688 0.714583 0.064062 0.118056
0 0.383203 0.460417 0.050781 0.062500
0 0.197266 0.655556 0.061719 0.075000
0 0.487500 0.348611 0.031250 0.058333
0 0.382031 0.702778 0.085938 0.138889
0 0.644922 0.528472 0.069531 0.076389
0 0.637109 0.939583 0.172656 0.118056
0 0.571875 0.260417 0.021875 0.026389
0 0.500781 0.365278 0.043750 0.069444
0 0.307031 0.632639 0.078125 0.154167
0 0.345703 0.551389 0.058594 0.055556
0 0.348047 0.422222 0.027344 0.066667
0 0.721094 0.521528 0.075000 0.068056
0 0.831250 0.954167 0.214062 0.088889
0 0.564453 0.299306 0.057031 0.031944
0 0.075391 0.806944 0.150781 0.202778
0 0.492578 0.386111 0.041406 0.030556
0 0.444531 0.350694 0.032813 0.034722
0 0.367578 0.366667 0.039844 0.044444
0 0.430859 0.365972 0.032031 0.040278
0 0.157812 0.938889 0.148438 0.119444
0 0.364063 0.606250 0.068750 0.109722
0 0.465625 0.670139 0.082812 0.118056
0 0.567578 0.313889 0.055469 0.038889
0 0.827734 0.734722 0.133594 0.150000
0 0.376953 0.334028 0.038281 0.054167
0 0.434766 0.427778 0.025781 0.097222
0 0.154688 0.834722 0.081250 0.125000
0 0.434766 0.393750 0.028906 0.034722
0 0.384375 0.463194 0.056250 0.068056
0 0.702344 0.670833 0.117188 0.122222
0 0.434766 0.447222 0.022656 0.116667
0 0.455469 0.228472 0.018750 0.029167
0 0.589453 0.442361 0.074219 0.062500
0 0.427734 0.250694 0.014844 0.034722
0 0.428125 0.581944 0.076563 0.108333
0 0.266406 0.620833 0.057813 0.113889
0 0.286328 0.543750 0.064844 0.073611
0 0.361328 0.267361 0.021094 0.037500
0 0.392969 0.418750 0.071875 0.068056
0 0.624609 0.422222 0.033594 0.061111
0 0.446484 0.931250 0.097656 0.134722
0 0.427734 0.264583 0.016406 0.029167
0 0.423047 0.480556 0.019531 0.055556
0 0.791406 0.625694 0.093750 0.131944
0 0.373047 0.225694 0.017969 0.023611
0 0.828516 0.857639 0.147656 0.168056
0 0.392188 0.287500 0.042188 0.030556
0 0.623437 0.322222 0.034375 0.055556
0 0.610547 0.506944 0.060156 0.091667
0 0.473828 0.243750 0.016406 0.034722
0 0.444141 0.380556 0.035156 0.047222
0 0.315234 0.444444 0.128906 0.191667
0 0.586328 0.640278 0.102344 0.133333
0 0.602734 0.325000 0.030469 0.041667
0 0.301563 0.513194 0.079687 0.087500
0 0.533203 0.685417 0.063281 0.098611
0 0.298828 0.959028 0.128906 0.079167
0 0.589453 0.442361 0.074219 0.062500
0 0.455469 0.228472 0.018750 0.029167
0 0.434766 0.447222 0.022656 0.116667
0 0.702344 0.670833 0.117188 0.122222
0 0.384375 0.463194 0.056250 0.068056
0 0.434766 0.393750 0.028906 0.034722
0 0.154688 0.834722 0.081250 0.125000
0 0.434766 0.427778 0.025781 0.097222
0 0.376953 0.334028 0.038281 0.054167
0 0.827734 0.734722 0.133594 0.150000
0 0.567578 0.313889 0.055469 0.038889
0 0.465625 0.670139 0.082812 0.118056
0 0.364063 0.606250 0.068750 0.109722
0 0.157812 0.938889 0.148438 0.119444
0 0.430859 0.365972 0.032031 0.040278
0 0.367578 0.366667 0.039844 0.044444
0 0.444531 0.350694 0.032813 0.034722
0 0.492578 0.386111 0.041406 0.030556
0 0.075391 0.806944 0.150781 0.202778
0 0.564453 0.299306 0.057031 0.031944
0 0.831250 0.954167 0.214062 0.088889
0 0.721094 0.521528 0.075000 0.068056
0 0.348047 0.422222 0.027344 0.066667
0 0.345703 0.551389 0.058594 0.055556
0 0.307031 0.632639 0.078125 0.154167
0 0.500781 0.365278 0.043750 0.069444
0 0.571875 0.260417 0.021875 0.026389
0 0.637109 0.939583 0.172656 0.118056
0 0.644922 0.528472 0.069531 0.076389
0 0.382031 0.702778 0.085938 0.138889
0 0.487500 0.348611 0.031250 0.058333
0 0.197266 0.655556 0.061719 0.075000
0 0.383203 0.460417 0.050781 0.062500
0 0.179688 0.714583 0.064062 0.118056
0 0.659375 0.418056 0.042188 0.033333
0 0.675391 0.452083 0.077344 0.076389
0 0.948828 0.931944 0.100781 0.133333
0 0.469922 0.604167 0.113281 0.075000
0 0.598437 0.390972 0.037500 0.040278
0 0.098047 0.976389 0.100781 0.044444
0 0.445312 0.256250 0.023438 0.056944
0 0.756641 0.569444 0.075781 0.100000
0 0.668750 0.738889 0.140625 0.150000
0 0.671484 0.906250 0.105469 0.179167
0 0.378906 0.239583 0.020313 0.026389
0 0.447266 0.860417 0.110156 0.170833
0 0.604688 0.263194 0.026562 0.040278
0 0.417187 0.762500 0.109375 0.172222
0 0.511719 0.511111 0.140625 0.213889
0 0.597656 0.342361 0.034375 0.056944
0 0.287891 0.776389 0.099219 0.144444
0 0.675391 0.568750 0.091406 0.081944
0 0.392969 0.311806 0.023438 0.051389
0 0.304297 0.849306 0.116406 0.190278
0 0.388281 0.500000 0.054688 0.100000
0 0.699219 0.486111 0.071875 0.061111
0 0.596875 0.207639 0.062500 0.087500
0 0.582422 0.274306 0.021094 0.026389
0 0.552344 0.354861 0.057813 0.123611
0 0.636328 0.614583 0.067969 0.093056
0 0.582812 0.827778 0.164062 0.241667
0 0.597656 0.342361 0.034375 0.056944
0 0.511719 0.511111 0.140625 0.213889
0 0.417187 0.762500 0.109375 0.172222
0 0.604688 0.263194 0.026562 0.040278
0 0.447266 0.860417 0.110156 0.170833
0 0.378906 0.239583 0.020313 0.026389
0 0.671484 0.906250 0.105469 0.179167
0 0.668750 0.738889 0.140625 0.150000
0 0.756641 0.569444 0.075781 0.100000
0 0.445312 0.256250 0.023438 0.056944
0 0.098047 0.976389 0.100781 0.044444
0 0.598437 0.390972 0.037500 0.040278
0 0.469922 0.604167 0.113281 0.075000
0 0.948828 0.931944 0.100781 0.133333
0 0.675391 0.452083 0.077344 0.076389
0 0.659375 0.418056 0.042188 0.033333
0 0.179688 0.714583 0.064062 0.118056
0 0.383203 0.460417 0.050781 0.062500
0 0.197266 0.655556 0.061719 0.075000
0 0.487500 0.348611 0.031250 0.058333
0 0.382031 0.702778 0.085938 0.138889
0 0.644922 0.528472 0.069531 0.076389
0 0.637109 0.939583 0.172656 0.118056
0 0.571875 0.260417 0.021875 0.026389
0 0.500781 0.365278 0.043750 0.069444
0 0.307031 0.632639 0.078125 0.154167
0 0.345703 0.551389 0.058594 0.055556
0 0.348047 0.422222 0.027344 0.066667
0 0.721094 0.521528 0.075000 0.068056
0 0.831250 0.954167 0.214062 0.088889
0 0.564453 0.299306 0.057031 0.031944
0 0.075391 0.806944 0.150781 0.202778
0 0.492578 0.386111 0.041406 0.030556
0 0.444531 0.350694 0.032813 0.034722
0 0.367578 0.366667 0.039844 0.044444
0 0.430859 0.365972 0.032031 0.040278
0 0.157812 0.938889 0.148438 0.119444
0 0.364063 0.606250 0.068750 0.109722
0 0.465625 0.670139 0.082812 0.118056
0 0.567578 0.313889 0.055469 0.038889
0 0.827734 0.734722 0.133594 0.150000
0 0.376953 0.334028 0.038281 0.054167
0 0.434766 0.427778 0.025781 0.097222
0 0.154688 0.834722 0.081250 0.125000
0 0.434766 0.393750 0.028906 0.034722
0 0.384375 0.463194 0.056250 0.068056
0 0.702344 0.670833 0.117188 0.122222
0 0.434766 0.447222 0.022656 0.116667
0 0.455469 0.228472 0.018750 0.029167
0 0.589453 0.442361 0.074219 0.062500
0 0.427734 0.250694 0.014844 0.034722
0 0.428125 0.581944 0.076563 0.108333
0 0.266406 0.620833 0.057813 0.113889
0 0.286328 0.543750 0.064844 0.073611
0 0.361328 0.267361 0.021094 0.037500
0 0.392969 0.418750 0.071875 0.068056
0 0.624609 0.422222 0.033594 0.061111
0 0.446484 0.931250 0.097656 0.134722
0 0.427734 0.264583 0.016406 0.029167
0 0.423047 0.480556 0.019531 0.055556
0 0.791406 0.625694 0.093750 0.131944
0 0.373047 0.225694 0.017969 0.023611
0 0.828516 0.857639 0.147656 0.168056
0 0.392188 0.287500 0.042188 0.030556
0 0.623437 0.322222 0.034375 0.055556
0 0.610547 0.506944 0.060156 0.091667
0 0.473828 0.243750 0.016406 0.034722
0 0.444141 0.380556 0.035156 0.047222
0 0.315234 0.444444 0.128906 0.191667
0 0.586328 0.640278 0.102344 0.133333
0 0.602734 0.325000 0.030469 0.041667
0 0.301563 0.513194 0.079687 0.087500
0 0.533203 0.685417 0.063281 0.098611
0 0.298828 0.959028 0.128906 0.079167
0 0.756641 0.569444 0.075781 0.100000
0 0.445312 0.256250 0.023438 0.056944
0 0.098047 0.976389 0.100781 0.044444
0 0.598437 0.390972 0.037500 0.040278
0 0.469922 0.604167 0.113281 0.075000
0 0.948828 0.931944 0.100781 0.133333
0 0.675391 0.452083 0.077344 0.076389
0 0.659375 0.418056 0.042188 0.033333
0 0.179688 0.714583 0.064062 0.118056
0 0.383203 0.460417 0.050781 0.062500
0 0.197266 0.655556 0.061719 0.075000
0 0.487500 0.348611 0.031250 0.058333
0 0.382031 0.702778 0.085938 0.138889
0 0.644922 0.528472 0.069531 0.076389
0 0.637109 0.939583 0.172656 0.118056
0 0.571875 0.260417 0.021875 0.026389
0 0.500781 0.365278 0.043750 0.069444
0 0.307031 0.632639 0.078125 0.154167
0 0.345703 0.551389 0.058594 0.055556
0 0.348047 0.422222 0.027344 0.066667
0 0.721094 0.521528 0.075000 0.068056
0 0.831250 0.954167 0.214062 0.088889
0 0.564453 0.299306 0.057031 0.031944
0 0.075391 0.806944 0.150781 0.202778
0 0.492578 0.386111 0.041406 0.030556
0 0.444531 0.350694 0.032813 0.034722
0 0.298828 0.959028 0.128906 0.079167
0 0.533203 0.685417 0.063281 0.098611
0 0.301563 0.513194 0.079687 0.087500
0 0.602734 0.325000 0.030469 0.041667
0 0.586328 0.640278 0.102344 0.133333
0 0.315234 0.444444 0.128906 0.191667
0 0.444141 0.380556 0.035156 0.047222
0 0.473828 0.243750 0.016406 0.034722
0 0.610547 0.506944 0.060156 0.091667
0 0.623437 0.322222 0.034375 0.055556
0 0.392188 0.287500 0.042188 0.030556
0 0.828516 0.857639 0.147656 0.168056
0 0.373047 0.225694 0.017969 0.023611
0 0.791406 0.625694 0.093750 0.131944
0 0.423047 0.480556 0.019531 0.055556
0 0.427734 0.264583 0.016406 0.029167
0 0.446484 0.931250 0.097656 0.134722
0 0.624609 0.422222 0.033594 0.061111
0 0.392969 0.418750 0.071875 0.068056
0 0.361328 0.267361 0.021094 0.037500
0 0.286328 0.543750 0.064844 0.073611
0 0.266406 0.620833 0.057813 0.113889
0 0.428125 0.581944 0.076563 0.108333
0 0.427734 0.250694 0.014844 0.034722
0 0.589453 0.442361 0.074219 0.062500
0 0.455469 0.228472 0.018750 0.029167
0 0.434766 0.447222 0.022656 0.116667
0 0.702344 0.670833 0.117188 0.122222
0 0.384375 0.463194 0.056250 0.068056
0 0.434766 0.393750 0.028906 0.034722
0 0.154688 0.834722 0.081250 0.125000
0 0.434766 0.427778 0.025781 0.097222
0 0.376953 0.334028 0.038281 0.054167
0 0.827734 0.734722 0.133594 0.150000
0 0.567578 0.313889 0.055469 0.038889
0 0.465625 0.670139 0.082812 0.118056
0 0.364063 0.606250 0.068750 0.109722
0 0.157812 0.938889 0.148438 0.119444
0 0.430859 0.365972 0.032031 0.040278
0 0.367578 0.366667 0.039844 0.044444
0 0.444531 0.350694 0.032813 0.034722
0 0.492578 0.386111 0.041406 0.030556
0 0.075391 0.806944 0.150781 0.202778
0 0.564453 0.299306 0.057031 0.031944
0 0.831250 0.954167 0.214062 0.088889
0 0.721094 0.521528 0.075000 0.068056
0 0.348047 0.422222 0.027344 0.066667
0 0.345703 0.551389 0.058594 0.055556
0 0.307031 0.632639 0.078125 0.154167
0 0.500781 0.365278 0.043750 0.069444
0 0.571875 0.260417 0.021875 0.026389
0 0.637109 0.939583 0.172656 0.118056
0 0.644922 0.528472 0.069531 0.076389
0 0.382031 0.702778 0.085938 0.138889
0 0.487500 0.348611 0.031250 0.058333
0 0.197266 0.655556 0.061719 0.075000
0 0.383203 0.460417 0.050781 0.062500
0 0.179688 0.714583 0.064062 0.118056
0 0.659375 0.418056 0.042188 0.033333
0 0.675391 0.452083 0.077344 0.076389
0 0.948828 0.931944 0.100781 0.133333
0 0.469922 0.604167 0.113281 0.075000
0 0.598437 0.390972 0.037500 0.040278
0 0.098047 0.976389 0.100781 0.044444
0 0.445312 0.256250 0.023438 0.056944
0 0.756641 0.569444 0.075781 0.100000
0 0.668750 0.738889 0.140625 0.150000
0 0.671484 0.906250 0.105469 0.179167
0 0.378906 0.239583 0.020313 0.026389
0 0.447266 0.860417 0.110156 0.170833
0 0.604688 0.263194 0.026562 0.040278
0 0.417187 0.762500 0.109375 0.172222
0 0.511719 0.511111 0.140625 0.213889
0 0.597656 0.342361 0.034375 0.056944
0 0.582812 0.827778 0.164062 0.241667
0 0.636328 0.614583 0.067969 0.093056
0 0.552344 0.354861 0.057813 0.123611
0 0.582422 0.274306 0.021094 0.026389
0 0.596875 0.207639 0.062500 0.087500
0 0.699219 0.486111 0.071875 0.061111
0 0.388281 0.500000 0.054688 0.100000
0 0.304297 0.849306 0.116406 0.190278
0 0.392969 0.311806 0.023438 0.051389
0 0.675391 0.568750 0.091406 0.081944
0 0.287891 0.776389 0.099219 0.144444
0 0.582812 0.827778 0.164062 0.241667
0 0.636328 0.614583 0.067969 0.093056
0 0.552344 0.354861 0.057813 0.123611
0 0.582422 0.274306 0.021094 0.026389
0 0.596875 0.207639 0.062500 0.087500
0 0.699219 0.486111 0.071875 0.061111
0 0.388281 0.500000 0.054688 0.100000
0 0.304297 0.849306 0.116406 0.190278
0 0.392969 0.311806 0.023438 0.051389
0 0.675391 0.568750 0.091406 0.081944
0 0.287891 0.776389 0.099219 0.144444
