0 0.973437 0.786111 0.050000 0.188889
0 0.973437 0.311111 0.050000 0.055556
0 0.521094 0.919444 0.160938 0.155556
0 0.781250 0.243056 0.028125 0.047222
0 0.978906 0.513889 0.039062 0.155556
0 0.729688 0.243056 0.046875 0.113889
0 0.869531 0.184722 0.032813 0.052778
0 0.025000 0.741667 0.050000 0.100000
0 0.222656 0.452778 0.054688 0.044444
0 0.521875 0.388889 0.178125 0.233333
0 0.157812 0.959722 0.168750 0.075000
0 0.345313 0.622222 0.112500 0.183333
0 0.647656 0.259722 0.029687 0.047222
0 0.585938 0.305556 0.075000 0.127778
0 0.845313 0.247222 0.018750 0.050000
0 0.793750 0.201389 0.034375 0.047222
0 0.692187 0.236111 0.028125 0.066667
0 0.825781 0.255556 0.039062 0.055556
0 0.209375 0.512500 0.093750 0.136111
0 0.910937 0.245833 0.028125 0.052778
0 0.977344 0.236111 0.035937 0.044444
0 0.971875 0.363889 0.053125 0.094444
0 0.608594 0.504167 0.104688 0.147222
0 0.543750 0.641667 0.121875 0.172222
0 0.767969 0.255556 0.029687 0.061111
0 0.793750 0.222222 0.034375 0.094444
0 0.576562 0.155556 0.056250 0.050000
0 0.576562 0.155556 0.056250 0.050000
0 0.793750 0.222222 0.034375 0.094444
0 0.767969 0.255556 0.029687 0.061111
0 0.543750 0.641667 0.121875 0.172222
0 0.608594 0.504167 0.104688 0.147222
0 0.971875 0.363889 0.053125 0.094444
0 0.977344 0.236111 0.035937 0.044444
0 0.910937 0.245833 0.028125 0.052778
0 0.209375 0.512500 0.093750 0.136111
0 0.825781 0.255556 0.039062 0.055556
0 0.692187 0.236111 0.028125 0.066667
0 0.793750 0.201389 0.034375 0.047222
0 0.845313 0.247222 0.018750 0.050000
0 0.585938 0.305556 0.075000 0.127778
0 0.647656 0.259722 0.029687 0.047222
0 0.345313 0.622222 0.112500 0.183333
0 0.157812 0.959722 0.168750 0.075000
0 0.521875 0.388889 0.178125 0.233333
0 0.222656 0.452778 0.054688 0.044444
0 0.025000 0.741667 0.050000 0.100000
0 0.869531 0.184722 0.032813 0.052778
0 0.729688 0.243056 0.046875 0.113889
0 0.978906 0.513889 0.039062 0.155556
0 0.781250 0.243056 0.028125 0.047222
0 0.521094 0.919444 0.160938 0.155556
0 0.973437 0.311111 0.050000 0.055556
0 0.973437 0.786111 0.050000 0.188889
0 0.682031 0.251389 0.032813 0.052778
0 0.978906 0.275000 0.039062 0.038889
0 0.825781 0.215278 0.020313 0.019444
0 0.968750 0.201389 0.031250 0.030556
0 0.622656 0.279167 0.029687 0.091667
0 0.942969 0.256944 0.039062 0.075000
0 0.157812 0.959722 0.168750 0.075000
0 0.345313 0.622222 0.112500 0.183333
0 0.647656 0.259722 0.029687 0.047222
0 0.585938 0.305556 0.075000 0.127778
0 0.845313 0.247222 0.018750 0.050000
0 0.793750 0.201389 0.034375 0.047222
0 0.692187 0.236111 0.028125 0.066667
0 0.825781 0.255556 0.039062 0.055556
0 0.209375 0.512500 0.093750 0.136111
0 0.910937 0.245833 0.028125 0.052778
0 0.977344 0.236111 0.035937 0.044444
0 0.971875 0.363889 0.053125 0.094444
0 0.608594 0.504167 0.104688 0.147222
0 0.543750 0.641667 0.121875 0.172222
0 0.767969 0.255556 0.029687 0.061111
0 0.793750 0.222222 0.034375 0.094444
0 0.576562 0.155556 0.056250 0.050000
0 0.576562 0.155556 0.056250 0.050000
0 0.793750 0.222222 0.034375 0.094444
0 0.767969 0.255556 0.029687 0.061111
0 0.543750 0.641667 0.121875 0.172222
0 0.608594 0.504167 0.104688 0.147222
0 0.971875 0.363889 0.053125 0.094444
0 0.977344 0.236111 0.035937 0.044444
0 0.910937 0.245833 0.028125 0.052778
0 0.209375 0.512500 0.093750 0.136111
0 0.825781 0.255556 0.039062 0.055556
0 0.692187 0.236111 0.028125 0.066667
0 0.793750 0.201389 0.034375 0.047222
0 0.845313 0.247222 0.018750 0.050000
0 0.585938 0.305556 0.075000 0.127778
0 0.647656 0.259722 0.029687 0.047222
0 0.345313 0.622222 0.112500 0.183333
0 0.157812 0.959722 0.168750 0.075000
0 0.521875 0.388889 0.178125 0.233333
0 0.222656 0.452778 0.054688 0.044444
0 0.025000 0.741667 0.050000 0.100000
0 0.869531 0.184722 0.032813 0.052778
0 0.729688 0.243056 0.046875 0.113889
0 0.978906 0.513889 0.039062 0.155556
0 0.781250 0.243056 0.028125 0.047222
0 0.521094 0.919444 0.160938 0.155556
0 0.973437 0.311111 0.050000 0.055556
0 0.973437 0.786111 0.050000 0.188889
0 0.682031 0.251389 0.032813 0.052778
0 0.978906 0.275000 0.039062 0.038889
0 0.825781 0.215278 0.020313 0.019444
0 0.968750 0.201389 0.031250 0.030556
0 0.622656 0.279167 0.029687 0.091667
0 0.942969 0.256944 0.039062 0.075000
0 0.576562 0.155556 0.056250 0.050000
0 0.793750 0.222222 0.034375 0.094444
0 0.767969 0.255556 0.029687 0.061111
0 0.543750 0.641667 0.121875 0.172222
0 0.608594 0.504167 0.104688 0.147222
0 0.971875 0.363889 0.053125 0.094444
0 0.977344 0.236111 0.035937 0.044444
0 0.910937 0.245833 0.028125 0.052778
0 0.209375 0.512500 0.093750 0.136111
0 0.825781 0.255556 0.039062 0.055556
0 0.692187 0.236111 0.028125 0.066667
0 0.793750 0.201389 0.034375 0.047222
0 0.845313 0.247222 0.018750 0.050000
0 0.585938 0.305556 0.075000 0.127778
0 0.647656 0.259722 0.029687 0.047222
0 0.345313 0.622222 0.112500 0.183333
0 0.157812 0.959722 0.168750 0.075000
0 0.521875 0.388889 0.178125 0.233333
0 0.222656 0.452778 0.054688 0.044444
0 0.025000 0.741667 0.050000 0.100000
0 0.978906 0.513889 0.039062 0.155556
0 0.729688 0.243056 0.046875 0.113889
0 0.869531 0.184722 0.032813 0.052778
0 0.025000 0.741667 0.050000 0.100000
0 0.222656 0.452778 0.054688 0.044444
0 0.521875 0.388889 0.178125 0.233333
0 0.157812 0.959722 0.168750 0.075000
0 0.345313 0.622222 0.112500 0.183333
0 0.647656 0.259722 0.029687 0.047222
0 0.585938 0.305556 0.075000 0.127778
0 0.845313 0.247222 0.018750 0.050000
0 0.793750 0.201389 0.034375 0.047222
0 0.692187 0.236111 0.028125 0.066667
0 0.825781 0.255556 0.039062 0.055556
0 0.209375 0.512500 0.093750 0.136111
0 0.910937 0.245833 0.028125 0.052778
0 0.977344 0.236111 0.035937 0.044444
0 0.971875 0.363889 0.053125 0.094444
0 0.608594 0.504167 0.104688 0.147222
0 0.543750 0.641667 0.121875 0.172222
0 0.767969 0.255556 0.029687 0.061111
0 0.793750 0.222222 0.034375 0.094444
0 0.576562 0.155556 0.056250 0.050000
0 0.521094 0.919444 0.160938 0.155556
0 0.973437 0.311111 0.050000 0.055556
0 0.973437 0.786111 0.050000 0.188889
0 0.682031 0.251389 0.032813 0.052778
0 0.978906 0.275000 0.039062 0.038889
0 0.825781 0.215278 0.020313 0.019444
0 0.968750 0.201389 0.031250 0.030556
0 0.622656 0.279167 0.029687 0.091667
0 0.942969 0.256944 0.039062 0.075000
0 0.869531 0.184722 0.032813 0.052778
0 0.729688 0.243056 0.046875 0.113889
0 0.978906 0.513889 0.039062 0.155556
0 0.781250 0.243056 0.028125 0.047222
0 0.942969 0.256944 0.039062 0.075000
0 0.622656 0.279167 0.029687 0.091667
0 0.968750 0.201389 0.031250 0.030556
0 0.825781 0.215278 0.020313 0.019444
0 0.978906 0.275000 0.039062 0.038889
0 0.682031 0.251389 0.032813 0.052778
0 0.973437 0.786111 0.050000 0.188889
0 0.973437 0.311111 0.050000 0.055556
0 0.521094 0.919444 0.160938 0.155556
0 0.781250 0.243056 0.028125 0.047222
0 0.942969 0.256944 0.039062 0.075000
0 0.622656 0.279167 0.029687 0.091667
0 0.968750 0.201389 0.031250 0.030556
0 0.825781 0.215278 0.020313 0.019444
0 0.978906 0.275000 0.039062 0.038889
0 0.682031 0.251389 0.032813 0.052778
0 0.973437 0.786111 0.050000 0.188889
0 0.973437 0.311111 0.050000 0.055556
0 0.521094 0.919444 0.160938 0.155556
0 0.781250 0.243056 0.028125 0.047222
0 0.978906 0.513889 0.039062 0.155556
0 0.729688 0.243056 0.046875 0.113889
0 0.869531 0.184722 0.032813 0.052778
0 0.025000 0.741667 0.050000 0.100000
0 0.222656 0.452778 0.054688 0.044444
0 0.521875 0.388889 0.178125 0.233333
0 0.157812 0.959722 0.168750 0.075000
0 0.345313 0.622222 0.112500 0.183333
0 0.647656 0.259722 0.029687 0.047222
0 0.585938 0.305556 0.075000 0.127778
0 0.845313 0.247222 0.018750 0.050000
0 0.793750 0.201389 0.034375 0.047222
0 0.692187 0.236111 0.028125 0.066667
0 0.825781 0.255556 0.039062 0.055556
0 0.209375 0.512500 0.093750 0.136111
0 0.910937 0.245833 0.028125 0.052778
0 0.977344 0.236111 0.035937 0.044444
0 0.971875 0.363889 0.053125 0.094444
0 0.608594 0.504167 0.104688 0.147222
0 0.543750 0.641667 0.121875 0.172222
0 0.767969 0.255556 0.029687 0.061111
0 0.793750 0.222222 0.034375 0.094444
0 0.576562 0.155556 0.056250 0.050000
0 0.942969 0.256944 0.039062 0.075000
0 0.622656 0.279167 0.029687 0.091667
0 0.968750 0.201389 0.031250 0.030556
0 0.825781 0.215278 0.020313 0.019444
0 0.978906 0.275000 0.039062 0.038889
0 0.682031 0.251389 0.032813 0.052778
0 0.973437 0.786111 0.050000 0.188889
0 0.973437 0.311111 0.050000 0.055556
0 0.521094 0.919444 0.160938 0.155556
0 0.781250 0.243056 0.028125 0.047222
0 0.978906 0.513889 0.039062 0.155556
0 0.729688 0.243056 0.046875 0.113889
0 0.869531 0.184722 0.032813 0.052778
0 0.025000 0.741667 0.050000 0.100000
0 0.222656 0.452778 0.054688 0.044444
0 0.521875 0.388889 0.178125 0.233333
0 0.942969 0.256944 0.039062 0.075000
0 0.622656 0.279167 0.029687 0.091667
0 0.968750 0.201389 0.031250 0.030556
0 0.825781 0.215278 0.020313 0.019444
0 0.978906 0.275000 0.039062 0.038889
0 0.682031 0.251389 0.032813 0.052778
