0 0.885024 0.443515 0.020047 0.050209
0 0.352005 0.625523 0.074292 0.079498
0 0.409788 0.153766 0.005896 0.010460
0 0.860849 0.547071 0.049528 0.073222
0 0.012382 0.395397 0.024764 0.046025
0 0.397995 0.257322 0.017689 0.025105
0 0.002358 0.606695 0.004717 0.029289
0 0.902712 0.483264 0.022406 0.075314
0 0.205778 0.628661 0.036557 0.119247
0 0.313679 0.334728 0.040094 0.075314
0 0.393868 0.230126 0.016509 0.033473
0 0.237618 0.428870 0.015330 0.037657
0 0.788915 0.485356 0.028302 0.054393
0 0.375590 0.242678 0.024764 0.046025
0 0.655071 0.434100 0.020047 0.052301
0 0.916863 0.430962 0.012972 0.058577
0 0.807783 0.507322 0.021226 0.060669
0 0.429835 0.399582 0.038915 0.087866
0 0.228184 0.266736 0.020047 0.027197
0 0.417453 0.173640 0.009434 0.020921
1 0.737618 0.434100 0.012972 0.077406
3 0.481722 0.322176 0.093160 0.246862
3 0.740566 0.595188 0.516509 0.784519
3 0.829009 0.733264 0.339623 0.512552
3 0.876769 0.542887 0.244104 0.320084
3 0.567807 0.722803 0.668632 0.533473
3 0.180425 0.627615 0.360849 0.723849
3 0.499410 0.605649 0.998821 0.767782
3 0.540684 0.320084 0.147406 0.242678
3 0.301297 0.364017 0.232311 0.364017
4 0.271816 0.389121 0.180425 0.225941
4 0.544811 0.316946 0.141509 0.240586
5 0.530071 0.446653 0.192217 0.014644
5 0.511203 0.370293 0.008255 0.016736
5 0.237618 0.428870 0.112028 0.146444
5 0.719929 0.632845 0.024764 0.039749
5 0.518278 0.396444 0.008255 0.023013
5 0.867335 0.899582 0.100236 0.175732
5 0.229363 0.505230 0.017689 0.023013
5 0.070165 0.649582 0.029481 0.039749
5 0.306014 0.430962 0.008255 0.012552
5 0.656840 0.514644 0.016509 0.025105
5 0.013561 0.730126 0.027123 0.041841
5 0.304835 0.390167 0.246462 0.223849
5 0.462854 0.400628 0.005896 0.023013
5 0.459906 0.360879 0.004717 0.010460
5 0.465212 0.436192 0.005896 0.027197
5 0.461085 0.378661 0.004717 0.012552
5 0.287146 0.470711 0.008255 0.016736
5 0.700472 0.474895 0.009434 0.012552
5 0.434552 0.315900 0.034198 0.087866
5 0.683962 0.566946 0.018868 0.029289
5 0.527123 0.428870 0.011792 0.033473
5 0.545401 0.316946 0.140330 0.240586
7 0.434552 0.491632 0.430425 0.071130
