0 0.339033 0.634937 0.074292 0.081590
0 0.404481 0.165272 0.009434 0.020921
0 0.387972 0.217573 0.011792 0.025105
0 0.071344 0.634937 0.031840 0.098326
0 0.775943 0.552301 0.051887 0.075314
0 0.300118 0.315900 0.008255 0.016736
0 0.954599 0.517782 0.022406 0.073222
0 0.875000 0.492678 0.030660 0.060669
0 0.271226 0.469665 0.014151 0.035565
0 0.376769 0.274059 0.008255 0.025105
0 0.288325 0.404812 0.012972 0.035565
0 0.803656 0.509414 0.029481 0.073222
0 0.212854 0.486402 0.060142 0.081590
0 0.374410 0.234310 0.017689 0.037657
0 0.844929 0.546025 0.048349 0.062762
0 0.415684 0.406904 0.038915 0.089958
0 0.456368 0.215481 0.011792 0.016736
0 0.200472 0.596234 0.025943 0.092050
0 0.813679 0.392259 0.018868 0.048117
0 0.540684 0.309623 0.010613 0.025105
0 0.341392 0.291841 0.029481 0.048117
1 0.340212 0.615063 0.020047 0.121339
1 0.813090 0.370293 0.015330 0.029289
1 0.820755 0.497908 0.021226 0.092050
1 0.383255 0.264644 0.007075 0.027197
1 0.829599 0.359833 0.012972 0.046025
1 0.067217 0.607741 0.035377 0.081590
1 0.955189 0.483264 0.028302 0.092050
1 0.723467 0.434100 0.012972 0.069038
1 0.877358 0.463389 0.025943 0.077406
1 0.300118 0.304393 0.008255 0.027197
1 0.270047 0.440377 0.018868 0.056485
1 0.844340 0.509414 0.025943 0.085774
1 0.824292 0.432008 0.021226 0.052301
1 0.800118 0.438285 0.015330 0.064854
1 0.364387 0.302301 0.009434 0.027197
1 0.288915 0.383891 0.014151 0.039749
1 0.784198 0.439331 0.025943 0.046025
1 0.772406 0.510460 0.028302 0.104603
1 0.540094 0.294979 0.009434 0.029289
1 0.751179 0.356695 0.009434 0.048117
1 0.199882 0.572176 0.029481 0.089958
1 0.812500 0.375523 0.016509 0.039749
1 0.839623 0.442469 0.018868 0.052301
3 0.739976 0.610879 0.517689 0.757322
3 0.818986 0.730126 0.359670 0.518828
3 0.869104 0.538703 0.259434 0.311715
3 0.198113 0.582636 0.396226 0.813808
3 0.423939 0.353556 0.067217 0.209205
3 0.499410 0.612971 0.998821 0.753138
3 0.461675 0.331590 0.097877 0.236402
3 0.554835 0.716527 0.675708 0.546025
3 0.525354 0.324268 0.147406 0.242678
3 0.563090 0.312762 0.206368 0.248954
4 0.505307 0.450837 0.213443 0.023013
4 0.647995 0.436192 0.041274 0.010460
4 0.707547 0.630753 0.023585 0.039749
4 0.504127 0.399582 0.008255 0.020921
4 0.861439 0.898536 0.112028 0.190377
4 0.448703 0.406904 0.005896 0.023013
4 0.670991 0.565900 0.016509 0.027197
4 0.006486 0.739540 0.012972 0.018828
4 0.445755 0.367155 0.004717 0.010460
4 0.643278 0.515690 0.015330 0.023013
4 0.443986 0.349372 0.005896 0.008368
4 0.447524 0.384937 0.003538 0.012552
4 0.451651 0.439331 0.007075 0.025105
4 0.282429 0.348326 0.229953 0.332636
4 0.292453 0.440377 0.007075 0.010460
4 0.513561 0.434100 0.012972 0.031381
4 0.487028 0.345188 0.004717 0.008368
4 0.534788 0.335774 0.135613 0.211297
4 0.417453 0.355649 0.056604 0.213389
5 0.505307 0.450837 0.213443 0.023013
5 0.647995 0.436192 0.041274 0.010460
5 0.707547 0.630753 0.023585 0.039749
5 0.504127 0.399582 0.008255 0.020921
5 0.861439 0.898536 0.112028 0.190377
5 0.448703 0.406904 0.005896 0.023013
5 0.670991 0.565900 0.016509 0.027197
5 0.006486 0.739540 0.012972 0.018828
5 0.445755 0.367155 0.004717 0.010460
5 0.643278 0.515690 0.015330 0.023013
5 0.443986 0.349372 0.005896 0.008368
5 0.447524 0.384937 0.003538 0.012552
5 0.451651 0.439331 0.007075 0.025105
5 0.282429 0.348326 0.229953 0.332636
5 0.292453 0.440377 0.007075 0.010460
5 0.513561 0.434100 0.012972 0.031381
5 0.487028 0.345188 0.004717 0.008368
5 0.534788 0.335774 0.135613 0.211297
5 0.417453 0.355649 0.056604 0.213389
7 0.442217 0.495816 0.448113 0.083682
