0 0.348467 0.608787 0.076651 0.083682
0 0.472288 0.213389 0.012972 0.020921
0 0.009434 0.385983 0.018868 0.035565
0 0.818396 0.502092 0.025943 0.079498
0 0.456958 0.213389 0.005896 0.016736
0 0.961085 0.574268 0.075472 0.089958
0 0.375000 0.236402 0.018868 0.033473
0 0.135613 0.507322 0.023585 0.077406
0 0.383255 0.264644 0.007075 0.023013
0 0.855542 0.528243 0.050708 0.064854
0 0.408019 0.171548 0.014151 0.016736
0 0.397995 0.232218 0.005896 0.020921
0 0.157429 0.592050 0.031840 0.100418
0 0.277712 0.385983 0.015330 0.031381
0 0.806014 0.483264 0.022406 0.062762
0 0.295991 0.483264 0.016509 0.041841
0 0.393278 0.194561 0.015330 0.025105
0 0.915094 0.534519 0.040094 0.085774
0 0.265920 0.339958 0.012972 0.035565
0 0.622052 0.402720 0.015330 0.052301
0 0.952830 0.436192 0.023585 0.060669
0 0.380307 0.145397 0.008255 0.014644
0 0.425708 0.382845 0.040094 0.087866
0 0.783608 0.462343 0.029481 0.058577
0 0.416274 0.126569 0.007075 0.014644
1 0.774764 0.339958 0.009434 0.052301
1 0.725236 0.411088 0.014151 0.069038
1 0.786557 0.344142 0.009434 0.043933
3 0.484670 0.302301 0.077830 0.248954
3 0.822524 0.720711 0.352594 0.537657
3 0.875000 0.511506 0.247642 0.332636
3 0.293042 0.360879 0.220519 0.294979
3 0.742925 0.597280 0.511792 0.780335
3 0.186321 0.622385 0.372642 0.734310
3 0.429835 0.332636 0.062500 0.200837
3 0.577830 0.293933 0.207547 0.240586
3 0.499410 0.606695 0.998821 0.765690
3 0.568396 0.705021 0.686321 0.569038
3 0.537736 0.290795 0.148585 0.259414
4 0.652712 0.494770 0.015330 0.023013
4 0.282429 0.350418 0.211085 0.269874
4 0.011792 0.715481 0.023585 0.037657
4 0.541274 0.299163 0.136792 0.238494
5 0.471108 0.470711 0.512972 0.083682
7 0.470519 0.471757 0.511792 0.081590
