0 0.432193 0.484310 0.012972 0.035565
0 0.391509 0.674686 0.075472 0.081590
0 0.010024 0.546025 0.020047 0.062762
0 0.868514 0.587866 0.027123 0.079498
0 0.973467 0.641213 0.050708 0.077406
0 0.330189 0.435146 0.016509 0.029289
0 0.448703 0.245816 0.012972 0.023013
0 0.933962 0.702929 0.035377 0.100418
0 0.438679 0.287657 0.014151 0.027197
0 0.854953 0.570084 0.021226 0.060669
0 0.377358 0.339958 0.007075 0.018828
0 0.503538 0.278243 0.004717 0.016736
0 0.312500 0.407950 0.011792 0.025105
0 0.017689 0.645397 0.035377 0.064854
0 0.814269 0.376569 0.036557 0.071130
0 0.531250 0.306485 0.020047 0.031381
0 0.430425 0.217573 0.007075 0.016736
0 0.964623 0.575314 0.025943 0.062762
0 0.905660 0.614017 0.051887 0.069038
0 0.037146 0.629707 0.027123 0.062762
0 0.470519 0.451883 0.040094 0.087866
0 0.833137 0.548117 0.031840 0.054393
0 0.412736 0.329498 0.018868 0.027197
0 0.157429 0.845188 0.048349 0.146444
1 0.890920 0.424686 0.010613 0.050209
1 0.005307 0.458159 0.010613 0.058577
1 0.841981 0.430962 0.009434 0.046025
1 0.872642 0.424686 0.009434 0.050209
1 0.772995 0.491632 0.012972 0.071130
1 0.852594 0.429916 0.009434 0.048117
3 0.583137 0.367155 0.140330 0.257322
3 0.849057 0.767782 0.299528 0.447699
3 0.339033 0.415272 0.227594 0.315900
3 0.770637 0.639121 0.456368 0.700837
3 0.188090 0.671548 0.376179 0.631799
3 0.626769 0.372385 0.206368 0.238494
3 0.497052 0.670502 0.994104 0.638075
3 0.897995 0.595188 0.201651 0.357741
3 0.517689 0.384937 0.099057 0.225941
4 0.560731 0.502092 0.227594 0.012552
4 0.551887 0.425732 0.007075 0.018828
4 0.558373 0.450837 0.008255 0.023013
4 0.892689 0.937238 0.063679 0.112971
4 0.140330 0.570084 0.033019 0.039749
4 0.347877 0.479079 0.007075 0.012552
4 0.114976 0.691423 0.029481 0.035565
4 0.762382 0.694561 0.024764 0.041841
4 0.051887 0.774059 0.040094 0.050209
4 0.503538 0.452929 0.004717 0.023013
4 0.330189 0.517782 0.009434 0.014644
4 0.697524 0.573222 0.015330 0.025105
4 0.808373 0.777197 0.024764 0.039749
4 0.326061 0.422594 0.204009 0.246862
4 0.505307 0.485356 0.005896 0.025105
4 0.587854 0.376569 0.135613 0.234310
4 0.502358 0.424686 0.004717 0.025105
4 0.567217 0.483264 0.011792 0.033473
4 0.725825 0.626569 0.017689 0.031381
5 0.560731 0.502092 0.227594 0.012552
5 0.551887 0.425732 0.007075 0.018828
5 0.558373 0.450837 0.008255 0.023013
5 0.892689 0.937238 0.063679 0.112971
5 0.140330 0.570084 0.033019 0.039749
5 0.347877 0.479079 0.007075 0.012552
5 0.114976 0.691423 0.029481 0.035565
5 0.762382 0.694561 0.024764 0.041841
5 0.051887 0.774059 0.040094 0.050209
5 0.503538 0.452929 0.004717 0.023013
5 0.330189 0.517782 0.009434 0.014644
5 0.697524 0.573222 0.015330 0.025105
5 0.808373 0.777197 0.024764 0.039749
5 0.326061 0.422594 0.204009 0.246862
5 0.505307 0.485356 0.005896 0.025105
5 0.587854 0.376569 0.135613 0.234310
5 0.502358 0.424686 0.004717 0.025105
5 0.567217 0.483264 0.011792 0.033473
5 0.725825 0.626569 0.017689 0.031381
7 0.512382 0.540795 0.527123 0.069038
