0 0.830189 0.428870 0.040094 0.041841
0 0.156250 0.689331 0.036557 0.127615
0 0.522995 0.326360 0.005896 0.020921
0 0.462854 0.333682 0.005896 0.023013
0 0.969929 0.761506 0.041274 0.100418
0 0.048349 0.644351 0.028302 0.062762
0 0.286557 0.336820 0.018868 0.025105
0 0.359670 0.534519 0.018868 0.064854
0 0.439269 0.341004 0.005896 0.020921
0 0.886203 0.625523 0.041274 0.058577
0 0.022995 0.660042 0.045991 0.064854
0 0.383844 0.366109 0.008255 0.020921
0 0.079009 0.461297 0.016509 0.031381
0 0.231132 0.691423 0.025943 0.052301
0 0.402123 0.693515 0.075472 0.081590
0 0.445165 0.324268 0.012972 0.020921
0 0.410967 0.355649 0.008255 0.016736
0 0.210495 0.517782 0.123821 0.177824
0 0.874410 0.598326 0.031840 0.054393
0 0.293632 0.602510 0.018868 0.046025
0 0.925708 0.674686 0.068396 0.064854
0 0.054835 0.544979 0.017689 0.043933
0 0.017099 0.556485 0.034198 0.071130
0 0.007665 0.471757 0.015330 0.039749
0 0.867335 0.594142 0.027123 0.066946
0 0.568986 0.362971 0.027123 0.043933
0 0.556014 0.407950 0.010613 0.029289
0 0.482311 0.471757 0.040094 0.089958
0 0.528892 0.298117 0.005896 0.014644
0 0.523585 0.255230 0.007075 0.012552
0 0.153892 0.722803 0.031840 0.060669
0 0.844340 0.572176 0.028302 0.056485
1 0.891509 0.461297 0.011792 0.052301
1 0.876769 0.462343 0.010613 0.054393
1 0.784788 0.515690 0.015330 0.073222
3 0.541863 0.407950 0.071934 0.225941
3 0.767099 0.631799 0.461085 0.715481
3 0.852005 0.775105 0.293632 0.428870
3 0.228774 0.574268 0.457547 0.600418
3 0.475236 0.673640 0.950472 0.631799
3 0.600236 0.385983 0.143868 0.265690
4 0.561910 0.524059 0.199292 0.010460
4 0.570165 0.472803 0.008255 0.020921
4 0.895637 0.949791 0.045991 0.079498
4 0.514741 0.475941 0.005896 0.023013
4 0.126179 0.707113 0.028302 0.037657
4 0.773585 0.721757 0.025943 0.041841
4 0.373821 0.468619 0.007075 0.012552
4 0.511792 0.434100 0.004717 0.010460
4 0.578420 0.507322 0.010613 0.031381
4 0.063679 0.787657 0.040094 0.052301
4 0.512972 0.452929 0.004717 0.014644
4 0.360849 0.398536 0.176887 0.240586
4 0.340212 0.537657 0.008255 0.016736
4 0.818396 0.804393 0.023585 0.039749
4 0.515920 0.508368 0.005896 0.025105
4 0.599646 0.393305 0.137972 0.251046
4 0.708726 0.598326 0.016509 0.025105
4 0.736439 0.650628 0.017689 0.029289
4 0.562500 0.445607 0.007075 0.020921
4 0.714623 0.518828 0.040094 0.008368
5 0.561910 0.524059 0.199292 0.010460
5 0.570165 0.472803 0.008255 0.020921
5 0.895637 0.949791 0.045991 0.079498
5 0.514741 0.475941 0.005896 0.023013
5 0.126179 0.707113 0.028302 0.037657
5 0.773585 0.721757 0.025943 0.041841
5 0.373821 0.468619 0.007075 0.012552
5 0.511792 0.434100 0.004717 0.010460
5 0.578420 0.507322 0.010613 0.031381
5 0.063679 0.787657 0.040094 0.052301
5 0.512972 0.452929 0.004717 0.014644
5 0.360849 0.398536 0.176887 0.240586
5 0.340212 0.537657 0.008255 0.016736
5 0.818396 0.804393 0.023585 0.039749
5 0.515920 0.508368 0.005896 0.025105
5 0.599646 0.393305 0.137972 0.251046
5 0.708726 0.598326 0.016509 0.025105
5 0.736439 0.650628 0.017689 0.029289
5 0.562500 0.445607 0.007075 0.020921
5 0.714623 0.518828 0.040094 0.008368
7 0.548349 0.560669 0.476415 0.058577
