0 0.267689 0.309623 0.025943 0.029289
0 0.439269 0.173640 0.005896 0.020921
0 0.327241 0.186192 0.020047 0.037657
0 0.260024 0.310669 0.012972 0.027197
0 0.392689 0.330544 0.042453 0.092050
0 0.833726 0.491632 0.075472 0.062762
0 0.504127 0.267782 0.043632 0.071130
0 0.732311 0.233264 0.035377 0.069038
0 0.183962 0.206067 0.021226 0.027197
0 0.947524 0.537657 0.045991 0.104603
0 0.374410 0.088912 0.012972 0.023013
0 0.363797 0.158996 0.010613 0.020921
0 0.748821 0.402720 0.028302 0.052301
0 0.242925 0.261506 0.056604 0.100418
0 0.446344 0.217573 0.008255 0.025105
0 0.372642 0.123431 0.011792 0.025105
0 0.797759 0.437238 0.050708 0.079498
0 0.344340 0.091004 0.007075 0.014644
0 0.579599 0.950837 0.060142 0.085774
0 0.432783 0.117155 0.011792 0.029289
0 0.771226 0.418410 0.028302 0.066946
0 0.317807 0.562762 0.074292 0.083682
1 0.804245 0.286611 0.014151 0.066946
1 0.005307 0.377615 0.010613 0.069038
1 0.693986 0.350418 0.012972 0.069038
1 0.818396 0.288703 0.011792 0.058577
3 0.451651 0.250000 0.075472 0.248954
3 0.728774 0.575314 0.540094 0.824268
3 0.813090 0.691423 0.371462 0.596234
3 0.398585 0.283473 0.066038 0.202929
3 0.181014 0.552301 0.362028 0.874477
3 0.498231 0.583682 0.996462 0.811715
3 0.843750 0.448745 0.255896 0.315900
3 0.523585 0.246862 0.165094 0.238494
3 0.544811 0.241632 0.205189 0.236402
3 0.257075 0.292887 0.226415 0.355649
4 0.863208 0.858787 0.162736 0.269874
4 0.250590 0.279289 0.218160 0.332636
4 0.511792 0.253138 0.139151 0.217573
5 0.436321 0.417364 0.523585 0.106695
7 0.435731 0.418410 0.522406 0.104603
