0 0.878538 0.585774 0.021226 0.050209
0 0.587854 0.332636 0.027123 0.033473
0 0.390330 0.720711 0.073113 0.077406
0 0.416863 0.392259 0.010613 0.027197
0 0.439858 0.395397 0.009434 0.029289
0 0.896816 0.683054 0.057783 0.073222
0 0.849057 0.635983 0.030660 0.066946
0 0.017099 0.675732 0.034198 0.066946
0 0.344340 0.536611 0.016509 0.035565
0 0.868514 0.654812 0.027123 0.079498
0 0.277712 0.360879 0.017689 0.023013
0 0.308373 0.487448 0.053066 0.087866
0 0.068986 0.478033 0.017689 0.035565
0 0.598467 0.479079 0.048349 0.083682
0 0.011203 0.584728 0.022406 0.094142
0 0.987618 0.781381 0.022406 0.094142
0 0.533019 0.456067 0.011792 0.033473
0 0.466392 0.278243 0.010613 0.020921
0 0.435731 0.265690 0.008255 0.016736
0 0.473467 0.503138 0.038915 0.085774
0 0.722288 0.693515 0.074292 0.085774
0 0.523585 0.316946 0.014151 0.031381
0 0.051297 0.661088 0.048349 0.062762
0 0.537146 0.379707 0.005896 0.018828
0 0.387972 0.374477 0.033019 0.062762
0 0.823113 0.615063 0.023585 0.054393
1 0.925708 0.521967 0.014151 0.056485
1 0.735849 0.554393 0.018868 0.066946
1 0.912736 0.518828 0.014151 0.062762
3 0.520637 0.430962 0.100236 0.242678
3 0.343160 0.443515 0.233491 0.343096
3 0.770047 0.664226 0.457547 0.650628
3 0.899175 0.669456 0.199292 0.372385
3 0.228774 0.559623 0.457547 0.562762
3 0.630896 0.430962 0.193396 0.242678
3 0.499410 0.667364 0.998821 0.644351
3 0.587264 0.430962 0.136792 0.242678
4 0.563090 0.542887 0.213443 0.035565
4 0.253538 0.555439 0.054245 0.069038
4 0.561910 0.509414 0.010613 0.031381
4 0.875000 0.971757 0.025943 0.043933
4 0.365566 0.495816 0.007075 0.012552
4 0.274175 0.593096 0.017689 0.023013
4 0.114387 0.726987 0.030660 0.035565
4 0.505307 0.505230 0.005896 0.023013
4 0.763561 0.758368 0.022406 0.039749
4 0.049528 0.807531 0.040094 0.050209
4 0.337264 0.457113 0.221698 0.265690
4 0.507665 0.539749 0.005896 0.025105
4 0.331958 0.562762 0.010613 0.016736
4 0.598467 0.451883 0.119104 0.200837
4 0.479363 0.418410 0.034198 0.079498
4 0.567807 0.526151 0.015330 0.056485
4 0.554245 0.480126 0.007075 0.018828
4 0.698703 0.633891 0.015330 0.025105
4 0.706958 0.555439 0.043632 0.006276
5 0.523585 0.587866 0.516509 0.058577
7 0.523585 0.589958 0.514151 0.054393
