0 0.629717 0.289749 0.014151 0.027197
0 0.350236 0.685146 0.075472 0.073222
0 0.552476 0.242678 0.008255 0.016736
0 0.011203 0.466527 0.022406 0.054393
0 0.856722 0.385983 0.038915 0.085774
0 0.577830 0.367155 0.009434 0.027197
0 0.844340 0.620293 0.049528 0.077406
0 0.418042 0.347280 0.029481 0.037657
0 0.315448 0.311715 0.017689 0.025105
0 0.920991 0.643305 0.025943 0.069038
0 0.583137 0.462343 0.015330 0.046025
0 0.891509 0.601464 0.037736 0.056485
0 0.038915 0.658996 0.047170 0.075314
0 0.474646 0.309623 0.008255 0.025105
0 0.553656 0.329498 0.008255 0.027197
0 0.061321 0.435146 0.056604 0.037657
0 0.505307 0.214435 0.010613 0.018828
0 0.065448 0.481172 0.074292 0.062762
0 0.225825 0.601464 0.062500 0.064854
0 0.811321 0.702929 0.070755 0.083682
0 0.107901 0.421548 0.022406 0.043933
0 0.633255 0.430962 0.049528 0.083682
0 0.452241 0.298117 0.020047 0.043933
0 0.323113 0.605649 0.061321 0.073222
0 0.028892 0.557531 0.057783 0.094142
0 0.949882 0.519874 0.034198 0.043933
0 0.750590 0.607741 0.067217 0.077406
0 0.508844 0.453975 0.038915 0.087866
0 0.565448 0.284519 0.017689 0.037657
0 0.678656 0.658996 0.071934 0.087866
0 0.107311 0.622385 0.070755 0.060669
0 0.341392 0.452929 0.055425 0.077406
0 0.792453 0.580544 0.049528 0.060669
1 0.968160 0.717573 0.037736 0.121339
1 0.983491 0.485356 0.014151 0.062762
1 0.994104 0.482218 0.009434 0.069038
1 0.670401 0.504184 0.012972 0.071130
3 0.791863 0.643305 0.413915 0.688285
3 0.243514 0.618201 0.487028 0.738494
3 0.673939 0.389121 0.196934 0.234310
3 0.493514 0.649582 0.987028 0.679916
3 0.576651 0.380753 0.077830 0.246862
4 0.227005 0.612971 0.173349 0.154812
4 0.091981 0.750000 0.040094 0.048117
4 0.015920 0.847280 0.031840 0.046025
4 0.642099 0.414226 0.107311 0.179916
5 0.584906 0.502092 0.202830 0.020921
5 0.540684 0.456067 0.005896 0.025105
5 0.919222 0.947699 0.045991 0.083682
5 0.400354 0.444561 0.005896 0.010460
5 0.367335 0.513598 0.008255 0.014644
5 0.385613 0.474895 0.007075 0.012552
5 0.542453 0.490586 0.004717 0.027197
5 0.091981 0.750000 0.040094 0.048117
5 0.288325 0.505230 0.045991 0.060669
5 0.227005 0.612971 0.173349 0.154812
5 0.842571 0.794979 0.022406 0.037657
5 0.308962 0.541841 0.016509 0.025105
5 0.015920 0.847280 0.031840 0.046025
5 0.643278 0.415272 0.104953 0.177824
5 0.604953 0.490586 0.011792 0.031381
5 0.539505 0.426778 0.005896 0.029289
5 0.515330 0.367155 0.035377 0.085774
5 0.764741 0.647490 0.012972 0.018828
7 0.554245 0.541841 0.474057 0.046025
