0 0.563679 0.574268 0.030660 0.043933
0 0.550708 0.309623 0.021226 0.046025
0 0.146226 0.433054 0.049528 0.054393
0 0.712854 0.788703 0.083726 0.087866
0 0.291274 0.321130 0.018868 0.023013
0 0.572524 0.414226 0.010613 0.029289
0 0.016509 0.617155 0.021226 0.058577
0 0.428066 0.326360 0.018868 0.033473
0 0.104953 0.693515 0.033019 0.060669
0 0.450472 0.564854 0.061321 0.071130
0 0.717571 0.712343 0.079009 0.089958
0 0.537146 0.380753 0.008255 0.025105
0 0.078420 0.433054 0.027123 0.046025
0 0.933373 0.534519 0.034198 0.060669
0 0.272995 0.735356 0.090802 0.085774
0 0.306604 0.630753 0.073113 0.073222
0 0.567807 0.592050 0.027123 0.062762
0 0.083726 0.759414 0.028302 0.092050
0 0.611439 0.437238 0.048349 0.083682
0 0.192217 0.430962 0.014151 0.046025
0 0.180425 0.646444 0.030660 0.079498
0 0.086085 0.690377 0.070755 0.062762
0 0.038325 0.461297 0.064858 0.069038
0 0.832547 0.459205 0.016509 0.035565
0 0.563090 0.482218 0.017689 0.052301
0 0.448113 0.288703 0.016509 0.033473
0 0.486439 0.460251 0.038915 0.087866
0 0.491156 0.619247 0.069575 0.062762
0 0.601415 0.695607 0.070755 0.081590
0 0.519458 0.275105 0.010613 0.018828
0 0.607901 0.647490 0.071934 0.060669
0 0.578420 0.357741 0.008255 0.025105
0 0.527123 0.675732 0.066038 0.083682
0 0.533608 0.269874 0.010613 0.020921
0 0.392099 0.365063 0.029481 0.043933
0 0.241156 0.869247 0.055425 0.140167
0 0.721698 0.602510 0.042453 0.062762
1 0.777712 0.706067 0.041274 0.110879
1 0.987618 0.491632 0.015330 0.075314
1 0.547170 0.510460 0.016509 0.066946
1 0.098467 0.414226 0.010613 0.050209
3 0.360849 0.411088 0.235849 0.345188
3 0.781250 0.652720 0.435142 0.673640
3 0.906840 0.630753 0.183962 0.336820
3 0.234670 0.615063 0.469340 0.748954
3 0.653892 0.398536 0.182783 0.223849
3 0.498231 0.663180 0.996462 0.652720
3 0.597877 0.401674 0.148585 0.217573
4 0.898585 0.949791 0.049528 0.087866
4 0.355542 0.398536 0.229953 0.299163
4 0.617925 0.420502 0.110849 0.179916
5 0.520637 0.497908 0.005896 0.025105
5 0.898585 0.949791 0.049528 0.087866
5 0.344340 0.523013 0.009434 0.016736
5 0.286557 0.553347 0.016509 0.023013
5 0.363208 0.483264 0.007075 0.012552
5 0.133255 0.684100 0.023585 0.033473
5 0.518278 0.464435 0.005896 0.025105
5 0.002948 0.849372 0.005896 0.012552
5 0.377948 0.453975 0.005896 0.012552
5 0.307783 0.466527 0.134434 0.163180
5 0.374410 0.398536 0.267689 0.299163
5 0.618514 0.420502 0.109670 0.179916
5 0.495283 0.378661 0.037736 0.079498
5 0.741745 0.647490 0.014151 0.023013
5 0.572524 0.513598 0.218160 0.010460
5 0.718750 0.511506 0.041274 0.006276
7 0.531250 0.550209 0.524764 0.050209
