0 0.814269 0.416318 0.036557 0.071130
0 0.331958 0.751046 0.081368 0.083682
0 0.021226 0.461297 0.042453 0.035565
0 0.514741 0.349372 0.005896 0.020921
0 0.507075 0.311715 0.014151 0.016736
0 0.527712 0.352510 0.005896 0.023013
0 0.929835 0.598326 0.017689 0.054393
0 0.275354 0.336820 0.020047 0.020921
0 0.036557 0.544979 0.018868 0.056485
0 0.411557 0.345188 0.021226 0.029289
0 0.318396 0.718619 0.115566 0.098326
0 0.471108 0.476987 0.038915 0.087866
0 0.852005 0.569038 0.041274 0.041841
0 0.005896 0.657950 0.011792 0.056485
0 0.063679 0.451883 0.023585 0.041841
0 0.277123 0.720711 0.033019 0.094142
0 0.448113 0.702929 0.063679 0.079498
0 0.548939 0.500000 0.015330 0.050209
0 0.058373 0.687238 0.083726 0.077406
0 0.431604 0.313808 0.014151 0.016736
0 0.504127 0.286611 0.010613 0.016736
0 0.186321 0.418410 0.030660 0.029289
0 0.272406 0.640167 0.063679 0.054393
0 0.176887 0.673640 0.075472 0.087866
0 0.596108 0.455021 0.048349 0.081590
0 0.432193 0.325314 0.015330 0.018828
0 0.359670 0.700837 0.033019 0.062762
0 0.557193 0.461297 0.012972 0.031381
0 0.936910 0.524059 0.024764 0.035565
0 0.500000 0.344142 0.007075 0.023013
0 0.752358 0.567992 0.058962 0.052301
0 0.445165 0.285565 0.012972 0.027197
0 0.531250 0.453975 0.010613 0.033473
0 0.522995 0.309623 0.012972 0.016736
0 0.553066 0.346234 0.028302 0.060669
0 0.222288 0.755230 0.029481 0.096234
0 0.954599 0.562762 0.029481 0.037657
0 0.806014 0.498954 0.017689 0.027197
1 0.993514 0.523013 0.010613 0.075314
1 0.602594 0.711297 0.033019 0.108787
1 0.428656 0.529289 0.012972 0.071130
3 0.784788 0.669456 0.428066 0.640167
3 0.563090 0.423640 0.173349 0.207113
3 0.900943 0.651674 0.195755 0.332636
3 0.234670 0.623431 0.469340 0.736402
3 0.499410 0.670502 0.998821 0.638075
3 0.439269 0.688285 0.878538 0.602510
4 0.877948 0.957113 0.043632 0.073222
4 0.112028 0.703975 0.028302 0.035565
4 0.758844 0.730126 0.024764 0.041841
4 0.047759 0.784519 0.041274 0.050209
4 0.311910 0.461297 0.175708 0.202929
4 0.695755 0.607741 0.016509 0.027197
4 0.612028 0.450837 0.089623 0.152720
4 0.723467 0.661088 0.017689 0.029289
5 0.505307 0.513598 0.005896 0.027197
5 0.557783 0.529289 0.214623 0.008368
5 0.877948 0.957113 0.043632 0.073222
5 0.347877 0.501046 0.007075 0.010460
5 0.112028 0.703975 0.028302 0.035565
5 0.758844 0.730126 0.024764 0.041841
5 0.363208 0.470711 0.007075 0.012552
5 0.047170 0.784519 0.040094 0.050209
5 0.311910 0.462343 0.175708 0.200837
5 0.503538 0.480126 0.004717 0.023013
5 0.329009 0.538703 0.009434 0.014644
5 0.695755 0.607741 0.016509 0.027197
5 0.468750 0.443515 0.050708 0.171548
5 0.707547 0.529289 0.047170 0.008368
5 0.612028 0.450837 0.089623 0.152720
5 0.566627 0.509414 0.012972 0.039749
5 0.502358 0.451883 0.004717 0.025105
5 0.722877 0.661088 0.016509 0.029289
5 0.678066 0.561715 0.023585 0.031381
7 0.496462 0.564854 0.452830 0.054393
