0 0.822524 0.400628 0.038915 0.073222
0 0.475825 0.470711 0.038915 0.087866
0 0.535967 0.312762 0.015330 0.031381
0 0.508844 0.283473 0.010613 0.023013
0 0.602594 0.440377 0.044811 0.081590
0 0.537146 0.299163 0.012972 0.020921
0 0.045401 0.605649 0.045991 0.056485
0 0.095519 0.647490 0.058962 0.073222
0 0.502358 0.352510 0.009434 0.027197
0 0.846698 0.511506 0.018868 0.052301
0 0.048349 0.753138 0.087264 0.096234
0 0.247052 0.739540 0.079009 0.077406
0 0.866745 0.496862 0.016509 0.031381
0 0.579599 0.483264 0.017689 0.041841
0 0.450472 0.288703 0.011792 0.020921
0 0.141509 0.747908 0.080189 0.089958
0 0.211085 0.678870 0.049528 0.077406
0 0.524175 0.279289 0.012972 0.014644
0 0.022995 0.630753 0.045991 0.098326
0 0.991156 0.627615 0.015330 0.066946
0 0.580189 0.357741 0.040094 0.083682
0 0.535377 0.371339 0.009434 0.027197
0 0.458137 0.252092 0.010613 0.023013
0 0.515920 0.314854 0.015330 0.018828
0 0.522995 0.359833 0.008255 0.025105
0 0.528302 0.291841 0.011792 0.027197
0 0.553656 0.482218 0.017689 0.052301
0 0.438679 0.307531 0.014151 0.020921
1 0.896226 0.450837 0.009434 0.048117
1 0.938090 0.462343 0.012972 0.058577
1 0.093750 0.639121 0.024764 0.098326
1 0.472877 0.680962 0.018868 0.110879
1 0.324292 0.526151 0.014151 0.069038
3 0.642099 0.387029 0.192217 0.251046
3 0.809552 0.684100 0.378538 0.610879
3 0.583726 0.383891 0.148585 0.257322
3 0.904481 0.644351 0.188679 0.317992
3 0.224057 0.628661 0.448113 0.721757
3 0.499410 0.674686 0.998821 0.633891
3 0.356132 0.407950 0.242925 0.351464
4 0.701061 0.593096 0.015330 0.027197
4 0.886203 0.948745 0.048349 0.089958
4 0.644458 0.482218 0.034198 0.060669
4 0.728774 0.646444 0.018868 0.033473
4 0.764741 0.716527 0.024764 0.043933
4 0.329599 0.434100 0.199292 0.232218
5 0.519458 0.549163 0.531840 0.060669
7 0.519458 0.551255 0.531840 0.056485
