0 0.535377 0.325314 0.011792 0.023013
0 0.266509 0.341004 0.018868 0.020921
0 0.589623 0.456067 0.044811 0.079498
0 0.530071 0.356695 0.022406 0.039749
0 0.540684 0.503138 0.015330 0.052301
0 0.487618 0.412134 0.012972 0.033473
0 0.425118 0.246862 0.008255 0.016736
0 0.472877 0.503138 0.051887 0.098326
0 0.622642 0.471757 0.016509 0.043933
0 0.444575 0.288703 0.009434 0.016736
0 0.408019 0.630753 0.066038 0.064854
0 0.531840 0.444561 0.011792 0.031381
0 0.040684 0.663180 0.081368 0.117155
0 0.499410 0.319038 0.012972 0.023013
0 0.498821 0.325314 0.014151 0.035565
0 0.583137 0.394351 0.050708 0.094142
0 0.451061 0.251046 0.010613 0.025105
0 0.438679 0.307531 0.011792 0.016736
0 0.595519 0.501046 0.023585 0.043933
0 0.510024 0.350418 0.017689 0.027197
0 0.429245 0.631799 0.023585 0.066946
0 0.521226 0.421548 0.011792 0.031381
0 0.521816 0.329498 0.012972 0.023013
0 0.572524 0.507322 0.017689 0.043933
0 0.300708 0.688285 0.058962 0.096234
0 0.341981 0.933054 0.077830 0.121339
1 0.211085 0.564854 0.021226 0.071130
1 0.337854 0.686192 0.024764 0.104603
3 0.804835 0.695607 0.387972 0.587866
3 0.894458 0.638075 0.208726 0.359833
3 0.224057 0.626569 0.448113 0.725941
3 0.499410 0.680962 0.998821 0.617155
4 0.751769 0.561715 0.036557 0.031381
4 0.261203 0.577406 0.015330 0.020921
4 0.639741 0.513598 0.024764 0.039749
4 0.132075 0.594142 0.037736 0.037657
4 0.870873 0.958159 0.043632 0.071130
4 0.355542 0.475941 0.005896 0.010460
4 0.340212 0.506276 0.008255 0.012552
4 0.103184 0.713389 0.029481 0.037657
4 0.752948 0.733264 0.024764 0.039749
4 0.038325 0.794979 0.041274 0.054393
4 0.321344 0.546025 0.008255 0.016736
4 0.688090 0.610879 0.015330 0.025105
4 0.324292 0.442469 0.209906 0.248954
4 0.460495 0.449791 0.045991 0.171548
4 0.579009 0.534519 0.153302 0.010460
4 0.716392 0.663180 0.017689 0.029289
4 0.696934 0.532427 0.040094 0.006276
5 0.510024 0.567992 0.522406 0.064854
7 0.512382 0.572176 0.517689 0.056485
