0 0.480542 0.465481 0.012972 0.035565
0 0.525354 0.356695 0.017689 0.031381
0 0.541274 0.485356 0.011792 0.033473
0 0.541274 0.352510 0.014151 0.031381
0 0.010613 0.479079 0.021226 0.029289
0 0.413915 0.254184 0.009434 0.014644
0 0.502358 0.379707 0.018868 0.039749
0 0.495283 0.275105 0.007075 0.014644
0 0.008844 0.720711 0.017689 0.094142
0 0.438090 0.286611 0.010613 0.025105
0 0.836675 0.660042 0.076651 0.073222
0 0.416863 0.628661 0.027123 0.069038
0 0.511792 0.338912 0.011792 0.020921
0 0.165094 0.737448 0.136792 0.161088
0 0.495283 0.337866 0.016509 0.035565
0 0.546580 0.383891 0.008255 0.027197
0 0.452241 0.450837 0.010613 0.035565
0 0.577241 0.461297 0.043632 0.073222
0 0.043632 0.466527 0.018868 0.041841
0 0.577830 0.406904 0.051887 0.094142
0 0.485849 0.298117 0.011792 0.023013
0 0.716392 0.658996 0.043632 0.079498
0 0.255307 0.348326 0.017689 0.023013
0 0.518868 0.400628 0.028302 0.060669
0 0.590802 0.556485 0.110849 0.112971
0 0.615566 0.496862 0.016509 0.035565
0 0.531250 0.506276 0.017689 0.054393
0 0.446934 0.242678 0.007075 0.016736
1 0.201651 0.658996 0.023585 0.087866
1 0.969340 0.508368 0.014151 0.058577
1 0.870283 0.471757 0.011792 0.048117
1 0.843160 0.464435 0.011792 0.050209
1 0.101415 0.593096 0.016509 0.073222
3 0.802476 0.700837 0.392689 0.577406
3 0.889151 0.654812 0.219340 0.334728
3 0.223467 0.622385 0.446934 0.734310
3 0.499410 0.663180 0.998821 0.652720
3 0.485849 0.405858 0.113208 0.271967
4 0.025943 0.803347 0.042453 0.054393
4 0.451061 0.450837 0.048349 0.182008
4 0.318396 0.440377 0.226415 0.278243
5 0.501179 0.576360 0.514151 0.064854
7 0.501179 0.579498 0.514151 0.054393
