0 0.524764 0.448745 0.033019 0.073222
0 0.491156 0.528243 0.015330 0.043933
0 0.261203 0.359833 0.017689 0.025105
0 0.563679 0.379707 0.014151 0.018828
0 0.527123 0.371339 0.014151 0.023013
0 0.567217 0.523013 0.016509 0.054393
0 0.833726 0.544979 0.023585 0.048117
0 0.017099 0.485356 0.020047 0.033473
0 0.516509 0.421548 0.030660 0.052301
0 0.801297 0.603556 0.130896 0.127615
0 0.446934 0.292887 0.009434 0.016736
0 0.596698 0.528243 0.016509 0.043933
0 0.088443 0.747908 0.049528 0.089958
0 0.450472 0.281381 0.007075 0.014644
0 0.688679 0.621339 0.054245 0.071130
0 0.400354 0.579498 0.027123 0.046025
0 0.584906 0.425732 0.047170 0.085774
0 0.068396 0.514644 0.016509 0.037657
0 0.964033 0.750000 0.069575 0.106695
0 0.491156 0.311715 0.012972 0.016736
0 0.873231 0.536611 0.015330 0.039749
0 0.581958 0.479079 0.038915 0.079498
0 0.505307 0.372385 0.020047 0.046025
0 0.535377 0.523013 0.016509 0.054393
0 0.620873 0.521967 0.017689 0.052301
0 0.504717 0.311715 0.011792 0.016736
0 0.544811 0.385983 0.023585 0.052301
0 0.492335 0.331590 0.012972 0.027197
0 0.501769 0.292887 0.008255 0.016736
1 0.109670 0.654812 0.018868 0.092050
1 0.035967 0.635983 0.017689 0.079498
1 0.939269 0.518828 0.015330 0.050209
1 0.830778 0.476987 0.010613 0.050209
1 0.875590 0.484310 0.010613 0.035565
3 0.482311 0.420502 0.094340 0.263598
3 0.804245 0.711297 0.389151 0.556485
3 0.890920 0.663180 0.215802 0.364017
3 0.229953 0.622385 0.459906 0.734310
3 0.498231 0.668410 0.996462 0.642259
4 0.029481 0.810669 0.042453 0.052301
4 0.456368 0.460251 0.051887 0.188285
4 0.324882 0.443515 0.229953 0.288703
5 0.857311 0.971757 0.028302 0.043933
5 0.349646 0.494770 0.005896 0.010460
5 0.256486 0.594142 0.017689 0.020921
5 0.745873 0.756276 0.024764 0.039749
5 0.553066 0.571130 0.235849 0.050209
5 0.690448 0.553347 0.038915 0.006276
5 0.029481 0.810669 0.042453 0.052301
5 0.420401 0.482218 0.017689 0.060669
5 0.334316 0.525105 0.008255 0.012552
5 0.324292 0.444561 0.228774 0.286611
5 0.314858 0.563808 0.009434 0.014644
5 0.732311 0.575314 0.011792 0.016736
5 0.789505 0.839958 0.022406 0.039749
5 0.456368 0.464435 0.051887 0.179916
5 0.709906 0.687238 0.018868 0.031381
5 0.637382 0.543933 0.015330 0.020921
7 0.459906 0.592050 0.424528 0.050209
