0 0.536557 0.495816 0.016509 0.054393
0 0.557193 0.382845 0.015330 0.041841
0 0.537736 0.360879 0.016509 0.031381
0 0.965212 0.725941 0.067217 0.100418
0 0.938679 0.606695 0.120283 0.138075
0 0.492925 0.408996 0.011792 0.031381
0 0.507665 0.413180 0.008255 0.043933
0 0.525943 0.425732 0.033019 0.077406
0 0.452241 0.248954 0.008255 0.012552
0 0.386792 0.951883 0.033019 0.083682
0 0.802476 0.414226 0.036557 0.071130
0 0.872052 0.502092 0.020047 0.037657
0 0.567807 0.500000 0.017689 0.046025
0 0.015330 0.726987 0.030660 0.148536
0 0.495283 0.307531 0.016509 0.020921
0 0.825472 0.476987 0.014151 0.037657
0 0.503538 0.283473 0.009434 0.018828
0 0.114976 0.631799 0.064858 0.096234
0 0.170991 0.412134 0.021226 0.020921
0 0.501179 0.327406 0.016509 0.023013
0 0.584906 0.398536 0.049528 0.094142
0 0.583726 0.453975 0.037736 0.083682
0 0.920991 0.652720 0.063679 0.075314
0 0.510024 0.365063 0.022406 0.043933
0 0.454599 0.242678 0.008255 0.012552
0 0.636203 0.534519 0.045991 0.060669
0 0.512382 0.308577 0.012972 0.014644
0 0.853184 0.534519 0.017689 0.031381
0 0.598467 0.503138 0.017689 0.043933
1 0.061910 0.621339 0.024764 0.092050
1 0.811910 0.448745 0.010613 0.048117
3 0.229953 0.495816 0.452830 0.548117
3 0.796580 0.696653 0.404481 0.585774
3 0.491156 0.396444 0.109670 0.257322
3 0.890330 0.635983 0.209906 0.364017
3 0.224057 0.615063 0.448113 0.748954
3 0.466392 0.399582 0.069575 0.246862
3 0.498231 0.697699 0.996462 0.583682
4 0.328420 0.408996 0.234670 0.307531
4 0.457547 0.440377 0.047170 0.169456
5 0.747642 0.558577 0.037736 0.033473
5 0.693396 0.528243 0.042453 0.006276
5 0.491745 0.476987 0.004717 0.025105
5 0.864976 0.956067 0.043632 0.075314
5 0.258255 0.567992 0.016509 0.023013
5 0.493514 0.511506 0.005896 0.027197
5 0.746462 0.730126 0.023585 0.041841
5 0.522995 0.528243 0.170991 0.010460
5 0.041274 0.770921 0.023585 0.031381
5 0.336085 0.497908 0.007075 0.012552
5 0.096698 0.702929 0.028302 0.033473
5 0.351415 0.468619 0.007075 0.012552
5 0.684552 0.606695 0.015330 0.025105
5 0.328420 0.407950 0.234670 0.305439
5 0.316627 0.536611 0.008255 0.014644
5 0.457547 0.440377 0.047170 0.169456
5 0.711085 0.661088 0.016509 0.029289
7 0.494104 0.564854 0.516509 0.050209
