0 0.547759 0.506276 0.012972 0.050209
0 0.516509 0.684100 0.070755 0.092050
0 0.541274 0.388075 0.021226 0.039749
0 0.937500 0.723849 0.122642 0.133891
0 0.810142 0.588912 0.047170 0.073222
0 0.016509 0.475941 0.018868 0.031381
0 0.494693 0.394351 0.015330 0.043933
0 0.524764 0.430962 0.033019 0.096234
0 0.508255 0.315900 0.009434 0.025105
0 0.501769 0.343096 0.015330 0.029289
0 0.491156 0.336820 0.010613 0.025105
0 0.890330 0.602510 0.028302 0.079498
0 0.634434 0.730126 0.087264 0.096234
0 0.139151 0.858787 0.056604 0.127615
0 0.650943 0.801255 0.058962 0.104603
0 0.514741 0.368201 0.031840 0.033473
0 0.622052 0.511506 0.017689 0.048117
0 0.491156 0.457113 0.012972 0.039749
0 0.583137 0.466527 0.038915 0.075314
0 0.508255 0.349372 0.021226 0.037657
0 0.891509 0.619247 0.018868 0.046025
0 0.516509 0.311715 0.007075 0.025105
0 0.159788 0.451883 0.015330 0.029289
0 0.989387 0.558577 0.018868 0.046025
0 0.063679 0.501046 0.014151 0.031381
0 0.586085 0.420502 0.044811 0.083682
0 0.597877 0.514644 0.016509 0.050209
0 0.567217 0.514644 0.016509 0.050209
0 0.912736 0.537657 0.018868 0.041841
0 0.633255 0.611925 0.066038 0.064854
0 0.514151 0.407950 0.028302 0.096234
0 0.455189 0.252092 0.009434 0.014644
0 0.534198 0.511506 0.014151 0.056485
0 0.261203 0.349372 0.017689 0.025105
0 0.517099 0.339958 0.012972 0.023013
0 0.505307 0.297071 0.010613 0.016736
1 0.012382 0.630753 0.024764 0.081590
3 0.336085 0.429916 0.247642 0.345188
3 0.770637 0.669456 0.456368 0.640167
3 0.890920 0.653766 0.215802 0.361925
3 0.227005 0.625523 0.454009 0.728033
3 0.498231 0.673640 0.996462 0.631799
4 0.094929 0.721757 0.029481 0.037657
4 0.745873 0.744770 0.024764 0.041841
4 0.030660 0.801255 0.042453 0.054393
4 0.329599 0.422594 0.239387 0.313808
4 0.682783 0.623431 0.016509 0.025105
4 0.456368 0.455021 0.049528 0.177824
4 0.709906 0.675732 0.018868 0.029289
5 0.507075 0.578452 0.518868 0.060669
7 0.508255 0.581590 0.521226 0.054393
7 0.462264 0.583682 0.426887 0.050209
