0 0.794811 0.539749 0.016509 0.033473
0 0.567217 0.525105 0.016509 0.054393
0 0.535377 0.523013 0.014151 0.054393
0 0.052476 0.480126 0.017689 0.031381
0 0.496462 0.414226 0.016509 0.046025
0 0.495873 0.366109 0.015330 0.029289
0 0.456958 0.253138 0.008255 0.012552
0 0.517099 0.433054 0.027123 0.071130
0 0.525943 0.444561 0.033019 0.056485
0 0.826651 0.751046 0.169811 0.150628
0 0.017689 0.487448 0.021226 0.029289
0 0.971698 0.662134 0.054245 0.085774
0 0.897995 0.580544 0.029481 0.060669
0 0.598467 0.530335 0.015330 0.043933
0 0.110259 0.768828 0.090802 0.081590
0 0.497052 0.343096 0.017689 0.025105
0 0.528302 0.372385 0.014151 0.025105
0 0.185142 0.650628 0.068396 0.071130
0 0.516509 0.388075 0.028302 0.023013
0 0.774764 0.574268 0.011792 0.035565
0 0.511203 0.369247 0.017689 0.031381
0 0.517099 0.507322 0.015330 0.048117
0 0.581958 0.419456 0.050708 0.089958
0 0.019458 0.550209 0.017689 0.041841
0 0.543632 0.405858 0.018868 0.037657
0 0.984670 0.606695 0.021226 0.054393
0 0.583726 0.480126 0.040094 0.081590
0 0.262972 0.360879 0.016509 0.023013
0 0.623231 0.521967 0.017689 0.052301
0 0.514151 0.344142 0.014151 0.023013
0 0.620873 0.443515 0.010613 0.033473
0 0.512382 0.324268 0.012972 0.016736
0 0.785377 0.617155 0.018868 0.046025
1 0.876179 0.492678 0.009434 0.048117
1 0.791863 0.585774 0.031840 0.054393
1 0.621462 0.488494 0.016509 0.027197
1 0.957547 0.643305 0.028302 0.115063
1 0.896226 0.558577 0.023585 0.066946
1 0.516509 0.480126 0.018868 0.027197
1 0.982311 0.573222 0.023585 0.071130
1 0.622052 0.503138 0.017689 0.056485
1 0.111439 0.739540 0.038915 0.110879
1 0.190448 0.627615 0.020047 0.087866
1 0.517099 0.489540 0.020047 0.046025
1 0.067807 0.514644 0.012972 0.033473
1 0.983491 0.519874 0.014151 0.043933
1 0.794811 0.517782 0.016509 0.048117
1 0.982311 0.560669 0.023585 0.041841
1 0.598467 0.512552 0.017689 0.066946
1 0.802476 0.632845 0.020047 0.064854
1 0.781840 0.564854 0.016509 0.046025
1 0.620873 0.425732 0.010613 0.023013
1 0.844929 0.489540 0.008255 0.050209
3 0.808373 0.718619 0.380896 0.541841
3 0.333137 0.435146 0.255896 0.351464
3 0.565448 0.428870 0.260613 0.251046
3 0.901533 0.683054 0.194575 0.336820
3 0.226415 0.628661 0.452830 0.721757
3 0.498231 0.668410 0.996462 0.646444
4 0.747052 0.585774 0.038915 0.033473
4 0.637972 0.543933 0.014151 0.020921
4 0.683962 0.633891 0.016509 0.025105
4 0.491156 0.506276 0.005896 0.025105
4 0.858491 0.970711 0.028302 0.041841
4 0.126179 0.609833 0.035377 0.035565
4 0.544222 0.555439 0.213443 0.010460
4 0.030660 0.810669 0.040094 0.052301
4 0.350825 0.495816 0.005896 0.012552
4 0.257075 0.597280 0.014151 0.023013
4 0.335495 0.526151 0.008255 0.010460
4 0.331958 0.424686 0.241745 0.326360
4 0.315448 0.564854 0.008255 0.016736
4 0.493514 0.539749 0.005896 0.029289
4 0.710495 0.687238 0.017689 0.031381
4 0.456958 0.469665 0.048349 0.173640
4 0.422170 0.478033 0.014151 0.052301
4 0.738797 0.744770 0.010613 0.016736
5 0.747052 0.585774 0.038915 0.033473
5 0.637972 0.543933 0.014151 0.020921
5 0.683962 0.633891 0.016509 0.025105
5 0.491156 0.506276 0.005896 0.025105
5 0.858491 0.970711 0.028302 0.041841
5 0.126179 0.609833 0.035377 0.035565
5 0.544222 0.555439 0.213443 0.010460
5 0.030660 0.810669 0.040094 0.052301
5 0.350825 0.495816 0.005896 0.012552
5 0.257075 0.597280 0.014151 0.023013
5 0.335495 0.526151 0.008255 0.010460
5 0.331958 0.424686 0.241745 0.326360
5 0.315448 0.564854 0.008255 0.016736
5 0.493514 0.539749 0.005896 0.029289
5 0.710495 0.687238 0.017689 0.031381
5 0.456958 0.469665 0.048349 0.173640
5 0.422170 0.478033 0.014151 0.052301
5 0.738797 0.744770 0.010613 0.016736
7 0.502358 0.593096 0.525943 0.048117
