0 0.518278 0.447699 0.034198 0.075314
0 0.543042 0.518828 0.012972 0.058577
0 0.485849 0.753138 0.155660 0.150628
0 0.577830 0.490586 0.037736 0.081590
0 0.533608 0.392259 0.020047 0.035565
0 0.255896 0.366109 0.016509 0.020921
0 0.509434 0.375523 0.023585 0.023013
0 0.951061 0.766736 0.038915 0.110879
0 0.859080 0.574268 0.022406 0.035565
0 0.534198 0.383891 0.018868 0.027197
0 0.010024 0.496862 0.020047 0.031381
0 0.511792 0.434100 0.028302 0.081590
0 0.489976 0.384937 0.017689 0.033473
0 0.490566 0.357741 0.021226 0.025105
0 0.808962 0.553347 0.021226 0.035565
0 0.489976 0.422594 0.015330 0.046025
0 0.510613 0.520921 0.018868 0.050209
0 0.453420 0.252092 0.005896 0.010460
0 0.576651 0.430962 0.054245 0.100418
0 0.560731 0.532427 0.017689 0.052301
0 0.495283 0.317992 0.011792 0.020921
0 0.538325 0.415272 0.020047 0.031381
0 0.591981 0.536611 0.014151 0.043933
0 0.438090 0.265690 0.005896 0.008368
0 0.530660 0.531381 0.018868 0.050209
0 0.512972 0.357741 0.018868 0.025105
0 0.552476 0.622385 0.045991 0.081590
0 0.616156 0.532427 0.015330 0.048117
0 0.513561 0.345188 0.017689 0.016736
0 0.659788 0.516736 0.015330 0.041841
1 0.869104 0.498954 0.009434 0.052301
1 0.979953 0.534519 0.014151 0.060669
3 0.783019 0.712343 0.431604 0.554393
3 0.888561 0.679916 0.220519 0.338912
3 0.227594 0.631799 0.455189 0.715481
3 0.460495 0.472803 0.067217 0.175732
3 0.499410 0.665272 0.998821 0.648536
4 0.325472 0.438285 0.242925 0.320084
5 0.500000 0.600418 0.516509 0.054393
7 0.499410 0.601464 0.517689 0.052301
