0 0.511792 0.463389 0.033019 0.060669
0 0.540094 0.336820 0.011792 0.016736
0 0.430425 0.276151 0.007075 0.008368
0 0.518278 0.397490 0.015330 0.029289
0 0.554245 0.542887 0.016509 0.052301
0 0.521226 0.543933 0.014151 0.050209
0 0.533608 0.399582 0.017689 0.020921
0 0.484670 0.393305 0.021226 0.054393
0 0.337854 0.512552 0.012972 0.050209
0 0.483491 0.329498 0.009434 0.014644
0 0.494693 0.323222 0.008255 0.014644
0 0.479363 0.348326 0.012972 0.014644
0 0.962854 0.687238 0.064858 0.081590
0 0.156250 0.745816 0.154481 0.140167
0 0.483491 0.433054 0.016509 0.046025
0 0.584906 0.546025 0.016509 0.046025
0 0.570165 0.439331 0.050708 0.092050
0 0.490566 0.357741 0.011792 0.016736
0 0.505307 0.532427 0.015330 0.048117
0 0.531250 0.420502 0.020047 0.041841
0 0.609670 0.539749 0.016509 0.050209
0 0.569575 0.492678 0.040094 0.069038
0 0.504717 0.442469 0.028302 0.085774
0 0.517099 0.372385 0.017689 0.025105
0 0.493514 0.338912 0.010613 0.016736
1 0.860259 0.508368 0.010613 0.046025
1 0.501769 0.520921 0.017689 0.058577
1 0.961675 0.661088 0.029481 0.096234
1 0.932193 0.537657 0.015330 0.050209
1 0.586085 0.521967 0.018868 0.056485
1 0.608491 0.513598 0.014151 0.043933
3 0.788915 0.718619 0.419811 0.541841
3 0.885024 0.691423 0.227594 0.336820
3 0.223467 0.626569 0.446934 0.725941
3 0.499410 0.669456 0.998821 0.644351
4 0.316038 0.450837 0.240566 0.315900
5 0.491745 0.607741 0.523585 0.060669
7 0.488797 0.611925 0.508255 0.052301
