0 0.530660 0.389121 0.021226 0.029289
0 0.511792 0.535565 0.016509 0.050209
0 0.575472 0.489540 0.040094 0.054393
0 0.490566 0.401674 0.021226 0.041841
0 0.438090 0.280335 0.005896 0.008368
0 0.615566 0.546025 0.016509 0.050209
0 0.015920 0.716527 0.031840 0.094142
0 0.982311 0.658996 0.033019 0.083682
0 0.519458 0.466527 0.031840 0.058577
0 0.254127 0.381799 0.015330 0.023013
0 0.489387 0.437238 0.016509 0.046025
0 0.105542 0.673640 0.057783 0.071130
0 0.576061 0.446653 0.053066 0.102510
0 0.494104 0.353556 0.014151 0.016736
0 0.560142 0.547071 0.016509 0.052301
0 0.574292 0.517782 0.042453 0.110879
0 0.591392 0.548117 0.015330 0.050209
0 0.508844 0.405858 0.029481 0.029289
0 0.511203 0.450837 0.029481 0.073222
0 0.507665 0.355649 0.012972 0.025105
0 0.537736 0.425732 0.018868 0.039749
0 0.529481 0.544979 0.018868 0.052301
1 0.511203 0.518828 0.020047 0.062762
1 0.537736 0.484310 0.016509 0.031381
1 0.981132 0.643305 0.035377 0.089958
1 0.104953 0.654812 0.021226 0.079498
1 0.592571 0.520921 0.017689 0.041841
1 0.615566 0.525105 0.016509 0.058577
1 0.614976 0.513598 0.015330 0.035565
1 0.916863 0.531381 0.012972 0.054393
3 0.801297 0.718619 0.395047 0.541841
3 0.887972 0.697699 0.221698 0.336820
3 0.227005 0.625523 0.454009 0.728033
3 0.227005 0.557531 0.454009 0.596234
3 0.499410 0.673640 0.998821 0.631799
4 0.739976 0.606695 0.036557 0.033473
4 0.630896 0.565900 0.014151 0.018828
4 0.484670 0.530335 0.004717 0.023013
4 0.249410 0.619247 0.017689 0.020921
4 0.487028 0.562762 0.007075 0.029289
4 0.741156 0.778243 0.024764 0.041841
4 0.537146 0.578452 0.218160 0.010460
4 0.021816 0.837866 0.043632 0.052301
4 0.343750 0.517782 0.005896 0.010460
4 0.328420 0.548117 0.008255 0.012552
4 0.450472 0.492678 0.047170 0.169456
4 0.326651 0.437238 0.247642 0.347280
4 0.308962 0.587866 0.009434 0.016736
4 0.683962 0.576360 0.040094 0.006276
4 0.704599 0.708159 0.017689 0.031381
4 0.676887 0.655858 0.016509 0.027197
4 0.087854 0.755230 0.029481 0.033473
5 0.500000 0.611925 0.516509 0.060669
7 0.500000 0.616109 0.516509 0.052301
