0 0.518868 0.479079 0.033019 0.058577
0 0.560731 0.558577 0.017689 0.054393
0 0.510613 0.549163 0.018868 0.048117
0 0.577830 0.515690 0.037736 0.081590
0 0.792453 0.505230 0.035377 0.098326
0 0.488797 0.449791 0.015330 0.046025
0 0.489976 0.415272 0.020047 0.039749
0 0.510024 0.462343 0.027123 0.071130
0 0.896816 0.621339 0.038915 0.066946
0 0.057783 0.537657 0.040094 0.071130
0 0.488208 0.365063 0.011792 0.018828
0 0.635024 0.648536 0.053066 0.071130
0 0.508844 0.425732 0.029481 0.027197
0 0.619693 0.490586 0.010613 0.027197
0 0.514741 0.377615 0.015330 0.023013
0 0.575472 0.459205 0.051887 0.098326
0 0.533019 0.396444 0.021226 0.027197
0 0.120283 0.509414 0.035377 0.064854
0 0.535967 0.444561 0.020047 0.039749
0 0.590802 0.563808 0.016509 0.043933
0 0.437500 0.293933 0.007075 0.010460
0 0.530071 0.558577 0.017689 0.050209
0 0.255896 0.394351 0.016509 0.023013
0 0.615566 0.557531 0.016509 0.048117
1 0.847288 0.526151 0.010613 0.043933
3 0.808962 0.736402 0.379717 0.506276
3 0.888561 0.713389 0.220519 0.326360
3 0.227005 0.628661 0.454009 0.721757
3 0.462264 0.501046 0.073113 0.173640
3 0.499410 0.639121 0.998821 0.700837
3 0.811910 0.739540 0.373821 0.500000
4 0.450472 0.504184 0.047170 0.167364
4 0.326651 0.451883 0.247642 0.347280
5 0.495873 0.624477 0.524764 0.060669
7 0.498231 0.627615 0.520047 0.054393
