0 0.555425 0.566946 0.016509 0.054393
0 0.523585 0.565900 0.014151 0.056485
0 0.498821 0.391213 0.014151 0.020921
0 0.484670 0.425732 0.018868 0.035565
0 0.505896 0.476987 0.028302 0.071130
0 0.864976 0.624477 0.024764 0.048117
0 0.484670 0.400628 0.021226 0.023013
0 0.506486 0.558577 0.015330 0.050209
0 0.040094 0.577406 0.058962 0.096234
0 0.503538 0.429916 0.028302 0.027197
0 0.512972 0.490586 0.033019 0.060669
0 0.814858 0.518828 0.089623 0.133891
0 0.484080 0.461297 0.015330 0.043933
0 0.570755 0.465481 0.051887 0.081590
0 0.501769 0.426778 0.029481 0.029289
0 0.994104 0.700837 0.009434 0.062762
0 0.531250 0.451883 0.020047 0.033473
0 0.826651 0.610879 0.018868 0.041841
0 0.570755 0.524059 0.040094 0.081590
0 0.251179 0.404812 0.016509 0.023013
0 0.584906 0.572176 0.016509 0.048117
0 0.610849 0.563808 0.016509 0.052301
0 0.515330 0.391213 0.016509 0.020921
1 0.172170 0.628661 0.014151 0.081590
3 0.798939 0.732218 0.399764 0.514644
3 0.887382 0.734310 0.222877 0.313808
3 0.224057 0.635983 0.448113 0.702929
3 0.455778 0.512552 0.069575 0.171548
3 0.499410 0.733264 0.998821 0.512552
4 0.320165 0.465481 0.246462 0.336820
5 0.490566 0.633891 0.528302 0.058577
7 0.491156 0.637029 0.527123 0.052301
