0 0.850236 0.630753 0.023585 0.039749
0 0.846108 0.531381 0.140330 0.150628
0 0.479363 0.465481 0.015330 0.043933
0 0.481132 0.422594 0.021226 0.050209
0 0.193396 0.484310 0.122642 0.064854
0 0.501769 0.483264 0.029481 0.071130
0 0.778302 0.587866 0.021226 0.037657
0 0.005896 0.609833 0.011792 0.052301
0 0.491745 0.429916 0.025943 0.027197
0 0.509434 0.493724 0.033019 0.058577
0 0.581958 0.572176 0.017689 0.052301
0 0.004717 0.789749 0.009434 0.110879
0 0.528302 0.451883 0.023585 0.041841
0 0.565448 0.473849 0.053066 0.098326
0 0.804245 0.595188 0.025943 0.052301
0 0.566627 0.520921 0.041274 0.062762
0 0.519458 0.572176 0.015330 0.052301
0 0.245873 0.410042 0.017689 0.020921
0 0.564858 0.543933 0.042453 0.108787
0 0.606132 0.571130 0.016509 0.050209
0 0.640920 0.515690 0.015330 0.039749
1 0.995283 0.572176 0.007075 0.069038
1 0.294811 0.616109 0.018868 0.077406
3 0.889151 0.768828 0.219340 0.328452
3 0.222877 0.637029 0.445755 0.705021
3 0.499410 0.653766 0.998821 0.671548
3 0.704599 0.721757 0.588443 0.535565
4 0.318986 0.467573 0.253538 0.349372
5 0.487028 0.638075 0.514151 0.066946
7 0.485849 0.643305 0.511792 0.056485
