0 0.500000 0.455021 0.016509 0.048117
0 0.540684 0.405858 0.020047 0.037657
0 0.932783 0.728033 0.021226 0.075314
0 0.574292 0.559623 0.018868 0.064854
0 0.914505 0.537657 0.154481 0.175732
0 0.501769 0.412134 0.022406 0.054393
0 0.530660 0.485356 0.033019 0.058577
0 0.039505 0.569038 0.048349 0.062762
0 0.267689 0.403766 0.016509 0.025105
0 0.482311 0.434100 0.007075 0.023013
0 0.587264 0.467573 0.049528 0.094142
0 0.522406 0.555439 0.016509 0.048117
0 0.548349 0.446653 0.018868 0.039749
0 0.714033 0.606695 0.029481 0.054393
0 0.586675 0.519874 0.038915 0.081590
0 0.521816 0.463389 0.029481 0.089958
0 0.449292 0.300209 0.007075 0.010460
0 0.539505 0.561715 0.015330 0.056485
0 0.602594 0.566946 0.016509 0.050209
0 0.627948 0.562762 0.017689 0.050209
0 0.530660 0.385983 0.014151 0.018828
0 0.620873 0.481172 0.012972 0.033473
0 0.343160 0.935146 0.228774 0.117155
0 0.798939 0.534519 0.024764 0.052301
1 0.072524 0.527197 0.012972 0.050209
1 0.436910 0.594142 0.020047 0.071130
3 0.781840 0.680962 0.433962 0.617155
3 0.894458 0.719665 0.208726 0.338912
3 0.232311 0.634937 0.464623 0.709205
3 0.499410 0.643305 0.998821 0.692469
4 0.336675 0.468619 0.241745 0.326360
5 0.510024 0.631799 0.517689 0.058577
7 0.510613 0.634937 0.516509 0.052301
