0 0.526533 0.523013 0.017689 0.050209
0 0.554245 0.410042 0.021226 0.041841
0 0.505896 0.424686 0.016509 0.046025
0 0.507075 0.385983 0.021226 0.048117
0 0.526533 0.442469 0.027123 0.069038
0 0.947524 0.538703 0.102594 0.253138
0 0.534198 0.452929 0.033019 0.056485
0 0.857901 0.589958 0.022406 0.041841
0 0.483491 0.443515 0.009434 0.029289
0 0.592571 0.428870 0.053066 0.092050
0 0.070755 0.521967 0.056604 0.060669
0 0.522995 0.343096 0.020047 0.029289
0 0.593160 0.490586 0.040094 0.081590
0 0.524764 0.398536 0.030660 0.027197
0 0.545991 0.534519 0.016509 0.052301
0 0.607311 0.527197 0.016509 0.066946
0 0.632665 0.530335 0.017689 0.052301
0 0.534788 0.354603 0.012972 0.018828
0 0.037736 0.665272 0.061321 0.054393
0 0.808373 0.490586 0.031840 0.073222
0 0.889741 0.547071 0.015330 0.043933
0 0.845519 0.520921 0.051887 0.058577
1 0.563090 0.567992 0.015330 0.077406
3 0.816627 0.720711 0.359670 0.537657
3 0.897995 0.695607 0.201651 0.320084
3 0.234670 0.618201 0.469340 0.734310
3 0.474646 0.481172 0.069575 0.163180
3 0.499410 0.701883 0.998821 0.575314
4 0.756486 0.593096 0.036557 0.031381
4 0.267689 0.607741 0.014151 0.018828
4 0.647406 0.552301 0.014151 0.020921
4 0.465212 0.480126 0.045991 0.173640
4 0.501179 0.513598 0.004717 0.031381
4 0.868514 0.975941 0.022406 0.035565
4 0.360259 0.507322 0.005896 0.010460
4 0.344929 0.537657 0.008255 0.012552
4 0.553656 0.564854 0.215802 0.012552
4 0.503538 0.551255 0.007075 0.027197
4 0.044222 0.825314 0.041274 0.052301
4 0.325472 0.577406 0.009434 0.016736
4 0.343750 0.426778 0.244104 0.351464
4 0.701061 0.563808 0.038915 0.006276
4 0.721108 0.694561 0.017689 0.029289
4 0.693986 0.642259 0.015330 0.025105
4 0.106722 0.743724 0.029481 0.035565
5 0.517689 0.599372 0.514151 0.064854
7 0.517099 0.602510 0.512972 0.054393
