0 0.807783 0.443515 0.037736 0.046025
0 0.522406 0.438285 0.028302 0.077406
0 0.397406 0.852510 0.212264 0.232218
0 0.501179 0.436192 0.016509 0.035565
0 0.543632 0.376569 0.016509 0.025105
0 0.449882 0.275105 0.005896 0.010460
0 0.891509 0.648536 0.174528 0.380753
0 0.529481 0.461297 0.035377 0.060669
0 0.507665 0.324268 0.010613 0.020921
0 0.588443 0.435146 0.051887 0.087866
0 0.541863 0.325314 0.010613 0.014644
0 0.158608 0.487448 0.038915 0.071130
0 0.549528 0.426778 0.021226 0.037657
0 0.589623 0.494770 0.042453 0.081590
0 0.521226 0.401674 0.030660 0.025105
0 0.531250 0.364017 0.015330 0.020921
0 0.520047 0.345188 0.018868 0.025105
0 0.627948 0.537657 0.017689 0.054393
0 0.195165 0.653766 0.064858 0.052301
0 0.502358 0.390167 0.021226 0.052301
0 0.836675 0.513598 0.067217 0.094142
1 0.032429 0.463389 0.010613 0.052301
1 0.992925 0.538703 0.011792 0.064854
1 0.682193 0.575314 0.010613 0.079498
3 0.808962 0.725941 0.379717 0.527197
3 0.843160 0.796025 0.311321 0.387029
3 0.232901 0.622385 0.465802 0.734310
3 0.493514 0.664226 0.987028 0.650628
4 0.460495 0.491632 0.041274 0.158996
4 0.335495 0.451883 0.237028 0.309623
5 0.510024 0.606695 0.517689 0.062762
7 0.479363 0.611925 0.451651 0.052301
