0 0.571934 0.549163 0.016509 0.056485
0 0.540684 0.391213 0.022406 0.037657
0 0.646816 0.720711 0.180425 0.165272
0 0.530071 0.465481 0.031840 0.052301
0 0.908608 0.804393 0.180425 0.378661
0 0.899764 0.550209 0.073113 0.125523
0 0.500590 0.445607 0.015330 0.037657
0 0.034198 0.573222 0.037736 0.087866
0 0.923349 0.596234 0.054245 0.058577
0 0.472288 0.805439 0.050708 0.100418
0 0.539505 0.548117 0.017689 0.054393
0 0.601415 0.554393 0.016509 0.046025
0 0.501179 0.377615 0.018868 0.018828
0 0.520637 0.345188 0.017689 0.020921
0 0.347877 0.641213 0.058962 0.056485
0 0.501179 0.401674 0.018868 0.050209
0 0.482311 0.438285 0.009434 0.023013
0 0.587264 0.496862 0.040094 0.064854
0 0.514741 0.407950 0.022406 0.033473
0 0.521816 0.539749 0.015330 0.046025
0 0.547170 0.433054 0.021226 0.033473
0 0.587854 0.445607 0.050708 0.083682
0 0.520637 0.449791 0.027123 0.087866
0 0.267099 0.387029 0.017689 0.020921
0 0.625000 0.546025 0.018868 0.054393
0 0.530071 0.371339 0.012972 0.018828
0 0.799528 0.509414 0.023585 0.056485
0 0.566627 0.819038 0.060142 0.106695
0 0.403892 0.946653 0.069575 0.098326
0 0.508844 0.334728 0.010613 0.016736
1 0.987028 0.551255 0.011792 0.064854
1 0.781250 0.589958 0.017689 0.075314
1 0.969340 0.539749 0.011792 0.062762
3 0.706368 0.723849 0.238208 0.531381
3 0.894458 0.597280 0.208726 0.127615
3 0.231132 0.628661 0.462264 0.721757
3 0.471108 0.453975 0.069575 0.251046
3 0.410967 0.674686 0.821934 0.633891
3 0.623821 0.722803 0.400943 0.533473
4 0.455189 0.508368 0.035377 0.146444
4 0.336675 0.455021 0.241745 0.320084
5 0.509434 0.612971 0.514151 0.062762
7 0.468160 0.616109 0.429245 0.056485
