0 0.539505 0.542887 0.020047 0.052301
0 0.570755 0.542887 0.016509 0.056485
0 0.499410 0.434100 0.012972 0.048117
0 0.548349 0.705021 0.044811 0.083682
0 0.541274 0.381799 0.018868 0.031381
0 0.757665 0.687238 0.152123 0.148536
0 0.545991 0.427824 0.021226 0.031381
0 0.896226 0.732218 0.181604 0.158996
0 0.853184 0.574268 0.137972 0.152720
0 0.021226 0.506276 0.021226 0.037657
0 0.586085 0.488494 0.040094 0.056485
0 0.529481 0.366109 0.014151 0.020921
0 0.500590 0.391213 0.022406 0.050209
0 0.635024 0.713389 0.027123 0.058577
0 0.483491 0.612971 0.056604 0.058577
0 0.266509 0.380753 0.018868 0.025105
0 0.528302 0.461297 0.030660 0.052301
0 0.488797 0.468619 0.010613 0.029289
0 0.547170 0.411088 0.023585 0.031381
0 0.821344 0.491632 0.055425 0.046025
0 0.586085 0.436192 0.051887 0.085774
0 0.515920 0.355649 0.017689 0.029289
0 0.600236 0.546025 0.016509 0.050209
0 0.520047 0.444561 0.028302 0.085774
0 0.666274 0.776151 0.040094 0.066946
0 0.623821 0.539749 0.018868 0.058577
0 0.595519 0.728033 0.033019 0.096234
0 0.534198 0.351464 0.014151 0.020921
0 0.782429 0.621339 0.121462 0.066946
0 0.520047 0.531381 0.018868 0.050209
1 0.024175 0.647490 0.020047 0.081590
1 0.966392 0.538703 0.012972 0.069038
3 0.814269 0.725941 0.369104 0.527197
3 0.231132 0.624477 0.462264 0.725941
3 0.497642 0.696653 0.995283 0.585774
3 0.424528 0.737448 0.849057 0.504184
4 0.034198 0.833682 0.040094 0.052301
4 0.335495 0.443515 0.244104 0.334728
4 0.454599 0.502092 0.036557 0.146444
5 0.500000 0.610879 0.507075 0.058577
7 0.502358 0.614017 0.502358 0.052301
