0 0.885024 0.509414 0.060142 0.098326
0 0.704009 0.570084 0.181604 0.140167
0 0.501179 0.466527 0.011792 0.033473
0 0.067217 0.493724 0.016509 0.033473
0 0.537736 0.450837 0.033019 0.052301
0 0.596698 0.487448 0.040094 0.079498
0 0.537146 0.356695 0.012972 0.023013
0 0.039505 0.685146 0.055425 0.056485
0 0.508255 0.424686 0.016509 0.033473
0 0.117925 0.461297 0.025943 0.039749
0 0.950472 0.677824 0.096698 0.146444
0 0.547759 0.533473 0.017689 0.054393
0 0.849646 0.593096 0.024764 0.060669
0 0.679245 0.670502 0.040094 0.073222
0 0.509434 0.383891 0.021226 0.052301
0 0.550708 0.377615 0.016509 0.018828
0 0.275354 0.373431 0.017689 0.023013
0 0.209906 0.684100 0.066038 0.079498
0 0.478774 0.439331 0.011792 0.029289
0 0.556604 0.408996 0.023585 0.043933
0 0.527123 0.394351 0.030660 0.031381
0 0.500590 0.783473 0.050708 0.102510
0 0.840802 0.661088 0.035377 0.054393
0 0.551887 0.350418 0.016509 0.023013
0 0.033608 0.500000 0.020047 0.033473
0 0.595519 0.427824 0.051887 0.081590
0 0.526533 0.346234 0.017689 0.031381
0 0.788915 0.675732 0.042453 0.079498
0 0.530660 0.425732 0.028302 0.064854
0 0.536557 0.626569 0.115566 0.106695
0 0.675708 0.768828 0.183962 0.169456
0 0.749410 0.653766 0.034198 0.052301
0 0.817217 0.513598 0.040094 0.064854
1 0.977005 0.536611 0.012972 0.073222
1 0.133255 0.607741 0.023585 0.098326
3 0.902123 0.701883 0.193396 0.324268
3 0.236439 0.619247 0.472877 0.740586
3 0.567807 0.492678 0.234670 0.156904
3 0.499410 0.688285 0.998821 0.606695
4 0.045991 0.824268 0.040094 0.050209
4 0.347288 0.426778 0.246462 0.347280
5 0.387972 0.604603 0.275943 0.050209
7 0.388561 0.604603 0.274764 0.050209
