0 0.558962 0.546025 0.016509 0.062762
0 0.504717 0.366109 0.014151 0.020921
0 0.844929 0.620293 0.017689 0.023013
0 0.008844 0.513598 0.017689 0.031381
0 0.146816 0.511506 0.017689 0.031381
0 0.515330 0.466527 0.035377 0.054393
0 0.885024 0.711297 0.192217 0.192469
0 0.791274 0.469665 0.035377 0.073222
0 0.793042 0.624477 0.022406 0.060669
0 0.488208 0.439331 0.016509 0.046025
0 0.092571 0.467573 0.022406 0.031381
0 0.589623 0.553347 0.018868 0.043933
0 0.490566 0.380753 0.021226 0.020921
0 0.490566 0.395397 0.021226 0.046025
0 0.253538 0.387029 0.018868 0.025105
0 0.370283 0.553347 0.125000 0.119247
0 0.833726 0.554393 0.066038 0.066946
0 0.461675 0.487448 0.012972 0.041841
0 0.702241 0.604603 0.057783 0.054393
0 0.433373 0.677824 0.053066 0.075314
0 0.876769 0.603556 0.017689 0.023013
0 0.534788 0.369247 0.017689 0.018828
0 0.492925 0.531381 0.018868 0.041841
0 0.218750 0.662134 0.126179 0.115063
0 0.987618 0.702929 0.022406 0.083682
0 0.790684 0.543933 0.020047 0.046025
0 0.575472 0.447699 0.051887 0.079498
0 0.914505 0.550209 0.067217 0.104603
0 0.770637 0.670502 0.036557 0.052301
0 0.665094 0.671548 0.061321 0.079498
0 0.535967 0.430962 0.020047 0.037657
0 0.508255 0.441423 0.028302 0.071130
0 0.436321 0.283473 0.007075 0.010460
0 0.527123 0.548117 0.016509 0.054393
0 0.576061 0.504184 0.041274 0.083682
0 0.625000 0.637029 0.037736 0.069038
0 0.505307 0.356695 0.020047 0.031381
0 0.612618 0.546025 0.017689 0.054393
0 0.517099 0.370293 0.012972 0.016736
0 0.527712 0.334728 0.012972 0.016736
0 0.231132 0.810669 0.195755 0.177824
0 0.481722 0.335774 0.010613 0.014644
0 0.496462 0.323222 0.009434 0.014644
1 0.979363 0.547071 0.017689 0.064854
1 0.202241 0.604603 0.012972 0.058577
3 0.792453 0.721757 0.412736 0.535565
3 0.795991 0.722803 0.405660 0.533473
3 0.227005 0.624477 0.454009 0.730126
3 0.596108 0.651674 0.477594 0.675732
4 0.020637 0.841004 0.041274 0.054393
4 0.330189 0.441423 0.228774 0.317992
5 0.448703 0.615063 0.347877 0.054393
7 0.445755 0.619247 0.341981 0.050209
