0 0.533019 0.381799 0.016509 0.023013
0 0.471108 0.688285 0.069575 0.075314
0 0.573703 0.505230 0.036557 0.060669
0 0.502358 0.382845 0.011792 0.020921
0 0.557193 0.555439 0.017689 0.060669
0 0.486439 0.450837 0.015330 0.048117
0 0.488797 0.389121 0.020047 0.020921
0 0.528892 0.404812 0.020047 0.027197
0 0.515330 0.476987 0.033019 0.050209
0 0.856722 0.714435 0.187500 0.186192
0 0.516509 0.382845 0.011792 0.020921
0 0.790094 0.482218 0.037736 0.077406
0 0.488797 0.410042 0.020047 0.037657
0 0.089033 0.479079 0.022406 0.033473
0 0.480542 0.349372 0.010613 0.016736
0 0.342571 0.555439 0.095519 0.127615
0 0.836085 0.561715 0.063679 0.060669
0 0.459906 0.502092 0.014151 0.041841
0 0.183373 0.675732 0.128538 0.112971
0 0.985259 0.739540 0.027123 0.135983
0 0.533019 0.438285 0.021226 0.043933
0 0.573703 0.456067 0.050708 0.083682
0 0.918042 0.561715 0.069575 0.106695
0 0.698113 0.680962 0.063679 0.073222
0 0.587854 0.561715 0.017689 0.048117
0 0.507665 0.460251 0.027123 0.058577
0 0.435142 0.293933 0.007075 0.010460
0 0.251769 0.396444 0.017689 0.023013
0 0.601415 0.647490 0.056604 0.064854
0 0.610259 0.552301 0.020047 0.062762
0 0.777123 0.544979 0.014151 0.043933
0 0.182193 0.820084 0.196934 0.175732
1 0.209906 0.602510 0.011792 0.033473
1 0.848467 0.591004 0.022406 0.056485
1 0.484670 0.506276 0.011792 0.033473
1 0.460495 0.490586 0.012972 0.048117
1 0.800118 0.605649 0.022406 0.060669
1 0.046580 0.554393 0.017689 0.046025
1 0.147995 0.486402 0.015330 0.031381
1 0.448703 0.649582 0.015330 0.056485
1 0.129127 0.511506 0.012972 0.027197
1 0.829599 0.589958 0.012972 0.066946
1 0.783608 0.592050 0.012972 0.037657
1 0.708726 0.586820 0.018868 0.077406
1 0.495283 0.506276 0.016509 0.029289
1 0.872052 0.596234 0.015330 0.046025
1 0.979363 0.556485 0.015330 0.062762
1 0.790684 0.624477 0.027123 0.060669
1 0.603774 0.635983 0.018868 0.096234
1 0.468160 0.662134 0.018868 0.081590
1 0.701061 0.657950 0.024764 0.089958
3 0.090212 0.564854 0.180425 0.184100
3 0.800118 0.729079 0.392689 0.520921
3 0.226415 0.629707 0.452830 0.719665
3 0.497052 0.643305 0.994104 0.692469
3 0.808962 0.734310 0.379717 0.510460
4 0.083137 0.768828 0.029481 0.035565
4 0.019458 0.851464 0.038915 0.054393
4 0.443986 0.512552 0.041274 0.154812
4 0.331368 0.448745 0.226415 0.311715
5 0.460495 0.625523 0.442217 0.062762
7 0.459906 0.630753 0.443396 0.052301
