0 0.553066 0.278243 0.007075 0.020921
0 0.834316 0.512552 0.062500 0.071130
0 0.420401 0.300209 0.027123 0.048117
0 0.445755 0.188285 0.007075 0.016736
0 0.274175 0.598326 0.086085 0.138075
0 0.471108 0.211297 0.008255 0.016736
0 0.005896 0.670502 0.011792 0.056485
0 0.945755 0.508368 0.106132 0.117155
0 0.341981 0.474895 0.047170 0.108787
0 0.075472 0.844142 0.150943 0.194561
0 0.287736 0.294979 0.018868 0.025105
0 0.369104 0.425732 0.014151 0.027197
0 0.216981 0.566946 0.073113 0.096234
0 0.337264 0.373431 0.011792 0.031381
0 0.478184 0.189331 0.008255 0.014644
0 0.021816 0.622385 0.038915 0.077406
0 0.913325 0.416318 0.020047 0.037657
0 0.571344 0.338912 0.010613 0.033473
0 0.457547 0.244770 0.014151 0.029289
0 0.969929 0.432008 0.057783 0.052301
0 0.558962 0.378661 0.011792 0.037657
0 0.663915 0.719665 0.047170 0.133891
0 0.067807 0.588912 0.034198 0.060669
0 0.525354 0.285565 0.008255 0.023013
0 0.468750 0.271967 0.010613 0.020921
0 0.492335 0.424686 0.045991 0.083682
0 0.540094 0.314854 0.009434 0.027197
0 0.529481 0.240586 0.016509 0.025105
0 0.600236 0.348326 0.011792 0.027197
0 0.512972 0.232218 0.011792 0.020921
0 0.362028 0.361925 0.030660 0.066946
0 0.863797 0.424686 0.027123 0.041841
1 0.145047 0.508368 0.016509 0.079498
3 0.610849 0.355649 0.129717 0.209205
3 0.789505 0.638075 0.418632 0.694561
3 0.577830 0.358787 0.181604 0.211297
3 0.908608 0.554393 0.180425 0.313808
3 0.231722 0.640167 0.463443 0.702929
3 0.494693 0.385983 0.062500 0.165272
3 0.659788 0.356695 0.182783 0.194561
3 0.534788 0.357741 0.104953 0.213389
4 0.641509 0.400628 0.068396 0.110879
4 0.576651 0.465481 0.214623 0.018828
4 0.784198 0.650628 0.025943 0.041841
4 0.575472 0.414226 0.009434 0.020921
4 0.932193 0.908996 0.090802 0.156904
4 0.345519 0.492678 0.009434 0.018828
4 0.291274 0.520921 0.011792 0.012552
4 0.746462 0.581590 0.018868 0.029289
4 0.364976 0.450837 0.008255 0.014644
4 0.133844 0.669456 0.029481 0.037657
4 0.518868 0.397490 0.004717 0.012552
4 0.295991 0.453975 0.099057 0.129707
4 0.520047 0.421548 0.004717 0.023013
4 0.085495 0.735356 0.012972 0.018828
4 0.485259 0.384937 0.045991 0.175732
4 0.522406 0.452929 0.007075 0.023013
4 0.585495 0.448745 0.012972 0.031381
4 0.568986 0.390167 0.005896 0.018828
4 0.716981 0.531381 0.016509 0.025105
4 0.723467 0.452929 0.041274 0.010460
4 0.619104 0.371339 0.113208 0.169456
5 0.559552 0.497908 0.482311 0.092050
7 0.558962 0.503138 0.483491 0.081590
