0 0.562500 0.375523 0.011792 0.031381
0 0.549528 0.330544 0.009434 0.029289
0 0.606722 0.388075 0.012972 0.035565
0 0.591392 0.307531 0.008255 0.020921
0 0.044811 0.614017 0.028302 0.064854
0 0.366156 0.471757 0.050708 0.089958
0 0.453420 0.313808 0.015330 0.033473
0 0.477594 0.206067 0.007075 0.010460
0 0.893278 0.510460 0.031840 0.075314
0 0.007665 0.668410 0.015330 0.073222
0 0.403302 0.324268 0.021226 0.029289
0 0.829599 0.523013 0.062500 0.066946
0 0.310142 0.346234 0.018868 0.031381
0 0.053656 0.444561 0.020047 0.027197
0 0.947524 0.514644 0.102594 0.117155
0 0.351415 0.429916 0.044811 0.060669
0 0.597288 0.428870 0.015330 0.033473
0 0.032429 0.629707 0.027123 0.075314
0 0.438679 0.287657 0.021226 0.035565
0 0.291863 0.302301 0.020047 0.023013
0 0.439858 0.321130 0.021226 0.035565
0 0.530071 0.236402 0.008255 0.016736
0 0.377358 0.338912 0.009434 0.025105
0 0.262972 0.528243 0.066038 0.094142
0 0.986439 0.607741 0.024764 0.085774
0 0.403302 0.312762 0.025943 0.048117
0 0.143868 0.571130 0.117925 0.171548
0 0.467571 0.236402 0.010613 0.025105
0 0.977005 0.441423 0.043632 0.046025
0 0.069575 0.589958 0.033019 0.066946
0 0.495283 0.433054 0.047170 0.083682
0 0.584316 0.491632 0.020047 0.071130
0 0.540094 0.259414 0.016509 0.025105
0 0.636203 0.465481 0.017689 0.048117
0 0.517099 0.255230 0.012972 0.020921
0 0.839623 0.429916 0.021226 0.031381
0 0.573703 0.310669 0.008255 0.023013
0 0.142099 0.783473 0.045991 0.127615
0 0.683373 0.439331 0.015330 0.050209
1 0.807783 0.447699 0.018868 0.083682
1 0.556014 0.290795 0.008255 0.029289
1 0.573703 0.299163 0.008255 0.025105
1 0.034198 0.571130 0.025943 0.041841
1 0.835495 0.496862 0.020047 0.077406
1 0.604953 0.373431 0.014151 0.052301
1 0.548939 0.304393 0.008255 0.027197
1 0.005307 0.435146 0.010613 0.050209
1 0.897995 0.393305 0.012972 0.054393
1 0.597877 0.396444 0.016509 0.043933
1 0.583726 0.458159 0.018868 0.062762
1 0.636203 0.436192 0.020047 0.056485
1 0.142099 0.746862 0.038915 0.092050
1 0.992335 0.393305 0.012972 0.046025
1 0.056014 0.557531 0.020047 0.039749
1 0.590802 0.300209 0.007075 0.023013
1 0.683373 0.415272 0.020047 0.056485
1 0.008255 0.550209 0.016509 0.054393
1 0.012972 0.620293 0.018868 0.085774
1 0.988797 0.550209 0.020047 0.062762
1 0.902712 0.473849 0.027123 0.048117
1 0.056604 0.572176 0.021226 0.069038
1 0.562500 0.357741 0.014151 0.037657
1 0.571344 0.273013 0.005896 0.018828
1 0.839033 0.407950 0.017689 0.050209
1 0.915684 0.462343 0.012972 0.041841
3 0.761792 0.367155 0.360849 0.265690
3 0.800118 0.649582 0.397406 0.667364
3 0.579009 0.370293 0.186321 0.205021
3 0.195165 0.669456 0.390330 0.640167
3 0.497642 0.660042 0.995283 0.658996
4 0.075472 0.759414 0.040094 0.050209
5 0.527123 0.460251 0.007075 0.025105
5 0.936321 0.915272 0.091981 0.152720
5 0.523585 0.427824 0.004717 0.023013
5 0.787736 0.657950 0.025943 0.039749
5 0.749410 0.589958 0.017689 0.029289
5 0.075472 0.759414 0.040094 0.050209
5 0.331958 0.418410 0.097877 0.121339
5 0.522406 0.398536 0.004717 0.023013
5 0.556604 0.405858 0.009434 0.016736
5 0.488208 0.383891 0.049528 0.186192
5 0.834906 0.736402 0.023585 0.033473
5 0.395637 0.396444 0.225236 0.165272
5 0.134434 0.678870 0.021226 0.027197
5 0.008844 0.851464 0.017689 0.029289
5 0.728184 0.460251 0.045991 0.008368
5 0.585495 0.473849 0.170991 0.018828
5 0.578420 0.420502 0.008255 0.020921
5 0.572524 0.397490 0.008255 0.016736
5 0.720519 0.539749 0.016509 0.025105
5 0.630896 0.390167 0.094340 0.144351
7 0.549528 0.509414 0.502358 0.085774
