0 0.545991 0.265690 0.018868 0.029289
0 0.830778 0.515690 0.067217 0.069038
0 0.478774 0.187238 0.007075 0.014644
0 0.571344 0.314854 0.008255 0.027197
0 0.044222 0.611925 0.024764 0.060669
0 0.470519 0.218619 0.011792 0.027197
0 0.425708 0.296025 0.016509 0.035565
0 0.311321 0.338912 0.016509 0.033473
0 0.053066 0.438285 0.021226 0.031381
0 0.941627 0.509414 0.114387 0.119247
0 0.311321 0.513598 0.016509 0.043933
0 0.563679 0.411088 0.014151 0.039749
0 0.890920 0.504184 0.029481 0.075314
0 0.344929 0.393305 0.038915 0.054393
0 0.024764 0.624477 0.042453 0.077406
0 0.447524 0.266736 0.017689 0.027197
0 0.178656 0.623431 0.116745 0.150628
0 0.290684 0.296025 0.020047 0.023013
0 0.262382 0.427824 0.060142 0.106695
0 0.751179 0.855649 0.054245 0.154812
0 0.454599 0.294979 0.017689 0.033473
0 0.534788 0.241632 0.010613 0.018828
0 0.593750 0.336820 0.010613 0.029289
0 0.561321 0.345188 0.011792 0.029289
0 0.007075 0.670502 0.014151 0.060669
0 0.600825 0.470711 0.015330 0.054393
0 0.978184 0.441423 0.041274 0.054393
0 0.638561 0.605649 0.022406 0.085774
0 0.070755 0.585774 0.030660 0.071130
0 0.465212 0.287657 0.010613 0.027197
0 0.519458 0.263598 0.015330 0.029289
0 0.495283 0.426778 0.047170 0.083682
0 0.523585 0.231172 0.014151 0.027197
0 0.665094 0.550209 0.021226 0.066946
0 0.623231 0.333682 0.010613 0.031381
0 0.629127 0.805439 0.050708 0.146444
0 0.840802 0.381799 0.042453 0.069038
1 0.034198 0.566946 0.025943 0.041841
1 0.623231 0.317992 0.010613 0.020921
1 0.571344 0.308577 0.008255 0.031381
1 0.561321 0.256276 0.004717 0.014644
1 0.989387 0.390167 0.018868 0.043933
1 0.752358 0.782427 0.047170 0.121339
1 0.806604 0.439331 0.018868 0.083682
1 0.913915 0.451883 0.009434 0.033473
1 0.053656 0.574268 0.020047 0.077406
1 0.561321 0.335774 0.011792 0.039749
1 0.007075 0.564854 0.014151 0.046025
1 0.403302 0.300209 0.009434 0.027197
1 0.899764 0.462343 0.025943 0.037657
1 0.622642 0.694561 0.021226 0.058577
1 0.031840 0.602510 0.035377 0.112971
1 0.311910 0.483264 0.020047 0.054393
1 0.560142 0.326360 0.009434 0.020921
1 0.834906 0.490586 0.023585 0.077406
1 0.584906 0.285565 0.007075 0.023013
1 0.567217 0.290795 0.007075 0.020921
1 0.149764 0.506276 0.016509 0.083682
1 0.875000 0.381799 0.011792 0.048117
1 0.638561 0.565900 0.029481 0.085774
1 0.563679 0.382845 0.018868 0.041841
1 0.620283 0.726987 0.025943 0.123431
1 0.599057 0.443515 0.023585 0.062762
1 0.593750 0.316946 0.008255 0.018828
1 0.627948 0.742678 0.034198 0.125523
1 0.665684 0.515690 0.027123 0.085774
1 0.403302 0.392259 0.016509 0.023013
3 0.604363 0.370293 0.137972 0.179916
3 0.814269 0.656904 0.369104 0.661088
3 0.577830 0.373431 0.181604 0.186192
3 0.200472 0.654812 0.400943 0.669456
3 0.201651 0.576360 0.403302 0.520921
3 0.494104 0.660042 0.988208 0.658996
4 0.934552 0.907950 0.090802 0.150628
4 0.293042 0.525105 0.015330 0.020921
4 0.367335 0.453975 0.008255 0.012552
4 0.525354 0.453975 0.005896 0.029289
4 0.787736 0.651674 0.025943 0.039749
4 0.008255 0.848326 0.016509 0.027197
4 0.348467 0.492678 0.008255 0.014644
4 0.488797 0.383891 0.045991 0.177824
4 0.324882 0.424686 0.159198 0.200837
4 0.639741 0.393305 0.079009 0.125523
4 0.727594 0.453975 0.044811 0.008368
4 0.719929 0.532427 0.015330 0.023013
4 0.748821 0.583682 0.018868 0.029289
4 0.074882 0.755230 0.038915 0.050209
4 0.639741 0.393305 0.079009 0.125523
5 0.934552 0.907950 0.090802 0.150628
5 0.293042 0.525105 0.015330 0.020921
5 0.367335 0.453975 0.008255 0.012552
5 0.525354 0.453975 0.005896 0.029289
5 0.787736 0.651674 0.025943 0.039749
5 0.008255 0.848326 0.016509 0.027197
5 0.348467 0.492678 0.008255 0.014644
5 0.488797 0.383891 0.045991 0.177824
5 0.324882 0.424686 0.159198 0.200837
5 0.639741 0.393305 0.079009 0.125523
5 0.727594 0.453975 0.044811 0.008368
5 0.719929 0.532427 0.015330 0.023013
5 0.748821 0.583682 0.018868 0.029289
5 0.074882 0.755230 0.038915 0.050209
5 0.639741 0.393305 0.079009 0.125523
7 0.546580 0.505230 0.505896 0.085774
