0 0.543750 0.605208 0.087500 0.071875
0 0.654861 0.483724 0.031944 0.013281
0 0.735880 0.669531 0.204167 0.188542
0 0.592824 0.491146 0.031019 0.016667
0 0.957407 0.711589 0.084259 0.045052
0 0.864583 0.578125 0.028241 0.024479
0 0.473843 0.510026 0.013426 0.014323
0 0.467361 0.675651 0.171759 0.160677
0 0.793981 0.500391 0.025000 0.013802
0 0.774074 0.497266 0.018519 0.015365
0 0.913657 0.568620 0.031019 0.030469
0 0.176157 0.714323 0.055093 0.054688
0 0.497917 0.476953 0.007870 0.010677
0 0.468750 0.535937 0.016204 0.016146
0 0.578009 0.475521 0.031019 0.010417
0 0.436111 0.492318 0.023148 0.016406
0 0.371528 0.572135 0.026389 0.027083
0 0.412269 0.508333 0.014352 0.016146
0 0.579167 0.575000 0.032407 0.029167
0 0.646528 0.501563 0.047685 0.021875
0 0.616435 0.497526 0.031944 0.015885
0 0.925694 0.535026 0.022685 0.025260
0 0.604398 0.799479 0.041204 0.072917
0 0.706481 0.552604 0.024074 0.031771
0 0.564352 0.495703 0.034259 0.016406
0 0.413657 0.933984 0.285648 0.131510
0 0.810648 0.541276 0.018519 0.023177
1 0.747222 0.563021 0.013889 0.026042
1 0.816898 0.511849 0.013426 0.021615
1 0.938194 0.547526 0.008796 0.029427
1 0.671296 0.524740 0.013889 0.025000
1 0.688657 0.519141 0.010648 0.022135
1 0.971528 0.569401 0.019907 0.025260
1 0.650463 0.509375 0.012963 0.022396
1 0.919444 0.539583 0.040741 0.037500
1 0.700000 0.524349 0.010185 0.017969
1 0.989583 0.569531 0.019907 0.027083
1 0.750000 0.542448 0.015741 0.019792
1 0.634491 0.488151 0.009722 0.011719
1 0.990741 0.542708 0.017593 0.025521
1 0.818287 0.625651 0.019907 0.040885
1 0.779398 0.572917 0.017130 0.031250
1 0.807176 0.510547 0.008796 0.023698
1 0.762500 0.569271 0.018519 0.020313
1 0.893287 0.531380 0.014352 0.026302
3 0.306481 0.734115 0.612963 0.527604
3 0.760417 0.743229 0.478241 0.513021
3 0.498611 0.731380 0.997222 0.536719
4 0.414352 0.610807 0.010185 0.010677
4 0.225231 0.643880 0.450463 0.341406
4 0.427083 0.581380 0.008796 0.007552
4 0.720602 0.896354 0.111574 0.206771
4 0.553935 0.687630 0.012500 0.021094
4 0.253704 0.905469 0.051852 0.070833
4 0.667593 0.894271 0.082407 0.210938
4 0.381250 0.656641 0.012500 0.016927
4 0.340509 0.735156 0.024537 0.029167
4 0.522685 0.562891 0.006481 0.007031
4 0.851389 0.839583 0.036111 0.032813
4 0.419676 0.581250 0.007870 0.007292
4 0.074537 0.755208 0.149074 0.118229
4 0.597917 0.863932 0.081944 0.271615
4 0.359259 0.736979 0.022222 0.029167
4 0.405093 0.610807 0.010185 0.010677
4 0.279630 0.909375 0.050926 0.075000
4 0.431019 0.560156 0.007407 0.005729
5 0.414583 0.610807 0.009722 0.010677
5 0.519907 0.552344 0.006481 0.005729
5 0.427315 0.581380 0.008333 0.007552
5 0.720139 0.896484 0.110648 0.206510
5 0.074306 0.755208 0.148611 0.118229
5 0.419676 0.581250 0.007870 0.007292
5 0.553935 0.687630 0.012500 0.021094
5 0.253704 0.905469 0.051852 0.070833
5 0.431250 0.560286 0.007870 0.005990
5 0.667593 0.899870 0.081481 0.199740
5 0.381250 0.656771 0.012500 0.016667
5 0.340741 0.735156 0.024074 0.029167
5 0.522685 0.562891 0.006481 0.007031
5 0.851389 0.839583 0.036111 0.032813
5 0.597685 0.863932 0.081481 0.271615
5 0.359259 0.736849 0.022222 0.028906
5 0.405093 0.610807 0.010185 0.010677
5 0.279630 0.909375 0.050926 0.075000
