0 0.530071 0.277197 0.010613 0.031381
0 0.081958 0.426778 0.020047 0.041841
0 0.437500 0.266736 0.014151 0.027197
0 0.548939 0.282427 0.020047 0.029289
0 0.389741 0.328452 0.024764 0.025105
0 0.071934 0.597280 0.047170 0.060669
0 0.446934 0.316946 0.018868 0.031381
0 0.902712 0.523013 0.135613 0.121339
0 0.520047 0.284519 0.018868 0.033473
0 0.471108 0.211297 0.010613 0.020921
0 0.584906 0.352510 0.011792 0.031381
0 0.049528 0.441423 0.021226 0.029289
0 0.596698 0.673640 0.021226 0.087866
0 0.027712 0.625523 0.048349 0.079498
0 0.452241 0.262552 0.015330 0.027197
0 0.430425 0.327406 0.023585 0.014644
0 0.288325 0.298117 0.020047 0.023013
0 0.477005 0.182008 0.005896 0.012552
0 0.338443 0.351464 0.037736 0.066946
0 0.294222 0.453975 0.062500 0.087866
0 0.691627 0.792887 0.036557 0.112971
0 0.304835 0.346234 0.020047 0.031381
0 0.202830 0.553347 0.028302 0.056485
0 0.608491 0.389121 0.014151 0.037657
0 0.436910 0.287657 0.012972 0.023013
0 0.375000 0.396444 0.011792 0.031381
0 0.580189 0.315900 0.011792 0.029289
0 0.005307 0.674686 0.010613 0.056485
0 0.886203 0.439331 0.038915 0.046025
0 0.820165 0.519874 0.053066 0.064854
0 0.577241 0.402720 0.015330 0.039749
0 0.462854 0.278243 0.015330 0.029289
0 0.491745 0.429916 0.047170 0.085774
0 0.515330 0.254184 0.016509 0.023013
0 0.637972 0.400628 0.011792 0.035565
0 0.601415 0.311715 0.007075 0.025105
0 0.183962 0.654812 0.103774 0.146444
0 0.987028 0.473849 0.023585 0.085774
1 0.153892 0.512552 0.020047 0.079498
3 0.534788 0.383891 0.104953 0.165272
3 0.346698 0.426778 0.212264 0.255230
3 0.808962 0.651674 0.379717 0.667364
3 0.206958 0.646444 0.413915 0.686192
3 0.646226 0.345188 0.200472 0.221757
3 0.494104 0.662134 0.988208 0.654812
3 0.604953 0.337866 0.141509 0.253138
3 0.620283 0.729079 0.669811 0.520921
3 0.607311 0.378661 0.136792 0.171548
4 0.071934 0.757322 0.040094 0.050209
5 0.409788 0.668410 0.060142 0.010460
5 0.932193 0.912134 0.090802 0.154812
5 0.659788 0.435146 0.031840 0.050209
5 0.346108 0.495816 0.008255 0.016736
5 0.123231 0.687238 0.010613 0.010460
5 0.371462 0.362971 0.099057 0.119247
5 0.293042 0.524059 0.022406 0.031381
5 0.521816 0.456067 0.005896 0.025105
5 0.784198 0.654812 0.025943 0.037657
5 0.745873 0.585774 0.017689 0.029289
5 0.071934 0.757322 0.040094 0.050209
5 0.252948 0.511506 0.024764 0.031381
5 0.006486 0.848326 0.012972 0.023013
5 0.617925 0.374477 0.115566 0.171548
5 0.586085 0.469665 0.191038 0.018828
5 0.584906 0.451883 0.011792 0.029289
5 0.716981 0.535565 0.016509 0.025105
5 0.363797 0.456067 0.008255 0.012552
7 0.540094 0.510460 0.518868 0.083682
