0 0.593519 0.477865 0.025000 0.012500
0 0.680324 0.477734 0.017130 0.011198
0 0.751852 0.664583 0.214815 0.188542
0 0.962500 0.708594 0.074074 0.042708
0 0.458565 0.520833 0.015278 0.014583
0 0.632407 0.492839 0.025000 0.013802
0 0.903935 0.589974 0.023611 0.028385
0 0.522917 0.764714 0.249537 0.253906
0 0.541204 0.594010 0.038889 0.013542
0 0.150231 0.758724 0.084722 0.077865
0 0.441204 0.572656 0.025926 0.026042
0 0.479167 0.536458 0.018519 0.020313
0 0.586343 0.470573 0.023611 0.010417
0 0.425231 0.506380 0.031944 0.021094
0 0.509722 0.478646 0.009259 0.010937
0 0.603241 0.482812 0.031481 0.011458
0 0.383796 0.535026 0.017593 0.021094
0 0.605556 0.489844 0.024074 0.014063
0 0.800463 0.507422 0.014815 0.016927
0 0.910648 0.555078 0.023148 0.021615
0 0.718981 0.550911 0.022222 0.024740
0 0.575000 0.490495 0.033333 0.015365
0 0.516898 0.623177 0.115278 0.056771
0 0.655093 0.498698 0.037963 0.021354
1 0.946759 0.538021 0.013889 0.023438
1 0.761806 0.537630 0.017130 0.020052
1 0.829630 0.621224 0.020370 0.040885
1 0.862037 0.706250 0.034259 0.063021
1 0.681713 0.520052 0.010648 0.022396
1 0.931944 0.539323 0.017593 0.030729
1 0.991435 0.565104 0.016204 0.023438
1 0.825926 0.509375 0.009259 0.021875
1 0.990741 0.539844 0.017593 0.027083
1 0.756481 0.558203 0.018519 0.026302
1 0.789583 0.565495 0.018056 0.031510
3 0.312269 0.731901 0.624537 0.535677
3 0.499769 0.730729 0.999537 0.538021
4 0.732870 0.895182 0.113889 0.209115
4 0.264583 0.897656 0.051389 0.070312
4 0.404167 0.651042 0.014815 0.016146
4 0.232639 0.640234 0.465278 0.351823
4 0.351620 0.728646 0.024537 0.028125
4 0.532870 0.558073 0.006481 0.007292
4 0.861111 0.834375 0.035185 0.033854
4 0.415741 0.604948 0.010185 0.010417
4 0.692130 0.944141 0.046296 0.111198
4 0.535648 0.570703 0.008333 0.009115
4 0.425231 0.605078 0.009722 0.010677
4 0.369444 0.730078 0.022222 0.028385
4 0.627083 0.940755 0.045833 0.117969
4 0.530324 0.547266 0.006019 0.006510
4 0.393056 0.650130 0.014815 0.015365
4 0.290509 0.901563 0.050463 0.073958
5 0.535648 0.570573 0.008333 0.008854
5 0.732870 0.895312 0.112963 0.208854
5 0.415741 0.604948 0.010185 0.010417
5 0.861111 0.834375 0.035185 0.033854
5 0.264815 0.897526 0.050926 0.070052
5 0.404398 0.651042 0.014352 0.016146
5 0.232176 0.640625 0.464352 0.351042
5 0.351389 0.728776 0.024074 0.027865
5 0.425231 0.604948 0.009722 0.010417
5 0.532870 0.558073 0.006481 0.007292
5 0.692130 0.944271 0.046296 0.110937
5 0.369444 0.730078 0.022222 0.027865
5 0.626852 0.940885 0.045370 0.117708
5 0.530324 0.547266 0.006019 0.006510
5 0.392824 0.650130 0.014352 0.015365
5 0.290741 0.901563 0.050000 0.073958
