0 0.455189 0.322176 0.018868 0.033473
0 0.300118 0.443515 0.015330 0.046025
0 0.560731 0.278243 0.029481 0.029289
0 0.022995 0.463389 0.029481 0.056485
0 0.482311 0.206067 0.009434 0.018828
0 0.653892 0.446653 0.017689 0.048117
0 0.467571 0.301255 0.015330 0.025105
0 0.362028 0.381799 0.040094 0.060669
0 0.426297 0.313808 0.020047 0.029289
0 0.051297 0.617155 0.041274 0.071130
0 0.326651 0.471757 0.051887 0.081590
0 0.894458 0.530335 0.142689 0.119247
0 0.532429 0.308577 0.024764 0.056485
0 0.466981 0.260460 0.011792 0.023013
0 0.313090 0.324268 0.017689 0.020921
0 0.010024 0.677824 0.020047 0.066946
0 0.058962 0.448745 0.021226 0.031381
0 0.500000 0.436192 0.047170 0.081590
0 0.295401 0.306485 0.020047 0.023013
0 0.392099 0.317992 0.022406 0.046025
0 0.627948 0.353556 0.010613 0.025105
0 0.312500 0.351464 0.023585 0.033473
0 0.473467 0.275105 0.008255 0.018828
0 0.018868 0.635983 0.037736 0.075314
0 0.015330 0.739540 0.030660 0.073222
0 0.839033 0.392259 0.031840 0.056485
0 0.995873 0.538703 0.005896 0.081590
0 0.456368 0.274059 0.014151 0.029289
0 0.873821 0.398536 0.051887 0.073222
0 0.812500 0.526151 0.063679 0.064854
0 0.602594 0.445607 0.016509 0.046025
0 0.525354 0.268828 0.020047 0.039749
0 0.627358 0.439331 0.016509 0.041841
0 0.550118 0.261506 0.015330 0.058577
0 0.563679 0.300209 0.021226 0.035565
0 0.147406 0.645397 0.054245 0.081590
0 0.112618 0.597280 0.043632 0.060669
1 0.212264 0.518828 0.023585 0.079498
3 0.571344 0.350418 0.088443 0.244770
3 0.536557 0.349372 0.108491 0.251046
3 0.851415 0.706067 0.294811 0.554393
3 0.356132 0.422594 0.207547 0.267782
3 0.794811 0.637029 0.408019 0.684100
3 0.480542 0.733264 0.961085 0.512552
3 0.236439 0.594142 0.472877 0.790795
3 0.666863 0.376569 0.175708 0.175732
3 0.498231 0.643305 0.996462 0.692469
3 0.617925 0.358787 0.134434 0.211297
3 0.912146 0.565900 0.173349 0.286611
4 0.298349 0.535565 0.021226 0.029289
4 0.575472 0.399582 0.007075 0.016736
4 0.524764 0.391213 0.004717 0.008368
4 0.941038 0.915272 0.089623 0.148536
4 0.791863 0.660042 0.024764 0.039749
4 0.753538 0.591004 0.018868 0.027197
4 0.372052 0.462343 0.008255 0.012552
4 0.011203 0.864017 0.022406 0.037657
4 0.295401 0.474895 0.090802 0.121339
4 0.526533 0.429916 0.005896 0.023013
4 0.354363 0.503138 0.008255 0.014644
4 0.530071 0.464435 0.005896 0.025105
4 0.632665 0.389121 0.102594 0.150628
4 0.731132 0.462343 0.040094 0.008368
4 0.563090 0.466527 0.178066 0.046025
4 0.583137 0.425732 0.008255 0.023013
4 0.724646 0.541841 0.015330 0.025105
4 0.080778 0.765690 0.038915 0.050209
4 0.497642 0.394351 0.056604 0.161088
5 0.535377 0.512552 0.514151 0.096234
7 0.538325 0.515690 0.512972 0.085774
