0 0.674074 0.482682 0.031481 0.013281
0 0.488426 0.707682 0.170370 0.135156
0 0.589120 0.480859 0.026389 0.011719
0 0.629861 0.495964 0.023611 0.014323
0 0.742361 0.669141 0.203241 0.188802
0 0.940972 0.573307 0.018056 0.017448
0 0.517130 0.491016 0.011111 0.013802
0 0.309954 0.600130 0.024537 0.028906
0 0.463657 0.479167 0.006944 0.010417
0 0.960648 0.712630 0.077778 0.044531
0 0.365509 0.660286 0.040278 0.048698
0 0.471065 0.591667 0.026389 0.027604
0 0.981944 0.538542 0.027778 0.013542
0 0.381250 0.545312 0.051389 0.032813
0 0.501389 0.474479 0.008333 0.009896
0 0.404861 0.579818 0.022685 0.022656
0 0.654861 0.501693 0.048611 0.022135
0 0.484954 0.472135 0.006019 0.006771
0 0.523380 0.471615 0.007870 0.008333
0 0.789120 0.499089 0.032870 0.016406
0 0.600463 0.490625 0.030556 0.015625
0 0.571065 0.494922 0.033796 0.015885
0 0.723148 0.865755 0.518519 0.267969
0 0.716898 0.557422 0.021759 0.022135
0 0.811111 0.522266 0.016667 0.018490
1 0.925926 0.539453 0.010185 0.023698
1 0.696759 0.518880 0.012037 0.021094
1 0.862500 0.705599 0.041667 0.071094
1 0.935417 0.549089 0.018981 0.030990
1 0.670833 0.512500 0.013889 0.019271
1 0.827778 0.516927 0.012037 0.021354
1 0.683333 0.523438 0.025000 0.025521
1 0.825694 0.626042 0.019907 0.041667
1 0.756713 0.542578 0.017130 0.019010
1 0.914583 0.542969 0.015278 0.028125
1 0.382176 0.636198 0.018981 0.041146
1 0.842824 0.519531 0.012500 0.020313
1 0.764583 0.565625 0.022685 0.025521
1 0.709954 0.548958 0.019907 0.032292
1 0.755093 0.563281 0.016667 0.026042
1 0.787269 0.569661 0.020833 0.032552
1 0.856019 0.519271 0.014815 0.019271
3 0.266435 0.739974 0.532870 0.519531
3 0.493981 0.735417 0.987963 0.528646
4 0.529398 0.562370 0.006944 0.007031
4 0.541667 0.614583 0.010185 0.013542
4 0.434259 0.580078 0.010185 0.007552
4 0.421759 0.609896 0.010185 0.010417
4 0.437963 0.559505 0.006481 0.004948
4 0.443981 0.559245 0.007407 0.005990
4 0.858102 0.839974 0.036574 0.033073
4 0.365741 0.734766 0.022222 0.028906
4 0.260185 0.903255 0.051852 0.070573
4 0.225694 0.646875 0.451389 0.341146
4 0.347454 0.733333 0.024537 0.029167
4 0.532870 0.575911 0.007407 0.008594
4 0.526620 0.551302 0.006019 0.006250
4 0.399537 0.656380 0.016667 0.015365
4 0.174537 0.685286 0.349074 0.263802
4 0.536806 0.592969 0.007870 0.010937
4 0.412037 0.609245 0.012037 0.011198
4 0.286343 0.906641 0.049537 0.073698
4 0.549306 0.643750 0.011574 0.018229
5 0.529398 0.562370 0.006944 0.007031
5 0.532639 0.575911 0.006944 0.008594
5 0.434259 0.580078 0.010185 0.007552
5 0.421759 0.609896 0.010185 0.010417
5 0.526620 0.551302 0.006019 0.006250
5 0.437963 0.559505 0.006481 0.004948
5 0.444213 0.559375 0.006944 0.005729
5 0.858102 0.839974 0.036574 0.033073
5 0.365741 0.734896 0.022222 0.028646
5 0.549306 0.643750 0.011574 0.018229
5 0.260185 0.903125 0.051852 0.070312
5 0.453009 0.532161 0.007870 0.004427
5 0.225231 0.646875 0.450463 0.340625
5 0.347454 0.733333 0.024537 0.029167
5 0.399306 0.656510 0.016204 0.015625
5 0.174537 0.685156 0.349074 0.263542
5 0.541667 0.614453 0.010185 0.013802
5 0.536806 0.592969 0.007870 0.010937
5 0.412037 0.609115 0.012037 0.010937
5 0.286343 0.906510 0.049537 0.073438
