0 0.445755 0.289749 0.014151 0.056485
0 0.708137 0.365063 0.017689 0.069038
0 0.034198 0.277197 0.068396 0.144351
0 0.429245 0.160042 0.009434 0.023013
0 0.468160 0.086820 0.004717 0.014644
0 0.209906 0.166318 0.014151 0.023013
0 0.467571 0.214435 0.012972 0.035565
0 0.190448 0.179916 0.041274 0.041841
0 0.140330 0.714435 0.280660 0.558577
0 0.455189 0.134937 0.007075 0.027197
0 0.477594 0.082636 0.004717 0.014644
0 0.533019 0.139121 0.049528 0.060669
0 0.985849 0.313808 0.025943 0.112971
0 0.545401 0.248954 0.095519 0.171548
0 0.468160 0.155858 0.021226 0.056485
0 0.491745 0.078452 0.004717 0.018828
0 0.610259 0.224895 0.038915 0.081590
0 0.604363 0.183054 0.034198 0.043933
1 0.702830 0.301255 0.018868 0.075314
1 0.553656 0.355649 0.017689 0.079498
1 0.686321 0.300209 0.014151 0.073222
3 0.840212 0.381799 0.317217 0.458159
3 0.113797 0.339958 0.227594 0.303347
3 0.531840 0.539749 0.674528 0.899582
4 0.381486 0.678870 0.017689 0.073222
4 0.429245 0.372385 0.007075 0.020921
4 0.416274 0.371339 0.007075 0.023013
4 0.412146 0.482218 0.010613 0.035565
4 0.048939 0.379707 0.024764 0.023013
4 0.395047 0.476987 0.011792 0.037657
4 0.570165 0.928870 0.012972 0.117155
4 0.430425 0.302301 0.007075 0.018828
4 0.109670 0.395397 0.021226 0.025105
4 0.356132 0.676778 0.018868 0.064854
4 0.340802 0.331590 0.141509 0.315900
5 0.380896 0.678870 0.016509 0.073222
5 0.448703 0.222803 0.005896 0.010460
5 0.429245 0.372385 0.007075 0.020921
5 0.416274 0.371339 0.007075 0.023013
5 0.412146 0.482218 0.010613 0.035565
5 0.048939 0.379707 0.024764 0.023013
5 0.461085 0.782427 0.016509 0.146444
5 0.395047 0.476987 0.011792 0.037657
5 0.569575 0.928870 0.011792 0.117155
5 0.429835 0.302301 0.005896 0.018828
5 0.340802 0.331590 0.141509 0.315900
5 0.109670 0.395397 0.021226 0.025105
5 0.355542 0.676778 0.017689 0.064854
