0 0.846528 0.510026 0.030093 0.017448
0 0.609954 0.494271 0.030093 0.016667
0 0.536574 0.480599 0.009259 0.010156
0 0.756250 0.672786 0.213426 0.191406
0 0.860417 0.538281 0.020833 0.019271
0 0.634491 0.499219 0.034722 0.014583
0 0.540972 0.506380 0.012500 0.014323
0 0.520139 0.473438 0.006019 0.008854
0 0.488194 0.490885 0.009722 0.012500
0 0.087500 0.778385 0.075926 0.075521
0 0.473148 0.483203 0.009259 0.012240
0 0.965741 0.717839 0.067593 0.044010
0 0.421065 0.716536 0.050463 0.060677
0 0.509259 0.669661 0.048148 0.046094
0 0.510880 0.487240 0.009722 0.011458
0 0.457870 0.481641 0.007407 0.010677
0 0.315278 0.609375 0.090741 0.059375
0 0.291204 0.702474 0.058333 0.054427
0 0.663657 0.505208 0.048611 0.020833
0 0.458796 0.495182 0.026852 0.025260
0 0.804630 0.503385 0.032407 0.013021
0 0.510417 0.464714 0.005093 0.005990
0 0.580787 0.498047 0.033796 0.015365
0 0.599537 0.484635 0.025000 0.015104
0 0.593287 0.842318 0.300463 0.246615
0 0.727546 0.559766 0.013426 0.023177
0 0.591898 0.476823 0.026389 0.008333
0 0.684028 0.484505 0.032870 0.011719
0 0.192593 0.920703 0.096296 0.118490
0 0.790972 0.518880 0.014352 0.019010
1 0.902083 0.539714 0.014352 0.022656
1 0.869444 0.709375 0.035185 0.072396
1 0.850694 0.523828 0.009722 0.019531
1 0.912731 0.536328 0.011574 0.014844
1 0.688426 0.527474 0.012963 0.024740
1 0.835417 0.629427 0.019907 0.041146
1 0.931481 0.552995 0.016667 0.028906
1 0.117593 0.740365 0.046296 0.071354
1 0.705093 0.522786 0.011111 0.020573
1 0.798611 0.573438 0.018519 0.031771
1 0.234028 0.847266 0.038426 0.092448
1 0.824537 0.510026 0.010185 0.020573
1 0.766667 0.546615 0.018519 0.019271
3 0.498380 0.734115 0.996759 0.531250
4 0.409028 0.658333 0.012500 0.016146
4 0.200000 0.672656 0.141667 0.105208
4 0.707639 0.977604 0.024537 0.044271
4 0.397222 0.657552 0.014815 0.015104
4 0.386111 0.532943 0.122222 0.094010
4 0.443750 0.582682 0.007870 0.008073
4 0.550694 0.617839 0.009722 0.014323
4 0.027315 0.801172 0.054630 0.048698
4 0.435880 0.582552 0.007870 0.007292
4 0.866898 0.845313 0.036574 0.033854
4 0.373380 0.737891 0.022685 0.028385
4 0.567824 0.688151 0.015278 0.024740
4 0.135417 0.722526 0.270833 0.206510
4 0.429861 0.612630 0.010648 0.011198
4 0.355324 0.736198 0.024537 0.028646
4 0.545370 0.595964 0.008333 0.011198
4 0.538889 0.565365 0.006481 0.006771
4 0.557870 0.646875 0.011111 0.019271
4 0.637037 0.982943 0.026852 0.033594
4 0.266667 0.906510 0.051852 0.070312
4 0.541898 0.578776 0.006944 0.008594
4 0.420602 0.612109 0.011574 0.010677
4 0.292361 0.910807 0.051389 0.073698
5 0.279398 0.909375 0.077315 0.076042
