0 0.547170 0.421548 0.033019 0.043933
0 0.592571 0.546025 0.015330 0.046025
0 0.531250 0.554393 0.015330 0.050209
0 0.538915 0.355649 0.014151 0.025105
0 0.885613 0.606695 0.094340 0.117155
0 0.908019 0.516736 0.056604 0.066946
0 0.508255 0.450837 0.011792 0.031381
0 0.576061 0.373431 0.020047 0.023013
0 0.014741 0.540795 0.029481 0.052301
0 0.015920 0.685146 0.020047 0.056485
0 0.717571 0.508368 0.015330 0.046025
0 0.523585 0.381799 0.021226 0.056485
0 0.442807 0.364017 0.017689 0.033473
0 0.523585 0.429916 0.014151 0.035565
0 0.969340 0.577406 0.058962 0.158996
0 0.488208 0.478033 0.011792 0.035565
0 0.553656 0.448745 0.034198 0.052301
0 0.629127 0.528243 0.015330 0.048117
0 0.096108 0.675732 0.057783 0.066946
0 0.556014 0.381799 0.015330 0.027197
0 0.290684 0.389121 0.017689 0.025105
0 0.341392 0.459205 0.036557 0.073222
0 0.610849 0.424686 0.051887 0.075314
0 0.541274 0.392259 0.030660 0.031381
0 0.574882 0.353556 0.020047 0.020921
0 0.515330 0.535565 0.016509 0.037657
0 0.009434 0.735356 0.018868 0.052301
0 0.571344 0.407950 0.024764 0.050209
0 0.613797 0.481172 0.041274 0.083682
0 0.692217 0.516736 0.014151 0.041841
0 0.544222 0.413180 0.029481 0.056485
0 0.468160 0.275105 0.007075 0.010460
0 0.673939 0.535565 0.017689 0.046025
0 0.651533 0.521967 0.017689 0.052301
0 0.552476 0.357741 0.015330 0.025105
0 0.853774 0.496862 0.058962 0.060669
0 0.945165 0.530335 0.027123 0.069038
0 0.514741 0.331590 0.010613 0.023013
1 0.852005 0.534519 0.015330 0.073222
1 0.081958 0.531381 0.012972 0.058577
1 0.071934 0.527197 0.011792 0.066946
1 0.557193 0.566946 0.020047 0.066946
3 0.854363 0.757322 0.288915 0.464435
3 0.450472 0.773013 0.896226 0.433054
3 0.242335 0.619247 0.484670 0.732218
3 0.499410 0.730126 0.998821 0.518828
3 0.910967 0.668410 0.175708 0.286611
4 0.130896 0.759414 0.030660 0.037657
4 0.067807 0.844142 0.041274 0.052301
4 0.360849 0.436192 0.240566 0.357741
4 0.718160 0.629707 0.016509 0.025105
5 0.538325 0.599372 0.522406 0.081590
7 0.538915 0.600418 0.521226 0.079498
